1
45.638775,43.210392,16.226654,63.418514
44.799465,39.930122,15.986852,62.481297
41.434235,41.998253,16.226654,63.418514
37.539837,39.461514,16.226654,63.418514
32.347305,43.266624,16.226654,63.418514
29.919800,41.503590,16.470055,64.369789
32.884407,44.078381,16.470055,64.369789
37.166622,40.216194,16.470055,64.369789
37.711781,34.506596,16.717106,65.335342
40.640617,32.690269,16.967861,66.315369
42.580044,33.539108,17.222380,67.310097
2
0
0
0
0
1
80.563286,29.675982,19.550531,63.555038
84.782288,26.618984,19.843788,64.508362
81.813660,26.135172,20.141445,65.475990
80.844856,29.631590,20.443567,66.458130
82.480339,36.277401,20.443567,66.458130
88.204536,41.594051,20.443567,66.458130
75.186073,43.793816,20.750221,67.455002
72.068428,41.633926,20.443567,66.458130
77.792625,31.000626,20.443567,66.458130
75.149277,23.756689,20.750221,67.455002
68.253975,15.034758,21.061474,68.466827
60.250618,15.034758,21.061474,68.466827
60.947750,17.301010,21.377396,69.493828
69.032684,21.011980,21.698057,70.536240
77.711906,22.422707,21.698057,70.536240
85.995644,25.723661,21.377396,69.493828
99.288109,20.970285,21.698057,70.536240
111.899025,23.305035,22.023527,71.594276
109.891953,22.423330,21.698057,70.536240
110.759872,22.423330,21.698057,70.536240
121.181358,24.334412,21.377396,69.493828
132.737976,26.634657,21.698057,70.536240
142.706070,28.969406,22.023527,71.594276
147.551239,30.401293,22.023527,71.594276
148.432175,31.833178,22.023527,71.594276
147.293030,29.540751,21.698057,70.536240
149.462845,26.719299,21.698057,70.536240
148.419159,31.917822,22.023527,71.594276
2
0
0
0
0
1
101.635239,12.709270,25.360662,77.497963
109.750656,18.909107,25.360662,77.497963
114.822784,20.459066,25.360662,77.497963
116.344429,31.308781,25.360662,77.497963
105.692947,32.858742,25.360662,77.497963
105.692947,32.858742,25.360662,77.497963
97.265602,29.131088,25.741074,78.660431
96.750778,22.838253,25.741074,78.660431
116.414383,19.054688,26.127190,79.840340
122.583015,15.214367,26.519096,81.037941
121.522247,21.697401,26.519096,81.037941
123.643776,31.421955,26.519096,81.037941
122.583015,34.663471,26.519096,81.037941
122.583015,37.904991,26.519096,81.037941
128.004410,44.891018,26.127190,79.840340
137.355331,55.637527,26.519096,81.037941
134.703415,60.499805,26.519096,81.037941
119.969406,59.892021,26.916883,82.253510
122.499596,47.586895,27.320637,83.487312
116.241417,48.203796,26.916883,82.253510
105.474663,54.784077,26.916883,82.253510
96.861259,44.913654,26.916883,82.253510
91.756332,48.762959,26.519096,81.037941
102.324196,54.735455,26.916883,82.253510
111.957748,62.467285,27.320637,83.487312
120.234688,69.664467,26.916883,82.253510
130.510834,68.651489,26.519096,81.037941
143.240005,70.272247,26.519096,81.037941
133.162750,65.409973,26.519096,81.037941
140.500580,59.866982,26.916883,82.253510
152.866196,54.240841,27.320637,83.487312
160.425827,51.919891,27.730446,84.739624
166.972977,51.284344,28.146402,86.010719
177.668610,53.004559,28.146402,86.010719
175.172028,55.851513,28.568600,87.300880
170.898163,51.652344,28.997128,88.610390
171.683807,54.053116,28.568600,87.300880
171.112427,50.561081,28.568600,87.300880
2
0
0
0
0
1
132.761093,38.094509,30.656612,89.348190
145.023743,41.668438,30.656612,89.348190
147.062469,45.849758,30.203560,88.027779
141.021759,51.131424,30.203560,88.027779
139.568970,46.897285,30.656612,89.348190
144.317688,46.227177,31.116461,90.688416
142.189316,34.501163,31.583208,92.048737
134.954742,18.857412,31.116461,90.688416
2
0
0
0
0
1
172.760834,32.177803,28.367752,95.114998
170.244614,33.395271,28.793268,96.541725
165.351181,36.010937,28.367752,95.114998
150.032593,37.913235,28.367752,95.114998
135.423203,35.269039,28.793268,96.541725
123.154144,43.591602,28.367752,95.114998
122.586792,41.689301,28.367752,95.114998
121.119492,42.392120,27.948524,93.709358
118.883606,46.140495,27.948524,93.709358
125.482254,41.633076,28.367752,95.114998
126.049614,43.535378,28.367752,95.114998
128.886383,43.535378,28.367752,95.114998
133.567764,42.364010,27.948524,93.709358
143.070267,40.489822,27.948524,93.709358
144.562714,24.568602,28.367752,95.114998
144.925827,18.062737,28.793268,96.541725
169.259018,15.378876,29.225168,97.989845
173.785995,16.633146,29.663546,99.459694
176.159073,26.579117,29.663546,99.459694
173.192719,30.557505,29.663546,99.459694
170.226364,26.579117,29.663546,99.459694
165.186523,27.852200,30.108500,100.951591
167.188812,30.587341,29.663546,99.459694
156.729446,25.803329,30.108500,100.951591
140.470871,29.841394,30.108500,100.951591
133.574081,24.619761,29.663546,99.459694
141.781998,5.702526,30.108500,100.951591
136.665024,12.416055,29.663546,99.459694
140.817932,10.426861,29.663546,99.459694
138.444839,20.372831,29.663546,99.459694
