1
143.929291,125.556030,83.941422,194.667938
142.250458,125.556030,83.941422,194.667938
139.562683,123.158638,82.700912,191.791077
138.942429,121.720207,83.941422,194.667938
137.263596,121.720207,83.941422,194.667938
134.930023,116.308441,85.200546,197.587967
137.750168,118.837563,86.478554,200.551788
135.346054,117.333427,87.775734,203.560059
132.905899,115.806725,89.092369,206.613464
130.053177,121.404625,87.775734,203.560059
125.831169,115.745659,89.092369,206.613464
123.354401,110.001801,90.428757,209.712662
120.840485,108.428955,91.785187,212.858353
118.288857,106.832520,93.161964,216.051224
116.425613,106.832520,93.161964,216.051224
115.278297,112.686127,91.785187,212.858353
112.726669,111.089684,93.161964,216.051224
112.726669,111.089684,93.161964,216.051224
112.726669,111.089684,93.161964,216.051224
112.726669,115.410713,93.161964,216.051224
111.579353,117.007149,91.785187,212.858353
110.890968,115.410713,93.161964,216.051224
110.890968,115.410713,93.161964,216.051224
111.579353,121.264320,91.785187,212.858353
110.890968,119.667877,93.161964,216.051224
110.890968,119.667877,93.161964,216.051224
110.890968,119.667877,93.161964,216.051224
110.890968,119.667877,93.161964,216.051224
110.890968,119.667877,93.161964,216.051224
110.192253,118.047493,94.559387,219.291992
110.192253,118.047493,94.559387,219.291992
110.890968,119.667877,93.161964,216.051224
111.579353,125.521484,91.785187,212.858353
111.579353,125.521484,91.785187,212.858353
112.754204,123.925049,93.161964,216.051224
113.442596,129.778656,91.785187,212.858353
114.120811,131.351501,90.428757,209.712662
113.442596,129.778656,91.785187,212.858353
112.754204,128.182220,93.161964,216.051224
112.754204,128.182220,93.161964,216.051224
112.754204,128.182220,93.161964,216.051224
112.754204,128.182220,93.161964,216.051224
112.754204,128.182220,93.161964,216.051224
112.754204,128.182220,93.161964,216.051224
113.442596,129.778656,91.785187,212.858353
115.278297,129.778656,91.785187,212.858353
118.949707,129.778656,91.785187,212.858353
120.124557,123.861191,93.161964,216.051224
122.648651,129.714798,91.785187,212.858353
132.369736,143.870392,90.428757,209.712662
140.165329,149.552261,89.092369,206.613464
140.823639,151.078964,87.775734,203.560059
167.415802,160.605179,86.478554,200.551788
145.902664,166.038849,85.200546,197.587967
134.886230,156.534866,86.478554,200.551788
121.949036,150.959518,87.775734,203.560059
111.415947,146.888321,87.775734,203.560059
105.146255,152.403503,86.478554,200.551788
113.275238,146.828156,87.775734,203.560059
112.194252,148.332291,86.478554,200.551788
106.279121,146.828156,87.775734,203.560059
103.468567,148.332291,86.478554,200.551788
101.738998,148.332291,86.478554,200.551788
98.279854,148.332291,86.478554,200.551788
97.214851,149.814209,85.200546,197.587967
95.510841,149.814209,85.200546,197.587967
100.060547,148.332291,86.478554,200.551788
97.656441,146.828156,87.775734,203.560059
97.656441,146.828156,87.775734,203.560059
96.998123,145.301453,89.092369,206.613464
96.998123,149.433731,89.092369,206.613464
97.656441,150.960434,87.775734,203.560059
100.034607,152.464569,86.478554,200.551788
98.969597,153.946472,85.200546,197.587967
100.673607,153.946472,85.200546,197.587967
100.673607,153.946472,85.200546,197.587967
100.034607,152.464569,86.478554,200.551788
99.386017,150.960434,87.775734,203.560059
101.764175,152.464569,86.478554,200.551788
100.699165,157.898239,85.200546,197.587967
100.699165,157.898239,85.200546,197.587967
100.699165,157.898239,85.200546,197.587967
100.699165,157.898239,85.200546,197.587967
100.060165,156.416321,86.478554,200.551788
99.411575,158.983383,87.775734,203.560059
98.753258,157.456696,89.092369,206.613464
98.753258,157.456696,89.092369,206.613464
99.411575,158.983383,87.775734,203.560059
101.167091,163.054596,87.775734,203.560059
101.815681,164.558731,86.478554,200.551788
104.158691,166.040634,85.200546,197.587967
104.158691,169.992401,85.200546,197.587967
103.519691,168.510483,86.478554,200.551788
105.249260,168.510483,86.478554,200.551788
104.600670,167.006348,87.775734,203.560059
105.724197,165.479645,89.092369,206.613464
106.382523,167.006348,87.775734,203.560059
108.760681,172.521530,86.478554,200.551788
108.760681,172.521530,86.478554,200.551788
109.867607,171.017380,87.775734,203.560059
109.209290,169.490692,89.092369,206.613464
110.991135,169.490692,89.092369,206.613464
110.991135,169.490692,89.092369,206.613464
110.322945,167.941086,90.428757,209.712662
112.772980,169.490692,89.092369,206.613464
112.772980,169.490692,89.092369,206.613464
114.554825,169.490692,89.092369,206.613464
114.554825,169.490692,89.092369,206.613464
114.554825,169.490692,89.092369,206.613464
116.336678,169.490692,89.092369,206.613464
116.336678,169.490692,89.092369,206.613464
116.336678,169.490692,89.092369,206.613464
116.336678,169.490692,89.092369,206.613464
116.336678,169.490692,89.092369,206.613464
116.336678,169.490692,89.092369,206.613464
118.118523,169.490692,89.092369,206.613464
118.776840,171.017380,87.775734,203.560059
119.425430,172.521530,86.478554,200.551788
119.425430,172.521530,86.478554,200.551788
119.425430,172.521530,86.478554,200.551788
120.532356,171.017380,87.775734,203.560059
120.532356,171.017380,87.775734,203.560059
120.532356,171.017380,87.775734,203.560059
120.532356,171.017380,87.775734,203.560059
122.287872,171.017380,87.775734,203.560059
121.629555,165.358414,89.092369,206.613464
120.961357,163.808807,90.428757,209.712662
122.769936,163.808807,90.428757,209.712662
123.438126,165.358414,89.092369,206.613464
123.438126,165.358414,89.092369,206.613464
123.438126,165.358414,89.092369,206.613464
123.438126,165.358414,89.092369,206.613464
123.438126,161.226151,89.092369,206.613464
123.438126,161.226151,89.092369,206.613464
124.096443,162.752853,87.775734,203.560059
124.745033,164.256989,86.478554,200.551788
124.745033,160.245956,86.478554,200.551788
124.745033,160.245956,86.478554,200.551788
125.851959,158.741806,87.775734,203.560059
124.096443,154.670609,87.775734,203.560059
121.656281,153.143906,89.092369,206.613464
123.438126,153.143906,89.092369,206.613464
119.152786,151.594315,90.428757,209.712662
110.109909,151.594315,90.428757,209.712662
104.684181,147.400055,90.428757,209.712662
103.570526,153.081924,89.092369,206.613464
100.006836,153.081924,89.092369,206.613464
93.643097,154.608627,87.775734,203.560059
90.832542,156.112762,86.478554,200.551788
89.767532,157.594681,85.200546,197.587967
90.397095,159.054688,83.941422,194.667938
89.363335,160.493118,82.700912,191.791077
89.974426,161.910294,81.478729,188.956726
90.576485,163.306519,80.274612,186.164261
91.169647,164.682129,79.088287,183.413071
91.754044,166.037384,77.919495,180.702530
92.329803,167.372635,76.767975,178.032043
93.312431,162.423340,77.919495,180.702530
94.870819,162.423340,77.919495,180.702530
97.449959,161.068069,79.088287,183.413071
100.067780,159.692474,80.274612,186.164261
101.673271,155.969193,80.274612,186.164261
102.700790,154.572952,81.478729,188.956726
103.743713,153.155777,82.700912,191.791077
104.802284,147.823990,83.941422,194.667938
104.802284,147.823990,83.941422,194.667938
109.284760,142.412216,85.200546,197.587967
112.104897,136.919281,86.478554,200.551788
107.945274,131.343933,87.775734,203.560059
105.505112,129.817230,89.092369,206.613464
101.219772,128.267639,90.428757,209.712662
104.212959,126.694786,91.785187,212.858353
99.798096,120.777328,93.161964,216.051224
100.990570,114.771103,94.559387,219.291992
102.200928,113.126411,95.977783,222.581375
99.532745,106.938652,97.417450,225.920090
98.802116,105.244247,98.878708,229.308899
96.053284,98.869461,100.361893,232.748535
94.817299,100.589279,98.878708,229.308899
120.876472,138.430893,97.417450,225.920090
135.033188,135.648621,95.977783,222.581375
139.524765,146.065002,94.559387,219.291992
142.086716,160.648453,93.161964,216.051224
2
0
0
0
0
1
29.665581,136.185974,112.543137,93.747971
35.675385,144.998276,114.231285,95.154190
34.818649,144.284622,115.944756,96.581505
36.302742,139.639053,117.683929,98.030228
37.809097,142.883850,119.449188,99.500679
27.213955,146.177322,121.240921,100.993187
28.765839,147.470047,123.059540,102.508087
30.341000,150.863068,124.905434,104.045708
34.475368,156.419098,126.779015,105.606392
33.524529,159.914673,128.680695,107.190491
40.396076,159.110748,130.610901,108.798347
39.416492,158.294754,132.570068,110.430321
38.422218,155.224792,134.558624,112.086777
37.413029,149.833420,136.576996,113.768082
36.388702,144.361176,138.625656,115.474602
29.720808,145.839249,140.705048,117.206718
66.803169,158.252762,138.625656,115.474602
67.827499,156.830673,136.576996,113.768082
65.095955,154.555313,136.576996,113.768082
64.071632,156.011536,138.625656,115.474602
71.474243,157.489609,140.705048,117.206718
78.058960,162.974655,138.625656,115.474602
79.083290,168.378647,136.576996,113.768082
79.083290,170.654007,136.576996,113.768082
75.286446,174.419724,138.625656,115.474602
75.286446,179.038712,138.625656,115.474602
71.432655,182.860916,140.705048,117.206718
78.017372,153.703583,138.625656,115.474602
80.789886,146.775101,138.625656,115.474602
84.545753,149.903732,136.576996,113.768082
81.814209,149.903732,136.576996,113.768082
80.789886,151.359955,138.625656,115.474602
82.564293,150.493896,140.705048,117.206718
82.564293,150.493896,140.705048,117.206718
84.365318,149.614853,142.815613,118.964821
87.221626,151.994141,142.815613,118.964821
89.049667,151.101913,144.957855,120.749290
87.962486,147.745071,147.132217,122.560532
89.845779,146.825882,149.339203,124.398941
92.832565,144.337891,149.339203,124.398941
94.744102,140.879608,151.579285,126.264923
97.775688,140.879608,151.579285,126.264923
99.715904,137.369446,153.852982,128.158905
98.562012,133.806625,156.160767,130.081284
98.562012,133.806625,156.160767,130.081284
97.390800,132.831009,158.503189,132.032501
96.202026,131.840775,160.880737,134.012985
92.984413,131.840775,160.880737,134.012985
92.984413,131.840775,160.880737,134.012985
91.003120,132.831009,158.503189,132.032501
89.814346,134.521027,160.880737,134.012985
94.173187,135.511276,158.503189,132.032501
101.590820,141.690140,156.160767,130.081284
84.569298,140.714523,158.503189,132.032501
83.380524,145.084808,160.880737,134.012985
82.173920,149.520630,163.293945,136.023178
84.264084,151.261734,165.743347,138.063538
89.750191,150.226257,168.229507,140.134491
93.114777,155.831635,168.229507,140.134491
98.683174,157.625351,170.752945,142.236496
90.469955,165.220779,173.314240,144.370056
89.170097,164.138000,175.913956,146.535599
87.850746,157.089645,178.552658,148.733627
87.850746,160.064316,178.552658,148.733627
91.421799,166.013657,178.552658,148.733627
90.082657,173.956039,181.230957,150.964645
88.723419,182.017548,183.949417,153.229111
81.365448,178.952972,183.949417,153.229111
72.517479,174.693192,186.708664,155.527542
71.117165,167.212326,189.509293,157.860458
65.848808,156.414673,192.351929,160.228363
60.501423,155.212952,195.237213,162.631790
58.097023,156.414673,192.351929,160.228363
54.249985,153.210098,192.351929,160.228363
50.402946,153.210098,192.351929,160.228363
48.034081,151.236847,189.509293,157.860458
49.434395,152.403305,186.708664,155.527542
41.966049,158.624405,186.708664,155.527542
39.666679,168.967361,183.949417,153.229111
44.650532,170.099609,181.230957,150.964645
49.560730,168.240433,178.552658,148.733627
50.880085,169.339447,175.913956,146.535599
52.179939,173.309631,173.314240,144.370056
56.875648,174.376404,170.752945,142.236496
56.875648,177.221130,170.752945,142.236496
61.501961,181.074829,168.229507,140.134491
62.745033,184.871567,165.743347,138.063538
67.235619,188.612213,163.293945,136.023178
72.640648,190.353302,165.743347,138.063538
78.126755,192.120529,168.229507,140.134491
82.684692,198.678543,165.743347,138.063538
85.999557,206.962357,165.743347,138.063538
2
0
0
0
0
1
360.255798,240.035568,170.218246,147.203247
372.800873,229.966873,172.771530,149.411301
399.563202,225.813232,175.363098,151.652466
362.649261,240.068558,177.993546,153.927261
