1
294.00,146.00,336.00,146.00,336.00,293.00,294.00,293.00
295.00,146.00,337.00,146.00,337.00,293.00,295.00,293.00
297.00,147.00,338.00,147.00,338.00,293.00,297.00,293.00
298.00,147.00,339.00,147.00,339.00,293.00,298.00,293.00
299.00,147.00,340.00,147.00,340.00,293.00,299.00,293.00
299.00,146.00,340.00,146.00,340.00,293.00,299.00,293.00
299.00,147.00,340.00,147.00,340.00,292.00,299.00,292.00
300.00,147.00,341.00,147.00,341.00,293.00,300.00,293.00
299.00,148.00,340.00,148.00,340.00,293.00,299.00,293.00
298.00,148.00,339.00,148.00,339.00,293.00,298.00,293.00
297.00,148.00,338.00,148.00,338.00,294.00,297.00,294.00
295.00,148.00,336.00,148.00,336.00,294.00,295.00,294.00
293.00,148.00,334.00,148.00,334.00,294.00,293.00,294.00
291.00,148.00,332.00,148.00,332.00,293.00,291.00,293.00
288.00,149.00,330.00,149.00,330.00,294.00,288.00,294.00
286.00,148.00,327.00,148.00,327.00,293.00,286.00,293.00
284.00,149.00,325.00,149.00,325.00,293.00,284.00,293.00
283.00,150.00,324.00,150.00,324.00,294.00,283.00,294.00
282.00,150.00,322.00,150.00,322.00,294.00,282.00,294.00
279.00,150.00,320.00,150.00,320.00,294.00,279.00,294.00
278.00,151.00,320.00,151.00,320.00,296.00,278.00,296.00
278.00,151.00,319.00,151.00,319.00,295.00,278.00,295.00
278.00,152.00,318.00,152.00,318.00,295.00,278.00,295.00
276.00,153.00,317.00,153.00,317.00,296.00,276.00,296.00
277.00,154.00,317.00,154.00,317.00,297.00,277.00,297.00
276.00,155.00,316.00,155.00,316.00,296.00,276.00,296.00
276.00,156.00,316.00,156.00,316.00,297.00,276.00,297.00
275.00,157.00,315.00,157.00,315.00,297.00,275.00,297.00
274.00,158.00,314.00,158.00,314.00,297.00,274.00,297.00
272.00,160.00,311.00,160.00,311.00,299.00,272.00,299.00
272.00,161.00,311.00,161.00,311.00,300.00,272.00,300.00
271.00,162.00,311.00,162.00,311.00,302.00,271.00,302.00
270.00,163.00,310.00,163.00,310.00,302.00,270.00,302.00
269.00,164.00,309.00,164.00,309.00,303.00,269.00,303.00
269.00,164.00,308.00,164.00,308.00,303.00,269.00,303.00
267.00,164.00,307.00,164.00,307.00,303.00,267.00,303.00
267.00,164.00,306.00,164.00,306.00,302.00,267.00,302.00
266.00,163.00,305.00,163.00,305.00,302.00,266.00,302.00
264.00,165.00,304.00,165.00,304.00,304.00,264.00,304.00
263.00,165.00,303.00,165.00,303.00,304.00,263.00,304.00
262.00,165.00,301.00,165.00,301.00,304.00,262.00,304.00
261.00,165.00,301.00,165.00,301.00,305.00,261.00,305.00
262.00,166.00,301.00,166.00,301.00,305.00,262.00,305.00
262.00,165.00,301.00,165.00,301.00,304.00,262.00,304.00
263.00,166.00,303.00,166.00,303.00,305.00,263.00,305.00
264.00,166.00,304.00,166.00,304.00,305.00,264.00,305.00
265.00,165.00,304.00,165.00,304.00,304.00,265.00,304.00
266.00,164.00,305.00,164.00,305.00,303.00,266.00,303.00
265.00,164.00,305.00,164.00,305.00,302.00,265.00,302.00
265.00,163.00,305.00,163.00,305.00,301.00,265.00,301.00
264.00,163.00,303.00,163.00,303.00,300.00,264.00,300.00
263.00,162.00,302.00,162.00,302.00,299.00,263.00,299.00
262.00,162.00,301.00,162.00,301.00,298.00,262.00,298.00
262.00,161.00,301.00,161.00,301.00,297.00,262.00,297.00
260.00,160.00,299.00,160.00,299.00,296.00,260.00,296.00
260.00,160.00,298.00,160.00,298.00,295.00,260.00,295.00
258.00,159.00,297.00,159.00,297.00,296.00,258.00,296.00
259.00,158.00,297.00,158.00,297.00,295.00,259.00,295.00
258.00,158.00,297.00,158.00,297.00,295.00,258.00,295.00
258.00,157.00,297.00,157.00,297.00,292.00,258.00,292.00
257.00,156.00,295.00,156.00,295.00,290.00,257.00,290.00
257.00,155.00,295.00,155.00,295.00,289.00,257.00,289.00
258.00,153.00,296.00,153.00,296.00,288.00,258.00,288.00
257.00,151.00,296.00,151.00,296.00,287.00,257.00,287.00
257.00,151.00,295.00,151.00,295.00,287.00,257.00,287.00
257.00,149.00,296.00,149.00,296.00,286.00,257.00,286.00
257.00,148.00,296.00,148.00,296.00,285.00,257.00,285.00
258.00,148.00,297.00,148.00,297.00,284.00,258.00,284.00
259.00,147.00,298.00,147.00,298.00,283.00,259.00,283.00
259.00,147.00,298.00,147.00,298.00,283.00,259.00,283.00
260.00,145.00,298.00,145.00,298.00,282.00,260.00,282.00
262.00,146.00,301.00,146.00,301.00,283.00,262.00,283.00
263.00,146.00,302.00,146.00,302.00,284.00,263.00,284.00
263.00,146.00,302.00,146.00,302.00,284.00,263.00,284.00
263.00,146.00,303.00,146.00,303.00,284.00,263.00,284.00
263.00,146.00,302.00,146.00,302.00,285.00,263.00,285.00
263.00,146.00,302.00,146.00,302.00,284.00,263.00,284.00
262.00,146.00,301.00,146.00,301.00,285.00,262.00,285.00
263.00,146.00,302.00,146.00,302.00,285.00,263.00,285.00
261.00,146.00,301.00,146.00,301.00,285.00,261.00,285.00
261.00,146.00,301.00,146.00,301.00,286.00,261.00,286.00
262.00,147.00,301.00,147.00,301.00,286.00,262.00,286.00
262.00,147.00,302.00,147.00,302.00,287.00,262.00,287.00
262.00,147.00,302.00,147.00,302.00,286.00,262.00,286.00
261.00,148.00,300.00,148.00,300.00,287.00,261.00,287.00
261.00,148.00,300.00,148.00,300.00,286.00,261.00,286.00
262.00,148.00,301.00,148.00,301.00,286.00,262.00,286.00
262.00,147.00,301.00,147.00,301.00,284.00,262.00,284.00
264.00,146.00,303.00,146.00,303.00,284.00,264.00,284.00
264.00,146.00,304.00,146.00,304.00,284.00,264.00,284.00
266.00,145.00,305.00,145.00,305.00,284.00,266.00,284.00
266.00,145.00,306.00,145.00,306.00,284.00,266.00,284.00
267.00,144.00,307.00,144.00,307.00,284.00,267.00,284.00
268.00,145.00,307.00,145.00,307.00,285.00,268.00,285.00
268.00,145.00,308.00,145.00,308.00,285.00,268.00,285.00
269.00,144.00,309.00,144.00,309.00,284.00,269.00,284.00
268.00,144.00,308.00,144.00,308.00,284.00,268.00,284.00
272.00,144.00,311.00,144.00,311.00,284.00,272.00,284.00
272.00,143.00,312.00,143.00,312.00,284.00,272.00,284.00
274.00,146.00,313.00,146.00,313.00,285.00,274.00,285.00
275.00,145.00,314.00,145.00,314.00,285.00,275.00,285.00
276.00,146.00,315.00,146.00,315.00,285.00,276.00,285.00
280.00,148.00,319.00,148.00,319.00,287.00,280.00,287.00
284.00,149.00,323.00,149.00,323.00,287.00,284.00,287.00
287.00,150.00,326.00,150.00,326.00,288.00,287.00,288.00
285.00,178.00,324.00,178.00,324.00,315.00,285.00,315.00
274.00,179.00,313.00,179.00,313.00,315.00,274.00,315.00
282.00,182.00,320.00,182.00,320.00,316.00,282.00,316.00
288.00,183.00,325.00,183.00,325.00,317.00,288.00,317.00
293.00,184.00,331.00,184.00,331.00,317.00,293.00,317.00
301.00,186.00,338.00,186.00,338.00,318.00,301.00,318.00
305.00,187.00,342.00,187.00,342.00,318.00,305.00,318.00
315.00,188.00,351.00,188.00,351.00,318.00,315.00,318.00
322.00,188.00,359.00,188.00,359.00,317.00,322.00,317.00
328.00,188.00,364.00,188.00,364.00,315.00,328.00,315.00
335.00,188.00,371.00,188.00,371.00,314.00,335.00,314.00
345.00,189.00,380.00,189.00,380.00,314.00,345.00,314.00
350.00,190.00,385.00,190.00,385.00,314.00,350.00,314.00
358.00,189.00,393.00,189.00,393.00,313.00,358.00,313.00
364.00,190.00,399.00,190.00,399.00,313.00,364.00,313.00
370.00,191.00,404.00,191.00,404.00,312.00,370.00,312.00
380.00,190.00,415.00,190.00,415.00,312.00,380.00,312.00
385.00,190.00,419.00,190.00,419.00,311.00,385.00,311.00
392.00,189.00,427.00,189.00,427.00,311.00,392.00,311.00
397.00,187.00,432.00,187.00,432.00,310.00,397.00,310.00
402.00,187.00,437.00,187.00,437.00,311.00,402.00,311.00
407.00,185.00,442.00,185.00,442.00,310.00,407.00,310.00
412.00,187.00,447.00,187.00,447.00,311.00,412.00,311.00
416.00,187.00,451.00,187.00,451.00,311.00,416.00,311.00
421.00,186.00,456.00,186.00,456.00,311.00,421.00,311.00
424.00,187.00,460.00,187.00,460.00,311.00,424.00,311.00
428.00,188.00,463.00,188.00,463.00,312.00,428.00,312.00
431.00,188.00,466.00,188.00,466.00,312.00,431.00,312.00
435.00,188.00,470.00,188.00,470.00,312.00,435.00,312.00
439.00,188.00,475.00,188.00,475.00,312.00,439.00,312.00
444.00,188.00,479.00,188.00,479.00,313.00,444.00,313.00
450.00,188.00,485.00,188.00,485.00,312.00,450.00,312.00
455.00,187.00,490.00,187.00,490.00,311.00,455.00,311.00
460.00,187.00,496.00,187.00,496.00,311.00,460.00,311.00
464.00,187.00,500.00,187.00,500.00,311.00,464.00,311.00
468.00,186.00,503.00,186.00,503.00,310.00,468.00,310.00
473.00,185.00,508.00,185.00,508.00,310.00,473.00,310.00
480.00,185.00,515.00,185.00,515.00,310.00,480.00,310.00
485.00,184.00,520.00,184.00,520.00,309.00,485.00,309.00
488.00,182.00,524.00,182.00,524.00,308.00,488.00,308.00
494.00,183.00,530.00,183.00,530.00,309.00,494.00,309.00
499.00,183.00,534.00,183.00,534.00,309.00,499.00,309.00
503.00,184.00,539.00,184.00,539.00,310.00,503.00,310.00
511.00,184.00,547.00,184.00,547.00,311.00,511.00,311.00
516.00,184.00,552.00,184.00,552.00,311.00,516.00,311.00
521.00,186.00,557.00,186.00,557.00,313.00,521.00,313.00
522.00,187.00,558.00,187.00,558.00,313.00,522.00,313.00
526.00,188.00,561.00,188.00,561.00,314.00,526.00,314.00
532.00,189.00,568.00,189.00,568.00,314.00,532.00,314.00
538.00,190.00,573.00,190.00,573.00,314.00,538.00,314.00
544.00,190.00,579.00,190.00,579.00,314.00,544.00,314.00
544.00,191.00,579.00,191.00,579.00,314.00,544.00,314.00
550.00,192.00,585.00,192.00,585.00,314.00,550.00,314.00
553.00,192.00,588.00,192.00,588.00,314.00,553.00,314.00
556.00,194.00,590.00,194.00,590.00,315.00,556.00,315.00
560.00,195.00,594.00,195.00,594.00,315.00,560.00,315.00
563.00,195.00,597.00,195.00,597.00,315.00,563.00,315.00
567.00,196.00,601.00,196.00,601.00,316.00,567.00,316.00
571.00,196.00,605.00,196.00,605.00,316.00,571.00,316.00
575.00,196.00,609.00,196.00,609.00,317.00,575.00,317.00
580.00,197.00,614.00,197.00,614.00,318.00,580.00,318.00
584.00,197.00,618.00,197.00,618.00,318.00,584.00,318.00
588.00,197.00,622.00,197.00,622.00,318.00,588.00,318.00
593.00,196.00,628.00,196.00,628.00,318.00,593.00,318.00
597.00,196.00,632.00,196.00,632.00,318.00,597.00,318.00
602.00,195.00,636.00,195.00,636.00,317.00,602.00,317.00
603.00,195.00,638.00,195.00,638.00,316.00,603.00,316.00
607.00,194.00,641.00,194.00,641.00,316.00,607.00,316.00
610.00,194.00,645.00,194.00,645.00,315.00,610.00,315.00
613.00,195.00,648.00,195.00,648.00,316.00,613.00,316.00
615.00,194.00,650.00,194.00,650.00,316.00,615.00,316.00
618.00,194.00,653.00,194.00,653.00,315.00,618.00,315.00
621.00,195.00,655.00,195.00,655.00,316.00,621.00,316.00
622.00,195.00,657.00,195.00,657.00,316.00,622.00,316.00
626.00,196.00,661.00,196.00,661.00,317.00,626.00,317.00
631.00,198.00,666.00,198.00,666.00,320.00,631.00,320.00
609.00,202.00,644.00,202.00,644.00,326.00,609.00,326.00
613.00,204.00,648.00,204.00,648.00,328.00,613.00,328.00
612.00,204.00,647.00,204.00,647.00,328.00,612.00,328.00
615.00,204.00,650.00,204.00,650.00,327.00,615.00,327.00
623.00,206.00,658.00,206.00,658.00,331.00,623.00,331.00
623.00,203.00,659.00,203.00,659.00,329.00,623.00,329.00
611.00,170.00,648.00,170.00,648.00,298.00,611.00,298.00
615.00,169.00,652.00,169.00,652.00,297.00,615.00,297.00
620.00,169.00,657.00,169.00,657.00,298.00,620.00,298.00
623.00,169.00,660.00,169.00,660.00,299.00,623.00,299.00
624.00,167.00,662.00,167.00,662.00,299.00,624.00,299.00
624.00,168.00,662.00,168.00,662.00,300.00,624.00,300.00
632.00,154.00,670.00,154.00,670.00,286.00,632.00,286.00
630.00,160.00,668.00,160.00,668.00,294.00,630.00,294.00
629.00,168.00,667.00,168.00,667.00,302.00,629.00,302.00
608.00,125.00,646.00,125.00,646.00,258.00,608.00,258.00
606.00,127.00,644.00,127.00,644.00,262.00,606.00,262.00
608.00,131.00,646.00,131.00,646.00,267.00,608.00,267.00
611.00,134.00,649.00,134.00,649.00,270.00,611.00,270.00
613.00,137.00,652.00,137.00,652.00,274.00,613.00,274.00
616.00,137.00,655.00,137.00,655.00,274.00,616.00,274.00
621.00,137.00,660.00,137.00,660.00,275.00,621.00,275.00
623.00,139.00,662.00,139.00,662.00,276.00,623.00,276.00
628.00,138.00,666.00,138.00,666.00,274.00,628.00,274.00
633.00,136.00,671.00,136.00,671.00,272.00,633.00,272.00
619.00,134.00,658.00,134.00,658.00,271.00,619.00,271.00
621.00,136.00,660.00,136.00,660.00,272.00,621.00,272.00
623.00,142.00,661.00,142.00,661.00,276.00,623.00,276.00
577.00,178.00,615.00,178.00,615.00,313.00,577.00,313.00
581.00,171.00,619.00,171.00,619.00,305.00,581.00,305.00
586.00,167.00,624.00,167.00,624.00,302.00,586.00,302.00
590.00,161.00,628.00,161.00,628.00,298.00,590.00,298.00
594.00,155.00,633.00,155.00,633.00,293.00,594.00,293.00
598.00,151.00,637.00,151.00,637.00,288.00,598.00,288.00
599.00,146.00,638.00,146.00,638.00,284.00,599.00,284.00
602.00,145.00,641.00,145.00,641.00,283.00,602.00,283.00
606.00,143.00,645.00,143.00,645.00,281.00,606.00,281.00
607.00,141.00,645.00,141.00,645.00,278.00,607.00,278.00
608.00,141.00,647.00,141.00,647.00,277.00,608.00,277.00
610.00,140.00,648.00,140.00,648.00,274.00,610.00,274.00
610.00,138.00,648.00,138.00,648.00,271.00,610.00,271.00
614.00,138.00,651.00,138.00,651.00,271.00,614.00,271.00
616.00,138.00,654.00,138.00,654.00,269.00,616.00,269.00
616.00,134.00,653.00,134.00,653.00,265.00,616.00,265.00
613.00,124.00,650.00,124.00,650.00,255.00,613.00,255.00
625.00,131.00,662.00,131.00,662.00,264.00,625.00,264.00
623.00,165.00,660.00,165.00,660.00,297.00,623.00,297.00
626.00,164.00,664.00,164.00,664.00,296.00,626.00,296.00
627.00,219.00,665.00,219.00,665.00,351.00,627.00,351.00
630.00,210.00,668.00,210.00,668.00,343.00,630.00,343.00
625.00,184.00,663.00,184.00,663.00,316.00,625.00,316.00
626.00,185.00,663.00,185.00,663.00,318.00,626.00,318.00
598.00,177.00,636.00,177.00,636.00,309.00,598.00,309.00
569.00,179.00,606.00,179.00,606.00,310.00,569.00,310.00
566.00,178.00,603.00,178.00,603.00,310.00,566.00,310.00
565.00,180.00,602.00,180.00,602.00,311.00,565.00,311.00
561.00,180.00,598.00,180.00,598.00,311.00,561.00,311.00
554.00,181.00,592.00,181.00,592.00,313.00,554.00,313.00
554.00,181.00,592.00,181.00,592.00,313.00,554.00,313.00
550.00,182.00,587.00,182.00,587.00,314.00,550.00,314.00
548.00,182.00,585.00,182.00,585.00,314.00,548.00,314.00
549.00,183.00,587.00,183.00,587.00,315.00,549.00,315.00
546.00,183.00,583.00,183.00,583.00,314.00,546.00,314.00
539.00,182.00,576.00,182.00,576.00,313.00,539.00,313.00
541.00,183.00,578.00,183.00,578.00,314.00,541.00,314.00
544.00,184.00,581.00,184.00,581.00,314.00,544.00,314.00
541.00,184.00,578.00,184.00,578.00,314.00,541.00,314.00
538.00,184.00,575.00,184.00,575.00,315.00,538.00,315.00
537.00,183.00,574.00,183.00,574.00,314.00,537.00,314.00
534.00,183.00,572.00,183.00,572.00,314.00,534.00,314.00
533.00,183.00,570.00,183.00,570.00,314.00,533.00,314.00
531.00,184.00,568.00,184.00,568.00,315.00,531.00,315.00
528.00,185.00,565.00,185.00,565.00,315.00,528.00,315.00
530.00,184.00,566.00,184.00,566.00,315.00,530.00,315.00
527.00,186.00,564.00,186.00,564.00,316.00,527.00,316.00
526.00,186.00,563.00,186.00,563.00,317.00,526.00,317.00
527.00,185.00,564.00,185.00,564.00,316.00,527.00,316.00
528.00,185.00,565.00,185.00,565.00,316.00,528.00,316.00
527.00,186.00,564.00,186.00,564.00,317.00,527.00,317.00
526.00,185.00,562.00,185.00,562.00,314.00,526.00,314.00
526.00,186.00,563.00,186.00,563.00,315.00,526.00,315.00
524.00,186.00,561.00,186.00,561.00,316.00,524.00,316.00
521.00,186.00,558.00,186.00,558.00,315.00,521.00,315.00
520.00,187.00,557.00,187.00,557.00,317.00,520.00,317.00
521.00,186.00,557.00,186.00,557.00,316.00,521.00,316.00
518.00,186.00,555.00,186.00,555.00,316.00,518.00,316.00
515.00,185.00,552.00,185.00,552.00,316.00,515.00,316.00
512.00,185.00,549.00,185.00,549.00,316.00,512.00,316.00
509.00,185.00,546.00,185.00,546.00,315.00,509.00,315.00
508.00,185.00,545.00,185.00,545.00,314.00,508.00,314.00
505.00,186.00,541.00,186.00,541.00,316.00,505.00,316.00
502.00,185.00,539.00,185.00,539.00,314.00,502.00,314.00
501.00,185.00,537.00,185.00,537.00,313.00,501.00,313.00
499.00,184.00,536.00,184.00,536.00,314.00,499.00,314.00
497.00,183.00,534.00,183.00,534.00,313.00,497.00,313.00
497.00,184.00,534.00,184.00,534.00,314.00,497.00,314.00
494.00,184.00,531.00,184.00,531.00,314.00,494.00,314.00
493.00,184.00,530.00,184.00,530.00,314.00,493.00,314.00
413.00,190.00,450.00,190.00,450.00,322.00,413.00,322.00
416.00,188.00,454.00,188.00,454.00,322.00,416.00,322.00
418.00,187.00,457.00,187.00,457.00,323.00,418.00,323.00
419.00,185.00,458.00,185.00,458.00,321.00,419.00,321.00
422.00,182.00,461.00,182.00,461.00,321.00,422.00,321.00
424.00,181.00,464.00,181.00,464.00,322.00,424.00,322.00
424.00,179.00,464.00,179.00,464.00,322.00,424.00,322.00
425.00,179.00,466.00,179.00,466.00,322.00,425.00,322.00
425.00,179.00,466.00,179.00,466.00,322.00,425.00,322.00
425.00,178.00,466.00,178.00,466.00,323.00,425.00,323.00
424.00,179.00,465.00,179.00,465.00,323.00,424.00,323.00
424.00,178.00,465.00,178.00,465.00,322.00,424.00,322.00
423.00,179.00,464.00,179.00,464.00,323.00,423.00,323.00
423.00,178.00,464.00,178.00,464.00,322.00,423.00,322.00
421.00,179.00,462.00,179.00,462.00,324.00,421.00,324.00
420.00,179.00,461.00,179.00,461.00,323.00,420.00,323.00
417.00,180.00,458.00,180.00,458.00,324.00,417.00,324.00
415.00,181.00,456.00,181.00,456.00,326.00,415.00,326.00
412.00,181.00,453.00,181.00,453.00,327.00,412.00,327.00
409.00,181.00,450.00,181.00,450.00,327.00,409.00,327.00
405.00,181.00,446.00,181.00,446.00,326.00,405.00,326.00
401.00,181.00,442.00,181.00,442.00,325.00,401.00,325.00
399.00,181.00,439.00,181.00,439.00,325.00,399.00,325.00
396.00,180.00,437.00,180.00,437.00,324.00,396.00,324.00
393.00,180.00,434.00,180.00,434.00,324.00,393.00,324.00
391.00,179.00,432.00,179.00,432.00,323.00,391.00,323.00
388.00,178.00,429.00,178.00,429.00,322.00,388.00,322.00
388.00,179.00,429.00,179.00,429.00,322.00,388.00,322.00
387.00,178.00,428.00,178.00,428.00,321.00,387.00,321.00
387.00,178.00,428.00,178.00,428.00,321.00,387.00,321.00
386.00,178.00,427.00,178.00,427.00,321.00,386.00,321.00
386.00,176.00,427.00,176.00,427.00,320.00,386.00,320.00
387.00,177.00,428.00,177.00,428.00,320.00,387.00,320.00
386.00,176.00,427.00,176.00,427.00,320.00,386.00,320.00
387.00,175.00,428.00,175.00,428.00,319.00,387.00,319.00
387.00,175.00,428.00,175.00,428.00,319.00,387.00,319.00
388.00,174.00,429.00,174.00,429.00,318.00,388.00,318.00
388.00,173.00,429.00,173.00,429.00,318.00,388.00,318.00
389.00,173.00,430.00,173.00,430.00,318.00,389.00,318.00
388.00,173.00,430.00,173.00,430.00,318.00,388.00,318.00
389.00,173.00,430.00,173.00,430.00,319.00,389.00,319.00
389.00,172.00,430.00,172.00,430.00,319.00,389.00,319.00
390.00,173.00,431.00,173.00,431.00,320.00,390.00,320.00
390.00,172.00,431.00,172.00,431.00,319.00,390.00,319.00
390.00,172.00,431.00,172.00,431.00,319.00,390.00,319.00
389.00,171.00,432.00,171.00,432.00,319.00,389.00,319.00
390.00,170.00,432.00,170.00,432.00,318.00,390.00,318.00
389.00,168.00,432.00,168.00,432.00,318.00,389.00,318.00
390.00,167.00,433.00,167.00,433.00,318.00,390.00,318.00
391.00,166.00,434.00,166.00,434.00,318.00,391.00,318.00
392.00,166.00,435.00,166.00,435.00,318.00,392.00,318.00
393.00,165.00,436.00,165.00,436.00,318.00,393.00,318.00
393.00,164.00,437.00,164.00,437.00,317.00,393.00,317.00
394.00,164.00,438.00,164.00,438.00,317.00,394.00,317.00
396.00,163.00,440.00,163.00,440.00,318.00,396.00,318.00
398.00,163.00,442.00,163.00,442.00,318.00,398.00,318.00
399.00,162.00,443.00,162.00,443.00,317.00,399.00,317.00
399.00,161.00,443.00,161.00,443.00,317.00,399.00,317.00
400.00,160.00,445.00,160.00,445.00,317.00,400.00,317.00
403.00,160.00,447.00,160.00,447.00,317.00,403.00,317.00
403.00,159.00,448.00,159.00,448.00,317.00,403.00,317.00
404.00,158.00,448.00,158.00,448.00,316.00,404.00,316.00
405.00,158.00,449.00,158.00,449.00,315.00,405.00,315.00
406.00,157.00,450.00,157.00,450.00,315.00,406.00,315.00
406.00,156.00,451.00,156.00,451.00,315.00,406.00,315.00
405.00,156.00,450.00,156.00,450.00,315.00,405.00,315.00
404.00,155.00,449.00,155.00,449.00,314.00,404.00,314.00
402.00,154.00,448.00,154.00,448.00,314.00,402.00,314.00
400.00,155.00,445.00,155.00,445.00,314.00,400.00,314.00
399.00,154.00,444.00,154.00,444.00,312.00,399.00,312.00
396.00,152.00,441.00,152.00,441.00,311.00,396.00,311.00
392.00,151.00,438.00,151.00,438.00,310.00,392.00,310.00
391.00,151.00,436.00,151.00,436.00,310.00,391.00,310.00
387.00,150.00,432.00,150.00,432.00,309.00,387.00,309.00
382.00,149.00,427.00,149.00,427.00,308.00,382.00,308.00
381.00,149.00,426.00,149.00,426.00,308.00,381.00,308.00
377.00,149.00,422.00,149.00,422.00,308.00,377.00,308.00
375.00,148.00,420.00,148.00,420.00,308.00,375.00,308.00
372.00,147.00,417.00,147.00,417.00,307.00,372.00,307.00
370.00,146.00,415.00,146.00,415.00,306.00,370.00,306.00
367.00,146.00,413.00,146.00,413.00,305.00,367.00,305.00
365.00,145.00,410.00,145.00,410.00,305.00,365.00,305.00
363.00,144.00,409.00,144.00,409.00,304.00,363.00,304.00
361.00,144.00,407.00,144.00,407.00,303.00,361.00,303.00
360.00,143.00,405.00,143.00,405.00,301.00,360.00,301.00
359.00,143.00,404.00,143.00,404.00,301.00,359.00,301.00
358.00,141.00,403.00,141.00,403.00,299.00,358.00,299.00
358.00,139.00,403.00,139.00,403.00,297.00,358.00,297.00
357.00,138.00,402.00,138.00,402.00,296.00,357.00,296.00
357.00,137.00,402.00,137.00,402.00,295.00,357.00,295.00
355.00,136.00,400.00,136.00,400.00,293.00,355.00,293.00
355.00,135.00,400.00,135.00,400.00,293.00,355.00,293.00
353.00,133.00,398.00,133.00,398.00,291.00,353.00,291.00
352.00,133.00,397.00,133.00,397.00,291.00,352.00,291.00
351.00,133.00,396.00,133.00,396.00,292.00,351.00,292.00
349.00,132.00,394.00,132.00,394.00,290.00,349.00,290.00
349.00,133.00,394.00,133.00,394.00,291.00,349.00,291.00
347.00,132.00,392.00,132.00,392.00,290.00,347.00,290.00
346.00,132.00,391.00,132.00,391.00,289.00,346.00,289.00
345.00,133.00,390.00,133.00,390.00,291.00,345.00,291.00
345.00,133.00,389.00,133.00,389.00,290.00,345.00,290.00
343.00,133.00,388.00,133.00,388.00,290.00,343.00,290.00
342.00,133.00,387.00,133.00,387.00,290.00,342.00,290.00
342.00,134.00,387.00,134.00,387.00,291.00,342.00,291.00
341.00,134.00,386.00,134.00,386.00,291.00,341.00,291.00
341.00,135.00,385.00,135.00,385.00,291.00,341.00,291.00
339.00,135.00,383.00,135.00,383.00,290.00,339.00,290.00
339.00,137.00,383.00,137.00,383.00,293.00,339.00,293.00
339.00,137.00,383.00,137.00,383.00,292.00,339.00,292.00
337.00,139.00,381.00,139.00,381.00,293.00,337.00,293.00
337.00,139.00,380.00,139.00,380.00,293.00,337.00,293.00
336.00,139.00,379.00,139.00,379.00,293.00,336.00,293.00
334.00,140.00,378.00,140.00,378.00,294.00,334.00,294.00
333.00,140.00,376.00,140.00,376.00,293.00,333.00,293.00
330.00,139.00,373.00,139.00,373.00,292.00,330.00,292.00
328.00,139.00,371.00,139.00,371.00,291.00,328.00,291.00
325.00,137.00,368.00,137.00,368.00,290.00,325.00,290.00
322.00,137.00,365.00,137.00,365.00,289.00,322.00,289.00
319.00,136.00,363.00,136.00,363.00,289.00,319.00,289.00
316.00,136.00,360.00,136.00,360.00,290.00,316.00,290.00
313.00,137.00,357.00,137.00,357.00,290.00,313.00,290.00
312.00,139.00,355.00,139.00,355.00,292.00,312.00,292.00
309.00,141.00,352.00,141.00,352.00,294.00,309.00,294.00
307.00,143.00,350.00,143.00,350.00,295.00,307.00,295.00
305.00,145.00,348.00,145.00,348.00,297.00,305.00,297.00
303.00,145.00,345.00,145.00,345.00,295.00,303.00,295.00
299.00,145.00,342.00,145.00,342.00,295.00,299.00,295.00
297.00,145.00,339.00,145.00,339.00,295.00,297.00,295.00
294.00,145.00,336.00,145.00,336.00,295.00,294.00,295.00
290.00,145.00,332.00,145.00,332.00,295.00,290.00,295.00
288.00,146.00,330.00,146.00,330.00,296.00,288.00,296.00
287.00,146.00,329.00,146.00,329.00,295.00,287.00,295.00
286.00,146.00,329.00,146.00,329.00,295.00,286.00,295.00
287.00,146.00,329.00,146.00,329.00,295.00,287.00,295.00
285.00,147.00,327.00,147.00,327.00,296.00,285.00,296.00
283.00,147.00,325.00,147.00,325.00,296.00,283.00,296.00
282.00,148.00,324.00,148.00,324.00,297.00,282.00,297.00
279.00,149.00,321.00,149.00,321.00,298.00,279.00,298.00
279.00,150.00,321.00,150.00,321.00,299.00,279.00,299.00
280.00,150.00,322.00,150.00,322.00,299.00,280.00,299.00
278.00,151.00,320.00,151.00,320.00,300.00,278.00,300.00
279.00,150.00,321.00,150.00,321.00,300.00,279.00,300.00
279.00,150.00,322.00,150.00,322.00,300.00,279.00,300.00
276.00,151.00,318.00,151.00,318.00,301.00,276.00,301.00
277.00,150.00,319.00,150.00,319.00,300.00,277.00,300.00
276.00,152.00,318.00,152.00,318.00,302.00,276.00,302.00
273.00,152.00,316.00,152.00,316.00,302.00,273.00,302.00
273.00,154.00,316.00,154.00,316.00,303.00,273.00,303.00
270.00,155.00,313.00,155.00,313.00,304.00,270.00,304.00
268.00,156.00,311.00,156.00,311.00,306.00,268.00,306.00
267.00,157.00,310.00,157.00,310.00,308.00,267.00,308.00
263.00,158.00,306.00,158.00,306.00,309.00,263.00,309.00
262.00,158.00,305.00,158.00,305.00,309.00,262.00,309.00
261.00,158.00,304.00,158.00,304.00,309.00,261.00,309.00
260.00,159.00,302.00,159.00,302.00,309.00,260.00,309.00
259.00,160.00,302.00,160.00,302.00,310.00,259.00,310.00
259.00,161.00,301.00,161.00,301.00,311.00,259.00,311.00
259.00,161.00,301.00,161.00,301.00,311.00,259.00,311.00
259.00,161.00,301.00,161.00,301.00,311.00,259.00,311.00
259.00,163.00,301.00,163.00,301.00,312.00,259.00,312.00
260.00,164.00,302.00,164.00,302.00,313.00,260.00,313.00
261.00,165.00,304.00,165.00,304.00,314.00,261.00,314.00
262.00,166.00,304.00,166.00,304.00,315.00,262.00,315.00
263.00,168.00,305.00,168.00,305.00,316.00,263.00,316.00
264.00,168.00,306.00,168.00,306.00,316.00,264.00,316.00
266.00,169.00,308.00,169.00,308.00,316.00,266.00,316.00
269.00,168.00,311.00,168.00,311.00,316.00,269.00,316.00
273.00,169.00,315.00,169.00,315.00,316.00,273.00,316.00
277.00,167.00,319.00,167.00,319.00,314.00,277.00,314.00
281.00,165.00,322.00,165.00,322.00,312.00,281.00,312.00
283.00,164.00,325.00,164.00,325.00,310.00,283.00,310.00
284.00,163.00,325.00,163.00,325.00,309.00,284.00,309.00
282.00,163.00,323.00,163.00,323.00,308.00,282.00,308.00
282.00,163.00,322.00,163.00,322.00,307.00,282.00,307.00
282.00,162.00,323.00,162.00,323.00,305.00,282.00,305.00
282.00,161.00,323.00,161.00,323.00,304.00,282.00,304.00
281.00,161.00,322.00,161.00,322.00,305.00,281.00,305.00
279.00,162.00,320.00,162.00,320.00,307.00,279.00,307.00
278.00,162.00,319.00,162.00,319.00,307.00,278.00,307.00
276.00,165.00,317.00,165.00,317.00,311.00,276.00,311.00
273.00,166.00,315.00,166.00,315.00,312.00,273.00,312.00
271.00,165.00,313.00,165.00,313.00,311.00,271.00,311.00
269.00,166.00,311.00,166.00,311.00,311.00,269.00,311.00
268.00,165.00,310.00,165.00,310.00,310.00,268.00,310.00
265.00,162.00,306.00,162.00,306.00,307.00,265.00,307.00
265.00,161.00,305.00,161.00,305.00,305.00,265.00,305.00
262.00,160.00,303.00,160.00,303.00,304.00,262.00,304.00
260.00,159.00,301.00,159.00,301.00,302.00,260.00,302.00
259.00,159.00,300.00,159.00,300.00,302.00,259.00,302.00
258.00,160.00,299.00,160.00,299.00,303.00,258.00,303.00
257.00,160.00,298.00,160.00,298.00,303.00,257.00,303.00
257.00,160.00,297.00,160.00,297.00,303.00,257.00,303.00
256.00,161.00,297.00,161.00,297.00,304.00,256.00,304.00
256.00,162.00,297.00,162.00,297.00,305.00,256.00,305.00
256.00,164.00,297.00,164.00,297.00,306.00,256.00,306.00
257.00,166.00,297.00,166.00,297.00,307.00,257.00,307.00
258.00,168.00,298.00,168.00,298.00,309.00,258.00,309.00
259.00,171.00,299.00,171.00,299.00,312.00,259.00,312.00
260.00,174.00,300.00,174.00,300.00,314.00,260.00,314.00
260.00,174.00,300.00,174.00,300.00,315.00,260.00,315.00
262.00,176.00,302.00,176.00,302.00,316.00,262.00,316.00
262.00,176.00,302.00,176.00,302.00,316.00,262.00,316.00
262.00,176.00,302.00,176.00,302.00,316.00,262.00,316.00
261.00,175.00,301.00,175.00,301.00,316.00,261.00,316.00
260.00,174.00,299.00,174.00,299.00,314.00,260.00,314.00
259.00,174.00,299.00,174.00,299.00,314.00,259.00,314.00
257.00,172.00,297.00,172.00,297.00,312.00,257.00,312.00
256.00,170.00,296.00,170.00,296.00,310.00,256.00,310.00
255.00,168.00,295.00,168.00,295.00,309.00,255.00,309.00
252.00,166.00,292.00,166.00,292.00,307.00,252.00,307.00
251.00,163.00,292.00,163.00,292.00,305.00,251.00,305.00
250.00,161.00,290.00,161.00,290.00,304.00,250.00,304.00
247.00,158.00,287.00,158.00,287.00,302.00,247.00,302.00
246.00,157.00,287.00,157.00,287.00,301.00,246.00,301.00
244.00,155.00,285.00,155.00,285.00,298.00,244.00,298.00
243.00,154.00,283.00,154.00,283.00,297.00,243.00,297.00
243.00,154.00,283.00,154.00,283.00,297.00,243.00,297.00
242.00,153.00,283.00,153.00,283.00,295.00,242.00,295.00
243.00,152.00,283.00,152.00,283.00,295.00,243.00,295.00
243.00,151.00,283.00,151.00,283.00,295.00,243.00,295.00
243.00,150.00,283.00,150.00,283.00,294.00,243.00,294.00
243.00,151.00,284.00,151.00,284.00,295.00,243.00,295.00
244.00,151.00,285.00,151.00,285.00,295.00,244.00,295.00
245.00,151.00,286.00,151.00,286.00,295.00,245.00,295.00
245.00,150.00,286.00,150.00,286.00,294.00,245.00,294.00
246.00,149.00,287.00,149.00,287.00,293.00,246.00,293.00
248.00,148.00,289.00,148.00,289.00,292.00,248.00,292.00
249.00,146.00,290.00,146.00,290.00,290.00,249.00,290.00
249.00,145.00,290.00,145.00,290.00,289.00,249.00,289.00
250.00,142.00,291.00,142.00,291.00,286.00,250.00,286.00
250.00,139.00,291.00,139.00,291.00,283.00,250.00,283.00
251.00,137.00,292.00,137.00,292.00,281.00,251.00,281.00
252.00,135.00,293.00,135.00,293.00,278.00,252.00,278.00
253.00,133.00,293.00,133.00,293.00,276.00,253.00,276.00
253.00,131.00,294.00,131.00,294.00,274.00,253.00,274.00
253.00,129.00,294.00,129.00,294.00,272.00,253.00,272.00
253.00,128.00,293.00,128.00,293.00,271.00,253.00,271.00
254.00,128.00,294.00,128.00,294.00,271.00,254.00,271.00
254.00,127.00,295.00,127.00,295.00,271.00,254.00,271.00
253.00,126.00,294.00,126.00,294.00,270.00,253.00,270.00
253.00,124.00,294.00,124.00,294.00,269.00,253.00,269.00
252.00,124.00,293.00,124.00,293.00,270.00,252.00,270.00
252.00,123.00,294.00,123.00,294.00,268.00,252.00,268.00
252.00,122.00,293.00,122.00,293.00,268.00,252.00,268.00
251.00,122.00,292.00,122.00,292.00,268.00,251.00,268.00
251.00,121.00,292.00,121.00,292.00,267.00,251.00,267.00
250.00,121.00,291.00,121.00,291.00,268.00,250.00,268.00
249.00,122.00,291.00,122.00,291.00,268.00,249.00,268.00
249.00,122.00,290.00,122.00,290.00,268.00,249.00,268.00
248.00,121.00,289.00,121.00,289.00,268.00,248.00,268.00
247.00,121.00,289.00,121.00,289.00,266.00,247.00,266.00
247.00,119.00,288.00,119.00,288.00,264.00,247.00,264.00
246.00,116.00,287.00,116.00,287.00,260.00,246.00,260.00
246.00,114.00,287.00,114.00,287.00,255.00,246.00,255.00
247.00,113.00,286.00,113.00,286.00,253.00,247.00,253.00
246.00,109.00,286.00,109.00,286.00,249.00,246.00,249.00
246.00,109.00,285.00,109.00,285.00,248.00,246.00,248.00
246.00,107.00,285.00,107.00,285.00,246.00,246.00,246.00
244.00,105.00,284.00,105.00,284.00,245.00,244.00,245.00
244.00,104.00,283.00,104.00,283.00,244.00,244.00,244.00
243.00,102.00,282.00,102.00,282.00,242.00,243.00,242.00
241.00,101.00,281.00,101.00,281.00,241.00,241.00,241.00
240.00,98.00,280.00,98.00,280.00,240.00,240.00,240.00
238.00,97.00,278.00,97.00,278.00,239.00,238.00,239.00
236.00,95.00,277.00,95.00,277.00,238.00,236.00,238.00
235.00,94.00,276.00,94.00,276.00,239.00,235.00,239.00
233.00,94.00,274.00,94.00,274.00,238.00,233.00,238.00
233.00,93.00,274.00,93.00,274.00,239.00,233.00,239.00
233.00,94.00,274.00,94.00,274.00,239.00,233.00,239.00
233.00,93.00,274.00,93.00,274.00,238.00,233.00,238.00
231.00,91.00,273.00,91.00,273.00,237.00,231.00,237.00
231.00,90.00,272.00,90.00,272.00,235.00,231.00,235.00
232.00,88.00,273.00,88.00,273.00,232.00,232.00,232.00
231.00,85.00,272.00,85.00,272.00,229.00,231.00,229.00
231.00,82.00,271.00,82.00,271.00,225.00,231.00,225.00
231.00,80.00,271.00,80.00,271.00,222.00,231.00,222.00
231.00,78.00,271.00,78.00,271.00,219.00,231.00,219.00
231.00,74.00,271.00,74.00,271.00,215.00,231.00,215.00
229.00,72.00,269.00,72.00,269.00,212.00,229.00,212.00
229.00,71.00,269.00,71.00,269.00,210.00,229.00,210.00
228.00,69.00,267.00,69.00,267.00,209.00,228.00,209.00
225.00,67.00,265.00,67.00,265.00,207.00,225.00,207.00
226.00,66.00,266.00,66.00,266.00,207.00,226.00,207.00
224.00,65.00,263.00,65.00,263.00,205.00,224.00,205.00
224.00,64.00,264.00,64.00,264.00,204.00,224.00,204.00
222.00,63.00,262.00,63.00,262.00,203.00,222.00,203.00
221.00,63.00,261.00,63.00,261.00,203.00,221.00,203.00
221.00,63.00,261.00,63.00,261.00,203.00,221.00,203.00
219.00,63.00,259.00,63.00,259.00,204.00,219.00,204.00
219.00,63.00,259.00,63.00,259.00,205.00,219.00,205.00
218.00,63.00,258.00,63.00,258.00,204.00,218.00,204.00
217.00,61.00,257.00,61.00,257.00,203.00,217.00,203.00
217.00,58.00,257.00,58.00,257.00,199.00,217.00,199.00
216.00,57.00,256.00,57.00,256.00,197.00,216.00,197.00
215.00,54.00,254.00,54.00,254.00,193.00,215.00,193.00
214.00,53.00,253.00,53.00,253.00,190.00,214.00,190.00
214.00,53.00,253.00,53.00,253.00,188.00,214.00,188.00
216.00,52.00,254.00,52.00,254.00,187.00,216.00,187.00
216.00,50.00,254.00,50.00,254.00,185.00,216.00,185.00
215.00,49.00,254.00,49.00,254.00,184.00,215.00,184.00
216.00,47.00,255.00,47.00,255.00,183.00,216.00,183.00
216.00,45.00,255.00,45.00,255.00,182.00,216.00,182.00
216.00,43.00,255.00,43.00,255.00,181.00,216.00,181.00
216.00,41.00,256.00,41.00,256.00,181.00,216.00,181.00
216.00,41.00,255.00,41.00,255.00,180.00,216.00,180.00
216.00,40.00,255.00,40.00,255.00,180.00,216.00,180.00
216.00,41.00,256.00,41.00,256.00,182.00,216.00,182.00
216.00,42.00,256.00,42.00,256.00,182.00,216.00,182.00
216.00,42.00,256.00,42.00,256.00,182.00,216.00,182.00
217.00,42.00,257.00,42.00,257.00,183.00,217.00,183.00
218.00,43.00,258.00,43.00,258.00,183.00,218.00,183.00
219.00,44.00,258.00,44.00,258.00,184.00,219.00,184.00
219.00,45.00,259.00,45.00,259.00,184.00,219.00,184.00
219.00,45.00,259.00,45.00,259.00,184.00,219.00,184.00
219.00,45.00,258.00,45.00,258.00,184.00,219.00,184.00
219.00,44.00,259.00,44.00,259.00,184.00,219.00,184.00
218.00,44.00,258.00,44.00,258.00,183.00,218.00,183.00
217.00,41.00,257.00,41.00,257.00,182.00,217.00,182.00
217.00,39.00,257.00,39.00,257.00,179.00,217.00,179.00
217.00,38.00,257.00,38.00,257.00,179.00,217.00,179.00
217.00,37.00,257.00,37.00,257.00,179.00,217.00,179.00
217.00,36.00,257.00,36.00,257.00,178.00,217.00,178.00
217.00,36.00,257.00,36.00,257.00,178.00,217.00,178.00
217.00,36.00,257.00,36.00,257.00,178.00,217.00,178.00
217.00,37.00,257.00,37.00,257.00,179.00,217.00,179.00
217.00,37.00,258.00,37.00,258.00,180.00,217.00,180.00
218.00,38.00,258.00,38.00,258.00,181.00,218.00,181.00
219.00,40.00,260.00,40.00,260.00,183.00,219.00,183.00
219.00,42.00,260.00,42.00,260.00,185.00,219.00,185.00
219.00,44.00,259.00,44.00,259.00,186.00,219.00,186.00
220.00,47.00,260.00,47.00,260.00,189.00,220.00,189.00
221.00,52.00,261.00,52.00,261.00,192.00,221.00,192.00
222.00,57.00,261.00,57.00,261.00,197.00,222.00,197.00
223.00,60.00,262.00,60.00,262.00,199.00,223.00,199.00
224.00,63.00,263.00,63.00,263.00,201.00,224.00,201.00
226.00,67.00,264.00,67.00,264.00,204.00,226.00,204.00
226.00,68.00,265.00,68.00,265.00,204.00,226.00,204.00
228.00,70.00,266.00,70.00,266.00,205.00,228.00,205.00
230.00,70.00,268.00,70.00,268.00,204.00,230.00,204.00
232.00,70.00,269.00,70.00,269.00,203.00,232.00,203.00
234.00,71.00,272.00,71.00,272.00,204.00,234.00,204.00
236.00,70.00,274.00,70.00,274.00,203.00,236.00,203.00
238.00,70.00,276.00,70.00,276.00,203.00,238.00,203.00
240.00,70.00,278.00,70.00,278.00,202.00,240.00,202.00
241.00,68.00,279.00,68.00,279.00,201.00,241.00,201.00
244.00,67.00,282.00,67.00,282.00,201.00,244.00,201.00
244.00,66.00,282.00,66.00,282.00,199.00,244.00,199.00
247.00,66.00,285.00,66.00,285.00,200.00,247.00,200.00
250.00,67.00,288.00,67.00,288.00,201.00,250.00,201.00
252.00,68.00,290.00,68.00,290.00,203.00,252.00,203.00
253.00,69.00,291.00,69.00,291.00,204.00,253.00,204.00
255.00,71.00,293.00,71.00,293.00,205.00,255.00,205.00
256.00,72.00,294.00,72.00,294.00,207.00,256.00,207.00
257.00,72.00,295.00,72.00,295.00,208.00,257.00,208.00
257.00,72.00,295.00,72.00,295.00,208.00,257.00,208.00
257.00,71.00,296.00,71.00,296.00,207.00,257.00,207.00
258.00,71.00,296.00,71.00,296.00,206.00,258.00,206.00
258.00,69.00,296.00,69.00,296.00,204.00,258.00,204.00
258.00,68.00,296.00,68.00,296.00,203.00,258.00,203.00
258.00,66.00,296.00,66.00,296.00,200.00,258.00,200.00
259.00,63.00,297.00,63.00,297.00,198.00,259.00,198.00
260.00,61.00,298.00,61.00,298.00,195.00,260.00,195.00
261.00,59.00,298.00,59.00,298.00,192.00,261.00,192.00
262.00,56.00,300.00,56.00,300.00,190.00,262.00,190.00
263.00,53.00,301.00,53.00,301.00,187.00,263.00,187.00
265.00,51.00,303.00,51.00,303.00,184.00,265.00,184.00
267.00,50.00,305.00,50.00,305.00,183.00,267.00,183.00
270.00,49.00,308.00,49.00,308.00,181.00,270.00,181.00
274.00,48.00,311.00,48.00,311.00,179.00,274.00,179.00
273.00,47.00,311.00,47.00,311.00,179.00,273.00,179.00
276.00,47.00,313.00,47.00,313.00,180.00,276.00,180.00
275.00,46.00,313.00,46.00,313.00,180.00,275.00,180.00
277.00,47.00,315.00,47.00,315.00,180.00,277.00,180.00
279.00,48.00,316.00,48.00,316.00,181.00,279.00,181.00
282.00,50.00,319.00,50.00,319.00,182.00,282.00,182.00
285.00,51.00,322.00,51.00,322.00,183.00,285.00,183.00
287.00,52.00,324.00,52.00,324.00,184.00,287.00,184.00
290.00,53.00,327.00,53.00,327.00,185.00,290.00,185.00
292.00,52.00,329.00,52.00,329.00,184.00,292.00,184.00
293.00,51.00,331.00,51.00,331.00,184.00,293.00,184.00
295.00,50.00,332.00,50.00,332.00,183.00,295.00,183.00
295.00,50.00,332.00,50.00,332.00,183.00,295.00,183.00
295.00,50.00,333.00,50.00,333.00,183.00,295.00,183.00
297.00,50.00,334.00,50.00,334.00,183.00,297.00,183.00
298.00,51.00,336.00,51.00,336.00,184.00,298.00,184.00
299.00,51.00,337.00,51.00,337.00,185.00,299.00,185.00
298.00,51.00,336.00,51.00,336.00,186.00,298.00,186.00
299.00,51.00,338.00,51.00,338.00,186.00,299.00,186.00
301.00,52.00,339.00,52.00,339.00,187.00,301.00,187.00
302.00,53.00,341.00,53.00,341.00,188.00,302.00,188.00
304.00,53.00,342.00,53.00,342.00,188.00,304.00,188.00
305.00,54.00,343.00,54.00,343.00,189.00,305.00,189.00
306.00,54.00,344.00,54.00,344.00,188.00,306.00,188.00
308.00,55.00,345.00,55.00,345.00,188.00,308.00,188.00
310.00,54.00,347.00,54.00,347.00,186.00,310.00,186.00
311.00,53.00,348.00,53.00,348.00,183.00,311.00,183.00
313.00,52.00,349.00,52.00,349.00,182.00,313.00,182.00
314.00,51.00,350.00,51.00,350.00,180.00,314.00,180.00
316.00,50.00,352.00,50.00,352.00,177.00,316.00,177.00
317.00,50.00,353.00,50.00,353.00,176.00,317.00,176.00
319.00,49.00,355.00,49.00,355.00,176.00,319.00,176.00
319.00,49.00,355.00,49.00,355.00,175.00,319.00,175.00
319.00,49.00,354.00,49.00,354.00,175.00,319.00,175.00
319.00,49.00,355.00,49.00,355.00,175.00,319.00,175.00
318.00,49.00,354.00,49.00,354.00,175.00,318.00,175.00
316.00,51.00,352.00,51.00,352.00,178.00,316.00,178.00
317.00,51.00,353.00,51.00,353.00,179.00,317.00,179.00
315.00,52.00,351.00,52.00,351.00,181.00,315.00,181.00
315.00,54.00,352.00,54.00,352.00,183.00,315.00,183.00
315.00,56.00,352.00,56.00,352.00,187.00,315.00,187.00
316.00,59.00,353.00,59.00,353.00,190.00,316.00,190.00
317.00,61.00,355.00,61.00,355.00,192.00,317.00,192.00
319.00,64.00,356.00,64.00,356.00,195.00,319.00,195.00
323.00,65.00,359.00,65.00,359.00,195.00,323.00,195.00
326.00,64.00,362.00,64.00,362.00,192.00,326.00,192.00
329.00,63.00,365.00,63.00,365.00,191.00,329.00,191.00
333.00,62.00,369.00,62.00,369.00,189.00,333.00,189.00
336.00,61.00,372.00,61.00,372.00,187.00,336.00,187.00
339.00,60.00,374.00,60.00,374.00,185.00,339.00,185.00
340.00,58.00,375.00,58.00,375.00,183.00,340.00,183.00
341.00,56.00,376.00,56.00,376.00,182.00,341.00,182.00
342.00,55.00,378.00,55.00,378.00,182.00,342.00,182.00
343.00,54.00,379.00,54.00,379.00,181.00,343.00,181.00
344.00,53.00,380.00,53.00,380.00,180.00,344.00,180.00
344.00,53.00,380.00,53.00,380.00,181.00,344.00,181.00
344.00,53.00,380.00,53.00,380.00,180.00,344.00,180.00
345.00,54.00,381.00,54.00,381.00,181.00,345.00,181.00
345.00,54.00,381.00,54.00,381.00,181.00,345.00,181.00
344.00,56.00,379.00,56.00,379.00,181.00,344.00,181.00
344.00,59.00,379.00,59.00,379.00,183.00,344.00,183.00
345.00,62.00,380.00,62.00,380.00,184.00,345.00,184.00
347.00,64.00,381.00,64.00,381.00,185.00,347.00,185.00
347.00,64.00,381.00,64.00,381.00,185.00,347.00,185.00
349.00,62.00,383.00,62.00,383.00,182.00,349.00,182.00
351.00,60.00,385.00,60.00,385.00,180.00,351.00,180.00
353.00,58.00,386.00,58.00,386.00,177.00,353.00,177.00
354.00,54.00,388.00,54.00,388.00,174.00,354.00,174.00
354.00,51.00,388.00,51.00,388.00,171.00,354.00,171.00
355.00,49.00,389.00,49.00,389.00,169.00,355.00,169.00
355.00,46.00,389.00,46.00,389.00,167.00,355.00,167.00
355.00,43.00,390.00,43.00,390.00,165.00,355.00,165.00
356.00,41.00,391.00,41.00,391.00,164.00,356.00,164.00
357.00,38.00,392.00,38.00,392.00,162.00,357.00,162.00
357.00,36.00,392.00,36.00,392.00,161.00,357.00,161.00
358.00,35.00,393.00,35.00,393.00,160.00,358.00,160.00
358.00,33.00,394.00,33.00,394.00,160.00,358.00,160.00
359.00,32.00,394.00,32.00,394.00,159.00,359.00,159.00
358.00,32.00,394.00,32.00,394.00,159.00,358.00,159.00
359.00,32.00,395.00,32.00,395.00,158.00,359.00,158.00
360.00,32.00,396.00,32.00,396.00,159.00,360.00,159.00
359.00,32.00,395.00,32.00,395.00,160.00,359.00,160.00
359.00,33.00,395.00,33.00,395.00,160.00,359.00,160.00
359.00,33.00,395.00,33.00,395.00,162.00,359.00,162.00
358.00,33.00,395.00,33.00,395.00,162.00,358.00,162.00
357.00,33.00,394.00,33.00,394.00,162.00,357.00,162.00
357.00,34.00,394.00,34.00,394.00,162.00,357.00,162.00
358.00,34.00,395.00,34.00,395.00,164.00,358.00,164.00
357.00,35.00,394.00,35.00,394.00,164.00,357.00,164.00
358.00,36.00,394.00,36.00,394.00,165.00,358.00,165.00
357.00,37.00,394.00,37.00,394.00,166.00,357.00,166.00
358.00,37.00,394.00,37.00,394.00,167.00,358.00,167.00
358.00,40.00,394.00,40.00,394.00,170.00,358.00,170.00
357.00,40.00,394.00,40.00,394.00,169.00,357.00,169.00
358.00,41.00,394.00,41.00,394.00,170.00,358.00,170.00
357.00,42.00,394.00,42.00,394.00,171.00,357.00,171.00
358.00,43.00,394.00,43.00,394.00,171.00,358.00,171.00
358.00,44.00,394.00,44.00,394.00,172.00,358.00,172.00
359.00,45.00,395.00,45.00,395.00,172.00,359.00,172.00
359.00,45.00,395.00,45.00,395.00,172.00,359.00,172.00
359.00,44.00,395.00,44.00,395.00,172.00,359.00,172.00
359.00,44.00,395.00,44.00,395.00,171.00,359.00,171.00
358.00,44.00,394.00,44.00,394.00,171.00,358.00,171.00
360.00,45.00,396.00,45.00,396.00,172.00,360.00,172.00
360.00,45.00,396.00,45.00,396.00,172.00,360.00,172.00
360.00,46.00,396.00,46.00,396.00,172.00,360.00,172.00
360.00,47.00,396.00,47.00,396.00,172.00,360.00,172.00
360.00,47.00,396.00,47.00,396.00,171.00,360.00,171.00
360.00,47.00,395.00,47.00,395.00,171.00,360.00,171.00
360.00,48.00,395.00,48.00,395.00,172.00,360.00,172.00
360.00,48.00,395.00,48.00,395.00,172.00,360.00,172.00
359.00,47.00,394.00,47.00,394.00,171.00,359.00,171.00
359.00,48.00,394.00,48.00,394.00,171.00,359.00,171.00
359.00,49.00,394.00,49.00,394.00,172.00,359.00,172.00
360.00,49.00,394.00,49.00,394.00,172.00,360.00,172.00
360.00,50.00,395.00,50.00,395.00,172.00,360.00,172.00
360.00,50.00,395.00,50.00,395.00,172.00,360.00,172.00
360.00,50.00,394.00,50.00,394.00,172.00,360.00,172.00
360.00,51.00,394.00,51.00,394.00,174.00,360.00,174.00
359.00,51.00,394.00,51.00,394.00,173.00,359.00,173.00
358.00,51.00,393.00,51.00,393.00,172.00,358.00,172.00
358.00,51.00,392.00,51.00,392.00,172.00,358.00,172.00
356.00,50.00,390.00,50.00,390.00,171.00,356.00,171.00
356.00,51.00,389.00,51.00,389.00,171.00,356.00,171.00
354.00,50.00,388.00,50.00,388.00,170.00,354.00,170.00
353.00,50.00,387.00,50.00,387.00,170.00,353.00,170.00
352.00,50.00,385.00,50.00,385.00,170.00,352.00,170.00
351.00,50.00,385.00,50.00,385.00,170.00,351.00,170.00
350.00,51.00,384.00,51.00,384.00,170.00,350.00,170.00
349.00,50.00,383.00,50.00,383.00,170.00,349.00,170.00
347.00,49.00,381.00,49.00,381.00,170.00,347.00,170.00
346.00,50.00,380.00,50.00,380.00,170.00,346.00,170.00
345.00,49.00,379.00,49.00,379.00,169.00,345.00,169.00
343.00,49.00,377.00,49.00,377.00,168.00,343.00,168.00
342.00,48.00,375.00,48.00,375.00,167.00,342.00,167.00
340.00,47.00,374.00,47.00,374.00,166.00,340.00,166.00
339.00,46.00,372.00,46.00,372.00,165.00,339.00,165.00
338.00,46.00,371.00,46.00,371.00,164.00,338.00,164.00
335.00,45.00,369.00,45.00,369.00,163.00,335.00,163.00
334.00,44.00,367.00,44.00,367.00,162.00,334.00,162.00
333.00,44.00,366.00,44.00,366.00,162.00,333.00,162.00
331.00,43.00,364.00,43.00,364.00,161.00,331.00,161.00
330.00,43.00,363.00,43.00,363.00,160.00,330.00,160.00
328.00,42.00,361.00,42.00,361.00,160.00,328.00,160.00
326.00,41.00,359.00,41.00,359.00,159.00,326.00,159.00
325.00,42.00,358.00,42.00,358.00,159.00,325.00,159.00
323.00,42.00,356.00,42.00,356.00,160.00,323.00,160.00
322.00,41.00,355.00,41.00,355.00,159.00,322.00,159.00
321.00,41.00,354.00,41.00,354.00,159.00,321.00,159.00
320.00,42.00,353.00,42.00,353.00,159.00,320.00,159.00
319.00,42.00,352.00,42.00,352.00,160.00,319.00,160.00
317.00,42.00,350.00,42.00,350.00,160.00,317.00,160.00
316.00,42.00,350.00,42.00,350.00,160.00,316.00,160.00
315.00,43.00,348.00,43.00,348.00,159.00,315.00,159.00
312.00,42.00,345.00,42.00,345.00,159.00,312.00,159.00
312.00,42.00,345.00,42.00,345.00,159.00,312.00,159.00
309.00,43.00,342.00,43.00,342.00,159.00,309.00,159.00
308.00,43.00,341.00,43.00,341.00,158.00,308.00,158.00
307.00,43.00,340.00,43.00,340.00,158.00,307.00,158.00
305.00,44.00,338.00,44.00,338.00,159.00,305.00,159.00
303.00,43.00,336.00,43.00,336.00,159.00,303.00,159.00
301.00,44.00,334.00,44.00,334.00,159.00,301.00,159.00
299.00,44.00,332.00,44.00,332.00,159.00,299.00,159.00
298.00,45.00,331.00,45.00,331.00,160.00,298.00,160.00
296.00,46.00,329.00,46.00,329.00,161.00,296.00,161.00
295.00,46.00,328.00,46.00,328.00,161.00,295.00,161.00
294.00,48.00,327.00,48.00,327.00,163.00,294.00,163.00
293.00,48.00,325.00,48.00,325.00,164.00,293.00,164.00
291.00,48.00,323.00,48.00,323.00,164.00,291.00,164.00
289.00,50.00,322.00,50.00,322.00,165.00,289.00,165.00
288.00,51.00,320.00,51.00,320.00,166.00,288.00,166.00
287.00,52.00,319.00,52.00,319.00,167.00,287.00,167.00
285.00,53.00,318.00,53.00,318.00,167.00,285.00,167.00
284.00,55.00,317.00,55.00,317.00,169.00,284.00,169.00
283.00,55.00,316.00,55.00,316.00,169.00,283.00,169.00
282.00,56.00,314.00,56.00,314.00,170.00,282.00,170.00
282.00,58.00,314.00,58.00,314.00,171.00,282.00,171.00
281.00,57.00,313.00,57.00,313.00,170.00,281.00,170.00
280.00,58.00,312.00,58.00,312.00,171.00,280.00,171.00
280.00,59.00,312.00,59.00,312.00,172.00,280.00,172.00
281.00,60.00,313.00,60.00,313.00,172.00,281.00,172.00
280.00,60.00,311.00,60.00,311.00,172.00,280.00,172.00
281.00,61.00,313.00,61.00,313.00,172.00,281.00,172.00
282.00,63.00,313.00,63.00,313.00,173.00,282.00,173.00
283.00,65.00,314.00,65.00,314.00,174.00,283.00,174.00
284.00,67.00,315.00,67.00,315.00,175.00,284.00,175.00
284.00,68.00,314.00,68.00,314.00,176.00,284.00,176.00
285.00,68.00,315.00,68.00,315.00,176.00,285.00,176.00
285.00,68.00,315.00,68.00,315.00,176.00,285.00,176.00
284.00,68.00,315.00,68.00,315.00,175.00,284.00,175.00
284.00,67.00,315.00,67.00,315.00,174.00,284.00,174.00
284.00,67.00,314.00,67.00,314.00,174.00,284.00,174.00
283.00,65.00,313.00,65.00,313.00,172.00,283.00,172.00
284.00,65.00,314.00,65.00,314.00,172.00,284.00,172.00
283.00,64.00,313.00,64.00,313.00,171.00,283.00,171.00
283.00,63.00,314.00,63.00,314.00,171.00,283.00,171.00
283.00,62.00,313.00,62.00,313.00,171.00,283.00,171.00
282.00,62.00,313.00,62.00,313.00,171.00,282.00,171.00
283.00,61.00,313.00,61.00,313.00,170.00,283.00,170.00
283.00,62.00,314.00,62.00,314.00,171.00,283.00,171.00
283.00,61.00,314.00,61.00,314.00,171.00,283.00,171.00
285.00,61.00,316.00,61.00,316.00,171.00,285.00,171.00
285.00,62.00,316.00,62.00,316.00,173.00,285.00,173.00
287.00,61.00,318.00,61.00,318.00,172.00,287.00,172.00
289.00,62.00,320.00,62.00,320.00,173.00,289.00,173.00
291.00,62.00,322.00,62.00,322.00,172.00,291.00,172.00
293.00,62.00,324.00,62.00,324.00,172.00,293.00,172.00
296.00,63.00,327.00,63.00,327.00,173.00,296.00,173.00
297.00,62.00,328.00,62.00,328.00,172.00,297.00,172.00
300.00,62.00,330.00,62.00,330.00,171.00,300.00,171.00
301.00,61.00,332.00,61.00,332.00,171.00,301.00,171.00
303.00,61.00,334.00,61.00,334.00,170.00,303.00,170.00
305.00,60.00,336.00,60.00,336.00,170.00,305.00,170.00
308.00,61.00,338.00,61.00,338.00,170.00,308.00,170.00
309.00,60.00,340.00,60.00,340.00,170.00,309.00,170.00
311.00,61.00,342.00,61.00,342.00,170.00,311.00,170.00
312.00,62.00,343.00,62.00,343.00,171.00,312.00,171.00
314.00,61.00,345.00,61.00,345.00,171.00,314.00,171.00
316.00,61.00,347.00,61.00,347.00,170.00,316.00,170.00
318.00,62.00,349.00,62.00,349.00,171.00,318.00,171.00
320.00,62.00,351.00,62.00,351.00,171.00,320.00,171.00
322.00,62.00,352.00,62.00,352.00,170.00,322.00,170.00
324.00,62.00,354.00,62.00,354.00,171.00,324.00,171.00
326.00,64.00,356.00,64.00,356.00,172.00,326.00,172.00
327.00,64.00,358.00,64.00,358.00,172.00,327.00,172.00
328.00,64.00,359.00,64.00,359.00,172.00,328.00,172.00
330.00,64.00,360.00,64.00,360.00,172.00,330.00,172.00
330.00,63.00,360.00,63.00,360.00,171.00,330.00,171.00
331.00,64.00,361.00,64.00,361.00,170.00,331.00,170.00
332.00,65.00,362.00,65.00,362.00,172.00,332.00,172.00
333.00,65.00,363.00,65.00,363.00,172.00,333.00,172.00
333.00,66.00,364.00,66.00,364.00,173.00,333.00,173.00
335.00,66.00,365.00,66.00,365.00,173.00,335.00,173.00
335.00,67.00,365.00,67.00,365.00,174.00,335.00,174.00
336.00,67.00,365.00,67.00,365.00,173.00,336.00,173.00
336.00,66.00,366.00,66.00,366.00,172.00,336.00,172.00
336.00,66.00,366.00,66.00,366.00,172.00,336.00,172.00
337.00,66.00,367.00,66.00,367.00,172.00,337.00,172.00
339.00,66.00,369.00,66.00,369.00,171.00,339.00,171.00
340.00,67.00,370.00,67.00,370.00,172.00,340.00,172.00
342.00,67.00,372.00,67.00,372.00,172.00,342.00,172.00
343.00,68.00,373.00,68.00,373.00,172.00,343.00,172.00
344.00,67.00,374.00,67.00,374.00,171.00,344.00,171.00
347.00,68.00,377.00,68.00,377.00,172.00,347.00,172.00
348.00,68.00,377.00,68.00,377.00,171.00,348.00,171.00
351.00,68.00,380.00,68.00,380.00,171.00,351.00,171.00
352.00,68.00,381.00,68.00,381.00,170.00,352.00,170.00
354.00,67.00,383.00,67.00,383.00,170.00,354.00,170.00
357.00,66.00,386.00,66.00,386.00,170.00,357.00,170.00
359.00,68.00,389.00,68.00,389.00,172.00,359.00,172.00
362.00,67.00,391.00,67.00,391.00,172.00,362.00,172.00
364.00,67.00,394.00,67.00,394.00,172.00,364.00,172.00
367.00,69.00,396.00,69.00,396.00,173.00,367.00,173.00
370.00,68.00,399.00,68.00,399.00,173.00,370.00,173.00
371.00,68.00,401.00,68.00,401.00,173.00,371.00,173.00
374.00,68.00,404.00,68.00,404.00,172.00,374.00,172.00
378.00,68.00,407.00,68.00,407.00,172.00,378.00,172.00
380.00,69.00,409.00,69.00,409.00,173.00,380.00,173.00
382.00,68.00,411.00,68.00,411.00,172.00,382.00,172.00
384.00,68.00,413.00,68.00,413.00,173.00,384.00,173.00
386.00,69.00,415.00,69.00,415.00,173.00,386.00,173.00
389.00,69.00,418.00,69.00,418.00,173.00,389.00,173.00
390.00,70.00,419.00,70.00,419.00,174.00,390.00,174.00
392.00,69.00,421.00,69.00,421.00,172.00,392.00,172.00
393.00,68.00,422.00,68.00,422.00,172.00,393.00,172.00
394.00,68.00,423.00,68.00,423.00,172.00,394.00,172.00
395.00,68.00,424.00,68.00,424.00,172.00,395.00,172.00
395.00,68.00,424.00,68.00,424.00,172.00,395.00,172.00
395.00,68.00,424.00,68.00,424.00,173.00,395.00,173.00
395.00,69.00,424.00,69.00,424.00,173.00,395.00,173.00
395.00,70.00,424.00,70.00,424.00,174.00,395.00,174.00
394.00,70.00,424.00,70.00,424.00,174.00,394.00,174.00
394.00,71.00,423.00,71.00,423.00,175.00,394.00,175.00
393.00,71.00,422.00,71.00,422.00,175.00,393.00,175.00
392.00,71.00,421.00,71.00,421.00,174.00,392.00,174.00
391.00,72.00,420.00,72.00,420.00,175.00,391.00,175.00
390.00,72.00,419.00,72.00,419.00,176.00,390.00,176.00
389.00,73.00,418.00,73.00,418.00,176.00,389.00,176.00
388.00,74.00,417.00,74.00,417.00,177.00,388.00,177.00
388.00,76.00,417.00,76.00,417.00,179.00,388.00,179.00
387.00,77.00,416.00,77.00,416.00,179.00,387.00,179.00
387.00,79.00,416.00,79.00,416.00,182.00,387.00,182.00
387.00,81.00,416.00,81.00,416.00,184.00,387.00,184.00
387.00,83.00,416.00,83.00,416.00,185.00,387.00,185.00
387.00,85.00,416.00,85.00,416.00,187.00,387.00,187.00
388.00,88.00,416.00,88.00,416.00,190.00,388.00,190.00
387.00,89.00,416.00,89.00,416.00,191.00,387.00,191.00
387.00,90.00,415.00,90.00,415.00,192.00,387.00,192.00
387.00,93.00,416.00,93.00,416.00,195.00,387.00,195.00
387.00,94.00,416.00,94.00,416.00,195.00,387.00,195.00
386.00,95.00,414.00,95.00,414.00,196.00,386.00,196.00
385.00,96.00,414.00,96.00,414.00,197.00,385.00,197.00
385.00,98.00,414.00,98.00,414.00,199.00,385.00,199.00
385.00,99.00,413.00,99.00,413.00,200.00,385.00,200.00
385.00,100.00,413.00,100.00,413.00,201.00,385.00,201.00
384.00,102.00,412.00,102.00,412.00,203.00,384.00,203.00
384.00,103.00,412.00,103.00,412.00,204.00,384.00,204.00
384.00,104.00,412.00,104.00,412.00,205.00,384.00,205.00
383.00,106.00,411.00,106.00,411.00,207.00,383.00,207.00
382.00,106.00,411.00,106.00,411.00,207.00,382.00,207.00
382.00,107.00,411.00,107.00,411.00,208.00,382.00,208.00
382.00,108.00,411.00,108.00,411.00,209.00,382.00,209.00
383.00,109.00,412.00,109.00,412.00,210.00,383.00,210.00
384.00,109.00,412.00,109.00,412.00,210.00,384.00,210.00
385.00,110.00,413.00,110.00,413.00,211.00,385.00,211.00
386.00,111.00,414.00,111.00,414.00,211.00,386.00,211.00
387.00,112.00,415.00,112.00,415.00,212.00,387.00,212.00
389.00,113.00,417.00,113.00,417.00,213.00,389.00,213.00
389.00,114.00,417.00,114.00,417.00,214.00,389.00,214.00
390.00,115.00,418.00,115.00,418.00,215.00,390.00,215.00
389.00,116.00,417.00,116.00,417.00,215.00,389.00,215.00
388.00,117.00,416.00,117.00,416.00,217.00,388.00,217.00
389.00,118.00,417.00,118.00,417.00,217.00,389.00,217.00
388.00,118.00,416.00,118.00,416.00,217.00,388.00,217.00
387.00,119.00,415.00,119.00,415.00,218.00,387.00,218.00
387.00,120.00,414.00,120.00,414.00,218.00,387.00,218.00
386.00,122.00,414.00,122.00,414.00,220.00,386.00,220.00
385.00,124.00,413.00,124.00,413.00,221.00,385.00,221.00
384.00,127.00,411.00,127.00,411.00,224.00,384.00,224.00
383.00,128.00,410.00,128.00,410.00,226.00,383.00,226.00
381.00,130.00,409.00,130.00,409.00,227.00,381.00,227.00
381.00,133.00,408.00,133.00,408.00,231.00,381.00,231.00
380.00,135.00,407.00,135.00,407.00,233.00,380.00,233.00
380.00,139.00,407.00,139.00,407.00,236.00,380.00,236.00
380.00,142.00,407.00,142.00,407.00,238.00,380.00,238.00
381.00,145.00,407.00,145.00,407.00,240.00,381.00,240.00
381.00,147.00,407.00,147.00,407.00,242.00,381.00,242.00
380.00,149.00,407.00,149.00,407.00,242.00,380.00,242.00
379.00,150.00,406.00,150.00,406.00,243.00,379.00,243.00
378.00,150.00,404.00,150.00,404.00,244.00,378.00,244.00
378.00,150.00,404.00,150.00,404.00,244.00,378.00,244.00
375.00,151.00,402.00,151.00,402.00,244.00,375.00,244.00
374.00,150.00,400.00,150.00,400.00,243.00,374.00,243.00
373.00,148.00,399.00,148.00,399.00,242.00,373.00,242.00
372.00,148.00,398.00,148.00,398.00,242.00,372.00,242.00
370.00,150.00,396.00,150.00,396.00,243.00,370.00,243.00
370.00,150.00,396.00,150.00,396.00,243.00,370.00,243.00
370.00,149.00,396.00,149.00,396.00,243.00,370.00,243.00
368.00,150.00,395.00,150.00,395.00,244.00,368.00,244.00
368.00,149.00,394.00,149.00,394.00,244.00,368.00,244.00
365.00,149.00,392.00,149.00,392.00,244.00,365.00,244.00
364.00,147.00,391.00,147.00,391.00,243.00,364.00,243.00
363.00,146.00,390.00,146.00,390.00,242.00,363.00,242.00
362.00,146.00,389.00,146.00,389.00,242.00,362.00,242.00
363.00,142.00,390.00,142.00,390.00,239.00,363.00,239.00
362.00,139.00,389.00,139.00,389.00,238.00,362.00,238.00
360.00,137.00,389.00,137.00,389.00,236.00,360.00,236.00
361.00,136.00,389.00,136.00,389.00,237.00,361.00,237.00
359.00,136.00,388.00,136.00,388.00,238.00,359.00,238.00
360.00,135.00,389.00,135.00,389.00,238.00,360.00,238.00
360.00,135.00,389.00,135.00,389.00,240.00,360.00,240.00
359.00,135.00,389.00,135.00,389.00,240.00,359.00,240.00
361.00,135.00,391.00,135.00,391.00,242.00,361.00,242.00
362.00,136.00,393.00,136.00,393.00,244.00,362.00,244.00
363.00,136.00,394.00,136.00,394.00,245.00,363.00,245.00
363.00,137.00,394.00,137.00,394.00,246.00,363.00,246.00
364.00,138.00,395.00,138.00,395.00,248.00,364.00,248.00
365.00,138.00,397.00,138.00,397.00,249.00,365.00,249.00
365.00,139.00,397.00,139.00,397.00,251.00,365.00,251.00
367.00,141.00,398.00,141.00,398.00,253.00,367.00,253.00
367.00,142.00,399.00,142.00,399.00,256.00,367.00,256.00
368.00,142.00,400.00,142.00,400.00,257.00,368.00,257.00
369.00,143.00,402.00,143.00,402.00,258.00,369.00,258.00
370.00,144.00,403.00,144.00,403.00,260.00,370.00,260.00
370.00,144.00,403.00,144.00,403.00,261.00,370.00,261.00
372.00,144.00,404.00,144.00,404.00,260.00,372.00,260.00
372.00,143.00,405.00,143.00,405.00,260.00,372.00,260.00
373.00,144.00,406.00,144.00,406.00,260.00,373.00,260.00
374.00,144.00,407.00,144.00,407.00,261.00,374.00,261.00
375.00,144.00,408.00,144.00,408.00,262.00,375.00,262.00
375.00,143.00,408.00,143.00,408.00,262.00,375.00,262.00
376.00,142.00,410.00,142.00,410.00,262.00,376.00,262.00
377.00,141.00,411.00,141.00,411.00,261.00,377.00,261.00
378.00,140.00,412.00,140.00,412.00,260.00,378.00,260.00
381.00,140.00,415.00,140.00,415.00,262.00,381.00,262.00
385.00,141.00,420.00,141.00,420.00,265.00,385.00,265.00
387.00,140.00,423.00,140.00,423.00,265.00,387.00,265.00
391.00,139.00,426.00,139.00,426.00,265.00,391.00,265.00
393.00,138.00,428.00,138.00,428.00,264.00,393.00,264.00
396.00,138.00,432.00,138.00,432.00,265.00,396.00,265.00
398.00,137.00,434.00,137.00,434.00,264.00,398.00,264.00
398.00,136.00,434.00,136.00,434.00,263.00,398.00,263.00
400.00,133.00,437.00,133.00,437.00,261.00,400.00,261.00
401.00,133.00,438.00,133.00,438.00,262.00,401.00,262.00
402.00,133.00,439.00,133.00,439.00,264.00,402.00,264.00
402.00,134.00,440.00,134.00,440.00,266.00,402.00,266.00
403.00,135.00,441.00,135.00,441.00,270.00,403.00,270.00
401.00,135.00,440.00,135.00,440.00,272.00,401.00,272.00
399.00,134.00,438.00,134.00,438.00,272.00,399.00,272.00
396.00,132.00,436.00,132.00,436.00,274.00,396.00,274.00
395.00,131.00,436.00,131.00,436.00,275.00,395.00,275.00
393.00,129.00,435.00,129.00,435.00,275.00,393.00,275.00
392.00,128.00,435.00,128.00,435.00,277.00,392.00,277.00
391.00,127.00,433.00,127.00,433.00,276.00,391.00,276.00
391.00,125.00,433.00,125.00,433.00,276.00,391.00,276.00
389.00,126.00,432.00,126.00,432.00,277.00,389.00,277.00
390.00,125.00,434.00,125.00,434.00,278.00,390.00,278.00
391.00,124.00,435.00,124.00,435.00,279.00,391.00,279.00
389.00,124.00,434.00,124.00,434.00,280.00,389.00,280.00
391.00,122.00,436.00,122.00,436.00,280.00,391.00,280.00
391.00,120.00,436.00,120.00,436.00,280.00,391.00,280.00
393.00,117.00,438.00,117.00,438.00,278.00,393.00,278.00
395.00,116.00,441.00,116.00,441.00,278.00,395.00,278.00
397.00,118.00,443.00,118.00,443.00,280.00,397.00,280.00
398.00,119.00,445.00,119.00,445.00,283.00,398.00,283.00
400.00,121.00,447.00,121.00,447.00,285.00,400.00,285.00
402.00,122.00,448.00,122.00,448.00,285.00,402.00,285.00
403.00,122.00,450.00,122.00,450.00,285.00,403.00,285.00
404.00,122.00,450.00,122.00,450.00,285.00,404.00,285.00
404.00,119.00,450.00,119.00,450.00,282.00,404.00,282.00
404.00,117.00,451.00,117.00,451.00,281.00,404.00,281.00
406.00,117.00,452.00,117.00,452.00,282.00,406.00,282.00
404.00,117.00,451.00,117.00,451.00,283.00,404.00,283.00
405.00,117.00,452.00,117.00,452.00,283.00,405.00,283.00
405.00,118.00,452.00,118.00,452.00,284.00,405.00,284.00
404.00,120.00,452.00,120.00,452.00,286.00,404.00,286.00
407.00,121.00,455.00,121.00,455.00,288.00,407.00,288.00
410.00,122.00,458.00,122.00,458.00,290.00,410.00,290.00
414.00,124.00,462.00,124.00,462.00,293.00,414.00,293.00
417.00,127.00,465.00,127.00,465.00,296.00,417.00,296.00
419.00,129.00,468.00,129.00,468.00,298.00,419.00,298.00
423.00,128.00,472.00,128.00,472.00,298.00,423.00,298.00
424.00,129.00,472.00,129.00,472.00,298.00,424.00,298.00
425.00,130.00,473.00,130.00,473.00,298.00,425.00,298.00
427.00,128.00,475.00,128.00,475.00,297.00,427.00,297.00
427.00,129.00,475.00,129.00,475.00,298.00,427.00,298.00
427.00,128.00,475.00,128.00,475.00,298.00,427.00,298.00
428.00,126.00,476.00,126.00,476.00,296.00,428.00,296.00
429.00,123.00,477.00,123.00,477.00,293.00,429.00,293.00
429.00,119.00,478.00,119.00,478.00,289.00,429.00,289.00
428.00,117.00,477.00,117.00,477.00,288.00,428.00,288.00
429.00,114.00,477.00,114.00,477.00,285.00,429.00,285.00
427.00,114.00,475.00,114.00,475.00,285.00,427.00,285.00
424.00,115.00,472.00,115.00,472.00,285.00,424.00,285.00
425.00,116.00,474.00,116.00,474.00,287.00,425.00,287.00
425.00,117.00,474.00,117.00,474.00,289.00,425.00,289.00
425.00,119.00,474.00,119.00,474.00,291.00,425.00,291.00
424.00,121.00,473.00,121.00,473.00,293.00,424.00,293.00
423.00,123.00,472.00,123.00,472.00,296.00,423.00,296.00
424.00,126.00,473.00,126.00,473.00,299.00,424.00,299.00
424.00,128.00,473.00,128.00,473.00,301.00,424.00,301.00
424.00,131.00,473.00,131.00,473.00,304.00,424.00,304.00
423.00,131.00,473.00,131.00,473.00,304.00,423.00,304.00
422.00,131.00,472.00,131.00,472.00,305.00,422.00,305.00
423.00,132.00,472.00,132.00,472.00,307.00,423.00,307.00
422.00,133.00,472.00,133.00,472.00,308.00,422.00,308.00
424.00,134.00,474.00,134.00,474.00,310.00,424.00,310.00
424.00,135.00,474.00,135.00,474.00,310.00,424.00,310.00
425.00,136.00,475.00,136.00,475.00,312.00,425.00,312.00
426.00,136.00,476.00,136.00,476.00,312.00,426.00,312.00
427.00,136.00,477.00,136.00,477.00,312.00,427.00,312.00
428.00,137.00,478.00,137.00,478.00,311.00,428.00,311.00
429.00,136.00,479.00,136.00,479.00,311.00,429.00,311.00
431.00,135.00,480.00,135.00,480.00,310.00,431.00,310.00
432.00,135.00,482.00,135.00,482.00,310.00,432.00,310.00
433.00,134.00,483.00,134.00,483.00,310.00,433.00,310.00
434.00,135.00,484.00,135.00,484.00,310.00,434.00,310.00
434.00,135.00,484.00,135.00,484.00,311.00,434.00,311.00
435.00,134.00,485.00,134.00,485.00,310.00,435.00,310.00
436.00,135.00,486.00,135.00,486.00,312.00,436.00,312.00
437.00,136.00,487.00,136.00,487.00,313.00,437.00,313.00
438.00,136.00,488.00,136.00,488.00,313.00,438.00,313.00
437.00,137.00,488.00,137.00,488.00,314.00,437.00,314.00
437.00,137.00,487.00,137.00,487.00,313.00,437.00,313.00
437.00,138.00,487.00,138.00,487.00,314.00,437.00,314.00
435.00,139.00,485.00,139.00,485.00,313.00,435.00,313.00
435.00,139.00,485.00,139.00,485.00,314.00,435.00,314.00
435.00,141.00,484.00,141.00,484.00,315.00,435.00,315.00
433.00,141.00,483.00,141.00,483.00,314.00,433.00,314.00
430.00,141.00,480.00,141.00,480.00,315.00,430.00,315.00
430.00,140.00,479.00,140.00,479.00,314.00,430.00,314.00
427.00,141.00,477.00,141.00,477.00,314.00,427.00,314.00
427.00,141.00,476.00,141.00,476.00,315.00,427.00,315.00
426.00,141.00,475.00,141.00,475.00,314.00,426.00,314.00
424.00,141.00,473.00,141.00,473.00,313.00,424.00,313.00
424.00,141.00,473.00,141.00,473.00,313.00,424.00,313.00
422.00,140.00,470.00,140.00,470.00,311.00,422.00,311.00
421.00,140.00,469.00,140.00,469.00,309.00,421.00,309.00
420.00,139.00,468.00,139.00,468.00,308.00,420.00,308.00
418.00,138.00,466.00,138.00,466.00,307.00,418.00,307.00
417.00,137.00,465.00,137.00,465.00,305.00,417.00,305.00
414.00,134.00,463.00,134.00,463.00,303.00,414.00,303.00
412.00,132.00,459.00,132.00,459.00,300.00,412.00,300.00
409.00,130.00,457.00,130.00,457.00,298.00,409.00,298.00
407.00,126.00,455.00,126.00,455.00,294.00,407.00,294.00
406.00,124.00,454.00,124.00,454.00,291.00,406.00,291.00
405.00,121.00,452.00,121.00,452.00,289.00,405.00,289.00
405.00,119.00,453.00,119.00,453.00,286.00,405.00,286.00
405.00,117.00,453.00,117.00,453.00,284.00,405.00,284.00
406.00,114.00,454.00,114.00,454.00,282.00,406.00,282.00
407.00,111.00,455.00,111.00,455.00,278.00,407.00,278.00
409.00,109.00,456.00,109.00,456.00,277.00,409.00,277.00
411.00,106.00,458.00,106.00,458.00,275.00,411.00,275.00
412.00,104.00,460.00,104.00,460.00,272.00,412.00,272.00
414.00,104.00,461.00,104.00,461.00,271.00,414.00,271.00
414.00,102.00,462.00,102.00,462.00,270.00,414.00,270.00
415.00,101.00,463.00,101.00,463.00,269.00,415.00,269.00
416.00,100.00,463.00,100.00,463.00,268.00,416.00,268.00
416.00,100.00,464.00,100.00,464.00,267.00,416.00,267.00
416.00,98.00,463.00,98.00,463.00,265.00,416.00,265.00
416.00,98.00,463.00,98.00,463.00,265.00,416.00,265.00
415.00,97.00,463.00,97.00,463.00,263.00,415.00,263.00
415.00,96.00,463.00,96.00,463.00,263.00,415.00,263.00
415.00,95.00,462.00,95.00,462.00,262.00,415.00,262.00
414.00,94.00,462.00,94.00,462.00,261.00,414.00,261.00
414.00,93.00,461.00,93.00,461.00,260.00,414.00,260.00
415.00,94.00,462.00,94.00,462.00,261.00,415.00,261.00
415.00,92.00,462.00,92.00,462.00,259.00,415.00,259.00
415.00,91.00,462.00,91.00,462.00,258.00,415.00,258.00
416.00,90.00,463.00,90.00,463.00,257.00,416.00,257.00
417.00,89.00,464.00,89.00,464.00,256.00,417.00,256.00
418.00,89.00,465.00,89.00,465.00,256.00,418.00,256.00
419.00,89.00,466.00,89.00,466.00,256.00,419.00,256.00
419.00,88.00,467.00,88.00,467.00,257.00,419.00,257.00
420.00,89.00,468.00,89.00,468.00,257.00,420.00,257.00
420.00,88.00,468.00,88.00,468.00,257.00,420.00,257.00
420.00,88.00,468.00,88.00,468.00,256.00,420.00,256.00
421.00,88.00,469.00,88.00,469.00,256.00,421.00,256.00
422.00,90.00,470.00,90.00,470.00,258.00,422.00,258.00
422.00,92.00,469.00,92.00,469.00,259.00,422.00,259.00
422.00,93.00,470.00,93.00,470.00,259.00,422.00,259.00
422.00,94.00,469.00,94.00,469.00,260.00,422.00,260.00
422.00,95.00,469.00,95.00,469.00,262.00,422.00,262.00
422.00,96.00,470.00,96.00,470.00,263.00,422.00,263.00
422.00,98.00,469.00,98.00,469.00,265.00,422.00,265.00
424.00,100.00,471.00,100.00,471.00,266.00,424.00,266.00
424.00,100.00,471.00,100.00,471.00,266.00,424.00,266.00
423.00,101.00,470.00,101.00,470.00,267.00,423.00,267.00
425.00,102.00,472.00,102.00,472.00,269.00,425.00,269.00
424.00,104.00,471.00,104.00,471.00,270.00,424.00,270.00
424.00,107.00,472.00,107.00,472.00,273.00,424.00,273.00
425.00,109.00,472.00,109.00,472.00,275.00,425.00,275.00
425.00,111.00,472.00,111.00,472.00,277.00,425.00,277.00
425.00,114.00,473.00,114.00,473.00,281.00,425.00,281.00
425.00,116.00,472.00,116.00,472.00,283.00,425.00,283.00
425.00,119.00,472.00,119.00,472.00,286.00,425.00,286.00
424.00,121.00,471.00,121.00,471.00,287.00,424.00,287.00
423.00,123.00,471.00,123.00,471.00,290.00,423.00,290.00
421.00,126.00,469.00,126.00,469.00,292.00,421.00,292.00
421.00,128.00,468.00,128.00,468.00,294.00,421.00,294.00
419.00,130.00,467.00,130.00,467.00,297.00,419.00,297.00
419.00,132.00,466.00,132.00,466.00,298.00,419.00,298.00
419.00,135.00,466.00,135.00,466.00,302.00,419.00,302.00
417.00,138.00,465.00,138.00,465.00,304.00,417.00,304.00
418.00,141.00,465.00,141.00,465.00,307.00,418.00,307.00
417.00,142.00,464.00,142.00,464.00,308.00,417.00,308.00
417.00,142.00,464.00,142.00,464.00,308.00,417.00,308.00
416.00,142.00,464.00,142.00,464.00,309.00,416.00,309.00
417.00,143.00,465.00,143.00,465.00,310.00,417.00,310.00
418.00,143.00,466.00,143.00,466.00,311.00,418.00,311.00
418.00,143.00,465.00,143.00,465.00,311.00,418.00,311.00
419.00,144.00,467.00,144.00,467.00,312.00,419.00,312.00
418.00,144.00,466.00,144.00,466.00,312.00,418.00,312.00
419.00,143.00,467.00,143.00,467.00,312.00,419.00,312.00
419.00,143.00,467.00,143.00,467.00,312.00,419.00,312.00
419.00,143.00,467.00,143.00,467.00,311.00,419.00,311.00
420.00,143.00,468.00,143.00,468.00,311.00,420.00,311.00
419.00,143.00,467.00,143.00,467.00,312.00,419.00,312.00
420.00,143.00,468.00,143.00,468.00,311.00,420.00,311.00
421.00,142.00,469.00,142.00,469.00,311.00,421.00,311.00
420.00,143.00,468.00,143.00,468.00,311.00,420.00,311.00
420.00,144.00,468.00,144.00,468.00,313.00,420.00,313.00
421.00,144.00,469.00,144.00,469.00,313.00,421.00,313.00
420.00,144.00,468.00,144.00,468.00,313.00,420.00,313.00
421.00,144.00,469.00,144.00,469.00,312.00,421.00,312.00
421.00,142.00,469.00,142.00,469.00,311.00,421.00,311.00
421.00,143.00,469.00,143.00,469.00,312.00,421.00,312.00
422.00,142.00,470.00,142.00,470.00,310.00,422.00,310.00
422.00,142.00,470.00,142.00,470.00,311.00,422.00,311.00
422.00,142.00,470.00,142.00,470.00,310.00,422.00,310.00
422.00,141.00,470.00,141.00,470.00,309.00,422.00,309.00
422.00,141.00,469.00,141.00,469.00,309.00,422.00,309.00
422.00,141.00,469.00,141.00,469.00,309.00,422.00,309.00
422.00,141.00,470.00,141.00,470.00,309.00,422.00,309.00
422.00,141.00,469.00,141.00,469.00,309.00,422.00,309.00
422.00,140.00,470.00,140.00,470.00,308.00,422.00,308.00
422.00,140.00,470.00,140.00,470.00,308.00,422.00,308.00
421.00,140.00,469.00,140.00,469.00,307.00,421.00,307.00
420.00,141.00,468.00,141.00,468.00,308.00,420.00,308.00
420.00,141.00,467.00,141.00,467.00,309.00,420.00,309.00
419.00,141.00,466.00,141.00,466.00,308.00,419.00,308.00
418.00,141.00,465.00,141.00,465.00,307.00,418.00,307.00
418.00,142.00,465.00,142.00,465.00,307.00,418.00,307.00
417.00,141.00,464.00,141.00,464.00,306.00,417.00,306.00
416.00,141.00,463.00,141.00,463.00,306.00,416.00,306.00
415.00,141.00,462.00,141.00,462.00,306.00,415.00,306.00
415.00,141.00,462.00,141.00,462.00,305.00,415.00,305.00
415.00,142.00,461.00,142.00,461.00,305.00,415.00,305.00
414.00,143.00,461.00,143.00,461.00,305.00,414.00,305.00
414.00,141.00,460.00,141.00,460.00,304.00,414.00,304.00
413.00,142.00,460.00,142.00,460.00,305.00,413.00,305.00
414.00,142.00,461.00,142.00,461.00,305.00,414.00,305.00
414.00,141.00,460.00,141.00,460.00,305.00,414.00,305.00
413.00,141.00,460.00,141.00,460.00,305.00,413.00,305.00
414.00,141.00,460.00,141.00,460.00,305.00,414.00,305.00
413.00,141.00,459.00,141.00,459.00,304.00,413.00,304.00
414.00,142.00,460.00,142.00,460.00,305.00,414.00,305.00
413.00,144.00,459.00,144.00,459.00,306.00,413.00,306.00
413.00,144.00,459.00,144.00,459.00,306.00,413.00,306.00
413.00,145.00,459.00,145.00,459.00,306.00,413.00,306.00
413.00,146.00,459.00,146.00,459.00,307.00,413.00,307.00
414.00,146.00,459.00,146.00,459.00,306.00,414.00,306.00
415.00,147.00,461.00,147.00,461.00,307.00,415.00,307.00
415.00,146.00,461.00,146.00,461.00,307.00,415.00,307.00
415.00,147.00,461.00,147.00,461.00,308.00,415.00,308.00
416.00,146.00,462.00,146.00,462.00,308.00,416.00,308.00
414.00,146.00,460.00,146.00,460.00,308.00,414.00,308.00
416.00,146.00,462.00,146.00,462.00,309.00,416.00,309.00
416.00,146.00,462.00,146.00,462.00,309.00,416.00,309.00
416.00,147.00,462.00,147.00,462.00,309.00,416.00,309.00
416.00,145.00,462.00,145.00,462.00,307.00,416.00,307.00
415.00,145.00,461.00,145.00,461.00,307.00,415.00,307.00
415.00,144.00,461.00,144.00,461.00,308.00,415.00,308.00
415.00,145.00,461.00,145.00,461.00,308.00,415.00,308.00
413.00,145.00,460.00,145.00,460.00,310.00,413.00,310.00
413.00,145.00,460.00,145.00,460.00,310.00,413.00,310.00
412.00,146.00,459.00,146.00,459.00,312.00,412.00,312.00
411.00,146.00,458.00,146.00,458.00,312.00,411.00,312.00
411.00,146.00,458.00,146.00,458.00,312.00,411.00,312.00
409.00,146.00,457.00,146.00,457.00,313.00,409.00,313.00
409.00,145.00,457.00,145.00,457.00,312.00,409.00,312.00
408.00,145.00,456.00,145.00,456.00,312.00,408.00,312.00
407.00,145.00,455.00,145.00,455.00,314.00,407.00,314.00
406.00,143.00,454.00,143.00,454.00,313.00,406.00,313.00
405.00,144.00,453.00,144.00,453.00,314.00,405.00,314.00
404.00,143.00,453.00,143.00,453.00,313.00,404.00,313.00
404.00,143.00,452.00,143.00,452.00,313.00,404.00,313.00
404.00,142.00,453.00,142.00,453.00,314.00,404.00,314.00
404.00,141.00,452.00,141.00,452.00,313.00,404.00,313.00
403.00,141.00,452.00,141.00,452.00,312.00,403.00,312.00
404.00,141.00,453.00,141.00,453.00,313.00,404.00,313.00
402.00,140.00,451.00,140.00,451.00,312.00,402.00,312.00
402.00,139.00,451.00,139.00,451.00,312.00,402.00,312.00
401.00,138.00,450.00,138.00,450.00,311.00,401.00,311.00
400.00,137.00,450.00,137.00,450.00,310.00,400.00,310.00
400.00,136.00,450.00,136.00,450.00,310.00,400.00,310.00
399.00,135.00,448.00,135.00,448.00,309.00,399.00,309.00
398.00,134.00,447.00,134.00,447.00,307.00,398.00,307.00
398.00,133.00,448.00,133.00,448.00,306.00,398.00,306.00
397.00,132.00,446.00,132.00,446.00,305.00,397.00,305.00
397.00,130.00,446.00,130.00,446.00,303.00,397.00,303.00
395.00,129.00,444.00,129.00,444.00,301.00,395.00,301.00
395.00,128.00,444.00,128.00,444.00,300.00,395.00,300.00
395.00,127.00,444.00,127.00,444.00,300.00,395.00,300.00
394.00,127.00,443.00,127.00,443.00,300.00,394.00,300.00
393.00,126.00,443.00,126.00,443.00,300.00,393.00,300.00
390.00,126.00,440.00,126.00,440.00,300.00,390.00,300.00
390.00,126.00,439.00,126.00,439.00,299.00,390.00,299.00
388.00,125.00,437.00,125.00,437.00,297.00,388.00,297.00
388.00,125.00,436.00,125.00,436.00,296.00,388.00,296.00
387.00,125.00,435.00,125.00,435.00,295.00,387.00,295.00
385.00,125.00,433.00,125.00,433.00,295.00,385.00,295.00
384.00,125.00,432.00,125.00,432.00,295.00,384.00,295.00
381.00,124.00,429.00,124.00,429.00,294.00,381.00,294.00
377.00,125.00,425.00,125.00,425.00,294.00,377.00,294.00
374.00,126.00,422.00,126.00,422.00,295.00,374.00,295.00
371.00,126.00,419.00,126.00,419.00,295.00,371.00,295.00
370.00,128.00,418.00,128.00,418.00,296.00,370.00,296.00
367.00,129.00,414.00,129.00,414.00,297.00,367.00,297.00
364.00,129.00,412.00,129.00,412.00,297.00,364.00,297.00
361.00,128.00,409.00,128.00,409.00,296.00,361.00,296.00
359.00,126.00,407.00,126.00,407.00,296.00,359.00,296.00
357.00,125.00,405.00,125.00,405.00,294.00,357.00,294.00
356.00,123.00,405.00,123.00,405.00,293.00,356.00,293.00
357.00,122.00,405.00,122.00,405.00,292.00,357.00,292.00
356.00,123.00,404.00,123.00,404.00,293.00,356.00,293.00
357.00,125.00,405.00,125.00,405.00,294.00,357.00,294.00
358.00,126.00,406.00,126.00,406.00,295.00,358.00,295.00
359.00,128.00,407.00,128.00,407.00,297.00,359.00,297.00
361.00,129.00,410.00,129.00,410.00,299.00,361.00,299.00
364.00,132.00,412.00,132.00,412.00,302.00,364.00,302.00
365.00,134.00,414.00,134.00,414.00,304.00,365.00,304.00
366.00,135.00,415.00,135.00,415.00,306.00,366.00,306.00
367.00,137.00,416.00,137.00,416.00,308.00,367.00,308.00
369.00,138.00,418.00,138.00,418.00,309.00,369.00,309.00
370.00,139.00,419.00,139.00,419.00,311.00,370.00,311.00
372.00,140.00,421.00,140.00,421.00,312.00,372.00,312.00
373.00,143.00,421.00,143.00,421.00,315.00,373.00,315.00
373.00,145.00,422.00,145.00,422.00,316.00,373.00,316.00
374.00,147.00,423.00,147.00,423.00,318.00,374.00,318.00
374.00,148.00,422.00,148.00,422.00,319.00,374.00,319.00
374.00,150.00,423.00,150.00,423.00,321.00,374.00,321.00
374.00,151.00,422.00,151.00,422.00,322.00,374.00,322.00
374.00,155.00,422.00,155.00,422.00,324.00,374.00,324.00
374.00,156.00,422.00,156.00,422.00,325.00,374.00,325.00
375.00,157.00,423.00,157.00,423.00,327.00,375.00,327.00
376.00,158.00,424.00,158.00,424.00,327.00,376.00,327.00
378.00,160.00,426.00,160.00,426.00,329.00,378.00,329.00
380.00,161.00,428.00,161.00,428.00,330.00,380.00,330.00
383.00,164.00,431.00,164.00,431.00,333.00,383.00,333.00
385.00,165.00,433.00,165.00,433.00,333.00,385.00,333.00
387.00,168.00,435.00,168.00,435.00,337.00,387.00,337.00
389.00,170.00,437.00,170.00,437.00,339.00,389.00,339.00
390.00,174.00,438.00,174.00,438.00,342.00,390.00,342.00
391.00,177.00,438.00,177.00,438.00,344.00,391.00,344.00
392.00,181.00,440.00,181.00,440.00,348.00,392.00,348.00
394.00,186.00,441.00,186.00,441.00,352.00,394.00,352.00
395.00,188.00,442.00,188.00,442.00,354.00,395.00,354.00
395.00,191.00,442.00,191.00,442.00,357.00,395.00,357.00
395.00,190.00,442.00,190.00,442.00,356.00,395.00,356.00
394.00,188.00,441.00,188.00,441.00,354.00,394.00,354.00
394.00,187.00,441.00,187.00,441.00,352.00,394.00,352.00
394.00,184.00,440.00,184.00,440.00,349.00,394.00,349.00
394.00,184.00,440.00,184.00,440.00,348.00,394.00,348.00
393.00,184.00,439.00,184.00,439.00,347.00,393.00,347.00
394.00,185.00,440.00,185.00,440.00,347.00,394.00,347.00
394.00,186.00,440.00,186.00,440.00,347.00,394.00,347.00
393.00,186.00,439.00,186.00,439.00,347.00,393.00,347.00
392.00,186.00,438.00,186.00,438.00,347.00,392.00,347.00
391.00,186.00,437.00,186.00,437.00,346.00,391.00,346.00
390.00,186.00,436.00,186.00,436.00,347.00,390.00,347.00
389.00,188.00,434.00,188.00,434.00,348.00,389.00,348.00
387.00,187.00,433.00,187.00,433.00,348.00,387.00,348.00
386.00,187.00,432.00,187.00,432.00,348.00,386.00,348.00
384.00,187.00,430.00,187.00,430.00,349.00,384.00,349.00
382.00,185.00,428.00,185.00,428.00,348.00,382.00,348.00
380.00,184.00,426.00,184.00,426.00,346.00,380.00,346.00
379.00,181.00,425.00,181.00,425.00,344.00,379.00,344.00
378.00,180.00,424.00,180.00,424.00,343.00,378.00,343.00
377.00,177.00,423.00,177.00,423.00,340.00,377.00,340.00
376.00,173.00,422.00,173.00,422.00,337.00,376.00,337.00
375.00,170.00,421.00,170.00,421.00,333.00,375.00,333.00
376.00,168.00,422.00,168.00,422.00,330.00,376.00,330.00
374.00,165.00,420.00,165.00,420.00,328.00,374.00,328.00
373.00,162.00,419.00,162.00,419.00,324.00,373.00,324.00
374.00,159.00,419.00,159.00,419.00,320.00,374.00,320.00
374.00,157.00,419.00,157.00,419.00,316.00,374.00,316.00
373.00,154.00,418.00,154.00,418.00,313.00,373.00,313.00
372.00,152.00,417.00,152.00,417.00,309.00,372.00,309.00
373.00,149.00,417.00,149.00,417.00,304.00,373.00,304.00
372.00,147.00,416.00,147.00,416.00,301.00,372.00,301.00
373.00,145.00,416.00,145.00,416.00,298.00,373.00,298.00
374.00,144.00,417.00,144.00,417.00,296.00,374.00,296.00
373.00,145.00,416.00,145.00,416.00,295.00,373.00,295.00
375.00,145.00,417.00,145.00,417.00,293.00,375.00,293.00
379.00,145.00,421.00,145.00,421.00,291.00,379.00,291.00
383.00,146.00,423.00,146.00,423.00,290.00,383.00,290.00
385.00,146.00,425.00,146.00,425.00,288.00,385.00,288.00
387.00,148.00,426.00,148.00,426.00,287.00,387.00,287.00
387.00,148.00,427.00,148.00,427.00,286.00,387.00,286.00
394.00,146.00,433.00,146.00,433.00,283.00,394.00,283.00
392.00,143.00,431.00,143.00,431.00,281.00,392.00,281.00
394.00,163.00,432.00,163.00,432.00,297.00,394.00,297.00
363.00,148.00,402.00,148.00,402.00,283.00,363.00,283.00
364.00,145.00,402.00,145.00,402.00,282.00,364.00,282.00
374.00,135.00,413.00,135.00,413.00,272.00,374.00,272.00
377.00,133.00,416.00,133.00,416.00,271.00,377.00,271.00
378.00,132.00,417.00,132.00,417.00,271.00,378.00,271.00
379.00,129.00,418.00,129.00,418.00,268.00,379.00,268.00
379.00,128.00,419.00,128.00,419.00,268.00,379.00,268.00
379.00,129.00,419.00,129.00,419.00,269.00,379.00,269.00
379.00,130.00,419.00,130.00,419.00,271.00,379.00,271.00
378.00,133.00,419.00,133.00,419.00,276.00,378.00,276.00
377.00,136.00,418.00,136.00,418.00,279.00,377.00,279.00
375.00,136.00,416.00,136.00,416.00,280.00,375.00,280.00
373.00,136.00,414.00,136.00,414.00,279.00,373.00,279.00
373.00,134.00,414.00,134.00,414.00,278.00,373.00,278.00
371.00,133.00,412.00,133.00,412.00,277.00,371.00,277.00
370.00,133.00,411.00,133.00,411.00,276.00,370.00,276.00
369.00,132.00,410.00,132.00,410.00,276.00,369.00,276.00
367.00,133.00,408.00,133.00,408.00,276.00,367.00,276.00
367.00,132.00,407.00,132.00,407.00,276.00,367.00,276.00
365.00,133.00,406.00,133.00,406.00,277.00,365.00,277.00
364.00,133.00,405.00,133.00,405.00,277.00,364.00,277.00
363.00,134.00,404.00,134.00,404.00,278.00,363.00,278.00
361.00,134.00,402.00,134.00,402.00,279.00,361.00,279.00
361.00,136.00,402.00,136.00,402.00,281.00,361.00,281.00
360.00,137.00,402.00,137.00,402.00,283.00,360.00,283.00
359.00,138.00,401.00,138.00,401.00,286.00,359.00,286.00
358.00,141.00,400.00,141.00,400.00,288.00,358.00,288.00
358.00,142.00,400.00,142.00,400.00,290.00,358.00,290.00
355.00,143.00,397.00,143.00,397.00,293.00,355.00,293.00
355.00,145.00,397.00,145.00,397.00,295.00,355.00,295.00
354.00,146.00,397.00,146.00,397.00,297.00,354.00,297.00
353.00,148.00,396.00,148.00,396.00,299.00,353.00,299.00
353.00,148.00,396.00,148.00,396.00,300.00,353.00,300.00
352.00,149.00,395.00,149.00,395.00,301.00,352.00,301.00
352.00,152.00,395.00,152.00,395.00,303.00,352.00,303.00
351.00,155.00,394.00,155.00,394.00,306.00,351.00,306.00
351.00,157.00,393.00,157.00,393.00,307.00,351.00,307.00
351.00,159.00,393.00,159.00,393.00,307.00,351.00,307.00
349.00,160.00,392.00,160.00,392.00,309.00,349.00,309.00
350.00,162.00,393.00,162.00,393.00,311.00,350.00,311.00
349.00,164.00,391.00,164.00,391.00,312.00,349.00,312.00
349.00,164.00,391.00,164.00,391.00,312.00,349.00,312.00
348.00,164.00,390.00,164.00,390.00,313.00,348.00,313.00
348.00,165.00,390.00,165.00,390.00,314.00,348.00,314.00
347.00,167.00,389.00,167.00,389.00,315.00,347.00,315.00
347.00,167.00,389.00,167.00,389.00,316.00,347.00,316.00
347.00,169.00,389.00,169.00,389.00,318.00,347.00,318.00
347.00,170.00,389.00,170.00,389.00,318.00,347.00,318.00
346.00,170.00,388.00,170.00,388.00,318.00,346.00,318.00
345.00,171.00,387.00,171.00,387.00,318.00,345.00,318.00
345.00,171.00,387.00,171.00,387.00,317.00,345.00,317.00
343.00,170.00,385.00,170.00,385.00,316.00,343.00,316.00
342.00,171.00,384.00,171.00,384.00,317.00,342.00,317.00
341.00,171.00,382.00,171.00,382.00,317.00,341.00,317.00
341.00,174.00,382.00,174.00,382.00,319.00,341.00,319.00
339.00,175.00,380.00,175.00,380.00,319.00,339.00,319.00
337.00,176.00,378.00,176.00,378.00,320.00,337.00,320.00
335.00,177.00,376.00,177.00,376.00,321.00,335.00,321.00
334.00,179.00,374.00,179.00,374.00,323.00,334.00,323.00
333.00,179.00,374.00,179.00,374.00,323.00,333.00,323.00
330.00,180.00,371.00,180.00,371.00,324.00,330.00,324.00
329.00,180.00,370.00,180.00,370.00,324.00,329.00,324.00
327.00,181.00,368.00,181.00,368.00,325.00,327.00,325.00
326.00,181.00,367.00,181.00,367.00,325.00,326.00,325.00
325.00,182.00,366.00,182.00,366.00,326.00,325.00,326.00
323.00,185.00,364.00,185.00,364.00,328.00,323.00,328.00
322.00,185.00,363.00,185.00,363.00,328.00,322.00,328.00
319.00,187.00,360.00,187.00,360.00,330.00,319.00,330.00
319.00,189.00,359.00,189.00,359.00,331.00,319.00,331.00
317.00,188.00,357.00,188.00,357.00,331.00,317.00,331.00
314.00,190.00,354.00,190.00,354.00,332.00,314.00,332.00
313.00,189.00,353.00,189.00,353.00,331.00,313.00,331.00
310.00,190.00,351.00,190.00,351.00,332.00,310.00,332.00
308.00,191.00,348.00,191.00,348.00,333.00,308.00,333.00
306.00,192.00,346.00,192.00,346.00,333.00,306.00,333.00
303.00,194.00,343.00,194.00,343.00,335.00,303.00,335.00
300.00,195.00,340.00,195.00,340.00,336.00,300.00,336.00
298.00,194.00,338.00,194.00,338.00,335.00,298.00,335.00
295.00,193.00,335.00,193.00,335.00,335.00,295.00,335.00
293.00,193.00,332.00,193.00,332.00,334.00,293.00,334.00
289.00,194.00,329.00,194.00,329.00,334.00,289.00,334.00
288.00,193.00,328.00,193.00,328.00,334.00,288.00,334.00
285.00,195.00,325.00,195.00,325.00,336.00,285.00,336.00
282.00,194.00,322.00,194.00,322.00,335.00,282.00,335.00
280.00,195.00,320.00,195.00,320.00,335.00,280.00,335.00
277.00,195.00,317.00,195.00,317.00,335.00,277.00,335.00
276.00,195.00,316.00,195.00,316.00,334.00,276.00,334.00
273.00,195.00,312.00,195.00,312.00,334.00,273.00,334.00
272.00,196.00,311.00,196.00,311.00,334.00,272.00,334.00
269.00,195.00,308.00,195.00,308.00,334.00,269.00,334.00
267.00,197.00,306.00,197.00,306.00,335.00,267.00,335.00
265.00,198.00,303.00,198.00,303.00,335.00,265.00,335.00
262.00,198.00,301.00,198.00,301.00,335.00,262.00,335.00
260.00,199.00,299.00,199.00,299.00,336.00,260.00,336.00
256.00,199.00,295.00,199.00,295.00,336.00,256.00,336.00
255.00,200.00,294.00,200.00,294.00,337.00,255.00,337.00
252.00,200.00,290.00,200.00,290.00,338.00,252.00,338.00
250.00,202.00,288.00,202.00,288.00,339.00,250.00,339.00
247.00,202.00,286.00,202.00,286.00,339.00,247.00,339.00
245.00,205.00,283.00,205.00,283.00,340.00,245.00,340.00
243.00,205.00,280.00,205.00,280.00,339.00,243.00,339.00
240.00,205.00,278.00,205.00,278.00,338.00,240.00,338.00
238.00,207.00,275.00,207.00,275.00,339.00,238.00,339.00
236.00,207.00,273.00,207.00,273.00,339.00,236.00,339.00
233.00,207.00,271.00,207.00,271.00,339.00,233.00,339.00
230.00,208.00,268.00,208.00,268.00,339.00,230.00,339.00
228.00,208.00,266.00,208.00,266.00,340.00,228.00,340.00
227.00,208.00,264.00,208.00,264.00,340.00,227.00,340.00
