1
510.880066,198.644470,53.849922,29.727842
505.972534,198.864136,53.054111,29.288515
489.638153,201.389008,52.270061,28.855680
475.452057,203.515671,53.054111,29.288515
465.361176,203.890564,53.849922,29.727842
450.746307,202.460648,54.657673,30.173761
434.802643,201.621811,55.477539,30.626368
447.237274,190.985565,54.657673,30.173761
413.540833,196.272003,55.477539,30.626368
400.736603,200.394318,56.309700,31.085764
394.598846,203.316376,57.154346,31.552050
381.407623,201.798721,58.011662,32.025330
369.262329,198.880157,57.154346,31.552050
361.872253,196.081497,58.011662,32.025330
339.062073,186.089600,58.881836,32.505711
330.818634,184.139252,58.881836,32.505711
311.252197,176.636932,59.765064,32.993294
301.689789,173.997467,59.765064,32.993294
295.175385,169.061676,60.661541,33.488194
309.497589,166.771072,61.571465,33.990517
280.288086,165.136139,62.495033,34.500378
269.666992,157.233337,61.571465,33.990517
270.898438,144.996750,61.571465,33.990517
266.686951,132.321686,62.495033,34.500378
252.371582,133.936234,61.571465,33.990517
250.400070,135.526932,60.661541,33.488194
259.796539,144.113297,61.571465,33.990517
260.251495,144.364456,60.661541,33.488194
259.504456,145.271774,59.765064,32.993294
241.574921,143.952042,59.765064,32.993294
2
0
0
0
0
1
162.196854,161.093475,49.381569,33.805061
161.826492,165.643646,50.122292,34.312138
163.485535,163.296692,50.874126,34.826820
164.136719,173.640259,51.637238,35.349224
168.588211,175.294525,50.874126,34.826820
171.304886,178.568253,51.637238,35.349224
175.110550,183.326263,52.411797,35.879463
178.255264,186.196609,52.411797,35.879463
182.448196,188.349380,52.411797,35.879463
2
0
0
0
0
1
157.592590,171.489883,34.607742,34.565220
159.440643,171.932327,35.126858,35.083698
162.029495,173.093597,35.653763,35.609955
164.657181,173.549408,36.188568,36.144104
167.324280,174.012054,36.731396,36.686268
169.285736,172.247437,37.282368,37.236561
171.276611,171.212265,37.841602,37.795109
171.760986,171.696045,38.409229,38.362034
174.591736,172.187073,38.985367,38.937466
179.839172,175.056763,39.570148,39.521526
175.090759,175.056763,39.570148,39.521526
174.793976,175.562637,40.163700,40.114349
177.203796,179.574081,40.163700,40.114349
177.717896,178.458893,40.766155,40.716064
179.067261,178.980057,41.377647,41.326805
182.377472,178.980057,41.377647,41.326805
184.587036,180.347977,41.998310,41.946709
189.035126,183.137543,41.377647,41.326805
193.172897,187.270218,41.377647,41.326805
197.902359,193.671738,41.998310,41.946709
201.522903,197.287842,41.377647,41.326805
204.572433,198.655746,41.998310,41.946709
206.537872,199.792236,41.377647,41.326805
210.675644,201.445313,41.377647,41.326805
214.813400,204.751450,41.377647,41.326805
217.565125,205.871155,40.766155,40.716064
220.569580,207.218857,41.377647,41.326805
221.939194,208.586761,41.998310,41.946709
222.476761,209.123688,42.628284,42.575909
224.753113,212.261536,43.267712,43.214546
231.675949,215.718689,43.267712,43.214546
235.137360,218.311569,43.267712,43.214546
239.464142,220.904434,43.267712,43.214546
244.409637,221.457581,43.916725,43.862766
245.863281,221.128616,44.575478,44.520706
251.212341,222.909439,44.575478,44.520706
256.307312,227.094391,45.244110,45.188519
260.560272,230.424789,45.922771,45.866344
266.741455,234.736221,46.611610,46.554340
271.122955,237.222229,47.310787,47.252655
273.649353,238.786285,48.020447,47.961445
278.163269,239.400192,48.740753,48.680866
284.723785,240.023300,49.471867,49.411079
288.369873,240.655762,50.213943,50.152248
299.416931,241.658813,50.213943,50.152248
308.692902,243.017624,49.471867,49.411079
307.317596,256.689667,50.213943,50.152248
305.309021,258.695740,50.213943,50.152248
306.971100,260.355804,50.967155,50.904530
310.727386,262.040741,51.731663,51.668098
312.439697,263.750946,52.507637,52.443119
2
0
0
0
0
1
271.922424,276.247040,53.613281,33.840378
274.785370,279.428040,54.417480,34.347980
276.586578,281.262207,55.233746,34.863201
279.536072,285.954803,56.062252,35.386150
282.529785,290.717773,56.903183,35.916943
284.413300,293.364868,57.756733,36.455696
287.497498,296.051636,58.623081,37.002529
290.627960,296.525269,59.502430,37.557568
290.181702,295.481171,60.394966,38.120934
289.728729,296.742981,61.300892,38.692745
289.268982,296.452789,62.220406,39.273136
290.065399,297.752716,63.153709,39.862236
280.576782,295.690887,62.220406,39.273136
279.810547,298.302643,61.300892,38.692745
279.055603,299.350983,60.394966,38.120934
253.320801,298.130341,59.502430,37.557568
253.760468,297.667816,58.623081,37.002529
253.038513,299.399475,57.756733,36.455696
252.327225,301.105530,56.903183,35.916943
250.745316,304.481720,57.756733,36.455696
250.312134,305.688385,58.623081,37.002529
249.139679,307.168488,58.623081,37.002529
248.417709,309.629242,57.756733,36.455696
247.706421,311.335297,56.903183,35.916943
245.884399,313.016144,56.062252,35.386150
244.089310,316.066681,55.233746,34.863201
242.320740,317.698212,54.417480,34.347980
239.703262,321.624176,55.233746,34.863201
240.410248,326.316772,56.062252,35.386150
243.403976,328.924744,56.903183,35.916943
245.287476,332.300934,57.756733,36.455696
270.700439,341.050293,57.756733,36.455696
272.612183,341.516937,58.623081,37.002529
275.742645,343.492859,59.502430,37.557568
279.699707,345.250488,58.623081,37.002529
281.288025,345.523895,57.756733,36.455696
285.128998,346.511627,56.903183,35.916943
286.670685,346.777008,56.062252,35.386150
287.791931,345.361572,56.062252,35.386150
2
0
0
0
0
1
229.096939,342.222351,43.207806,33.070328
229.649994,341.302979,43.855923,33.566383
230.211349,340.369843,44.513763,34.069878
230.781128,339.422699,45.181469,34.580925
