1
702.00,243.00,735.00,243.00,735.00,313.00,702.00,313.00
699.00,242.00,731.00,242.00,731.00,311.00,699.00,311.00
696.00,241.00,728.00,241.00,728.00,309.00,696.00,309.00
693.00,240.00,725.00,240.00,725.00,308.00,693.00,308.00
690.00,239.00,721.00,239.00,721.00,306.00,690.00,306.00
688.00,238.00,720.00,238.00,720.00,305.00,688.00,305.00
686.00,237.00,718.00,237.00,718.00,305.00,686.00,305.00
684.00,237.00,716.00,237.00,716.00,306.00,684.00,306.00
681.00,237.00,713.00,237.00,713.00,306.00,681.00,306.00
680.00,239.00,712.00,239.00,712.00,307.00,680.00,307.00
677.00,242.00,710.00,242.00,710.00,310.00,677.00,310.00
675.00,246.00,707.00,246.00,707.00,314.00,675.00,314.00
671.00,247.00,703.00,247.00,703.00,316.00,671.00,316.00
665.00,246.00,698.00,246.00,698.00,315.00,665.00,315.00
660.00,246.00,693.00,246.00,693.00,316.00,660.00,316.00
656.00,247.00,689.00,247.00,689.00,317.00,656.00,317.00
651.00,247.00,684.00,247.00,684.00,317.00,651.00,317.00
646.00,246.00,679.00,246.00,679.00,316.00,646.00,316.00
642.00,246.00,675.00,246.00,675.00,316.00,642.00,316.00
639.00,246.00,672.00,246.00,672.00,316.00,639.00,316.00
636.00,246.00,669.00,246.00,669.00,316.00,636.00,316.00
632.00,244.00,664.00,244.00,664.00,314.00,632.00,314.00
628.00,244.00,661.00,244.00,661.00,313.00,628.00,313.00
625.00,244.00,658.00,244.00,658.00,314.00,625.00,314.00
621.00,245.00,653.00,245.00,653.00,313.00,621.00,313.00
618.00,244.00,650.00,244.00,650.00,314.00,618.00,314.00
615.00,246.00,648.00,246.00,648.00,315.00,615.00,315.00
612.00,246.00,644.00,246.00,644.00,315.00,612.00,315.00
608.00,246.00,641.00,246.00,641.00,315.00,608.00,315.00
606.00,246.00,639.00,246.00,639.00,316.00,606.00,316.00
603.00,247.00,635.00,247.00,635.00,316.00,603.00,316.00
600.00,246.00,633.00,246.00,633.00,315.00,600.00,315.00
598.00,245.00,630.00,245.00,630.00,315.00,598.00,315.00
595.00,245.00,628.00,245.00,628.00,314.00,595.00,314.00
591.00,245.00,623.00,245.00,623.00,313.00,591.00,313.00
589.00,245.00,621.00,245.00,621.00,313.00,589.00,313.00
586.00,246.00,617.00,246.00,617.00,313.00,586.00,313.00
583.00,246.00,615.00,246.00,615.00,314.00,583.00,314.00
579.00,246.00,611.00,246.00,611.00,314.00,579.00,314.00
576.00,247.00,608.00,247.00,608.00,315.00,576.00,315.00
571.00,247.00,603.00,247.00,603.00,314.00,571.00,314.00
567.00,247.00,599.00,247.00,599.00,315.00,567.00,315.00
564.00,248.00,596.00,248.00,596.00,317.00,564.00,317.00
560.00,248.00,593.00,248.00,593.00,316.00,560.00,316.00
557.00,248.00,589.00,248.00,589.00,317.00,557.00,317.00
554.00,248.00,586.00,248.00,586.00,317.00,554.00,317.00
549.00,248.00,582.00,248.00,582.00,316.00,549.00,316.00
546.00,248.00,578.00,248.00,578.00,315.00,546.00,315.00
543.00,248.00,575.00,248.00,575.00,315.00,543.00,315.00
542.00,248.00,574.00,248.00,574.00,315.00,542.00,315.00
540.00,248.00,571.00,248.00,571.00,314.00,540.00,314.00
539.00,248.00,570.00,248.00,570.00,314.00,539.00,314.00
538.00,248.00,569.00,248.00,569.00,313.00,538.00,313.00
536.00,248.00,567.00,248.00,567.00,314.00,536.00,314.00
534.00,249.00,565.00,249.00,565.00,315.00,534.00,315.00
533.00,248.00,564.00,248.00,564.00,314.00,533.00,314.00
533.00,249.00,565.00,249.00,565.00,316.00,533.00,316.00
534.00,250.00,565.00,250.00,565.00,316.00,534.00,316.00
532.00,248.00,563.00,248.00,563.00,316.00,532.00,316.00
532.00,249.00,563.00,249.00,563.00,316.00,532.00,316.00
530.00,249.00,562.00,249.00,562.00,316.00,530.00,316.00
531.00,248.00,563.00,248.00,563.00,315.00,531.00,315.00
530.00,247.00,562.00,247.00,562.00,315.00,530.00,315.00
530.00,246.00,562.00,246.00,562.00,313.00,530.00,313.00
529.00,246.00,561.00,246.00,561.00,314.00,529.00,314.00
528.00,247.00,560.00,247.00,560.00,314.00,528.00,314.00
527.00,246.00,558.00,246.00,558.00,312.00,527.00,312.00
527.00,247.00,558.00,247.00,558.00,313.00,527.00,313.00
526.00,246.00,557.00,246.00,557.00,311.00,526.00,311.00
526.00,244.00,557.00,244.00,557.00,310.00,526.00,310.00
526.00,244.00,557.00,244.00,557.00,309.00,526.00,309.00
527.00,243.00,558.00,243.00,558.00,308.00,527.00,308.00
527.00,243.00,558.00,243.00,558.00,308.00,527.00,308.00
528.00,243.00,558.00,243.00,558.00,308.00,528.00,308.00
528.00,243.00,559.00,243.00,559.00,308.00,528.00,308.00
529.00,244.00,560.00,244.00,560.00,309.00,529.00,309.00
529.00,244.00,559.00,244.00,559.00,308.00,529.00,308.00
531.00,245.00,561.00,245.00,561.00,309.00,531.00,309.00
533.00,246.00,563.00,246.00,563.00,310.00,533.00,310.00
536.00,247.00,566.00,247.00,566.00,310.00,536.00,310.00
538.00,247.00,567.00,247.00,567.00,311.00,538.00,311.00
538.00,247.00,568.00,247.00,568.00,311.00,538.00,311.00
540.00,247.00,569.00,247.00,569.00,309.00,540.00,309.00
542.00,247.00,572.00,247.00,572.00,309.00,542.00,309.00
545.00,246.00,574.00,246.00,574.00,309.00,545.00,309.00
548.00,246.00,577.00,246.00,577.00,308.00,548.00,308.00
550.00,247.00,579.00,247.00,579.00,308.00,550.00,308.00
552.00,246.00,581.00,246.00,581.00,308.00,552.00,308.00
554.00,247.00,583.00,247.00,583.00,308.00,554.00,308.00
557.00,248.00,586.00,248.00,586.00,308.00,557.00,308.00
559.00,247.00,587.00,247.00,587.00,307.00,559.00,307.00
562.00,246.00,590.00,246.00,590.00,306.00,562.00,306.00
565.00,247.00,593.00,247.00,593.00,307.00,565.00,307.00
567.00,247.00,595.00,247.00,595.00,307.00,567.00,307.00
573.00,246.00,601.00,246.00,601.00,307.00,573.00,307.00
573.00,246.00,601.00,246.00,601.00,306.00,573.00,306.00
574.00,247.00,602.00,247.00,602.00,307.00,574.00,307.00
576.00,246.00,604.00,246.00,604.00,307.00,576.00,307.00
578.00,245.00,606.00,245.00,606.00,305.00,578.00,305.00
580.00,245.00,608.00,245.00,608.00,306.00,580.00,306.00
581.00,246.00,609.00,246.00,609.00,306.00,581.00,306.00
581.00,246.00,610.00,246.00,610.00,307.00,581.00,307.00
582.00,246.00,611.00,246.00,611.00,307.00,582.00,307.00
584.00,246.00,613.00,246.00,613.00,308.00,584.00,308.00
584.00,246.00,613.00,246.00,613.00,308.00,584.00,308.00
586.00,247.00,615.00,247.00,615.00,309.00,586.00,309.00
587.00,247.00,616.00,247.00,616.00,308.00,587.00,308.00
588.00,248.00,617.00,248.00,617.00,308.00,588.00,308.00
591.00,248.00,619.00,248.00,619.00,308.00,591.00,308.00
592.00,247.00,620.00,247.00,620.00,307.00,592.00,307.00
593.00,247.00,621.00,247.00,621.00,306.00,593.00,306.00
593.00,245.00,621.00,245.00,621.00,305.00,593.00,305.00
592.00,246.00,620.00,246.00,620.00,306.00,592.00,306.00
590.00,245.00,618.00,245.00,618.00,305.00,590.00,305.00
587.00,245.00,615.00,245.00,615.00,304.00,587.00,304.00
580.00,244.00,608.00,244.00,608.00,303.00,580.00,303.00
575.00,244.00,603.00,244.00,603.00,303.00,575.00,303.00
568.00,241.00,596.00,241.00,596.00,301.00,568.00,301.00
564.00,241.00,592.00,241.00,592.00,301.00,564.00,301.00
559.00,240.00,587.00,240.00,587.00,299.00,559.00,299.00
567.00,239.00,595.00,239.00,595.00,298.00,567.00,298.00
560.00,238.00,588.00,238.00,588.00,298.00,560.00,298.00
552.00,238.00,580.00,238.00,580.00,298.00,552.00,298.00
543.00,238.00,572.00,238.00,572.00,298.00,543.00,298.00
535.00,237.00,563.00,237.00,563.00,297.00,535.00,297.00
527.00,235.00,556.00,235.00,556.00,296.00,527.00,296.00
520.00,235.00,548.00,235.00,548.00,296.00,520.00,296.00
513.00,235.00,542.00,235.00,542.00,296.00,513.00,296.00
504.00,234.00,533.00,234.00,533.00,296.00,504.00,296.00
495.00,234.00,524.00,234.00,524.00,296.00,495.00,296.00
486.00,235.00,515.00,235.00,515.00,297.00,486.00,297.00
475.00,236.00,504.00,236.00,504.00,298.00,475.00,298.00
462.00,240.00,491.00,240.00,491.00,302.00,462.00,302.00
453.00,243.00,482.00,243.00,482.00,305.00,453.00,305.00
439.00,244.00,468.00,244.00,468.00,305.00,439.00,305.00
423.00,246.00,452.00,246.00,452.00,307.00,423.00,307.00
414.00,245.00,442.00,245.00,442.00,306.00,414.00,306.00
400.00,245.00,429.00,245.00,429.00,307.00,400.00,307.00
385.00,245.00,415.00,245.00,415.00,307.00,385.00,307.00
370.00,247.00,399.00,247.00,399.00,309.00,370.00,309.00
351.00,247.00,380.00,247.00,380.00,310.00,351.00,310.00
331.00,249.00,361.00,249.00,361.00,312.00,331.00,312.00
311.00,250.00,340.00,250.00,340.00,313.00,311.00,313.00
289.00,251.00,318.00,251.00,318.00,314.00,289.00,314.00
269.00,251.00,299.00,251.00,299.00,315.00,269.00,315.00
252.00,252.00,282.00,252.00,282.00,316.00,252.00,316.00
232.00,253.00,262.00,253.00,262.00,316.00,232.00,316.00
214.00,254.00,244.00,254.00,244.00,318.00,214.00,318.00
194.00,255.00,224.00,255.00,224.00,318.00,194.00,318.00
176.00,255.00,206.00,255.00,206.00,318.00,176.00,318.00
161.00,255.00,191.00,255.00,191.00,319.00,161.00,319.00
150.00,255.00,180.00,255.00,180.00,319.00,150.00,319.00
136.00,256.00,166.00,256.00,166.00,321.00,136.00,321.00
124.00,258.00,154.00,258.00,154.00,323.00,124.00,323.00
108.00,259.00,139.00,259.00,139.00,324.00,108.00,324.00
96.00,260.00,127.00,260.00,127.00,325.00,96.00,325.00
89.00,260.00,120.00,260.00,120.00,325.00,89.00,325.00
85.00,261.00,116.00,261.00,116.00,326.00,85.00,326.00
84.00,262.00,115.00,262.00,115.00,328.00,84.00,328.00
84.00,262.00,115.00,262.00,115.00,328.00,84.00,328.00
85.00,263.00,116.00,263.00,116.00,329.00,85.00,329.00
86.00,263.00,118.00,263.00,118.00,331.00,86.00,331.00
91.00,264.00,123.00,264.00,123.00,332.00,91.00,332.00
93.00,264.00,126.00,264.00,126.00,332.00,93.00,332.00
98.00,266.00,131.00,266.00,131.00,335.00,98.00,335.00
101.00,269.00,134.00,269.00,134.00,338.00,101.00,338.00
102.00,271.00,135.00,271.00,135.00,341.00,102.00,341.00
101.00,272.00,133.00,272.00,133.00,341.00,101.00,341.00
99.00,271.00,132.00,271.00,132.00,341.00,99.00,341.00
99.00,272.00,132.00,272.00,132.00,342.00,99.00,342.00
99.00,270.00,133.00,270.00,133.00,342.00,99.00,342.00
101.00,271.00,135.00,271.00,135.00,343.00,101.00,343.00
103.00,272.00,137.00,272.00,137.00,344.00,103.00,344.00
106.00,273.00,140.00,273.00,140.00,346.00,106.00,346.00
110.00,274.00,144.00,274.00,144.00,348.00,110.00,348.00
115.00,275.00,150.00,275.00,150.00,349.00,115.00,349.00
121.00,274.00,155.00,274.00,155.00,348.00,121.00,348.00
127.00,273.00,162.00,273.00,162.00,347.00,127.00,347.00
137.00,271.00,172.00,271.00,172.00,344.00,137.00,344.00
146.00,270.00,180.00,270.00,180.00,343.00,146.00,343.00
156.00,269.00,190.00,269.00,190.00,342.00,156.00,342.00
167.00,268.00,201.00,268.00,201.00,341.00,167.00,341.00
177.00,267.00,212.00,267.00,212.00,340.00,177.00,340.00
186.00,266.00,220.00,266.00,220.00,339.00,186.00,339.00
194.00,266.00,228.00,266.00,228.00,339.00,194.00,339.00
201.00,267.00,236.00,267.00,236.00,341.00,201.00,341.00
207.00,268.00,242.00,268.00,242.00,341.00,207.00,341.00
214.00,270.00,249.00,270.00,249.00,343.00,214.00,343.00
221.00,270.00,255.00,270.00,255.00,343.00,221.00,343.00
229.00,270.00,263.00,270.00,263.00,343.00,229.00,343.00
236.00,271.00,270.00,271.00,270.00,343.00,236.00,343.00
244.00,272.00,278.00,272.00,278.00,345.00,244.00,345.00
250.00,271.00,284.00,271.00,284.00,344.00,250.00,344.00
256.00,269.00,291.00,269.00,291.00,342.00,256.00,342.00
263.00,267.00,297.00,267.00,297.00,340.00,263.00,340.00
269.00,265.00,303.00,265.00,303.00,338.00,269.00,338.00
277.00,265.00,311.00,265.00,311.00,338.00,277.00,338.00
284.00,265.00,319.00,265.00,319.00,339.00,284.00,339.00
292.00,267.00,327.00,267.00,327.00,341.00,292.00,341.00
299.00,267.00,334.00,267.00,334.00,341.00,299.00,341.00
306.00,265.00,342.00,265.00,342.00,340.00,306.00,340.00
314.00,265.00,349.00,265.00,349.00,339.00,314.00,339.00
322.00,264.00,357.00,264.00,357.00,338.00,322.00,338.00
331.00,263.00,366.00,263.00,366.00,338.00,331.00,338.00
337.00,262.00,372.00,262.00,372.00,336.00,337.00,336.00
344.00,260.00,379.00,260.00,379.00,335.00,344.00,335.00
351.00,259.00,386.00,259.00,386.00,333.00,351.00,333.00
358.00,259.00,392.00,259.00,392.00,333.00,358.00,333.00
366.00,259.00,400.00,259.00,400.00,332.00,366.00,332.00
373.00,259.00,407.00,259.00,407.00,332.00,373.00,332.00
380.00,260.00,414.00,260.00,414.00,333.00,380.00,333.00
386.00,261.00,421.00,261.00,421.00,334.00,386.00,334.00
392.00,260.00,427.00,260.00,427.00,333.00,392.00,333.00
399.00,261.00,434.00,261.00,434.00,334.00,399.00,334.00
407.00,260.00,441.00,260.00,441.00,333.00,407.00,333.00
417.00,261.00,451.00,261.00,451.00,333.00,417.00,333.00
425.00,260.00,459.00,260.00,459.00,332.00,425.00,332.00
434.00,259.00,468.00,259.00,468.00,332.00,434.00,332.00
441.00,259.00,475.00,259.00,475.00,331.00,441.00,331.00
448.00,258.00,482.00,258.00,482.00,331.00,448.00,331.00
454.00,259.00,488.00,259.00,488.00,332.00,454.00,332.00
462.00,260.00,496.00,260.00,496.00,334.00,462.00,334.00
469.00,261.00,504.00,261.00,504.00,336.00,469.00,336.00
475.00,263.00,511.00,263.00,511.00,338.00,475.00,338.00
479.00,264.00,515.00,264.00,515.00,339.00,479.00,339.00
484.00,265.00,519.00,265.00,519.00,340.00,484.00,340.00
487.00,266.00,522.00,266.00,522.00,341.00,487.00,341.00
490.00,266.00,526.00,266.00,526.00,341.00,490.00,341.00
492.00,264.00,528.00,264.00,528.00,340.00,492.00,340.00
494.00,261.00,530.00,261.00,530.00,336.00,494.00,336.00
492.00,259.00,528.00,259.00,528.00,334.00,492.00,334.00
490.00,259.00,525.00,259.00,525.00,333.00,490.00,333.00
490.00,260.00,525.00,260.00,525.00,334.00,490.00,334.00
487.00,262.00,522.00,262.00,522.00,336.00,487.00,336.00
486.00,262.00,521.00,262.00,521.00,335.00,486.00,335.00
487.00,262.00,521.00,262.00,521.00,335.00,487.00,335.00
490.00,264.00,524.00,264.00,524.00,336.00,490.00,336.00
493.00,266.00,527.00,266.00,527.00,338.00,493.00,338.00
493.00,266.00,527.00,266.00,527.00,338.00,493.00,338.00
493.00,266.00,527.00,266.00,527.00,338.00,493.00,338.00
489.00,265.00,523.00,265.00,523.00,337.00,489.00,337.00
479.00,263.00,512.00,263.00,512.00,334.00,479.00,334.00
464.00,262.00,497.00,262.00,497.00,333.00,464.00,333.00
448.00,261.00,481.00,261.00,481.00,332.00,448.00,332.00
432.00,260.00,465.00,260.00,465.00,331.00,432.00,331.00
417.00,259.00,451.00,259.00,451.00,331.00,417.00,331.00
412.00,259.00,445.00,259.00,445.00,330.00,412.00,330.00
398.00,259.00,432.00,259.00,432.00,330.00,398.00,330.00
386.00,260.00,419.00,260.00,419.00,331.00,386.00,331.00
369.00,263.00,402.00,263.00,402.00,334.00,369.00,334.00
353.00,264.00,387.00,264.00,387.00,335.00,353.00,335.00
341.00,265.00,374.00,265.00,374.00,335.00,341.00,335.00
329.00,265.00,362.00,265.00,362.00,335.00,329.00,335.00
318.00,267.00,351.00,267.00,351.00,336.00,318.00,336.00
308.00,268.00,340.00,268.00,340.00,337.00,308.00,337.00
299.00,269.00,331.00,269.00,331.00,337.00,299.00,337.00
292.00,270.00,323.00,270.00,323.00,337.00,292.00,337.00
288.00,271.00,319.00,271.00,319.00,338.00,288.00,338.00
285.00,273.00,317.00,273.00,317.00,341.00,285.00,341.00
279.00,275.00,311.00,275.00,311.00,342.00,279.00,342.00
273.00,277.00,304.00,277.00,304.00,344.00,273.00,344.00
268.00,280.00,299.00,280.00,299.00,348.00,268.00,348.00
261.00,282.00,293.00,282.00,293.00,350.00,261.00,350.00
253.00,285.00,285.00,285.00,285.00,353.00,253.00,353.00
243.00,288.00,275.00,288.00,275.00,356.00,243.00,356.00
233.00,293.00,265.00,293.00,265.00,361.00,233.00,361.00
222.00,295.00,254.00,295.00,254.00,361.00,222.00,361.00
213.00,296.00,244.00,296.00,244.00,362.00,213.00,362.00
202.00,298.00,232.00,298.00,232.00,363.00,202.00,363.00
191.00,298.00,221.00,298.00,221.00,364.00,191.00,364.00
179.00,300.00,210.00,300.00,210.00,365.00,179.00,365.00
170.00,299.00,201.00,299.00,201.00,365.00,170.00,365.00
165.00,298.00,197.00,298.00,197.00,364.00,165.00,364.00
165.00,297.00,197.00,297.00,197.00,364.00,165.00,364.00
168.00,297.00,200.00,297.00,200.00,365.00,168.00,365.00
176.00,300.00,208.00,300.00,208.00,368.00,176.00,368.00
182.00,301.00,214.00,301.00,214.00,369.00,182.00,369.00
164.00,320.00,196.00,320.00,196.00,389.00,164.00,389.00
169.00,323.00,201.00,323.00,201.00,391.00,169.00,391.00
2
0
0
0
0
1
229.00,309.00,261.00,309.00,261.00,344.00,229.00,344.00
231.00,312.00,266.00,312.00,266.00,350.00,231.00,350.00
225.00,325.00,259.00,325.00,259.00,362.00,225.00,362.00
234.00,315.00,267.00,315.00,267.00,351.00,234.00,351.00
245.00,302.00,278.00,302.00,278.00,338.00,245.00,338.00
245.00,299.00,280.00,299.00,280.00,336.00,245.00,336.00
251.00,298.00,284.00,298.00,284.00,334.00,251.00,334.00
256.00,296.00,289.00,296.00,289.00,331.00,256.00,331.00
262.00,295.00,294.00,295.00,294.00,330.00,262.00,330.00
266.00,294.00,298.00,294.00,298.00,329.00,266.00,329.00
274.00,299.00,305.00,299.00,305.00,333.00,274.00,333.00
279.00,300.00,310.00,300.00,310.00,334.00,279.00,334.00
285.00,299.00,316.00,299.00,316.00,333.00,285.00,333.00
291.00,298.00,322.00,298.00,322.00,331.00,291.00,331.00
297.00,298.00,328.00,298.00,328.00,331.00,297.00,331.00
302.00,297.00,331.00,297.00,331.00,329.00,302.00,329.00
307.00,297.00,337.00,297.00,337.00,330.00,307.00,330.00
311.00,295.00,341.00,295.00,341.00,328.00,311.00,328.00
318.00,296.00,347.00,296.00,347.00,328.00,318.00,328.00
323.00,293.00,353.00,293.00,353.00,325.00,323.00,325.00
334.00,295.00,364.00,295.00,364.00,327.00,334.00,327.00
341.00,295.00,371.00,295.00,371.00,327.00,341.00,327.00
348.00,297.00,377.00,297.00,377.00,329.00,348.00,329.00
350.00,293.00,380.00,293.00,380.00,325.00,350.00,325.00
357.00,300.00,386.00,300.00,386.00,332.00,357.00,332.00
358.00,299.00,387.00,299.00,387.00,331.00,358.00,331.00
362.00,304.00,390.00,304.00,390.00,335.00,362.00,335.00
349.00,318.00,378.00,318.00,378.00,350.00,349.00,350.00
351.00,317.00,380.00,317.00,380.00,349.00,351.00,349.00
355.00,297.00,383.00,297.00,383.00,328.00,355.00,328.00
368.00,299.00,397.00,299.00,397.00,330.00,368.00,330.00
364.00,309.00,393.00,309.00,393.00,341.00,364.00,341.00
366.00,303.00,395.00,303.00,395.00,334.00,366.00,334.00
369.00,299.00,398.00,299.00,398.00,330.00,369.00,330.00
375.00,296.00,403.00,296.00,403.00,327.00,375.00,327.00
384.00,292.00,413.00,292.00,413.00,324.00,384.00,324.00
389.00,292.00,418.00,292.00,418.00,324.00,389.00,324.00
391.00,292.00,420.00,292.00,420.00,324.00,391.00,324.00
393.00,292.00,421.00,292.00,421.00,323.00,393.00,323.00
391.00,292.00,420.00,292.00,420.00,323.00,391.00,323.00
402.00,291.00,431.00,291.00,431.00,322.00,402.00,322.00
386.00,283.00,415.00,283.00,415.00,314.00,386.00,314.00
388.00,284.00,416.00,284.00,416.00,315.00,388.00,315.00
388.00,283.00,416.00,283.00,416.00,314.00,388.00,314.00
388.00,283.00,417.00,283.00,417.00,314.00,388.00,314.00
388.00,282.00,417.00,282.00,417.00,314.00,388.00,314.00
389.00,282.00,418.00,282.00,418.00,313.00,389.00,313.00
389.00,281.00,418.00,281.00,418.00,313.00,389.00,313.00
390.00,281.00,418.00,281.00,418.00,313.00,390.00,313.00
389.00,282.00,418.00,282.00,418.00,314.00,389.00,314.00
389.00,282.00,418.00,282.00,418.00,314.00,389.00,314.00
393.00,280.00,423.00,280.00,423.00,313.00,393.00,313.00
390.00,291.00,420.00,291.00,420.00,323.00,390.00,323.00
390.00,294.00,420.00,294.00,420.00,327.00,390.00,327.00
390.00,295.00,420.00,295.00,420.00,328.00,390.00,328.00
382.00,295.00,413.00,295.00,413.00,328.00,382.00,328.00
383.00,296.00,413.00,296.00,413.00,329.00,383.00,329.00
381.00,294.00,411.00,294.00,411.00,327.00,381.00,327.00
379.00,294.00,410.00,294.00,410.00,327.00,379.00,327.00
360.00,292.00,391.00,292.00,391.00,326.00,360.00,326.00
359.00,295.00,390.00,295.00,390.00,328.00,359.00,328.00
356.00,294.00,387.00,294.00,387.00,328.00,356.00,328.00
360.00,296.00,391.00,296.00,391.00,330.00,360.00,330.00
357.00,296.00,388.00,296.00,388.00,330.00,357.00,330.00
354.00,298.00,385.00,298.00,385.00,332.00,354.00,332.00
349.00,297.00,381.00,297.00,381.00,332.00,349.00,332.00
346.00,297.00,378.00,297.00,378.00,332.00,346.00,332.00
342.00,295.00,374.00,295.00,374.00,329.00,342.00,329.00
331.00,291.00,363.00,291.00,363.00,326.00,331.00,326.00
323.00,295.00,355.00,295.00,355.00,330.00,323.00,330.00
308.00,295.00,340.00,295.00,340.00,330.00,308.00,330.00
302.00,293.00,334.00,293.00,334.00,328.00,302.00,328.00
290.00,293.00,322.00,293.00,322.00,328.00,290.00,328.00
277.00,294.00,310.00,294.00,310.00,329.00,277.00,329.00
263.00,295.00,296.00,295.00,296.00,331.00,263.00,331.00
252.00,296.00,285.00,296.00,285.00,332.00,252.00,332.00
240.00,296.00,273.00,296.00,273.00,332.00,240.00,332.00
233.00,298.00,265.00,298.00,265.00,334.00,233.00,334.00
227.00,300.00,260.00,300.00,260.00,335.00,227.00,335.00
220.00,295.00,252.00,295.00,252.00,330.00,220.00,330.00
211.00,293.00,243.00,293.00,243.00,328.00,211.00,328.00
203.00,291.00,235.00,291.00,235.00,327.00,203.00,327.00
194.00,291.00,226.00,291.00,226.00,326.00,194.00,326.00
184.00,292.00,216.00,292.00,216.00,327.00,184.00,327.00
174.00,292.00,206.00,292.00,206.00,327.00,174.00,327.00
168.00,295.00,200.00,295.00,200.00,330.00,168.00,330.00
161.00,296.00,193.00,296.00,193.00,331.00,161.00,331.00
157.00,297.00,188.00,297.00,188.00,331.00,157.00,331.00
154.00,297.00,186.00,297.00,186.00,332.00,154.00,332.00
153.00,295.00,184.00,295.00,184.00,330.00,153.00,330.00
150.00,293.00,182.00,293.00,182.00,328.00,150.00,328.00
150.00,296.00,182.00,296.00,182.00,331.00,150.00,331.00
149.00,295.00,180.00,295.00,180.00,330.00,149.00,330.00
150.00,296.00,182.00,296.00,182.00,331.00,150.00,331.00
151.00,297.00,183.00,297.00,183.00,332.00,151.00,332.00
151.00,296.00,183.00,296.00,183.00,331.00,151.00,331.00
151.00,296.00,184.00,296.00,184.00,331.00,151.00,331.00
151.00,295.00,183.00,295.00,183.00,330.00,151.00,330.00
149.00,293.00,181.00,293.00,181.00,328.00,149.00,328.00
134.00,295.00,165.00,295.00,165.00,329.00,134.00,329.00
133.00,295.00,165.00,295.00,165.00,330.00,133.00,330.00
133.00,296.00,165.00,296.00,165.00,330.00,133.00,330.00
138.00,327.00,169.00,327.00,169.00,362.00,138.00,362.00
136.00,327.00,167.00,327.00,167.00,361.00,136.00,361.00
134.00,330.00,166.00,330.00,166.00,364.00,134.00,364.00
130.00,329.00,161.00,329.00,161.00,364.00,130.00,364.00
129.00,329.00,160.00,329.00,160.00,363.00,129.00,363.00
129.00,329.00,160.00,329.00,160.00,363.00,129.00,363.00
133.00,329.00,164.00,329.00,164.00,363.00,133.00,363.00
138.00,330.00,169.00,330.00,169.00,364.00,138.00,364.00
142.00,330.00,172.00,330.00,172.00,364.00,142.00,364.00
144.00,329.00,175.00,329.00,175.00,362.00,144.00,362.00
147.00,328.00,178.00,328.00,178.00,362.00,147.00,362.00
146.00,327.00,177.00,327.00,177.00,361.00,146.00,361.00
144.00,327.00,174.00,327.00,174.00,360.00,144.00,360.00
140.00,327.00,170.00,327.00,170.00,360.00,140.00,360.00
