344.00 339.00 40.00 43.00
344.96 335.90 40.00 43.00
347.84 316.30 40.00 43.00
350.97 303.40 39.41 42.36
353.81 290.18 39.41 42.36
355.97 282.48 38.83 41.74
358.51 275.05 39.41 42.36
360.40 269.96 39.41 42.36
361.63 267.27 38.83 41.74
362.56 267.27 38.83 41.74
365.10 270.01 39.41 42.36
367.94 274.08 39.41 42.36
368.61 280.98 40.00 43.00
371.23 291.13 40.60 43.65
373.18 303.70 40.60 43.65
375.40 318.47 40.00 43.00
376.07 334.91 40.60 43.65
377.05 332.82 40.60 43.65
377.35 317.66 40.00 43.00
377.05 304.77 40.60 43.65
376.07 293.24 40.60 43.65
376.07 284.86 40.60 43.65
375.41 277.96 40.00 43.00
375.11 274.50 40.60 43.65
375.41 273.79 40.00 43.00
374.14 273.47 40.60 43.65
372.84 275.27 41.21 44.30
372.84 282.71 41.21 44.30
371.86 290.15 41.21 44.30
372.55 298.45 41.83 44.96
370.20 314.54 42.45 45.64
370.51 331.07 41.83 44.96
369.51 348.33 41.83 44.96
369.20 368.81 42.45 45.64
368.88 388.48 43.09 46.32
368.88 370.69 43.09 46.32
368.18 353.51 42.45 45.64
368.49 339.81 41.83 44.96
368.80 328.45 41.21 44.30
368.80 326.33 41.21 44.30
368.80 338.02 41.21 44.30
369.49 354.95 41.83 44.96
370.20 375.43 42.45 45.64
370.91 383.98 43.09 46.32
372.25 368.99 42.45 45.64
373.57 353.14 41.83 44.96
374.27 339.66 42.45 45.64
375.59 330.28 41.83 44.96
376.30 329.94 42.45 45.64
375.98 339.61 43.09 46.32
377.76 355.06 43.74 47.02
379.56 373.03 44.39 47.72
381.39 387.79 45.06 48.44
381.72 373.26 44.39 47.72
382.79 358.37 44.39 47.72
383.11 346.31 43.74 47.02
383.85 336.79 44.39 47.72
383.52 329.46 45.06 48.44
382.08 331.45 45.74 49.17
380.99 344.43 45.74 49.17
379.53 362.03 46.42 49.90
379.18 381.11 47.12 50.65
379.53 380.28 46.42 49.90
380.64 363.51 46.42 49.90
380.99 349.72 45.74 49.17
382.41 338.46 45.06 48.44
383.49 331.49 45.06 48.44
384.88 326.12 44.39 47.72
385.21 323.09 43.74 47.02
386.26 323.09 43.74 47.02
385.93 323.88 44.39 47.72
387.31 329.87 43.74 47.02
388.05 338.68 44.39 47.72
389.88 360.41 45.06 48.44
391.28 384.82 44.39 47.72
392.34 376.81 44.39 47.72
391.62 357.98 43.74 47.02
390.23 340.44 44.39 47.72
390.56 328.38 43.74 47.02
391.91 318.72 43.09 46.32
391.21 312.49 42.45 45.64
390.89 322.16 43.09 46.32
390.57 336.48 43.74 47.02
392.67 354.53 43.74 47.02
392.34 373.65 44.39 47.72
392.01 386.08 45.06 48.44
391.28 370.41 44.39 47.72
389.51 354.96 43.74 47.02
388.46 341.42 43.74 47.02
387.75 333.98 43.09 46.32
387.05 326.66 42.45 45.64
385.69 334.10 43.09 46.32
387.03 349.78 42.45 45.64
386.71 366.11 43.09 46.32
386.39 384.95 43.74 47.02
386.71 379.74 43.09 46.32
386.01 365.84 42.45 45.64
384.99 351.60 42.45 45.64
383.97 341.74 42.45 45.64
384.29 335.60 41.83 44.96
383.28 330.21 41.83 44.96
383.59 328.41 41.21 44.30
382.28 328.08 41.83 44.96
379.93 335.41 42.45 45.64
377.54 352.86 43.09 46.32
375.12 372.82 43.74 47.02
373.72 383.92 44.39 47.72
375.10 366.22 43.74 47.02
375.43 351.00 43.09 46.32
375.10 335.99 43.74 47.02
377.49 326.33 43.09 46.32
378.83 319.00 42.45 45.64
380.15 312.87 41.83 44.96
379.84 309.24 42.45 45.64
380.85 309.24 42.45 45.64
383.64 322.24 43.09 46.32
388.81 341.14 43.09 46.32
393.73 362.23 43.74 47.02
398.73 387.08 44.39 47.72
400.86 374.48 44.39 47.72
401.93 355.01 44.39 47.72
404.36 339.56 43.74 47.02
407.51 326.02 43.74 47.02
408.24 314.22 44.39 47.72
410.07 305.72 45.06 48.44
413.60 300.35 44.39 47.72
415.43 296.51 45.06 48.44
414.00 302.04 45.74 49.17
411.09 326.82 45.06 48.44
405.27 352.42 45.74 49.17
400.47 381.99 46.42 49.90
397.86 373.10 47.12 50.65
395.98 349.53 46.42 49.90
394.12 329.83 45.74 49.17
391.22 311.60 45.06 48.44
390.48 299.36 44.39 47.72
388.71 286.17 43.74 47.02
386.97 277.62 43.09 46.32
386.27 272.49 42.45 45.64
384.57 268.51 41.83 44.96
383.89 268.84 41.21 44.30
385.59 278.22 41.83 44.96
387.88 290.25 41.21 44.30
389.58 303.94 41.83 44.96
390.28 321.13 42.45 45.64
393.34 340.85 42.45 45.64
395.09 361.63 43.09 46.32
397.92 387.23 43.74 47.02
397.20 373.13 43.09 46.32
396.50 353.76 42.45 45.64
394.81 338.99 41.83 44.96
394.13 325.50 41.21 44.30
393.46 314.30 40.60 43.65
391.51 311.16 40.60 43.65
387.25 321.46 41.21 44.30
383.93 336.24 41.83 44.96
379.54 352.33 42.45 45.64
376.12 372.00 43.09 46.32
372.65 384.07 43.74 47.02
372.97 368.85 43.09 46.32
373.29 352.76 42.45 45.64
373.60 341.23 41.83 44.96
372.60 331.52 41.83 44.96
372.91 324.41 41.21 44.30
372.91 319.09 41.21 44.30
372.24 316.27 40.60 43.65
370.94 318.07 41.21 44.30
368.97 336.15 41.21 44.30
365.65 357.40 41.83 44.96
363.29 383.35 42.45 45.64
359.22 373.49 42.45 45.64
353.51 352.25 41.83 44.96
349.86 335.57 41.21 44.30
345.30 320.18 40.60 43.65
341.03 308.16 41.21 44.30
336.47 299.06 40.60 43.65
331.01 290.09 40.00 43.00
327.52 285.33 39.41 42.36
322.79 283.29 39.41 42.36
318.06 282.28 39.41 42.36
313.33 283.29 39.41 42.36
308.24 287.10 40.00 43.00
303.44 292.26 40.00 43.00
298.26 300.32 40.60 43.65
293.39 311.84 40.60 43.65
287.55 324.41 40.60 43.65
281.70 340.13 40.60 43.65
278.43 352.56 41.21 44.30
274.10 359.78 41.83 44.96
270.73 361.63 42.45 45.64
270.73 361.63 42.45 45.64
270.73 361.63 42.45 45.64
271.05 361.97 41.83 44.96
271.05 361.97 41.83 44.96
271.05 360.89 41.83 44.96
270.04 360.89 41.83 44.96
270.04 360.89 41.83 44.96
270.04 360.89 41.83 44.96
269.04 360.89 41.83 44.96
267.03 359.81 41.83 44.96
265.70 359.47 42.45 45.64
264.35 360.24 43.09 46.32
261.92 364.41 43.74 47.02
263.28 371.43 43.09 46.32
264.62 371.77 42.45 45.64
264.93 372.11 41.83 44.96
264.93 372.11 41.83 44.96
264.93 372.11 41.83 44.96
264.93 372.11 41.83 44.96
267.22 372.44 41.21 44.30
268.50 372.77 40.60 43.65
268.80 373.09 40.00 43.00
269.09 373.41 39.41 42.36
268.15 373.41 39.41 42.36
268.15 373.41 39.41 42.36
290.89 358.64 40.00 43.00
294.97 347.77 39.41 42.36
298.06 334.06 38.83 41.74
300.60 317.48 39.41 42.36
301.27 312.01 40.00 43.00
302.92 309.59 40.60 43.65
306.57 303.94 41.21 44.30
307.56 281.62 41.21 44.30
309.81 277.75 40.60 43.65
310.79 276.71 40.60 43.65
311.47 276.38 41.21 44.30
314.70 281.94 40.60 43.65
319.80 289.49 40.00 43.00
321.99 295.91 39.41 42.36
322.93 305.06 39.41 42.36
324.82 317.26 39.41 42.36
325.49 330.36 40.00 43.00
328.62 338.81 39.41 42.36
327.05 319.09 38.83 41.74
326.12 295.05 38.83 41.74
323.65 274.63 38.25 41.12
322.12 257.43 37.69 40.51
320.62 241.45 37.13 39.92
319.14 227.59 36.58 39.33
317.68 216.72 36.04 38.74
316.24 207.84 35.51 38.17
315.66 200.00 34.98 37.61
314.27 194.94 34.47 37.05
312.89 192.59 33.96 36.50
311.26 190.84 33.96 36.50
309.91 191.97 33.46 35.96
307.21 196.08 33.96 36.50
306.66 198.94 33.46 35.96
301.52 208.31 33.96 36.50
299.61 216.93 34.47 37.05
296.83 226.58 34.98 37.61
294.01 240.95 35.51 38.17
291.15 254.61 36.04 38.74
286.49 271.31 36.58 39.33
284.43 292.09 37.13 39.92
282.35 316.10 37.69 40.51
280.23 341.46 38.25 41.12
284.60 356.17 38.83 41.74
289.04 368.06 39.41 42.36
287.78 367.74 40.00 43.00
287.48 367.42 40.60 43.65
287.18 367.09 41.21 44.30
288.17 367.09 41.21 44.30
286.85 366.76 41.83 44.96
286.85 366.76 41.83 44.96
286.54 365.33 42.45 45.64
286.85 365.67 41.83 44.96
286.85 365.67 41.83 44.96
286.54 365.33 42.45 45.64
286.54 365.33 42.45 45.64
286.54 365.33 42.45 45.64
286.54 365.33 42.45 45.64
286.54 365.33 42.45 45.64
286.54 365.33 42.45 45.64
286.54 364.23 42.45 45.64
286.54 364.23 42.45 45.64
286.22 363.89 43.09 46.32
287.26 365.00 43.09 46.32
286.93 368.04 43.74 47.02
287.26 378.40 43.09 46.32
287.57 379.83 42.45 45.64
287.89 380.17 41.83 44.96
289.19 381.57 41.21 44.30
289.88 382.31 41.83 44.96
291.60 381.98 42.45 45.64
293.35 382.74 43.09 46.32
295.13 382.40 43.74 47.02
300.13 382.04 44.39 47.72
301.96 382.85 45.06 48.44
303.04 382.85 45.06 48.44
302.70 382.49 45.74 49.17
301.25 382.12 46.42 49.90
298.64 380.53 47.12 50.65
296.76 380.90 46.42 49.90
293.02 375.66 47.12 50.65
288.91 365.26 46.42 49.90
283.76 350.29 45.74 49.17
284.53 334.35 46.42 49.90
285.97 319.38 45.74 49.17
288.47 308.12 45.06 48.44
290.64 298.82 45.06 48.44
292.04 291.16 44.39 47.72
294.46 285.87 43.74 47.02
295.51 283.61 43.74 47.02
296.56 284.74 43.74 47.02
297.30 285.53 44.39 47.72
298.05 289.82 45.06 48.44
299.91 298.90 45.74 49.17
300.68 308.11 46.42 49.90
300.33 319.90 47.12 50.65
301.12 321.98 47.82 51.41
303.74 291.97 47.12 50.65
306.32 262.40 46.42 49.90
307.76 233.27 45.74 49.17
309.18 208.06 45.06 48.44
310.57 186.66 44.39 47.72
311.95 166.70 43.74 47.02
313.31 150.37 43.09 46.32
314.34 135.92 43.09 46.32
315.68 124.21 42.45 45.64
315.36 114.97 43.09 46.32
316.70 107.65 42.45 45.64
316.70 103.27 42.45 45.64
317.72 101.08 42.45 45.64
318.03 100.33 41.83 44.96
319.33 101.73 41.21 44.30
319.02 103.56 41.83 44.96
320.02 112.19 41.83 44.96
320.02 121.90 41.83 44.96
319.71 133.61 42.45 45.64
319.39 145.50 43.09 46.32
319.07 162.08 43.74 47.02
318.74 181.20 44.39 47.72
318.41 202.93 45.06 48.44
315.87 228.52 45.74 49.17
318.07 240.32 45.74 49.17
313.00 251.15 45.06 48.44
313.76 250.79 45.74 49.17
314.10 268.59 45.06 48.44
314.86 284.74 45.74 49.17
326.01 297.90 45.06 48.44
332.74 300.54 44.39 47.72
334.57 297.86 45.06 48.44
333.13 298.68 45.74 49.17
330.56 298.31 46.42 49.90
329.08 299.15 47.12 50.65
327.58 298.77 47.82 51.41
327.58 298.77 47.82 51.41
326.06 299.64 48.54 52.18
325.69 299.25 49.27 52.97
325.69 299.25 49.27 52.97
325.32 298.85 50.01 53.76
325.32 298.85 50.01 53.76
325.32 298.85 50.01 53.76
325.32 298.85 50.01 53.76
326.87 297.98 49.27 52.97
325.30 297.58 50.01 53.76
323.71 295.87 50.76 54.57
323.71 295.87 50.76 54.57
323.33 296.79 51.52 55.38
322.94 297.72 52.29 56.22
322.94 299.07 52.29 56.22
323.33 300.81 51.52 55.38
323.71 301.22 50.76 54.57
323.71 301.22 50.76 54.57
323.71 301.22 50.76 54.57
324.09 302.92 50.01 53.76
324.46 304.58 49.27 52.97
324.09 306.77 50.01 53.76
324.46 308.44 49.27 52.97
325.64 310.98 49.27 52.97
325.64 313.52 49.27 52.97
326.47 314.41 50.01 53.76
328.02 314.81 49.27 52.97
330.71 313.95 48.54 52.18
331.53 313.56 49.27 52.97
331.90 302.68 48.54 52.18
293.23 300.60 47.82 51.41
294.72 286.39 47.12 50.65
292.84 273.59 46.42 49.90
285.49 264.52 45.74 49.17
297.73 254.42 45.06 48.44
300.19 247.90 44.39 47.72
302.62 244.87 43.74 47.02
303.36 243.37 44.39 47.72
304.73 243.73 43.74 47.02
304.73 248.24 43.74 47.02
303.34 253.61 44.39 47.72
307.60 262.78 44.39 47.72
306.54 271.94 44.39 47.72
307.29 283.21 45.06 48.44
308.37 300.64 45.06 48.44
308.37 318.08 45.06 48.44
307.29 326.22 45.06 48.44
308.68 307.11 44.39 47.72
312.16 282.63 43.74 47.02
316.36 261.19 43.74 47.02
318.75 242.64 43.09 46.32
322.13 226.55 42.45 45.64
323.44 212.86 41.83 44.96
326.19 201.57 42.45 45.64
328.23 192.81 42.45 45.64
330.55 185.59 41.83 44.96
329.87 180.61 41.21 44.30
333.82 178.48 41.21 44.30
333.82 179.55 41.21 44.30
335.52 182.45 41.83 44.96
337.25 187.59 42.45 45.64
340.57 196.56 41.83 44.96
341.28 204.99 42.45 45.64
343.03 231.33 43.09 46.32
343.75 249.03 43.74 47.02
345.56 269.30 44.39 47.72
343.78 280.93 43.74 47.02
357.31 271.42 44.39 47.72
366.71 290.82 45.06 48.44
364.54 298.96 45.06 48.44
359.82 297.42 45.74 49.17
359.47 298.25 46.42 49.90
360.91 297.44 45.74 49.17
360.91 297.44 45.74 49.17
360.91 297.44 45.74 49.17
360.57 298.26 46.42 49.90
359.46 298.26 46.42 49.90
359.46 299.46 46.42 49.90
358.34 298.26 46.42 49.90
358.34 299.46 46.42 49.90
358.34 299.46 46.42 49.90
358.34 299.46 46.42 49.90
357.99 299.09 47.12 50.65
356.49 298.71 47.82 51.41
357.64 298.71 47.82 51.41
357.28 299.58 48.54 52.18
357.28 299.58 48.54 52.18
358.45 299.58 48.54 52.18
358.81 298.73 47.82 51.41
358.45 298.34 48.54 52.18
356.90 296.68 49.27 52.97
356.90 296.68 49.27 52.97
358.43 297.07 48.54 52.18
356.88 299.22 49.27 52.97
354.52 299.22 49.27 52.97
352.95 300.11 50.01 53.76
351.75 300.11 50.01 53.76
352.12 300.51 49.27 52.97
352.48 302.16 48.54 52.18
353.99 302.54 47.82 51.41
355.47 304.14 47.12 50.65
358.05 304.51 46.42 49.90
358.83 301.70 47.12 50.65
363.35 296.84 47.12 50.65
370.14 287.12 47.12 50.65
374.38 280.57 47.82 51.41
375.18 270.16 48.54 52.18
377.18 263.42 49.27 52.97
382.82 260.44 50.01 53.76
388.82 261.73 50.01 53.76
395.75 269.18 50.76 54.57
397.84 278.08 51.52 55.38
398.71 283.06 52.29 56.22
395.77 284.01 53.08 57.06
396.67 290.53 53.87 57.91
396.26 285.86 54.68 58.78
395.85 283.99 55.50 59.67
395.85 281.13 55.50 59.67
397.19 281.13 55.50 59.67
399.47 280.68 56.34 60.56
403.53 282.13 56.34 60.56
405.85 283.15 57.18 61.47
406.82 285.69 58.04 62.39
402.64 287.18 58.04 62.39
396.20 287.64 57.18 61.47
389.87 289.55 56.34 60.56
384.46 292.46 56.34 60.56
382.21 294.34 55.50 59.67
382.62 294.78 54.68 58.78
381.73 292.43 53.87 57.91
381.33 293.41 54.68 58.78
380.44 295.23 53.87 57.91
379.56 299.77 53.08 57.06
382.46 305.59 52.29 56.22
384.09 304.68 51.52 55.38
388.72 297.51 52.29 56.22
402.34 288.88 53.08 57.06
409.70 270.38 53.87 57.91
407.12 252.31 53.87 57.91
398.84 232.12 54.68 58.78
389.10 207.34 55.50 59.67
390.04 190.90 56.34 60.56
387.33 173.46 56.34 60.56
382.42 168.18 55.50 59.67
378.90 170.03 54.68 58.78
376.71 177.42 53.87 57.91
382.87 191.09 54.68 58.78
396.00 205.20 54.68 58.78
410.24 239.13 55.50 59.67
425.08 270.60 54.68 58.78
430.66 280.77 53.87 57.91
432.88 285.98 54.68 58.78
435.13 286.97 55.50 59.67
444.18 283.61 56.34 60.56
461.60 277.26 57.18 61.47
480.81 277.26 57.18 61.47
490.13 276.80 58.04 62.39
482.33 281.68 57.18 61.47
472.15 285.72 58.04 62.39
477.37 289.81 58.91 63.33
488.68 291.33 58.91 63.33
504.44 294.79 58.04 62.39
515.85 296.73 57.18 61.47
515.42 296.27 58.04 62.39
518.20 294.77 58.04 62.39
522.75 298.18 57.18 61.47
523.17 300.09 56.34 60.56
523.59 307.69 55.50 59.67
520.92 310.56 55.50 59.67
517.80 314.47 56.34 60.56
510.52 315.49 57.18 61.47
502.83 314.49 56.34 60.56
489.31 311.59 56.34 60.56
473.08 295.60 56.34 60.56
472.66 292.19 57.18 61.47
472.23 287.24 58.04 62.39
471.80 288.29 58.91 63.33
469.92 289.36 59.79 64.28
469.47 288.88 60.69 65.24
469.47 290.44 60.69 65.24
469.47 292.01 60.69 65.24
470.93 292.01 60.69 65.24
473.84 292.01 60.69 65.24
477.16 292.49 59.79 64.28
477.60 292.97 58.91 63.33
478.04 294.93 58.04 62.39
477.60 295.98 58.91 63.33
475.25 296.45 58.04 62.39
470.19 299.86 57.18 61.47
463.33 302.81 57.18 61.47
462.40 303.27 56.34 60.56
464.15 302.28 55.50 59.67
468.50 301.31 54.68 58.78
472.43 302.72 54.68 58.78
479.30 308.72 53.87 57.91
480.97 317.36 53.08 57.06
478.86 324.53 52.29 56.22
479.24 326.27 51.52 55.38
482.06 327.99 50.76 54.57
483.63 328.40 50.01 53.76
482.04 326.68 50.76 54.57
482.90 324.95 51.52 55.38
484.50 324.05 50.76 54.57
485.71 322.74 50.76 54.57
486.57 321.00 51.52 55.38
486.18 320.58 52.29 56.22
484.10 322.33 51.52 55.38
482.04 325.35 50.76 54.57
480.02 328.34 50.01 53.76
481.57 328.74 49.27 52.97
482.75 326.19 49.27 52.97
483.58 323.22 50.01 53.76
486.86 320.19 50.76 54.57
488.95 318.45 51.52 55.38
492.66 318.45 51.52 55.38
495.14 321.11 51.52 55.38
495.52 324.14 50.76 54.57
497.09 327.13 50.01 53.76
498.64 330.07 49.27 52.97
499.01 330.46 48.54 52.18
499.37 330.84 47.82 51.41
500.85 331.22 47.12 50.65
500.85 330.01 47.12 50.65
501.98 328.79 47.12 50.65
503.44 329.16 46.42 49.90
504.56 329.16 46.42 49.90
504.21 327.58 47.12 50.65
505.34 327.58 47.12 50.65
506.47 327.58 47.12 50.65
507.93 327.95 46.42 49.90
508.72 328.79 47.12 50.65
509.06 329.16 46.42 49.90
508.72 328.79 47.12 50.65
511.29 327.97 46.42 49.90
512.07 326.38 47.12 50.65
514.02 324.76 47.82 51.41
515.16 324.76 47.82 51.41
515.16 324.76 47.82 51.41
512.48 323.13 48.54 52.18
509.75 324.01 49.27 52.97
506.98 321.03 50.01 53.76
506.60 318.01 50.76 54.57
506.22 317.60 51.52 55.38
507.09 319.88 52.29 56.22
507.97 319.46 53.08 57.06
510.16 319.03 53.87 57.91
513.69 318.60 54.68 58.78
520.25 320.01 54.68 58.78
529.44 321.42 54.68 58.78
533.38 322.83 54.68 58.78
535.08 321.87 53.87 57.91
536.75 322.30 53.08 57.06
537.64 323.26 53.87 57.91
539.31 325.06 53.08 57.06
539.71 325.48 52.29 56.22
540.09 325.90 51.52 55.38
