471.00 230.00 28.00 88.00
468.06 229.34 28.42 89.32
465.58 230.00 28.00 88.00
463.80 232.73 27.59 86.70
464.01 233.37 27.18 85.42
462.28 236.02 26.78 84.16
462.48 238.63 26.38 82.91
461.00 238.01 26.78 84.16
460.14 237.38 27.18 85.42
459.06 235.99 26.78 84.16
458.86 235.36 27.18 85.42
457.99 236.80 27.59 86.70
458.20 237.44 27.18 85.42
457.75 238.07 26.78 84.16
456.69 240.69 26.38 82.91
455.63 241.30 25.99 81.69
455.82 241.90 25.61 80.48
454.80 242.50 25.23 79.29
454.39 241.21 24.86 78.12
453.60 242.52 25.23 79.29
451.18 242.52 25.23 79.29
450.57 242.52 25.23 79.29
450.76 243.11 24.86 78.12
448.76 242.52 25.23 79.29
446.56 241.24 24.86 78.12
445.57 243.66 24.49 76.96
443.43 246.05 24.13 75.83
441.90 244.82 23.77 74.71
442.07 245.37 23.42 73.60
442.47 246.61 23.77 74.71
442.64 245.39 23.42 73.60
442.47 246.64 23.77 74.71
443.21 245.42 23.42 73.60
443.21 247.19 23.42 73.60
443.21 247.19 23.42 73.60
442.82 245.99 23.07 72.51
444.09 251.67 22.73 71.44
444.47 252.87 23.07 72.51
444.86 254.10 23.42 73.60
444.68 251.75 23.77 74.71
444.50 251.19 24.13 75.83
444.68 249.96 23.77 74.71
444.30 252.28 23.42 73.60
444.47 251.08 23.07 72.51
445.42 252.30 23.42 73.60
445.04 254.59 23.07 72.51
445.04 254.59 23.07 72.51
444.12 255.12 22.73 71.44
443.21 257.34 22.40 70.39
441.26 261.19 22.06 69.35
442.17 260.67 22.40 70.39
442.33 252.87 22.06 69.35
442.33 252.87 22.06 69.35
442.86 249.54 22.06 69.35
435.17 260.84 22.40 70.39
433.22 259.70 22.06 69.35
433.59 257.49 22.40 70.39
430.70 258.68 22.73 71.44
430.70 256.96 22.73 71.44
428.86 259.91 23.07 72.51
426.10 261.65 23.07 72.51
427.05 259.34 23.42 73.60
428.01 255.20 23.77 74.71
428.19 252.22 23.42 73.60
428.36 252.76 23.07 72.51
420.32 261.05 23.42 73.60
423.00 260.50 23.77 74.71
421.08 259.94 24.13 75.83
420.12 260.50 23.77 74.71
419.17 262.82 23.42 73.60
419.34 263.36 23.07 72.51
418.42 263.90 22.73 71.44
417.70 263.36 23.07 72.51
418.65 257.52 23.42 73.60
419.04 255.17 23.77 74.71
418.87 252.79 24.13 75.83
418.87 252.79 24.13 75.83
418.29 252.79 24.13 75.83
417.71 252.79 24.13 75.83
416.35 254.07 24.49 76.96
414.79 254.64 24.13 75.83
413.26 255.20 23.77 74.71
413.44 255.75 23.42 73.60
411.95 256.30 23.07 72.51
410.48 256.83 22.73 71.44
409.21 258.04 23.07 72.51
408.47 257.49 23.42 73.60
408.29 256.94 23.77 74.71
408.12 256.38 24.13 75.83
407.94 255.81 24.49 76.96
408.12 256.38 24.13 75.83
407.54 258.20 24.13 75.83
407.72 258.76 23.77 74.71
407.72 260.55 23.77 74.71
407.72 260.55 23.77 74.71
408.29 260.55 23.77 74.71
409.43 260.55 23.77 74.71
411.29 259.34 23.42 73.60
412.25 258.79 23.77 74.71
413.97 258.79 23.77 74.71
413.97 258.79 23.77 74.71
414.95 258.23 24.13 75.83
416.53 257.66 24.49 76.96
418.88 257.66 24.49 76.96
420.64 257.66 24.49 76.96
422.99 257.66 24.49 76.96
422.99 257.66 24.49 76.96
425.34 257.66 24.49 76.96
427.55 257.08 24.86 78.12
429.78 256.50 25.23 79.29
432.05 255.90 25.61 80.48
433.89 255.90 25.61 80.48
433.89 255.90 25.61 80.48
435.74 257.83 25.61 80.48
437.58 257.83 25.61 80.48
439.43 257.83 25.61 80.48
441.10 257.23 25.99 81.69
442.53 257.83 25.61 80.48
442.53 257.83 25.61 80.48
444.20 257.23 25.99 81.69
444.64 256.62 26.38 82.91
445.91 256.62 26.38 82.91
446.35 255.99 26.78 84.16
447.19 256.62 26.38 82.91
447.19 256.62 26.38 82.91
447.63 255.99 26.78 84.16
447.43 255.36 27.18 85.42
448.08 255.36 27.18 85.42
448.08 255.36 27.18 85.42
448.08 255.36 27.18 85.42
448.08 255.36 27.18 85.42
448.54 254.72 27.59 86.70
449.00 254.07 28.00 88.00
448.79 253.41 28.42 89.32
449.48 253.41 28.42 89.32
450.84 253.41 28.42 89.32
450.84 253.41 28.42 89.32
451.32 252.74 28.85 90.66
452.70 252.74 28.85 90.66
453.40 252.74 28.85 90.66
454.78 252.74 28.85 90.66
455.27 252.06 29.28 92.02
455.05 251.37 29.72 93.40
457.19 251.37 29.72 93.40
459.33 251.37 29.72 93.40
460.55 248.40 30.16 94.80
462.53 247.69 30.62 96.22
464.93 248.40 30.16 94.80
464.93 248.40 30.16 94.80
466.58 249.10 29.72 93.40
468.53 248.40 30.16 94.80
470.70 248.40 30.16 94.80
472.68 247.69 30.62 96.22
473.19 246.96 31.08 97.67
473.19 246.96 31.08 97.67
473.94 246.96 31.08 97.67
474.69 246.96 31.08 97.67
476.18 246.96 31.08 97.67
476.92 246.96 31.08 97.67
476.92 246.96 31.08 97.67
477.45 246.23 31.54 99.13
479.17 246.96 31.08 97.67
480.45 246.23 31.54 99.13
481.75 245.49 32.01 100.62
482.29 244.73 32.50 102.13
482.29 244.73 32.50 102.13
483.85 244.73 32.50 102.13
485.19 243.97 32.98 103.66
486.77 243.97 32.98 103.66
488.36 243.97 32.98 103.66
489.94 243.97 32.98 103.66
489.94 243.97 32.98 103.66
491.52 243.97 32.98 103.66
494.11 244.73 32.50 102.13
495.67 244.73 32.50 102.13
498.98 245.49 32.01 100.62
501.08 244.73 32.50 102.13
501.08 244.73 32.50 102.13
503.42 244.73 32.50 102.13
505.76 242.28 32.50 102.13
508.10 242.28 32.50 102.13
509.88 243.04 32.01 100.62
512.18 243.04 32.01 100.62
512.18 243.04 32.01 100.62
513.17 241.40 31.54 99.13
514.15 242.13 31.08 97.67
515.12 242.86 30.62 96.22
516.07 243.57 30.16 94.80
517.00 244.27 29.72 93.40
517.00 244.27 29.72 93.40
517.00 244.27 29.72 93.40
517.93 242.75 29.28 92.02
518.14 243.43 28.85 90.66
518.36 244.10 28.42 89.32
518.36 244.10 28.42 89.32
518.36 244.10 28.42 89.32
518.36 244.10 28.42 89.32
518.36 244.10 28.42 89.32
518.36 244.10 28.42 89.32
518.36 244.10 28.42 89.32
517.67 244.10 28.42 89.32
517.46 243.43 28.85 90.66
517.46 243.43 28.85 90.66
516.54 244.96 29.28 92.02
515.61 244.27 29.72 93.40
513.94 243.57 30.16 94.80
512.24 245.16 30.62 96.22
511.27 244.44 31.08 97.67
511.03 243.71 31.54 99.13
508.49 245.38 32.01 100.62
506.69 247.08 32.50 102.13
505.13 247.08 32.50 102.13
503.07 247.83 32.01 100.62
500.76 247.83 32.01 100.62
500.76 247.83 32.01 100.62
499.23 247.83 32.01 100.62
497.19 248.58 31.54 99.13
494.65 247.83 32.01 100.62
492.85 247.08 32.50 102.13
491.81 246.31 32.98 103.66
490.23 246.31 32.98 103.66
488.65 246.31 32.98 103.66
487.07 246.31 32.98 103.66
486.27 246.31 32.98 103.66
484.96 247.08 32.50 102.13
485.20 247.83 32.01 100.62
484.43 247.83 32.01 100.62
483.91 248.58 31.54 99.13
483.15 248.58 31.54 99.13
482.39 248.58 31.54 99.13
480.88 248.58 31.54 99.13
480.88 248.58 31.54 99.13
480.12 248.58 31.54 99.13
478.87 249.31 31.08 97.67
477.12 248.58 31.54 99.13
476.61 249.31 31.08 97.67
474.86 248.58 31.54 99.13
474.86 248.58 31.54 99.13
473.85 247.83 32.01 100.62
472.58 248.58 31.54 99.13
471.57 247.83 32.01 100.62
470.03 247.83 32.01 100.62
468.76 248.58 31.54 99.13
468.99 249.31 31.08 97.67
467.50 249.31 31.08 97.67
466.01 249.31 31.08 97.67
464.77 250.03 30.62 96.22
463.55 253.02 30.16 94.80
462.10 253.02 30.16 94.80
462.10 253.02 30.16 94.80
460.65 253.02 30.16 94.80
460.16 253.72 29.72 93.40
459.21 255.29 30.16 94.80
458.49 255.29 30.16 94.80
457.76 253.02 30.16 94.80
457.76 253.02 30.16 94.80
457.76 253.02 30.16 94.80
456.80 252.31 30.62 96.22
456.57 251.58 31.08 97.67
457.10 250.85 31.54 99.13
458.61 250.85 31.54 99.13
458.61 250.85 31.54 99.13
459.37 250.85 31.54 99.13
460.88 250.85 31.54 99.13
461.64 250.85 31.54 99.13
463.15 250.85 31.54 99.13
464.67 248.47 31.54 99.13
464.67 248.47 31.54 99.13
465.65 249.20 31.08 97.67
466.93 250.85 31.54 99.13
468.23 250.11 32.01 100.62
469.55 249.35 32.50 102.13
470.89 251.08 32.98 103.66
470.89 251.08 32.98 103.66
471.68 251.08 32.98 103.66
473.48 251.84 32.50 102.13
474.49 250.18 32.01 100.62
474.73 250.92 31.54 99.13
475.48 250.92 31.54 99.13
475.48 250.92 31.54 99.13
475.48 250.92 31.54 99.13
475.25 252.60 32.01 100.62
474.48 252.60 32.01 100.62
473.96 253.34 31.54 99.13
473.45 256.42 31.08 97.67
472.21 254.83 30.62 96.22
472.21 254.83 30.62 96.22
470.26 255.54 30.16 94.80
468.81 257.81 30.16 94.80
467.12 257.10 30.62 96.22
464.65 256.38 31.08 97.67
464.14 257.10 30.62 96.22
464.14 257.10 30.62 96.22
462.42 256.38 31.08 97.67
461.68 256.38 31.08 97.67
461.91 257.10 30.62 96.22
462.13 260.09 30.16 94.80
463.07 260.79 29.72 93.40
463.29 261.48 29.28 92.02
463.51 262.16 28.85 90.66
463.72 264.97 28.42 89.32
463.93 265.63 28.00 88.00
464.14 266.28 27.59 86.70
464.99 268.97 27.18 85.42
465.19 269.61 26.78 84.16
465.39 270.23 26.38 82.91
465.58 270.84 25.99 81.69
466.39 273.38 25.61 80.48
467.19 273.97 25.23 79.29
467.37 274.56 24.86 78.12
467.56 275.13 24.49 76.96
468.32 277.52 24.13 75.83
467.92 278.08 23.77 74.71
468.10 278.63 23.42 73.60
467.72 279.18 23.07 72.51
466.80 281.43 22.73 71.44
466.80 281.43 22.73 71.44
465.35 281.96 22.40 70.39
464.99 284.14 22.06 69.35
465.15 286.29 21.74 68.32
465.83 286.80 21.42 67.31
465.67 286.29 21.74 68.32
465.50 285.78 22.06 69.35
466.03 285.78 22.06 69.35
466.20 286.29 21.74 68.32
466.03 285.78 22.06 69.35
466.03 285.78 22.06 69.35
466.56 285.78 22.06 69.35
466.56 285.78 22.06 69.35
466.56 285.78 22.06 69.35
467.09 285.78 22.06 69.35
467.62 285.78 22.06 69.35
468.15 285.78 22.06 69.35
468.68 285.78 22.06 69.35
468.68 285.78 22.06 69.35
469.21 285.78 22.06 69.35
469.74 285.78 22.06 69.35
470.95 286.29 21.74 68.32
471.31 285.78 22.06 69.35
471.31 285.78 22.06 69.35
472.52 286.29 21.74 68.32
473.42 285.78 22.06 69.35
474.47 285.78 22.06 69.35
475.00 285.78 22.06 69.35
476.06 285.78 22.06 69.35
476.06 285.78 22.06 69.35
477.12 285.78 22.06 69.35
478.33 286.29 21.74 68.32
479.52 286.80 21.42 67.31
480.69 287.30 21.10 66.32
481.34 287.79 20.79 65.34
481.50 288.27 20.48 64.37
482.62 290.27 20.18 63.42
483.24 290.73 19.88 62.48
483.72 290.73 19.88 62.48
484.20 292.23 19.88 62.48
485.29 292.70 19.59 61.56
485.29 292.70 19.59 61.56
486.23 294.17 19.59 61.56
487.30 294.63 19.30 60.65
488.09 294.17 19.59 61.56
488.90 293.71 19.88 62.48
490.69 293.24 20.18 63.42
491.17 293.24 20.18 63.42
492.99 294.31 20.48 64.37
495.33 293.83 20.79 65.34
497.20 293.34 21.10 66.32
499.61 292.84 21.42 67.31
501.54 293.98 21.74 68.32
502.06 293.98 21.74 68.32
504.01 295.13 22.06 69.35
506.53 296.30 22.40 70.39
509.09 297.48 22.73 71.44
511.14 300.43 23.07 72.51
513.21 301.65 23.42 73.60
515.46 303.42 23.42 73.60
515.46 303.42 23.42 73.60
517.85 303.96 23.07 72.51
520.07 305.70 23.07 72.51
522.42 306.24 22.73 71.44
524.60 306.24 22.73 71.44
524.60 306.24 22.73 71.44
526.78 307.95 22.73 71.44
528.83 307.42 23.07 72.51
530.90 308.64 23.42 73.60
533.01 309.88 23.77 74.71
534.57 312.96 24.13 75.83
534.39 312.39 24.49 76.96
536.59 315.56 24.86 78.12
538.22 316.88 25.23 79.29
539.87 320.15 25.61 80.48
541.55 323.47 25.99 81.69
543.26 324.84 26.38 82.91
543.06 326.24 26.78 84.16
545.47 327.66 27.18 85.42
547.25 329.10 27.59 86.70
549.73 330.56 28.00 88.00
551.57 332.05 28.42 89.32
554.12 333.55 28.85 90.66
553.91 332.87 29.28 92.02
556.54 334.42 29.72 93.40
558.49 336.00 30.16 94.80
561.38 338.27 30.16 94.80
564.28 338.27 30.16 94.80
567.90 340.55 30.16 94.80
567.90 340.55 30.16 94.80
571.52 342.82 30.16 94.80
576.02 343.52 29.72 93.40
581.02 345.77 29.72 93.40
586.72 348.01 29.72 93.40
593.97 348.70 29.28 92.02
594.18 349.38 28.85 90.66
601.11 351.55 28.85 90.66
608.62 353.08 29.28 92.02
618.39 354.63 29.72 93.40
628.30 353.93 30.16 94.80
639.16 356.21 30.16 94.80
639.67 355.50 30.62 96.22
644.96 374.41 30.16 94.80
648.75 375.11 29.72 93.40
649.46 370.63 29.72 93.40
650.18 368.39 29.72 93.40
650.18 366.14 29.72 93.40
650.18 363.90 29.72 93.40
650.18 366.14 29.72 93.40
650.18 370.63 29.72 93.40
650.18 370.63 29.72 93.40
628.23 463.21 30.16 94.80
615.52 423.24 30.62 96.22
615.02 423.95 30.16 94.80
617.38 424.65 29.72 93.40
610.57 451.84 29.28 92.02
617.02 448.17 28.85 90.66
623.83 443.08 29.28 92.02
617.12 424.17 28.85 90.66
616.66 424.84 28.42 89.32
619.55 421.28 28.00 88.00
614.57 418.48 28.42 89.32
610.75 414.91 28.00 88.00
613.27 412.11 28.42 89.32
615.49 408.54 28.00 88.00
