198.00 214.00 34.00 81.00
196.37 214.00 34.00 81.00
194.74 215.94 34.00 81.00
193.38 216.54 33.50 79.80
191.77 218.46 33.50 79.80
189.64 220.93 33.00 78.62
188.33 225.23 32.51 77.46
187.03 229.47 32.03 76.32
187.27 233.64 31.56 75.19
188.99 234.20 31.09 74.08
190.27 231.84 31.56 75.19
192.34 231.27 32.03 76.32
195.22 228.84 32.51 77.46
197.36 228.26 33.00 78.62
199.52 227.67 33.50 79.80
204.98 225.13 34.00 81.00
215.68 208.49 33.50 79.80
218.70 205.95 34.00 81.00
210.99 205.34 34.51 82.22
211.82 203.37 34.51 82.22
213.24 200.75 35.03 83.45
211.27 220.45 35.55 84.70
213.60 219.81 36.09 85.97
216.85 223.36 36.63 87.26
219.48 227.55 36.63 87.26
223.22 230.25 36.09 85.97
226.90 232.92 35.55 84.70
229.23 234.35 36.09 85.97
234.62 232.95 35.55 84.70
239.92 233.58 35.03 83.45
243.28 231.58 35.03 83.45
247.29 228.92 35.55 84.70
252.22 228.28 36.09 85.97
257.22 225.54 36.63 87.26
260.52 222.76 37.18 88.57
264.77 222.10 37.73 89.90
269.51 222.76 37.18 88.57
273.97 222.76 37.18 88.57
277.76 225.51 36.63 87.26
281.49 228.22 36.09 85.97
285.17 230.89 35.55 84.70
288.80 233.52 35.03 83.45
291.32 235.52 35.03 83.45
293.24 236.14 34.51 82.22
294.31 234.80 34.00 81.00
293.75 233.48 33.50 79.80
293.50 230.94 34.00 81.00
292.42 230.33 34.51 82.22
291.32 229.72 35.03 83.45
290.20 227.06 35.55 84.70
288.20 226.42 36.09 85.97
286.18 225.78 36.63 87.26
285.01 223.00 37.18 88.57
282.01 224.49 37.73 89.90
280.81 221.63 38.30 91.25
279.28 222.30 37.73 89.90
283.81 217.99 37.73 89.90
283.53 217.31 38.30 91.25
282.31 218.85 38.88 92.61
281.37 221.07 38.88 92.61
279.19 222.63 39.46 94.00
276.97 224.22 40.05 95.41
273.13 224.22 40.05 95.41
268.32 224.22 40.05 95.41
262.55 224.22 40.05 95.41
256.79 224.22 40.05 95.41
253.90 224.22 40.05 95.41
250.06 226.51 40.05 95.41
244.67 227.21 39.46 94.00
238.04 224.96 39.46 94.00
231.98 226.54 40.05 95.41
225.82 225.83 40.65 96.85
219.40 224.25 40.05 95.41
211.17 222.70 39.46 94.00
203.18 219.71 40.05 95.41
196.46 219.71 40.05 95.41
190.30 221.32 40.65 96.85
184.83 224.32 40.05 95.41
179.07 226.61 40.05 95.41
172.73 229.57 39.46 94.00
168.00 229.57 39.46 94.00
162.32 229.57 39.46 94.00
157.22 226.58 40.05 95.41
153.37 222.00 40.05 95.41
146.64 217.42 40.05 95.41
141.26 215.87 39.46 94.00
137.82 216.56 38.88 92.61
136.26 219.44 38.30 91.25
133.83 222.27 37.73 89.90
129.65 222.93 37.18 88.57
126.41 225.68 36.63 87.26
123.45 222.90 37.18 88.57
123.18 220.08 37.73 89.90
120.14 215.02 38.30 91.25
117.05 207.67 38.88 92.61
116.12 205.45 38.88 92.61
115.82 204.75 39.46 94.00
115.82 204.75 39.46 94.00
116.12 207.67 38.88 92.61
117.32 210.55 38.30 91.25
119.42 209.06 37.73 89.90
119.70 209.73 37.18 88.57
120.85 208.29 36.63 87.26
121.47 205.51 37.18 88.57
123.91 200.53 37.73 89.90
125.08 196.94 37.18 88.57
127.99 197.59 36.63 87.26
130.63 197.59 36.63 87.26
135.23 200.30 36.09 85.97
138.91 202.97 35.55 84.70
141.69 203.60 35.03 83.45
146.92 204.21 34.51 82.22
151.06 204.21 34.51 82.22
153.32 195.59 35.03 83.45
155.62 190.89 35.55 84.70
157.95 186.13 36.09 85.97
162.49 184.73 35.55 84.70
166.55 184.10 36.09 85.97
170.01 184.10 36.09 85.97
173.48 186.16 36.09 85.97
177.16 188.83 35.55 84.70
181.62 189.46 35.03 83.45
185.19 188.10 34.51 82.22
187.46 185.48 35.03 83.45
189.76 182.82 35.55 84.70
192.32 178.76 35.55 84.70
193.78 176.06 36.09 85.97
197.03 175.41 36.63 87.26
199.90 176.06 36.09 85.97
202.72 178.73 35.55 84.70
205.51 179.35 35.03 83.45
208.25 179.97 34.51 82.22
210.51 179.35 35.03 83.45
211.96 176.69 35.55 84.70
213.90 173.31 35.03 83.45
215.58 169.31 35.03 83.45
216.67 167.95 34.51 82.22
218.33 165.98 34.51 82.22
219.40 166.59 34.00 81.00
219.97 165.98 34.51 82.22
221.04 166.59 34.00 81.00
221.61 167.95 34.51 82.22
223.04 167.34 35.03 83.45
224.12 165.98 34.51 82.22
225.55 165.36 35.03 83.45
226.39 161.36 35.03 83.45
227.83 158.70 35.55 84.70
228.93 159.32 35.03 83.45
231.68 159.94 34.51 82.22
233.56 160.55 34.00 81.00
235.79 161.91 34.51 82.22
238.28 163.89 34.51 82.22
240.76 165.86 34.51 82.22
243.25 165.86 34.51 82.22
244.90 163.89 34.51 82.22
246.56 161.91 34.51 82.22
249.26 160.58 34.00 81.00
250.67 158.00 34.51 82.22
252.09 157.38 35.03 83.45
253.77 157.38 35.03 83.45
255.45 157.38 35.03 83.45
256.04 156.75 35.55 84.70
257.99 157.38 35.03 83.45
259.90 156.02 34.51 82.22
262.60 156.63 34.00 81.00
264.83 154.05 34.51 82.22
266.72 152.71 34.00 81.00
270.19 151.40 33.50 79.80
272.81 153.87 33.00 78.62
275.40 154.45 32.51 77.46
277.74 156.31 32.51 77.46
280.66 155.73 33.00 78.62
282.25 157.62 33.00 78.62
283.61 155.11 33.50 79.80
284.17 154.52 34.00 81.00
285.23 153.20 33.50 79.80
285.47 153.79 33.00 78.62
285.23 151.28 33.50 79.80
284.68 151.87 33.00 78.62
283.63 151.28 33.50 79.80
282.83 151.28 33.50 79.80
282.28 151.87 33.00 78.62
282.28 151.87 33.00 78.62
282.28 149.99 33.00 78.62
281.75 150.57 32.51 77.46
281.50 148.10 33.00 78.62
281.75 148.68 32.51 77.46
281.99 149.25 32.03 76.32
281.99 149.25 32.03 76.32
282.22 151.62 31.56 75.19
282.22 155.23 31.56 75.19
282.22 157.04 31.56 75.19
286.93 161.15 31.09 74.08
287.90 163.45 30.63 72.98
287.90 165.20 30.63 72.98
286.43 165.20 30.63 72.98
285.69 165.20 30.63 72.98
284.22 165.20 30.63 72.98
283.99 164.65 31.09 74.08
284.22 166.95 30.63 72.98
285.90 164.04 30.18 71.90
286.62 162.31 30.18 71.90
287.13 160.02 30.63 72.98
287.65 159.47 31.09 74.08
287.41 158.92 31.56 75.19
287.95 160.18 32.03 76.32
288.49 161.47 32.51 77.46
289.03 162.78 33.00 78.62
288.79 164.10 33.50 79.80
288.54 163.50 34.00 81.00
287.45 164.87 34.51 82.22
286.07 165.48 34.00 81.00
285.52 167.99 33.50 79.80
284.72 167.99 33.50 79.80
283.91 167.99 33.50 79.80
283.11 167.99 33.50 79.80
282.04 165.45 34.00 81.00
281.79 162.87 34.51 82.22
281.79 162.87 34.51 82.22
280.96 164.84 34.51 82.22
280.96 166.81 34.51 82.22
280.13 168.79 34.51 82.22
278.75 173.28 34.00 81.00
278.20 175.80 33.50 79.80
277.66 178.27 33.00 78.62
276.34 180.71 32.51 77.46
275.04 183.12 32.03 76.32
273.76 183.68 31.56 75.19
272.25 185.49 31.56 75.19
270.74 185.49 31.56 75.19
268.73 184.26 31.09 74.08
266.02 183.06 30.63 72.98
264.07 181.87 30.18 71.90
261.64 181.33 30.63 72.98
259.17 180.79 31.09 74.08
256.67 182.04 31.56 75.19
255.15 183.84 31.56 75.19
253.38 185.11 32.03 76.32
251.34 189.28 31.56 75.19
249.57 190.55 32.03 76.32
246.98 191.83 32.51 77.46
245.16 193.14 33.00 78.62
242.50 192.55 33.50 79.80
239.80 191.95 34.00 81.00
237.06 193.32 34.51 82.22
234.28 192.70 35.03 83.45
231.46 194.11 35.55 84.70
228.59 191.41 36.09 85.97
226.56 190.77 36.63 87.26
223.61 185.86 37.18 88.57
221.83 183.73 37.18 88.57
219.74 183.07 37.73 89.90
217.61 182.40 38.30 91.25
216.39 181.71 38.88 92.61
215.16 183.27 39.46 94.00
213.90 184.86 40.05 95.41
213.60 184.14 40.65 96.85
212.30 183.42 41.26 98.30
208.98 185.07 41.88 99.77
205.96 185.07 41.88 99.77
203.61 184.32 42.51 101.27
201.22 183.57 43.15 102.79
199.50 184.32 42.51 101.27
197.80 185.07 41.88 99.77
196.47 184.32 42.51 101.27
195.78 185.07 41.88 99.77
194.44 184.32 42.51 101.27
193.09 181.10 43.15 102.79
192.76 177.82 43.79 104.33
191.71 177.82 43.79 104.33
191.71 177.82 43.79 104.33
192.04 178.59 43.15 102.79
192.35 179.35 42.51 101.27
191.66 182.50 41.88 99.77
191.66 184.89 41.88 99.77
190.98 187.99 41.26 98.30
190.67 187.25 41.88 99.77
189.34 184.07 42.51 101.27
189.02 183.31 43.15 102.79
189.34 181.64 42.51 101.27
189.65 179.99 41.88 99.77
189.65 179.99 41.88 99.77
188.32 179.25 42.51 101.27
188.00 178.49 43.15 102.79
187.68 177.72 43.79 104.33
186.96 180.95 43.15 102.79
186.96 183.42 43.15 102.79
187.28 184.18 42.51 101.27
188.60 182.53 41.88 99.77
189.31 181.79 42.51 101.27
190.03 178.56 43.15 102.79
189.70 177.79 43.79 104.33
189.37 177.01 44.45 105.89
189.37 177.01 44.45 105.89
188.31 179.55 44.45 105.89
188.31 182.09 44.45 105.89
186.89 183.87 45.12 107.48
185.45 183.07 45.79 109.10
183.25 185.69 45.79 109.10
181.80 184.87 46.48 110.73
179.94 188.30 45.79 109.10
177.37 187.49 46.48 110.73
174.41 190.92 45.79 109.10
172.21 190.92 45.79 109.10
168.22 194.31 45.12 107.48
166.42 195.10 44.45 105.89
163.60 198.39 43.79 104.33
161.85 199.16 43.15 102.79
159.78 199.16 43.15 102.79
157.04 199.92 42.51 101.27
155.00 199.92 42.51 101.27
152.30 203.06 41.88 99.77
150.62 203.80 41.26 98.30
148.98 206.85 40.65 96.85
147.36 207.57 40.05 95.41
144.81 210.53 39.46 94.00
142.92 210.53 39.46 94.00
141.97 210.53 39.46 94.00
139.75 212.11 40.05 95.41
138.48 211.40 40.65 96.85
137.18 210.67 41.26 98.30
134.86 209.93 41.88 99.77
133.53 209.18 42.51 101.27
132.17 208.43 43.15 102.79
130.80 207.65 43.79 104.33
130.47 206.87 44.45 105.89
130.14 206.08 45.12 107.48
130.14 206.08 45.12 107.48
129.40 204.33 44.45 105.89
130.47 204.33 44.45 105.89
130.47 206.87 44.45 105.89
131.85 207.65 43.79 104.33
132.17 208.43 43.15 102.79
133.51 209.18 42.51 101.27
134.53 211.62 42.51 101.27
135.55 211.62 42.51 101.27
136.57 211.62 42.51 101.27
137.59 211.62 42.51 101.27
138.61 211.62 42.51 101.27
139.63 211.62 42.51 101.27
140.65 214.05 42.51 101.27
141.67 214.05 42.51 101.27
142.99 214.79 41.88 99.77
142.99 214.79 41.88 99.77
144.00 214.79 41.88 99.77
144.00 214.79 41.88 99.77
144.31 215.53 41.26 98.30
144.31 215.53 41.26 98.30
144.00 217.19 41.88 99.77
144.00 217.19 41.88 99.77
144.00 217.19 41.88 99.77
143.32 217.93 41.26 98.30
143.32 217.93 41.26 98.30
142.33 217.93 41.26 98.30
141.66 218.65 40.65 96.85
140.68 218.65 40.65 96.85
139.70 218.65 40.65 96.85
140.00 219.37 40.05 95.41
139.70 218.65 40.65 96.85
139.04 219.37 40.05 95.41
139.04 219.37 40.05 95.41
139.04 219.37 40.05 95.41
139.04 219.37 40.05 95.41
140.00 219.37 40.05 95.41
140.00 219.37 40.05 95.41
140.00 219.37 40.05 95.41
141.25 220.07 39.46 94.00
140.95 221.66 40.05 95.41
141.91 221.66 40.05 95.41
142.21 222.36 39.46 94.00
143.16 222.36 39.46 94.00
144.10 222.36 39.46 94.00
144.77 221.66 40.05 95.41
144.77 221.66 40.05 95.41
145.44 223.27 40.65 96.85
146.70 223.98 40.05 95.41
146.70 223.98 40.05 95.41
147.95 224.69 39.46 94.00
148.89 224.69 39.46 94.00
148.89 224.69 39.46 94.00
149.56 223.98 40.05 95.41
149.56 226.27 40.05 95.41
150.80 226.98 39.46 94.00
151.75 226.98 39.46 94.00
151.45 226.27 40.05 95.41
152.13 225.56 40.65 96.85
152.43 228.56 40.05 95.41
153.67 229.27 39.46 94.00
153.67 229.27 39.46 94.00
153.67 229.27 39.46 94.00
153.38 228.56 40.05 95.41
153.38 228.56 40.05 95.41
154.05 230.17 40.65 96.85
154.05 230.17 40.65 96.85
154.05 230.17 40.65 96.85
154.05 230.17 40.65 96.85
154.05 230.17 40.65 96.85
154.35 230.89 40.05 95.41
154.05 230.17 40.65 96.85
153.75 229.44 41.26 98.30
154.05 230.17 40.65 96.85
154.35 230.89 40.05 95.41
154.35 228.60 40.05 95.41
155.03 227.88 40.65 96.85
155.33 228.60 40.05 95.41
156.00 227.88 40.65 96.85
156.30 228.60 40.05 95.41
157.26 226.31 40.05 95.41
157.94 227.91 40.65 96.85
158.92 227.91 40.65 96.85
159.60 227.19 41.26 98.30
160.59 227.19 41.26 98.30
161.58 227.19 41.26 98.30
162.57 227.19 41.26 98.30
162.57 227.19 41.26 98.30
163.56 227.19 41.26 98.30
164.55 227.19 41.26 98.30
164.55 227.19 41.26 98.30
165.54 227.19 41.26 98.30
165.54 227.19 41.26 98.30
165.54 227.19 41.26 98.30
166.53 227.19 41.26 98.30
166.53 227.19 41.26 98.30
167.52 227.19 41.26 98.30
167.52 227.19 41.26 98.30
167.52 227.19 41.26 98.30
168.51 227.19 41.26 98.30
169.79 227.91 40.65 96.85
170.77 227.91 40.65 96.85
172.72 227.91 40.65 96.85
173.70 227.91 40.65 96.85
175.92 230.92 40.05 95.41
177.16 231.63 39.46 94.00
179.32 232.32 38.88 92.61
181.44 233.00 38.30 91.25
183.28 233.00 38.30 91.25
185.12 233.00 38.30 91.25
186.96 233.00 38.30 91.25
187.88 233.00 38.30 91.25
189.46 232.32 38.88 92.61
191.58 233.00 38.30 91.25
193.16 232.32 38.88 92.61
194.77 231.63 39.46 94.00
196.66 231.63 39.46 94.00
198.29 230.92 40.05 95.41
200.48 231.63 39.46 94.00
202.63 230.10 38.88 92.61
204.24 229.40 39.46 94.00
206.13 229.40 39.46 94.00
207.76 226.41 40.05 95.41
209.95 227.11 39.46 94.00
213.04 227.81 38.88 92.61
215.16 228.49 38.30 91.25
217.26 229.17 37.73 89.90
219.73 228.49 38.30 91.25
222.73 231.32 37.73 89.90
225.69 231.99 37.18 88.57
228.12 233.48 37.73 89.90
231.97 236.27 37.18 88.57
236.64 236.93 36.63 87.26
240.16 236.93 36.63 87.26
245.24 236.27 37.18 88.57
252.54 234.83 36.63 87.26
258.52 232.05 37.18 88.57
264.94 232.71 36.63 87.26
271.10 232.71 36.63 87.26
276.37 232.71 36.63 87.26
282.34 232.05 37.18 88.57
287.50 233.54 37.73 89.90
294.02 234.21 37.18 88.57
300.99 231.39 37.73 89.90
307.14 230.71 38.30 91.25
313.38 230.03 38.88 92.61
319.72 227.08 39.46 94.00
325.61 227.77 38.88 92.61
331.00 227.08 39.46 94.00
335.96 229.99 38.88 92.61
340.84 230.68 38.30 91.25
348.37 231.35 37.73 89.90
355.79 229.89 37.18 88.57
363.82 229.89 37.18 88.57
371.69 229.23 37.73 89.90
381.52 226.36 38.30 91.25
385.89 225.68 38.88 92.61
397.21 230.74 38.30 91.25
403.83 233.58 37.73 89.90
409.07 230.71 38.30 91.25
412.97 233.54 37.73 89.90
416.82 236.33 37.18 88.57
419.73 234.89 36.63 87.26
420.35 234.24 37.18 88.57
421.50 230.70 36.63 87.26
420.34 225.80 37.18 88.57
419.15 222.98 37.73 89.90
417.03 217.92 38.30 91.25
413.94 212.79 38.88 92.61
411.47 211.29 38.30 91.25
408.72 209.10 38.30 91.25
406.28 207.61 37.73 89.90
402.99 206.15 37.18 88.57
399.75 204.71 36.63 87.26
395.91 201.93 37.18 88.57
392.01 199.11 37.73 89.90
388.97 194.06 38.30 91.25
385.29 191.87 38.30 91.25
382.85 190.38 37.73 89.90
379.56 191.05 37.18 88.57
377.20 189.61 36.63 87.26
374.01 190.25 36.09 85.97
371.10 191.70 36.63 87.26
369.64 192.35 36.09 85.97
368.20 192.98 35.55 84.70
366.49 192.98 35.55 84.70
365.91 193.61 35.03 83.45
364.80 192.98 35.55 84.70
364.22 191.61 35.03 83.45
362.54 191.61 35.03 83.45
361.42 188.95 35.55 84.70
359.42 186.25 36.09 85.97
357.98 184.85 35.55 84.70
356.57 183.47 35.03 83.45
354.88 183.47 35.03 83.45
353.20 181.47 35.03 83.45
352.36 181.47 35.03 83.45
351.52 181.47 35.03 83.45
350.68 181.47 35.03 83.45
349.84 181.47 35.03 83.45
349.84 183.47 35.03 83.45
349.84 183.47 35.03 83.45
349.27 186.06 34.51 82.22
348.71 186.67 34.00 81.00
347.35 185.35 33.50 79.80
346.81 185.94 33.00 78.62
346.02 185.94 33.00 78.62
344.70 186.53 32.51 77.46
344.17 187.10 32.03 76.32
343.40 187.10 32.03 76.32
342.12 187.66 31.56 75.19
341.37 187.66 31.56 75.19
339.85 187.66 31.56 75.19
339.09 187.66 31.56 75.19
337.58 187.66 31.56 75.19
336.82 189.47 31.56 75.19
335.82 188.90 32.03 76.32
335.58 190.19 32.51 77.46
334.54 189.61 33.00 78.62
334.29 189.02 33.50 79.80
333.49 189.02 33.50 79.80
333.49 187.10 33.50 79.80
331.88 187.10 33.50 79.80
330.00 186.50 34.00 81.00
328.37 188.45 34.00 81.00
327.55 188.45 34.00 81.00
325.64 185.87 34.51 82.22
323.70 185.25 35.03 83.45
322.30 183.89 34.51 82.22
320.64 181.92 34.51 82.22
319.82 181.92 34.51 82.22
318.72 181.30 35.03 83.45
316.75 180.68 35.55 84.70
315.61 180.04 36.09 85.97
315.34 181.49 36.63 87.26
315.07 180.84 37.18 88.57
314.79 180.17 37.73 89.90
313.59 179.50 38.30 91.25
311.43 178.82 38.88 92.61
309.57 178.82 38.88 92.61
307.10 179.50 38.30 91.25
304.01 178.82 38.88 92.61
302.15 178.82 38.88 92.61
299.96 178.12 39.46 94.00
297.74 177.42 40.05 95.41
296.78 175.13 40.05 95.41
295.51 174.41 40.65 96.85
295.51 172.09 40.65 96.85
295.51 172.09 40.65 96.85
294.53 169.76 40.65 96.85
294.53 169.76 40.65 96.85
294.22 169.04 41.26 98.30
293.92 170.69 41.88 99.77
295.21 171.43 41.26 98.30
295.91 170.69 41.88 99.77
295.60 169.94 42.51 101.27
296.31 169.19 43.15 102.79
295.99 168.41 43.79 104.33
294.94 168.41 43.79 104.33
293.54 167.63 44.45 105.89
292.82 165.91 43.79 104.33
291.43 165.13 44.45 105.89
291.75 163.41 43.79 104.33
292.08 161.71 43.15 102.79
292.40 160.04 42.51 101.27
292.71 158.39 41.88 99.77
294.01 159.13 41.26 98.30
294.01 159.13 41.26 98.30
295.29 159.86 40.65 96.85
295.29 159.86 40.65 96.85
295.98 161.49 41.26 98.30
296.28 162.22 40.65 96.85
297.26 164.54 40.65 96.85
298.93 163.81 41.26 98.30
300.91 163.81 41.26 98.30
303.88 161.45 41.26 98.30
306.14 159.86 40.65 96.85
309.32 158.28 40.05 95.41
312.46 156.73 39.46 94.00
315.30 156.73 39.46 94.00
317.20 156.73 39.46 94.00
319.09 158.99 39.46 94.00
321.68 158.28 40.05 95.41
323.60 158.28 40.05 95.41
325.52 158.28 40.05 95.41
327.44 158.28 40.05 95.41
329.37 155.99 40.05 95.41
330.33 155.99 40.05 95.41
332.25 155.99 40.05 95.41
333.49 154.44 39.46 94.00
334.72 155.14 38.88 92.61
336.58 155.14 38.88 92.61
336.87 153.63 38.30 91.25
336.87 153.63 38.30 91.25
334.11 149.25 38.30 91.25
334.40 147.77 37.73 89.90
335.57 150.56 37.18 88.57
334.08 151.21 36.63 87.26
335.22 151.86 36.09 85.97
335.49 150.46 35.55 84.70
331.55 149.08 35.03 83.45
334.29 149.70 34.51 82.22
335.36 152.25 34.00 81.00
335.61 154.76 33.50 79.80
335.86 157.24 33.00 78.62
335.61 158.57 33.50 79.80
334.55 159.91 34.00 81.00
334.29 163.25 34.51 82.22
333.73 169.69 34.00 81.00
333.98 172.20 33.50 79.80
333.44 174.68 33.00 78.62
333.19 174.09 33.50 79.80
333.75 173.49 34.00 81.00
334.33 170.91 34.51 82.22
335.75 170.30 35.03 83.45
336.34 167.64 35.55 84.70
336.94 167.00 36.09 85.97
338.43 166.36 36.63 87.26
338.70 169.06 36.09 85.97
338.96 169.70 35.55 84.70
339.23 172.33 35.03 83.45
339.49 174.92 34.51 82.22
334.18 170.30 35.03 83.45
336.93 178.81 34.51 82.22
338.00 183.30 34.00 81.00
339.86 185.81 33.50 79.80
340.90 190.18 33.00 78.62
342.26 191.50 33.50 79.80
343.06 193.42 33.50 79.80
343.86 197.25 33.50 79.80
343.61 198.60 34.00 81.00
345.01 201.93 34.51 82.22
344.76 205.32 35.03 83.45
344.49 208.76 35.55 84.70
344.76 213.39 35.03 83.45
345.35 214.80 35.55 84.70
345.61 217.43 35.03 83.45
346.45 219.43 35.03 83.45
346.45 221.43 35.03 83.45
347.29 221.43 35.03 83.45
347.03 222.84 35.55 84.70
347.63 222.21 36.09 85.97
347.63 224.27 36.09 85.97
347.63 226.33 36.09 85.97
347.36 225.69 36.63 87.26
347.63 226.33 36.09 85.97
347.89 226.97 35.55 84.70
348.16 227.59 35.03 83.45
348.75 226.97 35.55 84.70
349.85 225.59 35.03 83.45
350.11 224.24 34.51 82.22
352.00 224.84 34.00 81.00
352.57 224.24 34.51 82.22
353.15 223.62 35.03 83.45
353.15 221.62 35.03 83.45
353.15 221.62 35.03 83.45
353.15 221.62 35.03 83.45
353.99 221.62 35.03 83.45
353.99 221.62 35.03 83.45
353.42 220.26 34.51 82.22
353.16 219.64 35.03 83.45
352.59 220.26 34.51 82.22
353.18 217.64 35.03 83.45
352.34 217.64 35.03 83.45
352.59 216.28 34.51 82.22
352.03 216.89 34.00 81.00
350.95 214.31 34.51 82.22
350.39 214.92 34.00 81.00
349.57 214.92 34.00 81.00
349.57 214.92 34.00 81.00
348.49 214.31 34.51 82.22
348.23 215.70 35.03 83.45
348.49 216.31 34.51 82.22
348.23 215.70 35.03 83.45
347.11 215.07 35.55 84.70
345.98 214.44 36.09 85.97
345.98 214.44 36.09 85.97
345.40 215.07 35.55 84.70
344.82 215.70 35.03 83.45
344.55 215.07 35.55 84.70
344.55 213.04 35.55 84.70
344.29 212.40 36.09 85.97
344.90 211.76 36.63 87.26
345.17 214.47 36.09 85.97
345.43 217.13 35.55 84.70
345.70 219.76 35.03 83.45
345.13 220.38 34.51 82.22
344.57 220.99 34.00 81.00
343.21 219.67 33.50 79.80
341.33 217.13 34.00 81.00
338.88 215.18 34.00 81.00
336.97 212.60 34.51 82.22
334.77 213.21 34.00 81.00
333.42 211.89 33.50 79.80
332.08 208.71 33.00 78.62
329.98 207.43 32.51 77.46
327.64 205.57 32.51 77.46
325.30 201.85 32.51 77.46
