242.00 94.00 57.00 119.00
240.63 94.00 57.00 119.00
240.20 93.11 57.85 120.78
240.20 93.11 57.85 120.78
239.26 91.14 57.00 119.00
238.84 90.25 57.85 120.78
236.99 89.35 58.72 122.60
236.55 88.43 59.60 124.44
234.65 87.49 60.50 126.30
235.10 88.43 59.60 124.44
235.10 88.43 59.60 124.44
233.20 87.49 60.50 126.30
232.75 86.55 61.41 128.20
230.79 82.46 62.33 130.12
228.81 81.49 63.26 132.07
228.81 81.49 63.26 132.07
228.33 80.49 64.21 134.05
226.29 79.49 65.17 136.06
224.21 75.15 66.15 138.10
224.21 75.15 66.15 138.10
224.21 75.15 66.15 138.10
222.10 74.12 67.14 140.18
219.96 73.07 68.15 142.28
219.45 72.00 69.17 144.41
219.45 72.00 69.17 144.41
217.79 72.00 69.17 144.41
216.13 72.00 69.17 144.41
213.93 67.40 70.21 146.58
213.40 66.30 71.26 148.78
212.87 65.18 72.33 151.01
211.13 65.18 72.33 151.01
208.83 64.05 73.42 153.27
208.28 62.90 74.52 155.57
206.49 59.17 74.52 155.57
206.49 59.17 74.52 155.57
205.93 58.00 75.64 157.91
203.52 56.82 76.77 160.28
202.94 55.62 77.92 162.68
200.46 54.39 79.09 165.12
199.87 53.16 80.28 167.60
199.87 53.16 80.28 167.60
197.31 47.82 81.48 170.11
194.71 46.54 82.70 172.66
194.71 46.54 82.70 172.66
194.71 46.54 82.70 172.66
192.08 45.25 83.94 175.25
191.45 43.93 85.20 177.88
188.73 38.26 86.48 180.55
188.73 38.26 86.48 180.55
188.73 38.26 86.48 180.55
185.98 36.91 87.78 183.26
183.18 35.54 89.10 186.01
180.34 34.14 90.43 188.80
180.34 34.14 90.43 188.80
179.67 32.72 91.79 191.63
176.74 31.29 93.17 194.50
176.04 29.83 94.56 197.42
175.33 28.35 95.98 200.38
173.77 25.09 94.56 197.42
173.77 25.09 94.56 197.42
173.77 25.09 94.56 197.42
174.47 26.55 93.17 194.50
173.77 25.09 94.56 197.42
173.06 23.61 95.98 200.38
172.34 22.11 97.42 203.39
172.34 22.11 97.42 203.39
172.34 22.11 97.42 203.39
172.34 22.11 97.42 203.39
172.34 22.11 97.42 203.39
172.34 22.11 97.42 203.39
172.34 22.11 97.42 203.39
171.61 20.58 98.88 206.44
171.61 20.58 98.88 206.44
171.61 20.58 98.88 206.44
171.61 20.58 98.88 206.44
171.61 20.58 98.88 206.44
173.99 20.58 98.88 206.44
173.99 20.58 98.88 206.44
176.36 20.58 98.88 206.44
181.77 22.11 97.42 203.39
181.77 22.11 97.42 203.39
186.44 36.75 97.42 203.39
186.44 36.75 97.42 203.39
184.86 38.25 95.98 200.38
170.11 26.99 97.42 203.39
167.01 25.46 98.88 206.44
179.43 41.63 97.42 203.39
180.15 43.14 95.98 200.38
186.44 36.75 97.42 203.39
209.82 51.40 97.42 203.39
212.85 52.90 95.98 200.38
214.46 26.99 97.42 203.39
213.73 20.51 98.88 206.44
230.35 -14.17 98.88 206.44
241.65 -25.78 100.37 209.53
253.69 -25.78 100.37 209.53
256.10 -35.84 100.37 209.53
263.33 -35.84 100.37 209.53
271.19 -34.29 98.88 206.44
280.08 -30.81 100.37 209.53
289.11 -32.38 101.87 212.68
305.72 -18.43 103.40 215.87
315.64 -13.25 103.40 215.87
325.57 -2.89 103.40 215.87
325.57 -2.89 103.40 215.87
337.39 21.78 104.95 219.11
345.61 33.76 103.40 215.87
350.57 38.95 103.40 215.87
353.05 44.13 103.40 215.87
353.05 44.13 103.40 215.87
350.57 38.95 103.40 215.87
353.05 38.95 103.40 215.87
355.53 33.76 103.40 215.87
355.53 33.76 103.40 215.87
355.53 33.76 103.40 215.87
358.01 28.58 103.40 215.87
358.01 28.58 103.40 215.87
358.78 25.07 101.87 212.68
359.53 26.65 100.37 209.53
360.27 28.19 98.88 206.44
363.34 29.72 97.42 203.39
363.34 29.72 97.42 203.39
364.06 31.22 95.98 200.38
364.06 31.22 95.98 200.38
364.06 31.22 95.98 200.38
364.06 31.22 95.98 200.38
366.37 31.22 95.98 200.38
364.81 32.70 94.56 197.42
364.81 32.70 94.56 197.42
364.10 31.22 95.98 200.38
364.10 36.03 95.98 200.38
364.10 36.03 95.98 200.38
361.79 36.03 95.98 200.38
361.79 36.03 95.98 200.38
360.23 37.51 94.56 197.42
360.93 38.97 93.17 194.50
360.93 38.97 93.17 194.50
361.62 40.41 91.79 191.63
362.30 41.82 90.43 188.80
360.83 43.22 89.10 186.01
361.49 44.59 87.78 183.26
360.06 45.95 86.48 180.55
357.30 44.59 87.78 183.26
357.95 45.95 86.48 180.55
357.30 48.99 87.78 183.26
357.30 48.99 87.78 183.26
355.88 50.35 86.48 180.55
356.52 51.68 85.20 177.88
357.15 53.00 83.94 175.25
355.78 54.29 82.70 172.66
355.78 54.29 82.70 172.66
356.39 55.57 81.48 170.11
356.39 55.57 81.48 170.11
355.07 56.82 80.28 167.60
355.07 56.82 80.28 167.60
355.07 56.82 80.28 167.60
355.66 58.06 79.09 165.12
355.66 58.06 79.09 165.12
354.37 59.28 77.92 162.68
354.37 63.19 77.92 162.68
354.95 64.39 76.77 160.28
353.70 65.57 75.64 157.91
354.26 66.74 74.52 155.57
353.05 67.89 73.42 153.27
353.05 67.89 73.42 153.27
353.59 69.02 72.33 151.01
353.59 69.02 72.33 151.01
352.42 70.14 71.26 148.78
352.94 71.24 70.21 146.58
352.94 71.24 70.21 146.58
353.46 72.32 69.17 144.41
352.34 73.39 68.15 142.28
352.84 74.44 67.14 140.18
352.84 74.44 67.14 140.18
352.84 74.44 67.14 140.18
351.75 75.47 66.15 138.10
351.75 75.47 66.15 138.10
350.67 76.49 65.17 136.06
351.16 77.50 64.21 134.05
351.16 77.50 64.21 134.05
