107.00 104.00 56.00 45.00
108.34 102.92 56.00 45.00
111.41 103.25 55.17 44.33
112.34 101.84 56.00 45.00
113.68 100.76 56.00 45.00
115.02 100.76 56.00 45.00
116.37 99.68 56.00 45.00
117.71 99.68 56.00 45.00
119.06 98.60 56.00 45.00
120.40 98.60 56.00 45.00
122.14 97.87 55.17 44.33
123.07 97.54 56.00 45.00
124.41 97.54 56.00 45.00
125.36 96.10 56.84 45.67
127.12 97.52 56.00 45.00
128.46 97.52 56.00 45.00
129.81 97.52 56.00 45.00
131.15 98.60 56.00 45.00
132.50 98.60 56.00 45.00
132.50 98.60 56.00 45.00
133.44 98.26 56.84 45.67
133.86 99.68 56.00 45.00
135.20 99.68 56.00 45.00
135.20 99.68 56.00 45.00
135.20 99.68 56.00 45.00
136.55 100.76 56.00 45.00
136.55 99.68 56.00 45.00
137.49 100.44 56.84 45.67
137.91 100.78 56.00 45.00
139.26 100.78 56.00 45.00
140.60 101.86 56.00 45.00
140.60 101.86 56.00 45.00
142.34 102.19 55.17 44.33
143.66 103.25 55.17 44.33
144.99 103.25 55.17 44.33
146.31 103.25 55.17 44.33
147.64 104.32 55.17 44.33
148.96 104.32 55.17 44.33
151.61 104.32 55.17 44.33
152.93 104.32 55.17 44.33
154.26 105.38 55.17 44.33
155.58 105.38 55.17 44.33
158.23 106.44 55.17 44.33
158.23 106.44 55.17 44.33
159.55 105.38 55.17 44.33
160.88 105.38 55.17 44.33
160.88 105.38 55.17 44.33
160.88 105.38 55.17 44.33
160.88 105.38 55.17 44.33
160.88 105.38 55.17 44.33
159.55 104.32 55.17 44.33
158.23 104.32 55.17 44.33
156.90 104.32 55.17 44.33
155.58 104.32 55.17 44.33
154.26 104.32 55.17 44.33
152.93 104.32 55.17 44.33
151.61 105.38 55.17 44.33
150.28 105.38 55.17 44.33
148.96 105.38 55.17 44.33
147.64 106.44 55.17 44.33
147.64 106.44 55.17 44.33
146.31 107.51 55.17 44.33
145.41 108.88 54.36 43.68
145.41 108.88 54.36 43.68
144.11 109.93 54.36 43.68
142.81 110.98 54.36 43.68
142.81 112.03 54.36 43.68
141.50 113.08 54.36 43.68
141.50 114.13 54.36 43.68
140.20 115.17 54.36 43.68
139.79 115.91 55.17 44.33
138.46 116.97 55.17 44.33
137.57 118.35 54.36 43.68
137.57 119.40 54.36 43.68
135.84 119.07 55.17 44.33
134.94 119.40 54.36 43.68
133.63 118.35 54.36 43.68
132.75 118.67 53.55 43.03
131.04 118.35 54.36 43.68
130.16 117.64 53.55 43.03
128.45 117.32 54.36 43.68
128.86 116.61 53.55 43.03
127.15 116.29 54.36 43.68
126.27 116.61 53.55 43.03
126.27 116.61 53.55 43.03
124.98 116.61 53.55 43.03
123.27 115.24 54.36 43.68
123.27 114.19 54.36 43.68
123.27 113.14 54.36 43.68
123.27 113.14 54.36 43.68
123.27 112.09 54.36 43.68
123.27 112.09 54.36 43.68
123.27 111.04 54.36 43.68
123.27 111.04 54.36 43.68
123.27 110.00 54.36 43.68
123.27 110.00 54.36 43.68
123.27 108.95 54.36 43.68
123.27 108.95 54.36 43.68
123.27 108.95 54.36 43.68
123.27 108.95 54.36 43.68
121.97 107.90 54.36 43.68
121.97 108.95 54.36 43.68
120.67 107.90 54.36 43.68
119.36 108.95 54.36 43.68
118.95 108.62 55.17 44.33
117.20 108.29 56.00 45.00
116.29 108.62 55.17 44.33
115.39 108.95 54.36 43.68
114.98 109.68 55.17 44.33
113.22 109.35 56.00 45.00
111.44 110.11 56.84 45.67
111.44 110.11 56.84 45.67
110.51 111.53 56.00 45.00
109.17 112.61 56.00 45.00
107.83 112.61 56.00 45.00
106.48 113.69 56.00 45.00
106.48 113.69 56.00 45.00
106.48 113.69 56.00 45.00
105.14 113.69 56.00 45.00
105.14 113.69 56.00 45.00
105.14 113.69 56.00 45.00
106.48 113.69 56.00 45.00
106.48 113.69 56.00 45.00
106.48 112.61 56.00 45.00
107.83 112.61 56.00 45.00
107.83 112.61 56.00 45.00
107.83 112.61 56.00 45.00
107.83 112.61 56.00 45.00
109.17 112.61 56.00 45.00
108.75 112.27 56.84 45.67
108.75 112.27 56.84 45.67
108.32 113.04 57.69 46.36
106.49 112.69 58.56 47.06
106.05 111.19 59.44 47.76
104.62 111.19 59.44 47.76
104.62 111.19 59.44 47.76
103.65 111.55 58.56 47.06
104.09 111.89 57.69 46.36
103.15 112.24 56.84 45.67
101.79 111.14 56.84 45.67
100.42 111.14 56.84 45.67
106.22 117.96 56.00 45.00
81.24 108.85 56.84 45.67
80.82 116.30 57.69 46.36
77.57 124.98 58.56 47.06
83.19 134.02 58.56 47.06
65.64 145.13 59.44 47.76
91.25 151.75 60.33 48.48
97.40 156.69 59.44 47.76
98.41 154.01 60.33 48.48
97.95 154.83 61.23 49.20
96.00 154.46 62.15 49.94
96.00 154.46 62.15 49.94
96.00 154.46 62.15 49.94
97.93 156.01 61.23 49.20
97.47 154.44 62.15 49.94
95.98 154.44 62.15 49.94
97.47 155.64 62.15 49.94
95.98 154.44 62.15 49.94
95.98 154.44 62.15 49.94
85.54 99.30 62.15 49.94
83.06 98.49 61.23 49.20
83.51 97.69 60.33 48.48
83.96 96.90 59.44 47.76
83.51 95.38 60.33 48.48
84.96 94.22 60.33 48.48
84.96 93.05 60.33 48.48
86.41 93.05 60.33 48.48
86.85 92.27 59.44 47.76
87.29 92.62 58.56 47.06
86.85 91.12 59.44 47.76
86.41 90.76 60.33 48.48
86.85 91.12 59.44 47.76
86.41 89.60 60.33 48.48
88.28 89.96 59.44 47.76
88.28 88.81 59.44 47.76
87.83 88.45 60.33 48.48
89.28 88.45 60.33 48.48
89.73 88.81 59.44 47.76
90.73 87.29 60.33 48.48
90.73 87.29 60.33 48.48
92.18 87.29 60.33 48.48
92.18 87.29 60.33 48.48
92.18 87.29 60.33 48.48
91.73 86.92 61.23 49.20
91.73 86.92 61.23 49.20
90.73 87.29 60.33 48.48
90.73 87.29 60.33 48.48
90.73 88.45 60.33 48.48
90.28 88.09 61.23 49.20
90.73 89.61 60.33 48.48
89.28 89.61 60.33 48.48
88.83 89.25 61.23 49.20
87.36 89.25 61.23 49.20
85.89 89.25 61.23 49.20
85.89 89.25 61.23 49.20
85.89 88.07 61.23 49.20
85.89 88.07 61.23 49.20
85.43 87.70 62.15 49.94
86.92 87.70 62.15 49.94
88.41 87.70 62.15 49.94
89.91 87.70 62.15 49.94
91.40 86.50 62.15 49.94
92.89 86.50 62.15 49.94
94.38 86.50 62.15 49.94
95.87 85.30 62.15 49.94
97.80 85.67 61.23 49.20
98.83 85.30 62.15 49.94
100.76 85.67 61.23 49.20
100.76 84.49 61.23 49.20
101.80 84.12 62.15 49.94
103.29 84.12 62.15 49.94
105.22 84.49 61.23 49.20
104.76 84.12 62.15 49.94
106.25 82.92 62.15 49.94
106.71 83.29 61.23 49.20
106.71 82.11 61.23 49.20
106.71 82.11 61.23 49.20
106.71 82.11 61.23 49.20
106.71 82.11 61.23 49.20
106.71 82.11 61.23 49.20
106.25 81.74 62.15 49.94
107.74 81.74 62.15 49.94
107.74 81.74 62.15 49.94
107.27 82.59 63.08 50.69
107.27 82.59 63.08 50.69
108.79 83.80 63.08 50.69
108.79 83.80 63.08 50.69
108.79 85.02 63.08 50.69
110.30 85.02 63.08 50.69
110.30 85.02 63.08 50.69
110.30 85.02 63.08 50.69
111.37 84.64 64.03 51.45
111.37 84.64 64.03 51.45
112.90 84.64 64.03 51.45
112.42 85.51 64.99 52.22
111.93 85.11 65.97 53.01
110.86 85.51 64.99 52.22
110.37 85.11 65.97 53.01
108.79 85.11 65.97 53.01
108.79 86.39 65.97 53.01
107.21 86.39 65.97 53.01
107.70 86.78 64.99 52.22
107.21 87.66 65.97 53.01
108.79 87.66 65.97 53.01
110.37 87.66 65.97 53.01
109.88 85.97 66.95 53.80
111.96 86.37 65.97 53.01
113.07 84.68 66.95 53.80
115.15 83.80 65.97 53.01
118.31 83.80 65.97 53.01
119.90 83.80 65.97 53.01
123.50 84.20 64.99 52.22
125.06 85.45 64.99 52.22
124.58 85.06 65.97 53.01
126.62 86.70 64.99 52.22
126.62 86.70 64.99 52.22
126.62 87.96 64.99 52.22
126.14 87.56 65.97 53.01
125.06 87.96 64.99 52.22
123.50 87.96 64.99 52.22
121.94 89.21 64.99 52.22
120.38 90.46 64.99 52.22
120.38 90.46 64.99 52.22
119.33 92.08 64.03 51.45
117.29 90.44 64.99 52.22
117.29 90.44 64.99 52.22
118.85 91.70 64.99 52.22
120.86 92.08 64.03 51.45
122.40 92.08 64.03 51.45
125.48 93.32 64.03 51.45
128.55 93.32 64.03 51.45
131.19 94.19 64.99 52.22
134.31 94.19 64.99 52.22
137.43 94.19 64.99 52.22
140.55 95.44 64.99 52.22
144.10 97.06 64.03 51.45
146.09 98.66 63.08 50.69
149.12 99.87 63.08 50.69
151.07 100.25 62.15 49.94
152.56 101.45 62.15 49.94
153.02 103.00 61.23 49.20
154.06 105.02 62.15 49.94
154.06 106.22 62.15 49.94
155.55 107.42 62.15 49.94
157.04 108.62 62.15 49.94
155.55 108.62 62.15 49.94
154.06 107.42 62.15 49.94
152.08 105.83 63.08 50.69
149.05 103.40 63.08 50.69
145.04 102.57 62.15 49.94
141.09 101.76 61.23 49.20
136.16 100.19 62.15 49.94
131.15 98.60 63.08 50.69
128.12 97.39 63.08 50.69
125.09 94.95 63.08 50.69
123.58 93.74 63.08 50.69
120.55 92.52 63.08 50.69
119.04 92.52 63.08 50.69
115.49 92.14 64.03 51.45
112.93 91.30 63.08 50.69
110.42 90.48 62.15 49.94
107.43 90.48 62.15 49.94
104.45 89.28 62.15 49.94
99.44 87.69 63.08 50.69
95.90 84.84 64.03 51.45
92.82 82.37 64.03 51.45
89.22 79.48 64.99 52.22
87.66 78.22 64.99 52.22
86.61 78.61 64.03 51.45
85.07 78.61 64.03 51.45
83.53 78.61 64.03 51.45
81.49 78.22 64.99 52.22
81.49 78.22 64.99 52.22
83.51 79.84 64.03 51.45
83.51 81.08 64.03 51.45
86.58 81.08 64.03 51.45
87.66 81.95 64.99 52.22
90.34 81.55 65.97 53.01
91.92 82.83 65.97 53.01
94.64 82.43 66.95 53.80
96.25 83.72 66.95 53.80
97.86 85.01 66.95 53.80
97.86 85.01 66.95 53.80
99.46 86.30 66.95 53.80
101.07 86.30 66.95 53.80
104.29 86.30 66.95 53.80
105.89 86.30 66.95 53.80
109.11 86.30 66.95 53.80
112.32 86.30 66.95 53.80
115.53 86.30 66.95 53.80
118.75 87.59 66.95 53.80
120.35 87.59 66.95 53.80
123.57 87.59 66.95 53.80
128.39 87.59 66.95 53.80
132.05 89.26 65.97 53.01
135.22 89.26 65.97 53.01
138.82 89.66 64.99 52.22
141.94 90.91 64.99 52.22
143.50 90.91 64.99 52.22
146.62 92.16 64.99 52.22
148.18 92.16 64.99 52.22
147.69 91.77 65.97 53.01
147.20 91.37 66.95 53.80
147.20 90.08 66.95 53.80
145.59 90.08 66.95 53.80
145.59 90.08 66.95 53.80
143.99 90.08 66.95 53.80
141.85 89.68 67.96 54.61
139.14 91.37 66.95 53.80
138.05 91.77 65.97 53.01
134.89 91.77 65.97 53.01
133.30 91.77 65.97 53.01
131.72 91.77 65.97 53.01
130.14 91.77 65.97 53.01
128.55 93.04 65.97 53.01
126.45 92.65 66.95 53.80
125.95 92.24 67.96 54.61
126.45 93.94 66.95 53.80
124.32 94.84 67.96 54.61
123.21 96.54 66.95 53.80
121.61 97.83 66.95 53.80
118.94 100.77 65.97 53.01
113.62 101.67 66.95 53.80
109.37 104.61 65.97 53.01
103.61 106.25 64.99 52.22
98.38 108.41 65.97 53.01
91.07 110.05 64.99 52.22
84.83 111.30 64.99 52.22
76.42 112.18 65.97 53.01
67.89 111.79 66.95 53.80
59.86 113.08 66.95 53.80
52.83 112.67 67.96 54.61
49.57 112.67 67.96 54.61
46.31 112.67 67.96 54.61
42.49 112.26 68.98 55.43
43.00 112.67 67.96 54.61
43.50 113.08 66.95 53.80
43.00 112.67 67.96 54.61
42.49 112.26 68.98 55.43
42.49 112.26 68.98 55.43
43.65 113.20 70.01 56.26
47.48 113.62 68.98 55.43
51.25 114.02 67.96 54.61
54.97 114.43 66.95 53.80
61.79 114.83 65.97 53.01
66.96 113.96 64.99 52.22
73.59 114.35 64.03 51.45
80.12 114.73 63.08 50.69
85.06 113.91 62.15 49.94
61.19 112.71 62.15 49.94
62.24 111.12 63.08 50.69
66.78 111.12 63.08 50.69
69.38 108.27 64.03 51.45
72.02 106.63 64.99 52.22
76.28 104.96 65.97 53.01
79.89 101.59 64.99 52.22
82.57 98.66 65.97 53.01
83.68 96.97 66.95 53.80
84.81 95.26 67.96 54.61
85.96 92.19 68.98 55.43
83.76 91.77 70.01 56.26
85.93 90.86 68.98 55.43
83.73 90.44 70.01 56.26
78.09 91.39 71.06 57.10
72.37 90.96 72.13 57.96
66.55 91.94 73.21 58.83
63.04 91.94 73.21 58.83
57.77 91.94 73.21 58.83
52.50 91.94 73.21 58.83
49.58 90.98 72.13 57.96
44.99 90.04 71.06 57.10
42.16 89.11 70.01 56.26
39.36 88.20 68.98 55.43
6.92 98.58 70.01 56.26
2.98 96.79 71.06 57.10
2.45 94.97 72.13 57.96
3.67 91.71 73.21 58.83
4.90 89.84 74.31 59.71
7.96 86.48 75.42 60.61
9.24 84.55 76.56 61.52
12.39 82.59 77.70 62.44
15.60 82.12 78.87 63.38
16.92 80.10 80.05 64.33
18.27 79.62 81.25 65.29
19.64 79.13 82.47 66.27
21.03 77.02 83.71 67.27
22.45 76.51 84.96 68.27
23.88 76.00 86.24 69.30
25.33 73.79 87.53 70.34
29.53 75.48 87.53 70.34
33.74 75.48 87.53 70.34
35.84 75.48 87.53 70.34
40.62 77.66 86.24 69.30
45.34 78.18 84.96 68.27
50.91 79.33 86.24 69.30
55.05 80.99 86.24 69.30
58.60 80.47 87.53 70.34
62.81 82.16 87.53 70.34
64.28 83.35 88.85 71.39
66.41 85.06 88.85 71.39
71.27 88.96 87.53 70.34
73.37 90.65 87.53 70.34
76.09 94.50 86.24 69.30
75.44 95.67 87.53 70.34
75.44 99.04 87.53 70.34
78.16 102.89 86.24 69.30
77.51 104.06 87.53 70.34
77.51 105.74 87.53 70.34
77.51 107.43 87.53 70.34
77.51 109.12 87.53 70.34
77.51 110.81 87.53 70.34
76.86 110.28 88.85 71.39
77.51 112.50 87.53 70.34
75.41 112.50 87.53 70.34
75.41 112.50 87.53 70.34
73.31 112.50 87.53 70.34
73.31 110.81 87.53 70.34
71.21 110.81 87.53 70.34
71.21 109.12 87.53 70.34
71.21 109.12 87.53 70.34
71.21 107.43 87.53 70.34
72.69 105.19 88.85 71.39
72.02 102.92 90.18 72.46
72.69 101.74 88.85 71.39
74.82 101.74 88.85 71.39
74.15 99.46 90.18 72.46
74.82 98.29 88.85 71.39
74.15 96.01 90.18 72.46
74.15 94.27 90.18 72.46
74.15 94.27 90.18 72.46
73.48 93.73 91.53 73.55
73.48 93.73 91.53 73.55
73.48 93.73 91.53 73.55
73.48 93.73 91.53 73.55
73.48 93.73 91.53 73.55
70.56 93.18 92.90 74.65
70.56 93.18 92.90 74.65
70.56 93.18 92.90 74.65
71.25 95.49 91.53 73.55
71.25 95.49 91.53 73.55
69.05 95.49 91.53 73.55
69.05 97.26 91.53 73.55
69.73 99.54 90.18 72.46
68.26 101.79 88.85 71.39
66.82 104.01 87.53 70.34
64.03 105.19 88.85 71.39
61.20 106.40 90.18 72.46
56.87 108.14 90.18 72.46
54.70 108.14 90.18 72.46
52.54 109.87 90.18 72.46
50.37 109.87 90.18 72.46
50.37 109.87 90.18 72.46
52.54 111.61 90.18 72.46
52.54 111.61 90.18 72.46
52.54 109.87 90.18 72.46
54.70 109.87 90.18 72.46
56.87 108.14 90.18 72.46
58.39 107.59 91.53 73.55
59.93 105.25 92.90 74.65
61.50 102.87 94.30 75.77
