83.00 200.00 35.00 131.00
84.09 200.97 34.48 129.06
85.51 196.86 35.00 131.00
89.51 195.87 35.52 132.96
97.33 196.86 35.00 131.00
103.04 199.06 35.52 132.96
105.59 199.06 35.52 132.96
108.15 199.06 35.52 132.96
111.77 200.05 35.00 131.00
114.52 201.02 34.48 129.06
115.94 203.19 35.00 131.00
118.68 201.06 34.48 129.06
121.16 201.06 34.48 129.06
121.99 201.06 34.48 129.06
126.13 201.06 34.48 129.06
129.44 201.06 34.48 129.06
134.40 201.06 34.48 129.06
139.37 201.06 34.48 129.06
143.51 201.06 34.48 129.06
147.84 202.02 33.97 127.16
151.10 202.02 33.97 127.16
154.15 201.06 34.48 129.06
155.58 200.09 35.00 131.00
158.72 199.11 35.52 132.96
163.19 200.09 35.00 131.00
165.93 197.96 34.48 129.06
170.07 197.96 34.48 129.06
173.17 197.00 35.00 131.00
175.69 197.00 35.00 131.00
180.73 197.00 35.00 131.00
183.02 196.01 35.52 132.96
185.58 196.01 35.52 132.96
188.14 196.01 35.52 132.96
190.08 193.85 35.00 131.00
193.44 193.85 35.00 131.00
196.80 193.85 35.00 131.00
200.80 192.87 35.52 132.96
205.73 191.87 36.06 134.96
211.96 192.87 35.52 132.96
216.89 191.87 36.06 134.96
222.08 191.87 36.06 134.96
226.41 191.87 36.06 134.96
229.65 187.57 36.60 136.98
232.94 186.55 37.15 139.04
236.73 187.57 36.60 136.98
240.24 187.57 36.60 136.98
243.11 188.58 36.06 134.96
248.30 188.58 36.06 134.96
252.83 189.58 35.52 132.96
258.97 190.56 35.00 131.00
263.83 189.58 35.52 132.96
267.89 188.58 36.06 134.96
273.08 188.58 36.06 134.96
277.61 189.58 35.52 132.96
282.54 188.58 36.06 134.96
286.86 188.58 36.06 134.96
291.19 188.58 36.06 134.96
296.38 191.82 36.06 134.96
301.57 191.82 36.06 134.96
306.77 191.82 36.06 134.96
311.77 190.81 36.60 136.98
317.04 190.81 36.60 136.98
321.43 190.81 36.60 136.98
324.94 190.81 36.60 136.98
329.54 188.58 36.06 134.96
333.87 188.58 36.06 134.96
338.19 191.82 36.06 134.96
343.38 191.82 36.06 134.96
348.38 190.81 36.60 136.98
352.98 195.06 36.06 134.96
358.17 195.06 36.06 134.96
362.50 195.06 36.06 134.96
365.96 195.06 36.06 134.96
369.21 194.05 36.60 136.98
372.07 195.06 36.06 134.96
374.67 195.06 36.06 134.96
378.35 196.06 35.52 132.96
384.49 197.04 35.00 131.00
388.69 197.04 35.00 131.00
391.84 196.06 35.52 132.96
395.25 196.06 35.52 132.96
396.95 196.06 35.52 132.96
396.10 196.06 35.52 132.96
395.25 192.87 35.52 132.96
393.25 191.87 36.06 134.96
395.22 196.06 35.52 132.96
390.96 196.06 35.52 132.96
387.23 195.06 36.06 134.96
384.94 196.06 35.52 132.96
381.84 193.90 35.00 131.00
379.62 194.87 34.48 129.06
377.68 197.04 35.00 131.00
375.71 196.06 35.52 132.96
372.30 196.06 35.52 132.96
369.44 195.06 36.06 134.96
366.84 198.30 36.06 134.96
364.55 199.30 35.52 132.96
363.97 200.28 35.00 131.00
365.42 199.30 35.52 132.96
366.88 198.30 36.06 134.96
368.00 202.49 35.52 132.96
369.94 203.47 35.00 131.00
369.94 200.33 35.00 131.00
370.20 201.30 34.48 129.06
370.20 201.30 34.48 129.06
369.94 203.47 35.00 131.00
368.83 202.49 35.52 132.96
367.41 203.47 35.00 131.00
368.00 202.49 35.52 132.96
368.00 205.68 35.52 132.96
367.15 205.68 35.52 132.96
368.00 205.68 35.52 132.96
369.10 206.66 35.00 131.00
369.94 206.66 35.00 131.00
371.85 204.53 34.48 129.06
372.44 203.57 35.00 131.00
373.28 203.57 35.00 131.00
373.28 203.57 35.00 131.00
375.19 207.63 34.48 129.06
376.26 208.59 33.97 127.16
376.83 210.73 34.48 129.06
377.66 210.73 34.48 129.06
377.66 213.83 34.48 129.06
380.14 213.83 34.48 129.06
384.28 213.83 34.48 129.06
389.06 209.71 35.00 131.00
395.11 210.68 34.48 129.06
401.73 210.68 34.48 129.06
409.18 210.68 34.48 129.06
417.46 210.68 34.48 129.06
426.56 210.68 34.48 129.06
437.22 209.71 35.00 131.00
445.49 205.54 35.52 132.96
453.01 204.54 36.06 134.96
460.64 203.53 36.60 136.98
465.04 203.53 36.60 136.98
468.55 203.53 36.60 136.98
471.42 204.54 36.06 134.96
474.88 204.54 36.06 134.96
478.34 204.54 36.06 134.96
480.94 204.54 36.06 134.96
484.61 205.54 35.52 132.96
489.07 209.67 35.00 131.00
493.27 209.67 35.00 131.00
495.79 209.67 35.00 131.00
499.80 208.69 35.52 132.96
502.13 207.69 36.06 134.96
506.25 206.68 36.60 136.98
510.64 206.68 36.60 136.98
513.51 207.69 36.06 134.96
516.97 207.69 36.06 134.96
517.23 208.69 35.52 132.96
512.97 208.69 35.52 132.96
507.85 208.69 35.52 132.96
512.32 206.52 35.00 131.00
504.76 206.52 35.00 131.00
497.57 207.49 34.48 129.06
488.91 203.38 35.00 131.00
480.51 206.52 35.00 131.00
473.43 208.73 35.52 132.96
467.46 205.54 35.52 132.96
463.19 205.54 35.52 132.96
459.78 205.54 35.52 132.96
458.65 201.31 36.06 134.96
458.07 202.30 35.52 132.96
458.92 202.30 35.52 132.96
459.52 201.31 36.06 134.96
460.38 198.07 36.06 134.96
459.80 199.06 35.52 132.96
458.09 202.25 35.52 132.96
456.39 202.25 35.52 132.96
453.83 202.25 35.52 132.96
450.42 202.25 35.52 132.96
448.71 202.25 35.52 132.96
446.46 200.09 35.00 131.00
443.94 200.09 35.00 131.00
443.10 200.09 35.00 131.00
441.42 200.09 35.00 131.00
438.90 203.24 35.00 131.00
436.38 203.24 35.00 131.00
432.18 200.09 35.00 131.00
427.98 200.09 35.00 131.00
424.30 199.11 35.52 132.96
420.57 198.11 36.06 134.96
418.84 198.11 36.06 134.96
414.85 195.92 35.52 132.96
413.14 195.92 35.52 132.96
412.29 199.11 35.52 132.96
411.44 199.11 35.52 132.96
408.57 194.87 36.06 134.96
404.25 194.87 36.06 134.96
400.79 194.87 36.06 134.96
397.32 194.87 36.06 134.96
394.73 194.87 36.06 134.96
390.94 193.86 36.60 136.98
389.19 193.86 36.60 136.98
387.43 193.86 36.60 136.98
385.37 196.17 37.15 139.04
383.59 196.17 37.15 139.04
381.81 196.17 37.15 139.04
379.45 197.20 36.60 136.98
375.93 193.91 36.60 136.98
374.18 193.91 36.60 136.98
371.54 193.91 36.60 136.98
370.95 194.92 36.06 134.96
370.95 194.92 36.06 134.96
369.80 193.91 36.60 136.98
369.80 197.20 36.60 136.98
368.92 197.20 36.60 136.98
368.92 197.20 36.60 136.98
367.16 197.20 36.60 136.98
365.10 196.17 37.15 139.04
363.92 191.74 37.70 141.12
362.11 191.74 37.70 141.12
361.50 192.78 37.15 139.04
359.71 192.78 37.15 139.04
358.23 193.81 36.60 136.98
356.77 194.82 36.06 134.96
355.04 191.59 36.06 134.96
352.75 192.58 35.53 132.96
350.19 192.58 35.53 132.96
348.49 192.58 35.53 132.96
347.63 192.58 35.53 132.96
346.78 192.58 35.53 132.96
345.93 192.58 35.53 132.96
344.22 192.58 35.53 132.96
342.52 192.58 35.53 132.96
340.26 193.56 35.00 131.00
337.44 192.58 35.53 132.96
335.18 193.56 35.00 131.00
332.66 193.56 35.00 131.00
330.14 193.56 35.00 131.00
329.30 193.56 35.00 131.00
327.62 193.56 35.00 131.00
325.94 193.56 35.00 131.00
325.10 193.56 35.00 131.00
323.99 192.58 35.53 132.96
322.28 192.58 35.53 132.96
320.87 190.42 35.00 131.00
319.47 191.39 34.48 129.06
318.09 189.29 33.97 127.16
315.36 185.24 34.48 129.06
314.26 184.27 35.00 131.00
312.86 182.14 34.48 129.06
310.92 181.17 35.00 131.00
307.56 181.17 35.00 131.00
303.04 180.19 35.53 132.96
299.94 181.17 35.00 131.00
295.23 185.24 34.48 129.06
290.59 186.19 33.97 127.16
286.20 185.24 34.48 129.06
282.38 186.19 33.97 127.16
