89.00 113.00 26.00 19.00
89.81 109.10 25.62 18.72
90.60 106.14 25.24 18.44
91.39 105.40 24.86 18.17
93.92 105.97 24.50 17.90
97.58 106.94 24.13 17.64
101.18 109.16 23.78 17.38
103.90 111.57 24.13 17.64
106.66 114.44 24.50 17.90
110.05 117.80 24.86 18.17
112.89 121.20 25.24 18.44
115.32 123.86 25.24 18.44
117.13 126.07 25.24 18.44
119.40 127.28 25.62 18.72
121.41 128.30 25.24 18.44
122.19 128.88 24.86 18.17
122.01 128.30 25.24 18.44
121.60 127.13 24.86 18.17
119.59 124.78 25.24 18.44
118.17 123.74 25.62 18.72
115.49 123.14 26.00 19.00
112.76 122.08 26.39 19.28
110.63 121.46 26.79 19.57
108.47 119.88 27.19 19.87
107.61 119.25 27.60 20.17
106.73 119.10 28.01 20.47
106.52 119.94 28.43 20.78
107.69 121.31 28.86 21.09
108.88 122.69 29.29 21.40
111.51 124.09 29.73 21.72
113.46 124.99 30.17 22.05
116.91 126.97 30.63 22.38
120.59 129.12 30.63 22.38
125.16 130.87 30.17 22.05
130.38 132.08 29.73 21.72
134.50 132.97 30.17 22.05
137.21 133.88 30.63 22.38
139.22 134.26 31.09 22.72
139.74 134.09 31.55 23.06
139.51 134.48 32.03 23.40
137.71 134.87 32.51 23.75
135.88 135.85 32.99 24.11
133.00 137.74 32.51 23.75
131.97 139.30 32.99 24.11
130.11 140.29 33.49 24.47
125.61 139.89 32.99 24.11
122.95 143.24 33.49 24.47
121.88 145.44 33.99 24.84
119.97 144.04 34.50 25.21
120.23 143.04 33.99 24.84
124.94 133.17 34.50 25.21
123.56 130.97 33.99 24.84
123.31 139.26 34.50 25.21
121.37 135.38 35.02 25.59
114.28 125.84 35.54 25.97
127.93 126.46 35.54 25.97
133.90 115.86 35.54 25.97
132.77 121.36 36.08 26.36
132.77 120.10 36.08 26.36
125.47 110.91 36.62 26.76
117.17 106.80 37.17 27.16
107.83 102.62 37.72 27.57
97.44 99.06 38.29 27.98
85.96 98.17 38.86 28.40
74.31 97.96 39.45 28.83
64.84 97.96 39.45 28.83
55.90 98.44 40.04 29.26
46.82 98.93 40.64 29.70
38.47 99.86 40.04 29.26
30.78 101.26 40.04 29.26
22.68 102.47 40.64 29.70
13.46 103.69 41.25 30.14
5.54 104.41 41.25 30.14
-3.37 105.14 41.25 30.14
-10.86 104.65 40.64 29.70
-15.37 102.76 40.04 29.26
-7.87 89.00 40.64 29.70
-12.13 86.61 41.25 30.14
-11.83 76.85 40.64 29.70
-10.15 65.78 41.25 30.14
-11.46 60.41 41.87 30.60
-12.47 55.27 41.87 30.60
-12.16 51.15 41.25 30.14
-12.83 47.81 40.64 29.70
-11.57 49.44 40.04 29.26
-10.89 43.52 40.64 29.70
-12.19 36.78 41.25 30.14
-12.50 34.35 41.87 30.60
-12.19 32.41 41.25 30.14
-10.91 31.21 40.64 29.70
-10.61 30.02 40.04 29.26
-11.88 32.65 40.64 29.70
-12.86 32.65 40.64 29.70
-12.17 38.94 41.25 30.14
-11.87 40.59 40.64 29.70
-13.16 42.54 41.25 30.14
-12.86 37.77 40.64 29.70
-13.16 49.85 41.25 30.14
-12.86 40.80 40.64 29.70
-3.26 48.54 41.25 30.14
-12.62 46.11 41.87 30.60
-12.93 33.21 42.50 31.06
-14.29 32.98 43.13 31.52
-13.56 43.49 43.78 31.99
-14.27 46.00 43.13 31.52
-11.44 52.67 43.78 31.99
-14.22 49.88 43.13 31.52
-12.45 41.20 43.78 31.99
-13.16 33.11 43.13 31.52
-13.16 17.98 43.13 31.52
-11.82 11.51 42.50 31.06
-12.51 17.61 41.87 30.60
