245.00 146.00 81.00 55.00
248.89 148.64 81.00 55.00
254.72 151.28 81.00 55.00
258.61 152.60 81.00 55.00
264.44 155.24 81.00 55.00
268.33 156.56 81.00 55.00
272.76 158.27 79.80 54.19
277.99 160.50 81.00 55.00
281.88 161.82 81.00 55.00
285.77 163.14 81.00 55.00
291.60 165.78 81.00 55.00
295.49 167.10 81.00 55.00
299.37 168.42 81.00 55.00
305.21 169.74 81.00 55.00
309.09 171.06 81.00 55.00
312.98 172.38 81.00 55.00
318.81 173.70 81.00 55.00
322.70 175.02 81.00 55.00
326.59 176.34 81.00 55.00
330.48 177.66 81.00 55.00
334.37 178.98 81.00 55.00
337.71 179.91 82.21 55.82
341.65 179.91 82.21 55.82
345.60 181.25 82.21 55.82
349.54 181.25 82.21 55.82
353.49 182.59 82.21 55.82
357.44 182.59 82.21 55.82
361.38 182.59 82.21 55.82
365.33 183.93 82.21 55.82
367.30 183.93 82.21 55.82
371.25 183.93 82.21 55.82
375.74 184.34 81.00 55.00
377.69 184.34 81.00 55.00
381.58 184.34 81.00 55.00
385.46 184.34 81.00 55.00
386.83 185.27 82.21 55.82
390.78 185.27 82.21 55.82
394.72 185.27 82.21 55.82
399.22 185.68 81.00 55.00
401.16 185.68 81.00 55.00
405.05 185.68 81.00 55.00
408.94 185.68 81.00 55.00
410.88 185.68 81.00 55.00
414.77 185.68 81.00 55.00
416.71 185.68 81.00 55.00
422.55 185.68 81.00 55.00
424.49 185.68 81.00 55.00
428.38 187.00 81.00 55.00
432.27 187.00 81.00 55.00
436.70 187.41 79.80 54.19
438.04 188.32 81.00 55.00
441.93 188.32 81.00 55.00
445.82 188.32 81.00 55.00
450.25 188.73 79.80 54.19
451.59 189.64 81.00 55.00
456.02 190.05 79.80 54.19
460.38 190.45 78.62 53.39
464.16 191.73 78.62 53.39
466.05 193.01 78.62 53.39
470.34 193.40 77.46 52.60
472.20 194.67 77.46 52.60
475.92 195.93 77.46 52.60
477.23 195.53 78.62 53.39
481.00 195.53 78.62 53.39
482.89 196.81 78.62 53.39
487.19 198.47 77.46 52.60
491.42 200.10 76.32 51.82
495.60 201.71 75.19 51.05
499.71 203.30 74.08 50.30
502.01 204.86 72.98 49.56
505.51 206.05 72.98 49.56
507.26 207.24 72.98 49.56
509.53 207.60 71.90 48.82
510.74 208.43 72.98 49.56
512.49 209.62 72.98 49.56
517.74 211.99 72.98 49.56
523.00 213.18 72.98 49.56
527.79 215.23 74.08 50.30
530.84 217.30 75.19 51.05
534.45 218.52 75.19 51.05
538.06 219.75 75.19 51.05
538.61 221.33 74.08 50.30
540.91 222.90 72.98 49.56
541.45 223.26 71.90 48.82
541.98 223.62 70.84 48.10
543.18 225.61 71.90 48.82
546.14 226.43 72.98 49.56
549.64 227.62 72.98 49.56
553.63 229.16 71.90 48.82
555.87 230.67 70.84 48.10
558.06 231.03 69.80 47.39
560.23 232.50 68.76 46.69
560.74 233.95 67.75 46.00
558.58 234.72 68.76 46.69
558.06 235.51 69.80 47.39
558.06 236.65 69.80 47.39
560.23 237.00 68.76 46.69
560.74 237.34 67.75 46.00
560.23 237.00 68.76 46.69
559.72 237.78 69.80 47.39
559.72 237.78 69.80 47.39
559.19 238.58 70.84 48.10
560.39 239.39 71.90 48.82
560.92 239.75 70.84 48.10
559.22 240.91 70.84 48.10
559.22 240.91 70.84 48.10
559.22 240.91 70.84 48.10
557.52 240.91 70.84 48.10
557.52 240.91 70.84 48.10
557.52 242.06 70.84 48.10
555.82 242.06 70.84 48.10
555.82 243.22 70.84 48.10
555.82 243.22 70.84 48.10
555.82 244.37 70.84 48.10
554.12 244.37 70.84 48.10
554.12 245.53 70.84 48.10
554.12 246.68 70.84 48.10
554.12 246.68 70.84 48.10
552.42 246.68 70.84 48.10
551.89 247.49 71.90 48.82
551.35 248.32 72.98 49.56
550.80 249.15 74.08 50.30
549.02 249.15 74.08 50.30
548.46 250.00 75.19 51.05
546.07 249.62 76.32 51.82
543.64 250.49 77.46 52.60
543.06 251.38 78.62 53.39
540.55 250.98 79.80 54.19
538.01 251.89 81.00 55.00
537.40 251.48 82.22 55.82
537.40 251.48 82.22 55.82
534.78 252.42 83.45 56.66
534.78 252.42 83.45 56.66
532.78 253.78 83.45 56.66
530.78 253.78 83.45 56.66
529.42 254.20 82.22 55.82
527.45 254.20 82.22 55.82
525.47 255.54 82.22 55.82
524.86 255.12 83.45 56.66
522.20 254.69 84.70 57.51
521.56 254.26 85.97 58.37
520.92 255.25 87.26 59.25
518.14 254.80 88.57 60.14
517.47 255.82 89.90 61.04
516.80 255.36 91.25 61.96
513.89 254.89 92.61 62.89
513.20 254.42 94.00 63.83
512.49 253.94 95.41 64.79
509.45 255.04 96.85 65.76
506.37 256.14 98.30 66.75
504.77 256.64 96.85 65.76
500.91 258.68 95.41 64.79
499.36 259.16 94.00 63.83
497.83 259.63 92.61 62.89
494.13 260.09 91.25 61.96
494.13 260.09 91.25 61.96
493.45 259.63 92.61 62.89
491.94 260.09 91.25 61.96
489.75 260.09 91.25 61.96
489.07 259.63 92.61 62.89
487.56 260.09 91.25 61.96
485.37 260.09 91.25 61.96
482.46 261.14 92.61 62.89
481.77 260.67 94.00 63.83
480.24 259.63 92.61 62.89
478.74 260.09 91.25 61.96
476.55 260.09 91.25 61.96
475.06 260.55 89.90 61.04
475.06 260.55 89.90 61.04
472.91 260.55 89.90 61.04
470.75 260.55 89.90 61.04
469.29 261.00 88.57 60.14
467.16 261.00 88.57 60.14
465.72 261.45 87.26 59.25
465.07 262.44 88.57 60.14
462.25 261.99 89.90 61.04
461.57 261.54 91.25 61.96
460.09 261.99 89.90 61.04
457.93 261.99 89.90 61.04
456.47 262.44 88.57 60.14
452.93 262.89 87.26 59.25
451.52 261.93 85.97 58.37
450.12 262.36 84.70 57.51
448.74 262.78 83.45 56.66
445.41 261.86 82.22 55.83
444.08 262.27 81.00 55.00
442.76 262.68 79.80 54.19
442.16 262.27 81.00 55.00
440.22 262.27 81.00 55.00
438.90 261.38 79.80 54.19
436.98 261.38 79.80 54.19
436.39 260.97 81.00 55.00
435.07 261.38 79.80 54.19
433.15 261.38 79.80 54.19
432.56 260.97 81.00 55.00
431.24 261.38 79.80 54.19
429.32 261.38 79.80 54.19
428.72 260.97 81.00 55.00
428.12 260.56 82.22 55.83
426.14 260.56 82.22 55.83
424.81 259.65 81.00 55.00
423.49 260.06 79.80 54.19
422.19 260.46 78.62 53.39
420.92 260.85 77.46 52.60
420.33 259.18 78.62 53.39
419.74 258.78 79.80 54.19
419.15 258.37 81.00 55.00
416.57 257.96 82.22 55.83
415.95 258.90 83.45 56.66
413.29 258.48 84.70 57.51
412.65 258.04 85.97 58.37
409.92 259.03 87.26 59.25
407.14 258.58 88.57 60.14
405.01 258.58 88.57 60.14
403.57 257.61 87.26 59.25
402.15 258.04 85.97 58.37
400.75 258.48 84.70 57.51
399.38 258.90 83.45 56.66
398.75 258.48 84.70 57.51
396.72 258.48 84.70 57.51
395.34 258.90 83.45 56.66
393.34 258.90 83.45 56.66
392.71 258.48 84.70 57.51
390.01 259.45 85.97 58.37
387.95 259.45 85.97 58.37
385.89 259.45 85.97 58.37
385.89 259.45 85.97 58.37
383.15 260.43 87.26 59.25
382.49 259.99 88.57 60.14
379.67 261.00 89.90 61.04
379.00 260.54 91.25 61.96
376.09 261.59 92.61 62.89
375.40 261.11 94.00 63.83
373.14 261.11 94.00 63.83
370.15 262.19 95.41 64.79
367.11 263.28 96.85 65.76
366.38 262.79 98.30 66.75
368.04 262.29 99.77 67.75
367.29 261.78 101.27 68.76
364.86 261.78 101.27 68.76
364.86 261.78 101.27 68.76
362.43 261.78 101.27 68.76
360.00 261.78 101.27 68.76
356.77 262.94 102.79 69.79
356.77 262.94 102.79 69.79
354.30 262.94 102.79 69.79
354.30 262.94 102.79 69.79
351.03 262.42 104.33 70.84
351.03 262.42 104.33 70.84
347.71 263.61 105.89 71.90
342.62 263.61 105.89 71.90
340.90 264.14 104.33 70.84
339.20 264.67 102.79 69.79
335.93 265.84 104.33 70.84
334.23 266.37 102.79 69.79
334.23 266.37 102.79 69.79
330.96 265.84 104.33 70.84
327.64 267.04 105.89 71.90
326.84 266.50 107.48 72.98
323.42 265.95 109.10 74.08
320.80 267.73 109.10 74.08
318.18 267.73 109.10 74.08
312.94 269.51 109.10 74.08
309.47 270.76 110.73 75.19
308.64 270.19 112.39 76.32
305.06 269.62 114.08 77.46
304.20 269.04 115.79 78.62
300.51 270.36 117.53 79.80
298.60 270.95 115.79 78.62
297.73 272.28 117.53 79.80
294.91 272.28 117.53 79.80
294.91 272.28 117.53 79.80
291.17 271.68 119.29 81.00
291.17 271.68 119.29 81.00
290.27 271.07 121.08 82.21
286.42 270.46 122.89 83.45
286.42 270.46 122.89 83.45
286.42 270.46 122.89 83.45
283.47 270.46 122.89 83.45
283.47 270.46 122.89 83.45
280.52 270.46 122.89 83.45
280.52 270.46 122.89 83.45
277.57 270.46 122.89 83.45
277.57 270.46 122.89 83.45
273.65 269.83 124.74 84.70
273.65 269.83 124.74 84.70
269.68 269.19 126.61 85.97
269.68 269.19 126.61 85.97
266.64 269.19 126.61 85.97
267.57 269.83 124.74 84.70
267.57 269.83 124.74 84.70
267.57 269.83 124.74 84.70
264.58 267.80 124.74 84.70
265.50 268.42 122.89 83.45
262.55 268.42 122.89 83.45
261.63 267.80 124.74 84.70
262.55 268.42 122.89 83.45
262.55 268.42 122.89 83.45
263.46 269.04 121.08 82.21
264.36 269.65 119.29 81.00
262.42 270.25 117.53 79.80
263.28 270.84 115.79 78.62
264.14 271.42 114.08 77.46
264.98 271.99 112.39 76.32
264.98 273.82 112.39 76.32
264.98 273.82 112.39 76.32
265.81 276.19 110.73 75.19
266.63 276.74 109.10 74.08
266.63 278.52 109.10 74.08
267.44 279.07 107.48 72.98
267.44 280.82 107.48 72.98
264.01 280.27 109.10 74.08
264.01 278.50 109.10 74.08
263.20 277.94 110.73 75.19
259.67 275.55 112.39 76.32
258.82 274.97 114.08 77.46
255.19 274.39 115.79 78.62
255.19 272.50 115.79 78.62
254.32 271.92 117.53 79.80
250.58 271.32 119.29 81.00
249.68 268.74 121.08 82.21
245.83 268.12 122.89 83.45
244.90 267.49 124.74 84.70
244.90 265.46 124.74 84.70
240.93 264.83 126.61 85.97
239.98 262.09 128.51 87.26
236.90 262.09 128.51 87.26
235.93 259.31 130.44 88.57
233.81 259.96 128.51 87.26
232.85 259.31 130.44 88.57
232.85 259.31 130.44 88.57
229.72 259.31 130.44 88.57
229.72 259.31 130.44 88.57
228.74 258.64 132.39 89.90
226.59 259.31 130.44 88.57
225.61 258.64 132.39 89.90
222.43 258.64 132.39 89.90
222.43 258.64 132.39 89.90
219.25 258.64 132.39 89.90
217.10 257.18 130.44 88.57
217.10 257.18 130.44 88.57
213.97 257.18 130.44 88.57
213.97 257.18 130.44 88.57
210.84 257.18 130.44 88.57
208.72 257.84 128.51 87.26
208.72 257.84 128.51 87.26
205.64 257.84 128.51 87.26
203.55 258.48 126.61 85.97
200.51 258.48 126.61 85.97
199.56 257.84 128.51 87.26
196.47 255.74 128.51 87.26
195.51 255.09 130.44 88.57
191.35 252.26 132.39 89.90
190.36 249.40 134.38 91.24
189.35 248.72 136.39 92.61
185.01 245.77 138.44 94.00
183.97 242.77 140.52 95.41
182.92 242.06 142.62 96.84
178.37 238.97 144.76 98.30
177.29 235.84 146.94 99.77
172.60 235.09 149.14 101.27
171.49 231.86 151.38 102.79
166.66 231.09 153.65 104.33
165.51 227.77 155.95 105.89
164.34 224.39 158.29 107.48
163.15 220.97 160.67 109.09
158.04 217.49 163.08 110.73
152.84 213.97 165.52 112.39
147.57 210.39 168.00 114.08
144.84 205.83 165.52 112.39
142.14 201.35 163.08 110.73
143.35 199.55 160.67 109.09
138.23 198.73 163.08 110.73
133.04 195.20 165.52 112.39
123.73 191.62 168.00 114.08
122.47 190.77 170.52 115.79
117.04 187.08 173.08 117.53
111.52 186.20 175.68 119.29
105.93 182.40 178.31 121.08
104.59 181.49 180.99 122.89
100.24 178.54 180.99 122.89
97.30 176.54 178.31 121.08
94.40 174.57 175.68 119.29
91.55 172.63 173.08 117.53
88.73 170.72 170.52 115.79
85.96 168.84 168.00 114.08
83.23 166.99 165.52 112.39
80.54 165.16 163.08 110.73
77.89 163.36 160.67 109.09
76.68 159.88 163.08 110.73
71.49 156.36 165.52 112.39
70.25 155.51 168.00 114.08
64.89 151.88 170.52 115.79
63.62 148.19 173.08 117.53
59.46 145.37 173.08 117.53
60.74 143.46 170.52 115.79
62.00 141.58 168.00 114.08
59.27 139.72 165.52 112.39
58.03 138.88 168.00 114.08
59.27 137.02 165.52 112.39
56.58 135.20 163.08 110.73
53.93 133.40 160.67 109.09
55.11 131.62 158.29 107.48
52.54 129.88 155.95 105.89
50.01 128.15 153.65 104.33
47.51 128.93 151.38 102.79
47.51 126.46 151.38 102.79
47.51 123.99 151.38 102.79
47.51 123.99 151.38 102.79
47.51 121.52 151.38 102.79
46.37 120.75 153.65 104.33
43.88 119.06 151.38 102.79
43.88 116.59 151.38 102.79
42.74 115.82 153.65 104.33
40.24 114.12 151.38 102.79
40.24 111.66 151.38 102.79
39.11 110.89 153.65 104.33
40.24 109.19 151.38 102.79
37.78 107.52 149.14 101.27
38.88 108.27 146.94 99.77
36.49 106.65 144.76 98.30
37.56 105.05 142.62 96.84
37.56 105.05 142.62 96.84
37.56 102.72 142.62 96.84
37.56 102.72 142.62 96.84
37.56 100.40 142.62 96.84
35.25 101.12 140.52 95.41
36.28 99.56 138.44 94.00
34.03 98.04 136.39 92.61
35.04 98.72 134.38 91.24
38.27 96.53 134.38 91.24
37.26 95.85 136.39 92.61
38.27 94.34 134.38 91.24
39.26 92.86 132.39 89.90
40.24 91.40 130.44 88.57
40.24 91.40 130.44 88.57
41.20 89.96 128.51 87.26
40.24 89.30 130.44 88.57
41.20 87.86 128.51 87.26
41.20 87.86 128.51 87.26
42.15 86.44 126.61 85.97
43.09 87.08 124.74 84.70
44.01 85.70 122.89 83.45
43.09 85.08 124.74 84.70
43.09 85.08 124.74 84.70
43.09 85.08 124.74 84.70
44.01 83.70 122.89 83.45
44.92 84.32 121.08 82.21
48.67 82.98 119.29 81.00
52.38 83.58 117.53 79.80
52.38 83.58 117.53 79.80
55.20 83.58 117.53 79.80
54.32 82.98 119.29 81.00
54.32 82.98 119.29 81.00
57.18 82.98 119.29 81.00
60.04 82.98 119.29 81.00
60.04 82.98 119.29 81.00
62.90 82.98 119.29 81.00
65.77 82.98 119.29 81.00
64.87 84.34 121.08 82.21
66.91 83.73 122.89 83.45
68.99 85.14 124.74 84.70
71.09 84.50 126.61 85.97
73.22 85.95 128.51 87.26
75.39 87.42 130.44 88.57
77.59 86.76 132.39 89.90
79.82 88.27 134.38 91.24
82.09 89.81 136.39 92.61
84.39 91.37 138.44 94.00
83.35 90.67 140.52 95.41
85.72 92.28 142.62 96.84
90.14 92.99 140.52 95.41
94.51 93.70 138.44 94.00
98.80 94.39 136.39 92.61
102.07 94.39 136.39 92.61
104.37 93.70 138.44 94.00
107.70 93.70 138.44 94.00
115.27 94.39 136.39 92.61
119.50 95.07 134.38 91.24
121.77 96.61 136.39 92.61
126.00 97.30 134.38 91.24
130.17 95.81 132.39 89.90
133.35 95.81 132.39 89.90
135.58 97.33 134.38 91.24
137.84 96.65 136.39 92.61
145.30 97.33 134.38 91.24
149.47 98.00 132.39 89.90
153.58 98.67 130.44 88.57
155.78 98.00 132.39 89.90
158.01 99.52 134.38 91.24
160.28 98.84 136.39 92.61
162.58 98.14 138.44 94.00
165.90 100.40 138.44 94.00
173.47 101.09 136.39 92.61
177.70 101.78 134.38 91.24
179.97 103.31 136.39 92.61
182.27 102.62 138.44 94.00
184.60 104.20 140.52 95.41
186.97 105.81 142.62 96.84
194.77 106.53 140.52 95.41
198.14 108.82 140.52 95.41
201.52 111.11 140.52 95.41
209.20 111.81 138.44 94.00
211.53 113.40 140.52 95.41
213.90 115.01 142.62 96.84
216.31 116.64 144.76 98.30
222.27 118.30 146.94 99.77
226.83 119.03 144.76 98.30
234.75 119.76 142.62 96.84
237.15 121.39 144.76 98.30
243.12 120.66 146.94 99.77
246.65 120.66 146.94 99.77
254.68 119.03 144.76 98.30
262.60 117.44 142.62 96.84
266.02 117.44 142.62 96.84
272.87 115.11 142.62 96.84
280.67 113.54 140.52 95.41
285.03 111.99 138.44 94.00
291.67 109.73 138.44 94.00
294.01 106.74 140.52 95.41
299.80 103.70 142.62 96.84
305.68 100.61 144.76 98.30
308.12 97.48 146.94 99.77
310.59 94.30 149.14 101.27
313.11 91.07 151.38 102.79
316.74 88.61 151.38 102.79
317.86 86.94 149.14 101.27
321.44 84.51 149.14 101.27
325.02 82.08 149.14 101.27
328.60 79.64 149.14 101.27
332.18 77.21 149.14 101.27
331.06 76.45 151.38 102.79
334.69 73.99 151.38 102.79
338.33 71.52 151.38 102.79
341.96 69.05 151.38 102.79
340.82 65.78 153.65 104.33
344.51 65.78 153.65 104.33
345.65 64.08 151.38 102.79
346.76 64.84 149.14 101.27
343.19 64.84 149.14 101.27
344.29 63.20 146.94 99.77
344.29 63.20 146.94 99.77
345.37 63.93 144.76 98.30
344.29 63.20 146.94 99.77
347.81 63.20 146.94 99.77
345.43 63.93 144.76 98.30
345.43 63.93 144.76 98.30
345.43 63.93 144.76 98.30
344.34 63.20 146.94 99.77
346.82 64.88 149.14 101.27
345.70 64.12 151.38 102.79
344.56 63.35 153.65 104.33
348.25 63.35 153.65 104.33
349.39 64.12 151.38 102.79
349.39 64.12 151.38 102.79
349.39 64.12 151.38 102.79
348.25 63.35 153.65 104.33
350.84 65.11 155.95 105.89
350.84 65.11 155.95 105.89
350.84 65.11 155.95 105.89
349.67 66.89 158.29 107.48
348.48 66.09 160.67 109.09
348.48 66.09 160.67 109.09
351.19 67.93 163.08 110.73
348.54 68.74 160.67 109.09
348.54 68.74 160.67 109.09
349.73 69.55 158.29 107.48
348.54 68.74 160.67 109.09
351.25 67.93 163.08 110.73
351.25 67.93 163.08 110.73
351.25 67.93 163.08 110.73
351.25 67.93 163.08 110.73
347.34 67.93 163.08 110.73
