153.00 105.00 26.00 43.00
152.17 98.39 26.39 43.65
151.97 92.75 26.79 44.30
151.97 86.37 26.79 44.30
151.33 79.99 26.79 44.30
151.13 75.34 27.19 44.96
150.26 71.72 27.60 45.64
148.04 70.26 28.01 46.32
144.01 69.15 28.01 46.32
139.97 68.04 28.01 46.32
134.30 65.44 28.43 47.02
129.14 64.67 28.01 46.32
122.72 63.92 27.60 45.64
115.44 61.73 27.60 45.64
110.14 61.73 27.60 45.64
108.38 60.99 27.19 44.96
109.23 60.26 26.79 44.30
109.43 58.49 26.39 43.65
107.75 54.68 26.00 43.00
104.25 52.97 25.62 42.36
99.60 50.28 25.24 41.74
93.54 48.27 25.24 41.74
87.48 45.27 25.24 41.74
82.03 42.26 25.24 41.74
76.85 39.61 24.86 41.12
72.91 38.94 24.50 40.51
71.36 38.28 24.13 39.92
72.68 39.52 23.78 39.33
75.10 39.81 23.43 38.74
78.60 41.01 23.08 38.17
83.68 44.91 22.74 37.61
87.61 48.74 22.40 37.05
90.96 53.40 22.07 36.50
93.48 57.57 22.40 37.05
96.04 62.71 22.74 37.61
100.51 68.32 22.40 37.05
104.27 71.88 22.40 37.05
109.21 73.03 22.07 36.50
114.59 74.16 21.75 35.96
120.78 70.38 22.07 36.50
125.46 63.00 22.40 37.05
129.86 56.26 22.07 36.50
134.20 47.90 21.75 35.96
138.90 40.13 21.75 35.96
142.97 39.86 22.07 36.50
147.11 38.70 22.40 37.05
151.85 38.42 22.74 37.61
155.00 37.22 23.08 38.17
157.90 37.50 22.74 37.61
159.15 38.67 22.40 37.05
161.43 36.32 22.07 36.50
163.68 34.00 21.75 35.96
167.44 33.41 21.42 35.43
174.18 36.19 21.11 34.91
182.80 38.70 21.11 34.91
191.89 40.99 21.42 35.43
200.08 45.90 21.75 35.96
206.81 50.89 22.07 36.50
214.71 55.95 22.40 37.05
222.18 61.99 22.74 37.61
229.21 66.29 23.08 38.17
235.38 71.99 22.74 37.61
241.47 76.71 22.40 37.05
246.76 80.95 22.74 37.61
250.46 85.25 23.08 38.17
252.54 88.68 23.43 38.74
252.93 90.28 23.78 39.33
252.55 92.43 23.43 38.74
251.98 95.22 23.43 38.74
251.60 98.25 23.08 38.17
248.83 102.83 23.08 38.17
239.10 109.98 23.43 38.74
223.52 120.08 23.78 39.33
207.12 131.28 24.13 39.92
