571.00 291.00 34.00 81.00
571.25 291.60 33.50 79.80
570.71 290.30 33.00 78.62
570.95 290.88 32.51 77.46
570.42 289.62 32.03 76.32
568.88 289.62 32.03 76.32
567.86 290.91 32.51 77.46
567.34 289.65 32.03 76.32
566.81 288.41 31.56 75.19
566.06 286.61 31.56 75.19
564.05 287.16 31.09 74.08
562.56 296.05 31.09 74.08
560.81 297.30 31.56 75.19
558.27 296.74 32.03 76.32
555.69 296.16 32.51 77.46
552.27 295.58 33.00 78.62
549.11 295.58 33.00 78.62
554.81 290.59 32.51 77.46
552.98 290.00 33.00 78.62
549.33 292.44 32.51 77.46
547.26 293.02 32.03 76.32
544.47 293.58 31.56 75.19
542.19 295.39 31.56 75.19
539.65 296.65 32.03 76.32
537.34 298.48 32.03 76.32
536.32 301.63 32.51 77.46
536.87 301.05 33.00 78.62
535.82 300.46 33.50 79.80
533.94 297.92 34.00 81.00
533.68 299.28 34.51 82.22
533.94 301.83 34.00 81.00
532.85 301.23 34.51 82.22
530.91 300.61 35.03 83.45
531.17 299.25 34.51 82.22
531.43 297.92 34.00 81.00
531.43 297.92 34.00 81.00
531.68 298.52 33.50 79.80
532.72 299.11 33.00 78.62
533.28 298.52 33.50 79.80
534.66 295.97 34.00 81.00
536.52 294.66 33.50 79.80
537.55 293.36 33.00 78.62
536.50 308.09 33.50 79.80
537.88 309.44 34.00 81.00
540.11 304.88 34.51 82.22
537.33 306.27 35.03 83.45
528.48 300.97 34.51 82.22
536.90 307.41 34.00 81.00
544.24 299.63 34.00 81.00
544.49 298.31 33.50 79.80
544.74 300.79 33.00 78.62
545.76 301.37 32.51 77.46
546.00 301.94 32.03 76.32
546.54 303.23 32.51 77.46
547.88 306.42 33.00 78.62
549.24 307.75 33.50 79.80
551.44 309.09 34.00 81.00
552.84 308.49 34.51 82.22
553.42 307.87 35.03 83.45
554.51 308.49 34.51 82.22
554.77 311.04 34.00 81.00
554.51 312.40 34.51 82.22
553.95 311.07 34.00 81.00
553.13 309.12 34.00 81.00
552.58 307.81 33.50 79.80
550.97 307.81 33.50 79.80
549.91 307.21 34.00 81.00
547.75 305.89 33.50 79.80
546.94 302.06 33.50 79.80
546.14 300.15 33.50 79.80
544.80 298.85 33.00 78.62
542.14 307.84 33.50 79.80
541.60 312.20 33.00 78.62
543.76 311.61 33.50 79.80
541.88 311.01 34.00 81.00
541.62 310.40 34.51 82.22
541.36 309.79 35.03 83.45
539.97 308.43 34.51 82.22
539.41 309.04 34.00 81.00
539.41 310.98 34.00 81.00
538.85 311.58 33.50 79.80
539.10 312.17 33.00 78.62
540.13 314.61 32.51 77.46
541.47 317.80 33.00 78.62
542.02 319.13 33.50 79.80
544.22 322.42 34.00 81.00
545.62 321.81 34.51 82.22
547.28 323.78 34.51 82.22
548.35 326.33 34.00 81.00
548.92 329.67 34.51 82.22
549.75 331.65 34.51 82.22
550.00 332.25 34.00 81.00
550.00 332.25 34.00 81.00
550.00 332.25 34.00 81.00
551.06 332.85 33.50 79.80
551.62 332.25 34.00 81.00
551.37 331.65 34.51 82.22
551.95 329.03 35.03 83.45
553.87 327.67 34.51 82.22
553.31 328.28 34.00 81.00
552.75 328.88 33.50 79.80
553.79 327.58 33.00 78.62
564.00 334.65 33.50 79.80
564.56 336.00 34.00 81.00
562.65 335.39 34.51 82.22
561.55 334.77 35.03 83.45
561.81 333.42 34.51 82.22
562.06 334.02 34.00 81.00
562.64 335.39 34.51 82.22
562.89 336.00 34.00 81.00
564.75 334.68 33.50 79.80
567.37 337.16 33.00 78.62
569.54 338.48 33.50 79.80
572.55 339.83 34.00 81.00
573.95 341.19 34.51 82.22
577.06 340.58 35.03 83.45
581.06 339.95 35.55 84.70
583.62 339.95 35.55 84.70
587.25 340.58 35.03 83.45
589.77 342.58 35.03 83.45
592.51 341.22 34.51 82.22
593.09 338.60 35.03 83.45
595.01 337.25 34.51 82.22
596.08 335.91 34.00 81.00
597.48 333.33 34.51 82.22
597.22 330.71 35.03 83.45
597.81 328.05 35.55 84.70
598.92 322.67 35.03 83.45
599.17 321.31 34.51 82.22
598.61 319.98 34.00 81.00
598.06 316.74 33.50 79.80
609.23 323.92 34.00 81.00
609.23 321.98 34.00 81.00
607.32 319.40 34.51 82.22
604.31 316.12 34.00 81.00
603.76 314.80 33.50 79.80
601.88 312.26 34.00 81.00
601.32 310.94 33.50 79.80
599.99 311.53 33.00 78.62
597.89 310.25 32.51 77.46
597.11 310.25 32.51 77.46
596.87 309.67 33.00 78.62
596.62 309.08 33.50 79.80
596.37 310.43 34.00 81.00
596.11 309.82 34.51 82.22
597.18 310.43 34.00 81.00
598.00 310.43 34.00 81.00
599.06 311.03 33.50 79.80
600.09 311.61 33.00 78.62
600.09 313.50 33.00 78.62
599.04 312.91 33.50 79.80
598.24 311.00 33.50 79.80
598.49 309.70 33.00 78.62
598.49 309.70 33.00 78.62
598.24 309.11 33.50 79.80
596.90 307.81 33.00 78.62
596.37 306.53 32.51 77.46
595.84 303.44 32.03 76.32
594.56 302.20 31.56 75.19
593.30 299.20 31.09 74.08
593.30 300.98 31.09 74.08
593.07 302.23 31.56 75.19
600.52 301.67 32.03 76.32
598.21 299.83 32.03 76.32
595.63 297.40 32.51 77.46
594.33 296.14 32.03 76.32
593.06 296.71 31.56 75.19
591.05 297.26 31.09 74.08
590.30 297.26 31.09 74.08
590.53 299.56 30.63 72.98
591.48 298.38 30.18 71.90
593.46 301.34 30.63 72.98
596.22 302.57 31.09 74.08
598.26 305.62 31.56 75.19
601.10 305.06 32.03 76.32
605.88 307.43 31.56 75.19
610.59 311.54 31.09 74.08
615.23 313.84 30.63 72.98
620.53 316.10 30.18 71.90
623.98 319.07 30.63 72.98
626.92 319.07 30.63 72.98
630.04 319.61 30.18 71.90
633.12 321.84 29.74 70.84
635.97 323.54 29.74 70.84
637.60 325.74 29.30 69.80
638.81 325.21 29.74 70.84
641.84 325.74 29.30 69.80
643.44 326.25 28.86 68.76
643.65 328.39 28.44 67.75
643.86 328.89 28.02 66.75
646.06 332.54 27.60 65.76
643.83 335.25 28.02 66.75
643.62 338.00 28.44 67.75
657.96 337.49 28.86 68.76
656.34 338.65 29.30 69.80
654.93 336.97 29.30 69.80
654.23 338.65 29.30 69.80
653.52 338.65 29.30 69.80
652.59 338.13 29.74 70.84
652.37 337.60 30.18 71.90
652.59 338.13 29.74 70.84
652.81 338.65 29.30 69.80
652.59 338.13 29.74 70.84
652.37 337.60 30.18 71.90
653.30 338.13 29.74 70.84
654.23 336.97 29.30 69.80
655.14 335.84 28.86 68.76
655.35 337.97 28.44 67.75
654.67 337.97 28.44 67.75
654.67 334.72 28.44 67.75
654.67 331.47 28.44 67.75
655.55 330.37 28.02 66.75
655.34 328.24 28.44 67.75
655.82 327.73 28.86 68.76
655.60 327.22 29.30 69.80
657.20 326.08 28.86 68.76
659.46 326.59 28.44 67.75
660.64 326.08 28.86 68.76
660.17 328.22 28.44 67.75
661.72 330.32 28.02 66.75
661.93 337.13 27.60 65.76
662.79 337.61 27.19 64.79
665.56 339.62 26.79 63.83
668.29 341.60 26.40 62.89
671.61 343.56 26.01 61.96
676.72 344.01 25.62 61.04
684.02 345.04 26.01 61.96
690.16 344.58 26.40 62.89
692.53 347.17 26.79 63.83
694.29 348.25 27.19 64.79
696.73 349.34 27.60 65.76
699.22 352.05 28.02 66.75
699.69 353.18 28.44 67.75
701.24 355.28 28.02 66.75
702.78 355.77 27.60 65.76
703.63 356.26 27.19 64.79
705.12 358.27 26.79 63.83
705.95 360.25 26.40 62.89
704.90 360.71 26.01 61.96
704.07 360.25 26.40 62.89
702.59 358.24 26.79 63.83
701.52 358.72 26.40 62.89
700.46 359.18 26.01 61.96
699.00 358.72 26.40 62.89
697.73 358.72 26.40 62.89
697.30 359.18 26.01 61.96
696.88 359.64 25.62 61.04
695.25 360.09 25.24 60.14
691.86 361.96 24.87 59.25
690.46 364.40 25.24 60.14
689.45 367.69 24.87 59.25
689.05 368.13 24.50 58.38
684.69 373.38 24.87 59.25
682.68 377.26 25.24 60.14
682.08 378.70 25.24 60.14
681.47 380.15 25.24 60.14
690.56 378.70 25.24 60.14
688.14 380.15 25.24 60.14
685.71 381.59 25.24 60.14
685.11 383.03 25.24 60.14
685.29 386.32 24.87 59.25
684.50 387.32 25.24 60.14
683.29 390.21 25.24 60.14
683.48 392.08 24.87 59.25
684.84 392.51 24.50 58.38
685.60 394.32 24.14 57.51
686.59 395.29 24.50 58.38
687.60 397.70 24.87 59.25
689.39 399.12 24.87 59.25
689.39 400.54 24.87 59.25
688.99 399.58 24.50 58.38
689.58 399.58 24.50 58.38
690.34 401.39 24.14 57.51
690.51 403.18 23.78 56.66
690.34 402.75 24.14 57.51
690.34 402.75 24.14 57.51
690.51 401.82 23.78 56.66
690.69 400.90 23.43 55.83
689.20 401.31 23.09 55.00
688.28 401.72 22.75 54.19
687.00 401.31 23.09 55.00
686.27 400.90 23.43 55.83
685.14 400.90 23.43 55.83
684.76 401.31 23.09 55.00
682.34 403.58 23.43 55.83
684.44 401.80 23.78 56.66
686.16 401.80 23.78 56.66
689.71 399.54 23.43 55.83
691.39 399.54 23.43 55.83
692.93 399.12 23.78 56.66
695.65 397.31 24.14 57.51
698.11 397.74 23.78 56.66
701.10 399.50 23.43 55.83
703.21 400.44 23.78 56.66
706.76 399.52 23.43 55.83
711.26 399.52 23.43 55.83
714.63 399.52 23.43 55.83
717.57 399.93 23.09 55.00
719.65 400.86 23.43 55.83
722.33 400.44 23.78 56.66
