111.00 98.00 25.00 101.00
111.42 102.16 25.37 102.51
110.61 103.89 25.76 104.05
111.05 105.65 26.14 105.61
109.58 104.85 26.53 107.20
110.40 105.65 26.14 105.61
109.15 108.18 26.14 105.61
107.68 112.53 26.53 107.20
104.49 112.53 26.53 107.20
102.81 115.86 26.14 105.61
98.15 117.64 26.53 107.20
93.96 118.43 26.14 105.61
92.30 114.22 25.76 104.05
88.83 112.53 25.37 102.51
87.22 108.44 25.00 101.00
89.18 109.18 24.63 99.51
88.78 109.92 24.27 98.04
89.19 111.57 24.63 99.51
90.80 110.83 25.00 101.00
93.05 112.53 25.37 102.52
94.71 111.76 25.76 104.05
97.03 108.44 26.14 105.61
100.66 107.65 26.53 107.20
100.46 106.85 26.93 108.81
102.40 106.85 26.93 108.81
103.51 108.68 27.34 110.44
104.63 110.54 27.75 112.09
105.30 110.54 27.75 112.09
106.63 107.85 27.75 112.09
106.84 103.38 27.34 110.44
106.39 98.98 26.93 108.81
104.68 97.21 26.53 107.20
104.25 98.00 26.14 105.61
104.44 96.28 25.76 104.05
105.85 99.51 25.37 102.52
106.28 101.24 25.76 104.05
105.86 102.01 25.38 102.52
106.29 101.24 25.76 104.05
104.21 100.46 26.14 105.61
105.47 95.39 26.14 105.61
104.63 94.60 26.53 107.20
103.79 93.79 26.93 108.81
102.27 95.63 27.34 110.44
101.40 97.49 27.75 112.09
99.17 96.65 28.16 113.78
95.53 95.80 28.58 115.48
91.68 96.65 28.16 113.78
87.23 94.80 27.75 112.09
83.50 90.33 27.34 110.44
81.76 91.14 26.93 108.81
80.68 91.95 26.53 107.20
80.88 97.81 26.14 105.61
81.69 101.09 25.76 104.05
82.75 105.38 26.14 105.61
81.92 104.58 26.53 107.20
84.31 103.78 26.93 108.81
87.39 102.96 27.34 110.44
93.84 99.44 27.75 112.09
97.17 94.06 27.75 112.09
101.97 92.24 27.34 110.44
104.43 94.10 27.75 112.09
105.57 95.99 28.16 113.78
104.45 99.52 27.75 112.09
106.62 100.35 27.34 110.44
109.41 98.56 26.93 108.81
113.80 92.44 27.34 110.44
112.26 88.92 27.75 112.09
111.59 91.61 27.75 112.09
109.83 95.09 27.34 110.44
108.09 98.52 26.93 108.81
105.11 96.75 26.53 107.20
102.56 96.75 26.53 107.20
98.99 92.47 26.14 105.61
96.10 93.25 25.76 104.05
93.24 94.02 25.37 102.52
91.03 94.78 25.00 101.00
87.07 93.14 24.63 99.51
80.57 93.14 24.63 99.51
64.19 92.39 25.00 101.00
58.79 92.39 25.00 101.00
56.02 90.75 24.63 99.51
50.96 89.13 24.27 98.04
47.46 84.43 24.27 98.04
44.77 82.83 23.91 96.59
43.25 81.26 23.55 95.16
40.78 78.23 23.91 96.59
39.44 75.15 24.27 98.04
37.48 72.03 24.63 99.51
37.66 72.76 24.27 98.04
34.53 69.64 24.63 99.51
34.34 68.89 25.00 101.00
34.94 66.47 25.00 101.00
33.35 67.22 24.63 99.51
31.21 67.95 24.27 98.04
27.94 68.68 23.91 96.59
26.22 68.68 23.91 96.59
20.80 67.95 24.27 98.04
15.24 66.36 23.91 96.59
11.57 63.28 24.27 98.04
6.01 64.01 23.91 96.59
2.57 61.69 23.91 96.59
-2.60 59.37 23.91 96.59
-6.94 55.52 23.55 95.16
-11.71 52.48 23.91 96.59
-14.93 53.20 23.55 95.16
-17.54 53.90 23.21 93.75
-17.54 53.90 23.21 93.75
-18.28 32.64 23.55 95.16
-19.03 18.02 23.91 96.59
-19.03 22.66 23.91 96.59
-19.03 59.75 23.91 96.59
-19.21 66.08 24.27 98.04
-19.39 65.35 24.63 99.51
-19.57 67.02 25.00 101.00
-19.76 68.73 25.38 102.52
-19.95 72.95 25.76 104.05
-20.57 75.45 25.76 104.05
-20.76 79.74 26.14 105.61
-20.76 84.81 26.14 105.61
-20.76 87.34 26.14 105.61
-20.76 87.34 26.14 105.61
-20.96 86.55 26.53 107.20
-21.16 83.13 26.93 108.81
-20.96 83.94 26.53 107.20
-21.16 83.13 26.93 108.81
-21.36 82.32 27.34 110.44
-22.23 84.18 27.75 112.09
-22.23 86.87 27.75 112.09
-22.44 86.03 28.16 113.78
-22.44 86.03 28.16 113.78
-22.65 87.95 28.58 115.48
-22.65 90.72 28.58 115.48
-22.86 89.85 29.01 117.21
-23.08 91.83 29.45 118.97
-24.02 90.94 29.89 120.76
-24.24 95.92 30.34 122.57
-24.24 101.80 30.34 122.57
-24.47 100.88 30.79 124.41
-24.47 100.88 30.79 124.41
-24.47 100.88 30.79 124.41
-24.70 102.98 31.26 126.27
-24.94 102.03 31.72 128.17
-25.95 101.07 32.20 130.09
-26.19 100.09 32.68 132.04
-26.19 100.09 32.68 132.04
-26.43 99.10 33.17 134.02
-26.19 100.09 32.68 132.04
-26.43 95.89 33.17 134.02
-26.68 94.88 33.67 136.03
-26.93 93.86 34.18 138.07
-28.02 89.46 34.69 140.14
-28.02 86.10 34.69 140.14
-28.28 85.05 35.21 142.25
-28.55 83.98 35.74 144.38
-28.82 82.90 36.27 146.55
-28.55 83.98 35.74 144.38
-28.55 80.52 35.74 144.38
-28.82 75.92 36.27 146.55
-28.82 75.92 36.27 146.55
-29.09 78.39 36.82 148.74
-30.26 77.27 37.37 150.97
-30.54 76.14 37.93 153.24
-30.26 77.27 37.37 150.97
-30.54 76.14 37.93 153.24
-30.83 74.99 38.50 155.54
-30.54 72.46 37.93 153.24
-30.83 71.31 38.50 155.54
-31.11 73.93 39.08 157.87
-31.11 73.93 39.08 157.87
-30.83 75.10 38.50 155.54
-31.11 77.72 39.08 157.87
-30.83 78.89 38.50 155.54
-30.54 80.04 37.93 153.24
-30.54 76.36 37.93 153.24
-30.83 78.94 38.50 155.54
-30.83 78.94 38.50 155.54
-31.11 77.78 39.08 157.87
-31.41 80.44 39.66 160.24
-32.67 79.24 40.26 162.64
-32.97 81.98 40.86 165.08
-32.67 83.20 40.26 162.64
-32.67 79.30 40.26 162.64
-32.67 79.30 40.26 162.64
-32.97 78.08 40.86 165.08
-32.67 83.20 40.26 162.64
-32.97 81.98 40.86 165.08
-32.67 83.20 40.26 162.64
-32.67 79.30 40.26 162.64
-32.67 79.30 40.26 162.64
-32.67 79.30 40.26 162.64
-32.67 79.30 40.26 162.64
-32.67 75.39 40.26 162.64
-32.97 74.17 40.86 165.08
-32.67 75.39 40.26 162.64
-32.67 75.39 40.26 162.64
-32.67 75.39 40.26 162.64
-32.67 75.39 40.26 162.64
-32.97 70.21 40.86 165.08
-32.97 70.21 40.86 165.08
-33.28 68.97 41.47 167.56
-32.97 70.21 40.86 165.08
-32.67 71.43 40.26 162.64
-32.97 74.17 40.86 165.08
-32.97 74.17 40.86 165.08
-32.97 74.17 40.86 165.08
-32.97 74.17 40.86 165.08
-32.67 79.30 40.26 162.64
-32.67 79.30 40.26 162.64
-32.67 83.20 40.26 162.64
-32.67 83.20 40.26 162.64
-32.67 83.20 40.26 162.64
-32.97 81.98 40.86 165.08
-32.67 87.10 40.26 162.64
-32.67 87.10 40.26 162.64
-32.67 91.01 40.26 162.64
-32.67 94.91 40.26 162.64
-32.97 101.61 40.86 165.08
-32.97 101.61 40.86 165.08
-32.97 105.58 40.86 165.08
-32.67 106.80 40.26 162.64
-32.97 109.54 40.86 165.08
-32.67 106.85 40.26 162.64
-32.97 105.63 40.86 165.08
-32.67 102.95 40.26 162.64
-32.67 99.05 40.26 162.64
-32.97 97.83 40.86 165.08
-32.67 95.14 40.26 162.64
-32.97 93.92 40.86 165.08
-32.97 93.92 40.86 165.08
-32.97 93.92 40.86 165.08
-32.67 95.14 40.26 162.64
-32.97 93.92 40.86 165.08
-32.67 95.14 40.26 162.64
-32.67 95.14 40.26 162.64
-32.97 89.96 40.86 165.08
-33.28 88.72 41.47 167.56
-33.59 83.39 42.10 170.07
-33.91 77.97 42.73 172.62
-35.27 72.47 43.37 175.21
-35.27 72.47 43.37 175.21
-35.27 76.67 43.37 175.21
-35.27 76.67 43.37 175.21
-35.27 76.67 43.37 175.21
-35.27 76.67 43.37 175.21
-35.27 76.67 43.37 175.21
-35.27 76.67 43.37 175.21
-35.27 76.67 43.37 175.21
-35.27 76.67 43.37 175.21
-35.27 80.88 43.37 175.21
-35.27 85.08 43.37 175.21
-35.27 85.08 43.37 175.21
-35.27 89.29 43.37 175.21
-35.27 89.29 43.37 175.21
-35.27 89.29 43.37 175.21
-35.27 89.29 43.37 175.21
-35.27 89.29 43.37 175.21
-35.27 89.29 43.37 175.21
-35.27 89.29 43.37 175.21
-35.27 89.29 43.37 175.21
-35.27 93.49 43.37 175.21
-35.27 93.49 43.37 175.21
-35.27 97.70 43.37 175.21
-35.27 97.70 43.37 175.21
-35.27 97.70 43.37 175.21
-35.27 106.11 43.37 175.21
-35.27 110.31 43.37 175.21
-35.27 110.31 43.37 175.21
-35.27 110.31 43.37 175.21
-35.59 109.00 44.02 177.84
-35.27 110.31 43.37 175.21
-35.27 110.31 43.37 175.21
-35.27 106.11 43.37 175.21
-35.27 101.90 43.37 175.21
-35.59 100.59 44.02 177.84
-35.27 101.90 43.37 175.21
-35.59 104.86 44.02 177.84
-35.27 106.17 43.37 175.21
-35.27 106.17 43.37 175.21
-35.27 106.17 43.37 175.21
-35.27 106.17 43.37 175.21
-35.59 104.86 44.02 177.84
-35.27 110.38 43.37 175.21
-35.27 110.38 43.37 175.21
-35.27 110.38 43.37 175.21
-35.27 110.38 43.37 175.21
-35.27 110.38 43.37 175.21
-35.27 110.38 43.37 175.21
-35.27 114.58 43.37 175.21
-35.27 114.58 43.37 175.21
-35.27 114.58 43.37 175.21
-35.27 114.58 43.37 175.21
-35.27 114.58 43.37 175.21
-35.27 114.58 43.37 175.21
-35.27 114.58 43.37 175.21
-35.27 110.38 43.37 175.21
-35.27 106.17 43.37 175.21
-35.59 100.59 44.02 177.84
-35.59 100.59 44.02 177.84
-35.92 90.59 44.68 180.51
-35.92 86.26 44.68 180.51
-35.92 77.59 44.68 180.51
-35.92 68.93 44.68 180.51
-36.26 54.38 45.35 183.22
-36.60 48.55 46.03 185.96
-38.06 38.09 46.72 188.75
-38.42 22.88 47.42 191.58
-38.06 6.18 46.72 188.75
