843.00 236.00 179.00 111.00
838.70 233.34 179.00 111.00
834.41 233.34 179.00 111.00
830.11 230.67 179.00 111.00
827.20 234.12 176.35 109.36
820.17 234.92 173.75 107.74
817.34 238.27 171.18 106.15
814.56 244.07 168.65 104.58
811.82 247.32 166.16 103.04
806.52 249.06 168.65 104.58
802.48 251.57 168.65 104.58
799.73 257.28 166.16 103.04
797.03 262.92 163.70 101.51
790.50 268.47 161.28 100.01
787.88 273.94 158.90 98.54
785.30 279.33 156.55 97.08
781.54 283.99 156.55 97.08
778.99 289.29 154.24 95.65
772.84 296.79 151.96 94.23
770.37 301.94 149.71 92.84
766.78 306.39 149.71 92.84
763.18 310.85 149.71 92.84
760.75 318.12 147.50 91.47
757.21 322.51 147.50 91.47
754.81 329.68 145.32 90.12
752.45 336.74 143.17 88.78
750.12 343.69 141.06 87.47
747.83 350.54 138.97 86.18
745.57 357.29 136.92 84.91
743.34 365.95 134.90 83.65
741.15 374.48 132.90 82.41
738.99 380.93 130.94 81.20
735.85 388.73 130.94 81.20
731.68 394.05 132.90 82.41
728.49 399.99 132.90 82.41
726.33 408.39 130.94 81.20
724.20 414.75 129.00 80.00
725.15 421.02 127.10 78.81
721.10 424.26 129.00 80.00
716.99 427.56 130.94 81.20
714.86 433.92 129.00 80.00
713.89 437.22 130.94 81.20
711.77 441.66 129.00 80.00
707.66 443.01 130.94 81.20
708.62 445.53 129.00 80.00
704.51 446.88 130.94 81.20
704.51 448.82 130.94 81.20
701.37 450.77 130.94 81.20
700.39 450.16 132.90 82.41
696.15 451.55 134.90 83.65
695.14 450.93 136.92 84.91
696.15 453.56 134.90 83.65
697.15 454.18 132.90 82.41
698.13 454.79 130.94 81.20
698.13 452.84 130.94 81.20
698.13 450.89 130.94 81.20
698.13 448.94 130.94 81.20
698.13 446.99 130.94 81.20
698.13 445.05 130.94 81.20
699.10 443.73 129.00 80.00
702.20 439.89 129.00 80.00
702.20 437.97 129.00 80.00
706.20 436.67 127.10 78.81
706.20 432.88 127.10 78.81
708.34 428.45 129.00 80.00
709.30 427.15 127.10 78.81
711.44 422.72 129.00 80.00
714.54 420.80 129.00 80.00
714.54 418.88 129.00 80.00
716.71 414.38 130.94 81.20
718.92 409.82 132.90 82.41
722.11 407.84 132.90 82.41
722.11 403.88 132.90 82.41
724.35 399.25 134.90 83.65
727.59 395.24 134.90 83.65
727.59 391.22 134.90 83.65
729.86 386.52 136.92 84.91
732.17 381.74 138.97 86.18
734.51 376.90 141.06 87.47
737.90 374.80 141.06 87.47
742.27 373.38 138.97 86.18
741.23 368.53 141.06 87.47
743.61 365.75 143.17 88.78
746.02 360.75 145.32 90.12
748.47 357.88 147.50 91.47
750.96 352.74 149.71 92.84
754.55 350.51 149.71 92.84
759.20 349.00 147.50 91.47
762.74 346.81 147.50 91.47
765.23 343.89 149.71 92.84
764.11 338.68 151.96 94.23
766.67 335.67 154.24 95.65
771.45 334.12 151.96 94.23
771.45 331.86 151.96 94.23
774.02 328.85 154.24 95.65
776.62 325.81 156.55 97.08
781.47 326.52 154.24 95.65
782.61 324.97 151.96 94.23
785.18 321.97 154.24 95.65
787.78 318.92 156.55 97.08
786.60 315.83 158.90 98.54
791.53 316.56 156.55 97.08
796.39 314.98 154.24 95.65
795.24 311.93 156.55 97.08
800.09 312.65 154.24 95.65
804.88 311.09 151.96 94.23
803.74 308.09 154.24 95.65
808.53 308.80 151.96 94.23
808.53 306.54 151.96 94.23
812.18 304.27 151.96 94.23
814.74 301.27 154.24 95.65
814.74 298.98 154.24 95.65
819.52 297.42 151.96 94.23
819.52 295.16 151.96 94.23
824.24 293.63 149.71 92.84
823.12 288.41 151.96 94.23
823.12 286.15 151.96 94.23
826.76 281.62 151.96 94.23
826.76 279.36 151.96 94.23
829.33 274.06 154.24 95.65
830.47 272.51 151.96 94.23
831.59 273.21 149.71 92.84
830.47 270.25 151.96 94.23
834.11 267.99 151.96 94.23
835.24 268.68 149.71 92.84
834.11 265.72 151.96 94.23
835.24 266.42 149.71 92.84
836.34 267.11 147.50 91.47
836.34 267.11 147.50 91.47
836.34 267.11 147.50 91.47
835.24 264.19 149.71 92.84
835.24 264.19 149.71 92.84
835.24 264.19 149.71 92.84
834.11 261.24 151.96 94.23
835.24 261.93 149.71 92.84
832.80 262.62 147.50 91.47
832.80 262.62 147.50 91.47
833.89 263.29 145.32 90.12
830.40 263.29 145.32 90.12
831.48 263.96 143.17 88.78
829.15 266.71 141.06 87.47
830.19 267.36 138.97 86.18
826.86 267.36 138.97 86.18
824.60 268.00 136.92 84.91
825.61 270.63 134.90 83.65
823.42 273.23 132.90 82.41
820.23 273.23 132.90 82.41
817.04 275.21 132.90 82.41
814.88 279.71 130.94 81.20
815.84 282.23 129.00 80.00
813.75 286.61 127.10 78.81
810.70 290.39 127.10 78.81
807.65 294.17 127.10 78.81
807.65 297.96 127.10 78.81
805.58 302.27 125.22 77.65
803.55 306.51 123.37 76.50
801.54 312.50 121.54 75.37
802.44 316.63 119.75 74.26
800.49 320.69 117.98 73.16
798.57 326.42 116.24 72.08
796.68 330.36 114.52 71.01
797.53 334.24 112.83 69.96
795.70 339.72 111.16 68.93
796.52 345.12 109.52 67.91
794.74 350.44 107.90 66.91
792.98 355.68 106.30 65.92
793.77 359.28 104.73 64.94
794.54 364.37 103.18 63.99
792.87 369.38 101.66 63.04
793.62 375.81 100.16 62.11
791.99 380.67 98.68 61.19
791.99 385.08 98.68 61.19
792.72 389.87 97.22 60.29
790.38 394.21 97.22 60.29
790.38 398.55 97.22 60.29
790.38 402.89 97.22 60.29
790.38 405.79 97.22 60.29
790.38 410.13 97.22 60.29
790.38 414.47 97.22 60.29
790.38 418.81 97.22 60.29
790.38 423.15 97.22 60.29
790.38 427.49 97.22 60.29
791.10 432.21 95.78 59.39
790.38 436.11 97.22 60.29
793.40 440.83 95.78 59.39
794.11 446.89 94.37 58.52
793.40 450.72 95.78 59.39
792.68 454.62 97.22 60.29
793.40 459.34 95.78 59.39
792.68 463.24 97.22 60.29
795.70 467.96 95.78 59.39
795.70 472.23 95.78 59.39
794.98 477.58 97.22 60.29
795.70 482.30 95.78 59.39
795.70 488.00 95.78 59.39
797.31 491.90 97.22 60.29
796.59 495.85 98.68 61.19
798.25 496.88 100.16 62.11
797.50 499.44 101.66 63.04
797.50 502.47 101.66 63.04
797.50 503.98 101.66 63.04
799.21 505.04 103.18 63.99
799.21 506.58 103.18 63.99
798.44 506.10 104.73 64.94
797.65 505.61 106.30 65.92
800.95 506.10 104.73 64.94
800.17 504.03 106.30 65.92
799.37 498.72 107.90 66.91
798.56 494.96 109.52 67.91
797.74 489.48 111.16 68.93
797.74 484.52 111.16 68.93
797.74 479.56 111.16 68.93
797.74 472.94 111.16 68.93
796.90 467.39 112.83 69.96
796.06 460.04 114.52 71.01
795.20 454.32 116.24 72.08
791.50 448.51 117.98 73.16
791.50 441.49 117.98 73.16
790.61 435.59 119.75 74.26
786.80 427.80 121.54 75.37
786.80 422.38 121.54 75.37
785.88 416.30 123.37 76.50
781.95 410.14 125.22 77.65
782.88 407.04 123.37 76.50
778.95 400.87 125.22 77.65
779.87 395.94 123.37 76.50
775.94 389.78 125.22 77.65
776.87 384.84 123.37 76.50
772.94 378.68 125.22 77.65
769.93 373.09 125.22 77.65
768.99 366.83 127.10 78.81
766.93 363.68 125.22 77.65
763.92 358.09 125.22 77.65
762.98 353.73 127.10 78.81
759.93 349.95 127.10 78.81
760.87 346.80 125.22 77.65
758.84 343.70 123.37 76.50
754.91 339.40 125.22 77.65
755.83 336.30 123.37 76.50
753.83 335.06 121.54 75.37
751.85 332.05 119.75 74.26
748.04 329.69 121.54 75.37
748.93 326.68 119.75 74.26
746.06 323.11 119.75 74.26
742.24 318.94 121.54 75.37
740.27 315.93 119.75 74.26
738.32 312.97 117.98 73.16
734.56 308.86 119.75 74.26
730.75 304.68 121.54 75.37
731.65 301.67 119.75 74.26
727.83 297.50 121.54 75.37
725.85 294.49 119.75 74.26
724.96 290.32 121.54 75.37
722.04 284.89 121.54 75.37
720.06 281.88 119.75 74.26
716.25 277.71 121.54 75.37
715.34 273.47 123.37 76.50
711.41 269.17 125.22 77.65
709.37 266.07 123.37 76.50
709.37 262.40 123.37 76.50
706.41 258.73 123.37 76.50
706.41 256.89 123.37 76.50
703.45 253.22 123.37 76.50
699.52 248.92 125.22 77.65
700.44 245.82 123.37 76.50
697.48 243.98 123.37 76.50
697.48 240.31 123.37 76.50
694.52 236.64 123.37 76.50
693.60 234.20 125.22 77.65
691.56 231.10 123.37 76.50
691.56 229.27 123.37 76.50
690.64 226.83 125.22 77.65
689.70 222.46 127.10 78.81
687.63 221.18 125.22 77.65
688.56 219.92 123.37 76.50
687.63 217.48 125.22 77.65
688.56 216.22 123.37 76.50
685.60 212.55 123.37 76.50
685.60 212.55 123.37 76.50
684.67 208.25 125.22 77.65
685.60 208.82 123.37 76.50
682.63 205.15 123.37 76.50
683.55 203.91 121.54 75.37
679.67 201.51 123.37 76.50
679.67 199.67 123.37 76.50
680.59 198.43 121.54 75.37
676.71 196.02 123.37 76.50
677.62 198.40 121.54 75.37
673.75 197.83 123.37 76.50
672.83 199.12 125.22 77.65
673.75 203.37 123.37 76.50
674.66 205.74 121.54 75.37
673.75 207.01 123.37 76.50
672.83 206.44 125.22 77.65
671.89 203.97 127.10 78.81
672.83 204.55 125.22 77.65
671.89 202.07 127.10 78.81
667.84 199.56 129.00 80.00
666.87 197.02 130.94 81.20
667.84 195.70 129.00 80.00
667.84 193.78 129.00 80.00
666.87 191.23 130.94 81.20
665.89 188.64 132.90 82.41
664.89 188.02 134.90 83.65
662.70 186.66 132.90 82.41
661.70 186.04 134.90 83.65
660.69 185.42 136.92 84.91
658.47 184.04 134.90 83.65
657.45 183.41 136.92 84.91
655.23 186.04 134.90 83.65
654.22 185.42 136.92 84.91
653.19 186.85 138.97 86.18
652.15 188.30 141.06 87.47
647.65 189.78 143.17 88.78
648.71 194.63 141.06 87.47
649.75 197.34 138.97 86.18
650.78 202.06 136.92 84.91
650.78 204.09 136.92 84.91
649.75 207.59 138.97 86.18
649.75 209.66 138.97 86.18
650.78 214.38 136.92 84.91
651.79 217.01 134.90 83.65
652.79 221.58 132.90 82.41
653.77 224.14 130.94 81.20
652.79 223.53 132.90 82.41
653.77 226.09 130.94 81.20
654.74 230.53 129.00 80.00
655.69 236.80 127.10 78.81
651.64 241.96 129.00 80.00
650.67 247.21 130.94 81.20
650.67 253.06 130.94 81.20
650.67 258.90 130.94 81.20
649.69 262.25 132.90 82.41
649.69 266.21 132.90 82.41
648.70 267.60 134.90 83.65
646.50 270.19 132.90 82.41
647.48 270.80 130.94 81.20
648.45 271.40 129.00 80.00
647.48 268.85 130.94 81.20
644.34 266.90 130.94 81.20
644.34 266.90 130.94 81.20
644.34 266.90 130.94 81.20
645.31 267.50 129.00 80.00
646.26 268.09 127.10 78.81
647.20 268.68 125.22 77.65
647.20 266.81 125.22 77.65
644.20 264.95 125.22 77.65
644.20 264.95 125.22 77.65
645.12 265.52 123.37 76.50
646.03 264.28 121.54 75.37
645.12 261.88 123.37 76.50
644.20 259.44 125.22 77.65
644.20 255.71 125.22 77.65
645.12 252.62 123.37 76.50
645.12 248.94 123.37 76.50
646.03 247.70 121.54 75.37
646.93 244.69 119.75 74.26
647.82 241.73 117.98 73.16
647.82 238.22 117.98 73.16
646.93 234.10 119.75 74.26
646.03 228.12 121.54 75.37
646.03 224.50 121.54 75.37
646.93 221.50 119.75 74.26
649.81 217.93 119.75 74.26
649.81 214.37 119.75 74.26
646.93 210.80 119.75 74.26
647.82 207.84 117.98 73.16
648.69 204.92 116.24 72.08
648.69 201.46 116.24 72.08
647.82 195.65 117.98 73.16
644.06 191.54 119.75 74.26
644.94 190.33 117.98 73.16
645.81 189.14 116.24 72.08
644.94 185.09 117.98 73.16
641.18 182.76 119.75 74.26
641.18 180.98 119.75 74.26
642.07 179.77 117.98 73.16
639.24 178.01 117.98 73.16
639.24 176.26 117.98 73.16
636.41 174.50 117.98 73.16
637.28 175.04 116.24 72.08
636.41 174.50 117.98 73.16
636.41 174.50 117.98 73.16
634.49 175.04 116.24 72.08
633.62 174.50 117.98 73.16
633.62 172.75 117.98 73.16
633.62 172.75 117.98 73.16
629.86 172.20 119.75 74.26
629.86 172.20 119.75 74.26
629.86 172.20 119.75 74.26
629.86 172.20 119.75 74.26
630.74 174.50 117.98 73.16
629.86 173.95 119.75 74.26
629.86 175.74 119.75 74.26
629.86 177.52 119.75 74.26
629.86 177.52 119.75 74.26
630.74 181.58 117.98 73.16
630.74 185.09 117.98 73.16
626.98 186.32 119.75 74.26
626.09 189.38 121.54 75.37
625.17 192.49 123.37 76.50
626.09 196.67 121.54 75.37
622.21 199.78 123.37 76.50
621.29 202.93 125.22 77.65
621.29 204.80 125.22 77.65
621.29 208.53 125.22 77.65
621.29 212.25 125.22 77.65
621.29 214.12 125.22 77.65
621.29 215.98 125.22 77.65
621.29 217.84 125.22 77.65
621.29 217.84 125.22 77.65
622.21 220.25 123.37 76.50
621.29 219.68 125.22 77.65
618.28 217.82 125.22 77.65
618.28 217.82 125.22 77.65
618.28 217.82 125.22 77.65
618.28 215.95 125.22 77.65
618.28 215.95 125.22 77.65
618.28 214.09 125.22 77.65
618.28 212.23 125.22 77.65
618.28 212.23 125.22 77.65
618.28 210.36 125.22 77.65
618.28 210.36 125.22 77.65
621.29 208.50 125.22 77.65
621.29 208.50 125.22 77.65
621.29 206.63 125.22 77.65
621.29 206.63 125.22 77.65
621.29 206.63 125.22 77.65
622.21 207.21 123.37 76.50
622.21 205.37 123.37 76.50
625.17 205.37 123.37 76.50
625.17 205.37 123.37 76.50
625.17 205.37 123.37 76.50
624.25 202.93 125.22 77.65
625.17 203.51 123.37 76.50
626.09 204.07 121.54 75.37
626.09 204.07 121.54 75.37
628.13 203.51 123.37 76.50
628.13 203.51 123.37 76.50
629.05 205.88 121.54 75.37
629.94 206.44 119.75 74.26
629.94 208.22 119.75 74.26
629.94 208.22 119.75 74.26
629.05 207.67 121.54 75.37
629.05 209.47 121.54 75.37
629.05 211.28 121.54 75.37
629.05 213.09 121.54 75.37
631.96 214.90 121.54 75.37
629.05 216.71 121.54 75.37
628.13 216.14 123.37 76.50
627.21 215.57 125.22 77.65
628.13 217.98 123.37 76.50
629.05 218.55 121.54 75.37
629.05 218.55 121.54 75.37
628.13 217.98 123.37 76.50
629.05 218.55 121.54 75.37
628.13 216.14 123.37 76.50
629.05 216.71 121.54 75.37
629.94 215.48 119.75 74.26
629.94 213.70 119.75 74.26
629.94 211.92 119.75 74.26
629.94 210.14 119.75 74.26
630.83 208.93 117.98 73.16
630.83 207.17 117.98 73.16
630.83 205.42 117.98 73.16
630.83 203.66 117.98 73.16
630.83 201.91 117.98 73.16
631.70 200.72 116.24 72.08
631.70 198.99 116.24 72.08
632.56 197.82 114.52 71.01
633.41 196.66 112.83 69.96
633.41 193.30 112.83 69.96
633.41 191.62 112.83 69.96
633.41 188.27 112.83 69.96
633.41 184.91 112.83 69.96
630.70 179.87 112.83 69.96
629.85 174.23 114.52 71.01
629.85 170.82 114.52 71.01
628.99 165.10 116.24 72.08
629.85 160.52 114.52 71.01
629.85 155.41 114.52 71.01
628.99 151.42 116.24 72.08
629.85 150.24 114.52 71.01
627.99 145.73 112.83 69.96
627.99 144.05 112.83 69.96
627.99 140.69 112.83 69.96
627.14 136.76 114.52 71.01
624.40 131.65 114.52 71.01
625.24 128.81 112.83 69.96
624.40 124.88 114.52 71.01
620.75 119.16 116.24 72.08
621.61 117.99 114.52 71.01
620.75 113.99 116.24 72.08
617.96 113.99 116.24 72.08
618.82 111.12 114.52 71.01
617.96 108.86 116.24 72.08
614.25 106.56 117.98 73.16
613.37 104.23 119.75 74.26
609.55 101.86 121.54 75.37
610.45 102.42 119.75 74.26
611.34 102.97 117.98 73.16
610.45 102.42 119.75 74.26
608.51 102.97 117.98 73.16
608.51 102.97 117.98 73.16
608.51 104.72 117.98 73.16
608.51 106.48 117.98 73.16
607.62 107.71 119.75 74.26
603.81 110.77 121.54 75.37
604.70 114.90 119.75 74.26
604.70 118.46 119.75 74.26
605.59 124.28 117.98 73.16
601.83 129.07 119.75 74.26
601.83 134.42 119.75 74.26
601.83 139.77 119.75 74.26
602.71 145.58 117.98 73.16
599.88 150.85 117.98 73.16
599.00 153.87 119.75 74.26
599.00 159.21 119.75 74.26
599.00 164.56 119.75 74.26
597.05 170.38 117.98 73.16
597.05 175.64 117.98 73.16
597.92 181.37 116.24 72.08
598.78 187.02 114.52 71.01
595.13 189.95 116.24 72.08
595.99 195.59 114.52 71.01
596.84 201.15 112.83 69.96
594.13 204.51 112.83 69.96
593.28 207.40 114.52 71.01
594.13 212.96 112.83 69.96
594.96 216.78 111.16 68.93
591.42 219.63 112.83 69.96
592.26 223.45 111.16 68.93
590.45 227.22 109.52 67.91
589.63 228.37 111.16 68.93
587.82 232.13 109.52 67.91
588.63 235.85 107.90 66.91
589.43 239.51 106.30 65.92
587.70 243.11 104.73 64.94
586.91 245.79 106.30 65.92
585.19 247.83 104.73 64.94
583.48 251.38 103.18 63.99
583.48 252.92 103.18 63.99
581.01 254.46 103.18 63.99
581.01 255.99 103.18 63.99
579.33 257.98 101.66 63.04
580.08 259.93 100.16 62.11
576.89 259.47 101.66 63.04
575.24 259.93 100.16 62.11
574.49 260.98 101.66 63.04
572.83 261.45 100.16 62.11
572.83 261.45 100.16 62.11
570.43 261.45 100.16 62.11
568.80 261.91 98.68 61.19
568.06 261.45 100.16 62.11
566.43 263.37 98.68 61.19
565.69 262.92 100.16 62.11
564.07 264.84 98.68 61.19
563.33 264.38 100.16 62.11
560.13 263.92 101.66 63.04
558.48 265.87 100.16 62.11
558.48 265.87 100.16 62.11
556.85 267.80 98.68 61.19
556.11 268.83 100.16 62.11
555.36 268.37 101.66 63.04
553.71 270.32 100.16 62.11
553.71 271.81 100.16 62.11
551.31 273.31 100.16 62.11
551.31 276.29 100.16 62.11
550.55 277.33 101.66 63.04
548.90 280.78 100.16 62.11
548.15 281.83 101.66 63.04
546.50 285.27 100.16 62.11
546.50 286.77 100.16 62.11
546.50 288.26 100.16 62.11
544.87 290.18 98.68 61.19
544.13 289.72 100.16 62.11
543.38 290.77 101.66 63.04
541.73 291.24 100.16 62.11
542.47 291.70 98.68 61.19
541.73 291.24 100.16 62.11
541.73 291.24 100.16 62.11
540.10 290.23 98.68 61.19
539.36 288.28 100.16 62.11
536.17 286.30 101.66 63.04
536.17 284.79 101.66 63.04
536.17 283.27 101.66 63.04
536.17 281.76 101.66 63.04
536.17 280.25 101.66 63.04
536.17 278.74 101.66 63.04
536.17 277.22 101.66 63.04
536.92 276.20 100.16 62.11
536.92 273.22 100.16 62.11
537.66 272.21 98.68 61.19
537.66 269.27 98.68 61.19
539.32 265.83 100.16 62.11
538.57 260.82 101.66 63.04
539.32 258.31 100.16 62.11
539.32 255.33 100.16 62.11
541.01 250.32 101.66 63.04
543.45 245.78 101.66 63.04
543.45 239.73 101.66 63.04
545.16 233.12 103.18 63.99
548.37 229.05 101.66 63.04
547.60 222.44 103.18 63.99
549.34 218.84 104.73 64.94
549.34 217.28 104.73 64.94
550.12 216.22 103.18 63.99
550.88 216.70 101.66 63.04
550.88 215.18 101.66 63.04
550.88 215.18 101.66 63.04
