117.00 68.00 122.00 125.00
114.07 65.00 122.00 125.00
110.19 61.02 123.83 126.87
109.26 63.16 125.69 128.78
111.38 62.19 127.57 130.71
110.42 61.21 129.49 132.67
112.60 60.22 131.43 134.66
114.82 59.21 133.40 136.68
120.32 54.85 135.40 138.73
122.60 53.81 137.43 140.81
130.11 54.85 135.40 138.73
137.52 55.88 133.40 136.68
143.02 58.18 135.40 138.73
145.30 57.14 137.43 140.81
150.96 56.08 139.49 142.92
155.29 60.52 137.43 140.81
159.56 61.56 135.40 138.73
161.84 60.52 137.43 140.81
166.11 64.89 135.40 138.73
173.51 65.91 133.40 136.68
177.65 66.92 131.43 134.66
176.66 65.91 133.40 136.68
177.65 66.92 131.43 134.66
181.73 61.55 129.49 132.67
182.69 62.53 127.57 130.71
179.62 59.39 127.57 130.71
185.75 53.12 127.57 130.71
169.25 42.59 129.49 132.67
161.97 35.13 131.43 134.66
160.99 24.28 133.40 136.68
156.74 13.26 135.40 138.73
155.72 2.09 137.43 140.81
152.42 -11.43 137.43 140.81
146.94 -20.38 135.40 138.73
147.94 -32.48 133.40 136.68
145.77 -41.16 131.43 134.66
146.74 -52.90 129.49 132.67
144.64 -61.33 127.57 130.71
145.58 -72.73 125.69 128.78
142.56 -85.09 125.69 128.78
139.55 -94.37 125.69 128.78
136.53 -106.73 125.69 128.78
133.51 -112.91 125.69 128.78
126.45 -126.42 127.57 130.71
126.45 -132.70 127.57 130.71
127.39 -134.82 125.69 128.78
123.39 -138.93 127.57 130.71
118.30 -134.87 125.69 128.78
114.29 -135.84 127.57 130.71
115.23 -131.78 125.69 128.78
111.23 -132.74 127.57 130.71
109.16 -128.69 125.69 128.78
109.16 -125.60 125.69 128.78
106.14 -122.51 125.69 128.78
103.12 -116.33 125.69 128.78
100.11 -116.33 125.69 128.78
99.16 -114.15 127.57 130.71
97.09 -110.10 125.69 128.78
93.09 -111.06 127.57 130.71
118.16 -100.83 125.69 128.78
117.22 -95.52 127.57 130.71
114.16 -92.38 127.57 130.71
115.10 -88.32 125.69 128.78
116.03 -84.33 123.83 126.88
114.01 -80.39 122.00 125.00
112.03 -76.51 120.20 123.15
108.20 -74.43 122.00 125.00
109.10 -70.55 120.20 123.15
106.22 -67.60 120.20 123.15
104.26 -63.78 118.42 121.33
101.42 -60.87 118.42 121.33
97.65 -58.82 120.20 123.15
95.70 -52.09 118.42 121.33
91.92 -47.08 120.20 123.15
85.16 -42.01 122.00 125.00
81.28 -33.81 123.83 126.88
77.33 -25.49 125.69 128.78
70.27 -17.04 127.57 130.71
68.19 -6.81 125.69 128.78
61.13 4.78 127.57 130.71
53.95 13.35 129.49 132.67
44.63 22.90 129.49 132.67
35.31 35.64 129.49 132.67
21.72 44.34 131.43 134.66
10.26 54.88 129.49 132.67
-0.17 66.82 131.43 134.66
-19.10 76.51 131.43 134.66
-36.09 82.06 133.40 136.68
-50.09 91.03 135.40 138.73
-74.20 93.37 137.43 140.81
-81.92 102.60 139.49 142.92
-88.62 112.89 139.49 142.92
-100.78 124.08 137.43 140.81
-127.17 130.84 137.43 140.81
-140.36 134.22 137.43 140.81
-74.44 126.31 139.49 142.92
-68.69 121.75 141.59 145.07
-70.99 119.39 139.49 142.92
-77.68 115.96 139.49 142.92
-76.65 113.64 137.43 140.81
-76.65 103.50 137.43 140.81
-72.39 101.21 135.40 138.73
-71.39 95.68 133.40 136.68
-75.64 87.99 135.40 138.73
-76.65 80.19 137.43 140.81
-75.64 77.91 135.40 138.73
-75.64 74.58 135.40 138.73
-76.65 66.78 137.43 140.81
-75.64 67.82 135.40 138.73
-74.64 59.00 133.40 136.68
-74.64 52.44 133.40 136.68
-76.80 50.22 131.43 134.66
-75.83 44.85 129.49 132.67
-74.88 39.55 127.57 130.71
-73.93 34.34 125.69 128.78
-74.88 27.10 127.57 130.71
-73.93 24.97 125.69 128.78
-74.88 14.59 127.57 130.71
-73.93 6.29 125.69 128.78
-74.88 -4.09 127.57 130.71
-73.93 -12.39 125.69 128.78
-74.88 -22.77 127.57 130.71
-73.93 -27.99 125.69 128.78
-70.92 -37.26 125.69 128.78
-71.86 -47.64 127.57 130.71
-72.82 -58.17 129.49 132.67
-72.82 -67.72 129.49 132.67
-68.80 -76.15 127.57 130.71
-69.75 -105.79 129.49 132.67
-71.86 -111.08 127.57 130.71
-74.92 -92.26 127.57 130.71
-75.88 -90.06 129.49 132.67
-70.54 -100.75 131.43 134.66
-75.79 -77.46 129.49 132.67
-76.76 -94.62 131.43 134.66
-72.68 -99.99 129.49 132.67
-71.72 -102.15 127.57 130.71
-71.72 -105.28 127.57 130.71
-71.72 -108.42 127.57 130.71
-71.72 -108.42 127.57 130.71
-72.68 -109.40 129.49 132.67
-73.65 -107.17 131.43 134.66
-74.63 -104.89 133.40 136.68
-75.63 -102.59 135.40 138.73
-76.65 -107.01 137.43 140.81
-77.68 -111.50 139.49 142.92
-78.73 -116.05 141.59 145.07
-78.73 -116.05 141.59 145.07
-78.73 -112.57 141.59 145.07
-78.73 -109.09 141.59 145.07
-79.79 -106.64 143.71 147.24
-80.87 -107.75 145.87 149.45
-80.87 -107.75 145.87 149.45
-79.79 -106.64 143.71 147.24
-78.73 -105.55 141.59 145.07
-77.68 -104.48 139.49 142.92
-78.73 -105.55 141.59 145.07
-83.24 -106.64 143.71 147.24
-84.32 -104.16 145.87 149.45
-85.41 -108.92 148.05 151.69
-84.32 -111.39 145.87 149.45
-83.24 -110.28 143.71 147.24
-82.18 -112.68 141.59 145.07
-81.13 -111.60 139.49 142.92
