293.00 150.00 50.00 31.00
292.19 148.76 49.26 30.54
289.42 147.05 50.00 31.00
287.82 146.06 50.75 31.47
286.21 144.29 51.51 31.94
284.57 144.83 52.28 32.42
284.17 142.22 53.07 32.90
282.48 141.17 53.86 33.40
282.08 140.10 54.67 33.90
281.67 139.02 55.49 34.41
279.90 138.77 56.32 34.92
278.11 139.35 57.17 35.45
277.68 138.22 58.03 35.98
278.66 137.08 58.90 36.52
278.22 134.14 59.78 37.06
277.77 130.25 60.68 37.62
277.31 129.96 61.59 38.18
275.35 127.82 62.51 38.76
271.84 127.53 63.45 39.34
271.36 125.32 64.40 39.93
269.31 125.02 65.37 40.53
267.22 125.70 66.35 41.14
265.11 125.39 67.34 41.75
264.61 126.09 68.35 42.38
265.76 129.91 69.38 43.01
265.76 131.97 69.38 43.01
265.76 134.04 69.38 43.01
267.91 136.39 68.35 42.38
267.40 136.07 69.38 43.01
269.55 137.40 68.35 42.38
269.04 138.12 69.38 43.01
268.52 137.80 70.42 43.66
269.04 141.22 69.38 43.01
267.37 144.31 69.38 43.01
266.25 147.68 68.35 42.38
264.07 151.49 69.38 43.01
261.30 158.93 68.35 42.38
261.30 160.97 68.35 42.38
260.19 164.29 67.34 41.75
259.68 166.01 68.35 42.38
259.17 168.79 69.38 43.01
259.68 171.14 68.35 42.38
261.32 175.21 68.35 42.38
262.48 176.95 69.38 43.01
261.96 181.87 70.42 43.66
263.65 183.96 70.42 43.66
264.83 190.02 71.48 44.31
264.30 195.08 72.55 44.98
264.30 199.40 72.55 44.98
263.75 203.45 73.64 45.65
263.75 205.64 73.64 45.65
263.20 207.52 74.74 46.34
259.00 210.56 75.86 47.03
257.18 215.07 75.86 47.03
257.18 212.82 75.86 47.03
253.54 204.92 75.86 47.03
254.82 188.52 77.00 47.74
256.11 170.72 78.15 48.46
257.43 156.19 79.33 49.18
254.91 157.02 80.52 49.92
254.30 166.38 81.72 50.67
251.70 177.10 82.95 51.43
251.08 184.24 84.19 52.20
252.50 186.39 85.46 52.98
251.85 184.70 86.74 53.78
251.20 186.92 88.04 54.58
248.40 187.84 89.36 55.40
245.55 187.42 90.70 56.23
243.37 186.07 90.70 56.23
242.69 185.65 92.06 57.08
242.69 185.65 92.06 57.08
242.69 184.28 92.06 57.08
240.49 185.65 92.06 57.08
241.17 183.37 90.70 56.23
240.49 181.58 92.06 57.08
238.28 178.84 92.06 57.08
238.28 176.10 92.06 57.08
238.96 175.17 90.70 56.23
238.96 173.82 90.70 56.23
239.63 172.91 89.36 55.40
237.48 170.25 89.36 55.40
235.34 166.26 89.36 55.40
232.49 160.45 90.70 56.23
233.16 155.54 89.36 55.40
231.71 152.02 88.04 54.58
231.71 148.09 88.04 54.58
230.28 142.04 86.74 53.78
228.87 137.35 85.46 52.98
225.46 133.99 84.19 52.20
224.09 130.67 82.95 51.43
222.74 128.62 81.72 50.67
223.34 126.60 80.52 49.92
222.03 122.24 79.33 49.18
218.87 119.12 78.15 48.46
218.28 112.85 79.33 49.18
216.99 110.89 78.15 48.46
217.57 108.96 77.00 47.74
219.96 108.18 75.86 47.03
222.31 108.53 74.74 46.34
221.10 111.06 73.64 45.65
218.75 112.94 74.74 46.34
218.75 115.17 74.74 46.34
218.19 114.82 75.86 47.03
218.19 117.08 75.86 47.03
215.78 116.72 77.00 47.74
216.35 120.46 75.86 47.03
216.91 123.04 74.74 46.34
218.17 123.82 75.86 47.03
221.81 123.82 75.86 47.03
223.63 123.82 75.86 47.03
227.27 123.82 75.86 47.03
229.09 124.95 75.86 47.03
231.44 126.41 74.74 46.34
232.70 128.32 75.86 47.03
230.29 131.40 77.00 47.74
228.44 134.84 77.00 47.74
229.74 137.97 78.15 48.46
232.96 139.97 79.33 49.18
234.86 143.51 79.33 49.18
239.20 143.87 78.15 48.46
239.20 143.87 78.15 48.46
240.52 142.33 79.33 49.18
242.42 143.51 79.33 49.18
242.42 144.69 79.33 49.18
242.42 147.05 79.33 49.18
243.76 147.88 80.52 49.92
247.08 146.29 81.72 50.67
250.45 143.44 82.95 51.43
249.82 143.05 84.19 52.20
247.14 142.66 85.46 52.98
246.50 143.55 86.74 53.78
245.85 140.53 88.04 54.58
245.19 138.79 89.36 55.40
246.70 138.38 90.70 56.23
248.23 135.21 92.06 57.08
248.91 130.24 90.70 56.23
245.29 127.99 89.36 55.40
243.83 129.71 88.04 54.58
236.74 129.30 89.36 55.40
237.40 131.02 88.04 54.58
238.05 134.01 86.74 53.78
238.05 135.30 86.74 53.78
240.74 139.51 85.46 52.98
240.10 140.40 86.74 53.78
238.02 141.69 86.74 53.78
235.94 145.57 86.74 53.78
232.48 148.51 85.46 52.98
231.09 153.91 84.19 52.20
229.72 159.23 82.95 51.43
230.33 168.13 81.72 50.67
229.00 174.49 80.52 49.92
231.50 179.58 79.33 49.18
236.71 181.61 80.52 49.92
240.02 182.45 81.72 50.67
243.39 183.30 82.95 51.43
246.81 181.67 84.19 52.20
250.28 181.27 85.46 52.98
249.64 182.17 86.74 53.78
248.99 183.07 88.04 54.58
248.33 183.99 89.36 55.40
247.66 186.28 90.70 56.23
249.19 189.97 92.06 57.08
248.50 192.32 93.44 57.93
251.40 191.38 92.06 57.08
242.56 196.86 92.06 57.08
224.89 200.97 92.06 57.08
201.77 199.15 93.44 57.93
178.31 197.30 94.84 58.80
163.73 194.00 96.27 59.69
170.05 197.91 97.71 60.58
190.73 198.93 99.18 61.49
214.15 199.97 100.66 62.41
237.92 202.54 102.17 63.35
254.57 209.78 103.71 64.30
248.74 214.00 105.26 65.26
241.16 215.56 105.26 65.26
235.25 216.66 106.84 66.24
231.84 212.94 108.44 67.24
231.03 205.88 110.07 68.24
232.88 200.39 111.72 69.27
238.99 199.26 110.07 68.24
242.41 204.60 108.44 67.24
247.61 207.83 108.44 67.24
250.22 209.45 108.44 67.24
244.12 205.67 110.07 68.24
238.84 194.20 110.07 68.24
237.05 175.34 108.44 67.24
239.65 149.52 108.44 67.24
242.25 126.93 108.44 67.24
248.18 124.25 106.84 66.24
254.02 146.67 105.26 65.26
257.29 171.84 103.71 64.30
258.06 192.08 102.17 63.35
256.40 198.54 100.66 62.41
254.76 196.05 99.18 61.49
253.15 189.23 97.71 60.58
251.56 175.36 96.27 59.69
250.00 157.45 94.84 58.80
248.45 148.15 93.44 57.93
249.14 147.21 92.06 57.08
252.00 150.33 90.70 56.23
254.82 157.40 89.36 55.40
257.59 160.42 88.04 54.58
260.32 164.70 86.74 53.78
256.86 166.37 85.46 52.98
255.47 165.51 84.19 52.20
258.08 162.19 82.95 51.43
260.66 163.79 81.72 50.67
263.19 161.77 80.52 49.92
263.79 160.95 79.33 49.18
266.25 160.15 78.15 48.46
264.98 158.22 77.00 47.74
261.91 156.32 75.86 47.03
260.68 155.55 74.74 46.34
261.23 156.99 73.64 45.65
260.03 158.41 72.55 44.98
260.57 159.80 71.48 44.31
264.47 156.99 70.42 43.66
266.66 154.21 69.38 43.01
268.33 152.15 69.38 43.01
267.20 152.46 68.35 42.38
267.70 152.78 67.34 41.75
268.20 146.18 66.35 41.14
270.93 144.87 67.34 41.75
273.02 141.22 66.35 41.14
274.14 139.91 67.34 41.75
274.64 139.24 66.35 41.14
274.14 138.93 67.34 41.75
272.00 139.63 68.35 42.38
272.00 141.66 68.35 42.38
269.82 140.31 69.38 43.01
269.82 140.31 69.38 43.01
269.30 138.94 70.42 43.66
269.30 136.85 70.42 43.66
268.16 137.17 69.38 43.01
268.67 140.54 68.35 42.38
268.67 141.56 68.35 42.38
267.56 142.87 67.34 41.75
268.69 142.56 68.35 42.38
268.69 141.54 68.35 42.38
269.20 139.85 67.34 41.75
270.33 138.52 68.35 42.38
272.45 136.83 67.34 41.75
274.54 137.14 66.35 41.14
276.60 136.47 65.37 40.53
277.09 137.73 64.40 39.93
282.13 139.91 63.45 39.34
284.10 140.20 62.51 38.76
286.04 142.32 61.59 38.18
286.49 142.60 60.68 37.62
287.95 142.60 60.68 37.62
287.50 141.40 61.59 38.18
287.50 141.40 61.59 38.18
287.50 140.49 61.59 38.18
290.45 140.49 61.59 38.18
289.99 141.13 62.51 38.76
289.52 138.95 63.45 39.34
285.95 140.57 64.40 39.93
285.47 140.27 65.37 40.53
284.98 139.97 66.35 41.14
286.10 141.67 67.34 41.75
289.33 141.67 67.34 41.75
288.83 138.30 68.35 42.38
289.33 137.61 67.34 41.75
289.83 137.92 66.35 41.14
290.32 139.20 65.37 40.53
291.89 140.17 65.37 40.53
293.92 140.47 64.40 39.93
297.44 139.82 63.45 39.34
297.91 141.04 62.51 38.76
298.37 143.16 61.59 38.18
298.82 143.44 60.68 37.62
299.27 142.83 59.78 37.06
299.71 146.61 58.90 36.52
301.54 146.88 58.03 35.98
303.34 148.00 57.17 35.45
301.52 149.46 58.03 35.98
300.58 152.28 57.17 35.45
294.58 155.46 58.03 35.98
292.26 161.69 57.17 35.45
292.26 169.34 57.17 35.45
291.83 174.26 58.03 35.98
292.81 179.24 58.90 36.52
293.81 185.20 59.78 37.06
294.81 188.53 60.68 37.62
294.36 191.00 61.59 38.18
293.90 189.78 62.51 38.76
293.43 192.32 63.45 39.34
292.95 196.82 64.40 39.93
294.50 199.69 64.40 39.93
297.59 199.69 64.40 39.93
299.59 199.05 63.45 39.34
300.66 199.71 64.40 39.93
299.11 196.83 64.40 39.93
299.11 195.88 64.40 39.93
300.66 198.75 64.40 39.93
302.66 200.93 63.45 39.34
300.63 202.56 64.40 39.93
300.15 203.23 65.37 40.53
302.18 199.70 64.40 39.93
302.18 196.82 64.40 39.93
301.70 196.52 65.37 40.53
299.61 195.23 66.35 41.14
297.50 196.93 67.34 41.75
295.88 197.93 67.34 41.75
297.02 196.60 68.35 42.38
295.38 197.61 68.35 42.38
293.20 199.36 69.38 43.01
292.68 199.04 70.42 43.66
292.15 199.77 71.48 44.31
291.62 201.60 72.55 44.98
289.31 201.26 73.64 45.65
285.77 197.98 73.64 45.65
283.43 180.95 74.74 46.34
282.86 153.51 75.86 47.03
285.99 137.12 77.00 47.74
285.41 151.88 78.15 48.46
284.83 179.85 79.33 49.18
280.37 207.03 80.52 49.92
277.16 221.57 79.33 49.18
274.63 223.59 80.52 49.92
276.56 223.59 80.52 49.92
277.92 224.44 81.72 50.67
275.96 228.08 81.72 50.67
274.63 227.26 80.52 49.92
272.06 226.89 81.72 50.67
271.45 226.51 82.95 51.43
272.85 224.87 84.19 52.20
274.27 225.75 85.46 52.98
274.27 227.02 85.46 52.98
271.55 222.75 86.74 53.78
270.14 221.87 85.46 52.98
269.49 220.19 86.74 53.78
270.96 221.09 88.04 54.58
270.30 215.37 89.36 55.40
271.80 213.60 90.70 56.23
271.12 214.55 92.06 57.08
270.43 212.73 93.44 57.93
272.68 209.95 93.44 57.93
275.58 207.64 92.06 57.08
274.88 208.60 93.44 57.93
272.64 208.60 93.44 57.93
272.64 209.99 93.44 57.93
274.88 207.21 93.44 57.93
274.18 203.95 94.84 58.80
273.47 202.08 96.27 59.69
271.91 198.29 94.84 58.80
266.58 194.98 96.27 59.69
263.51 197.44 97.71 60.58
261.92 200.75 96.27 59.69
262.63 205.43 94.84 58.80
261.92 207.85 96.27 59.69
258.85 210.31 97.71 60.58
258.12 215.76 99.18 61.49
259.79 219.79 100.66 62.41
261.49 219.32 102.17 63.35
266.39 219.32 102.17 63.35
268.12 218.85 103.71 64.30
272.39 215.23 105.26 65.26
278.15 211.09 103.71 64.30
279.90 205.91 105.26 65.26
280.67 201.76 103.71 64.30
285.65 198.67 103.71 64.30
284.87 196.62 105.26 65.26
285.65 197.11 103.71 64.30
283.97 199.10 102.17 63.35
282.30 199.57 100.66 62.41
283.05 198.56 99.18 61.49
283.78 197.56 97.71 60.58
281.44 196.10 97.71 60.58
280.70 192.70 99.18 61.49
280.70 189.74 99.18 61.49
279.09 188.74 97.71 60.58
273.60 186.81 99.18 61.49
272.85 180.36 100.66 62.41
272.10 176.85 102.17 63.35
271.33 173.29 103.71 64.30
270.55 169.68 105.26 65.26
273.82 171.70 103.71 64.30
273.82 167.07 103.71 64.30
277.04 162.99 102.17 63.35
279.49 156.91 102.17 63.35
280.25 154.38 100.66 62.41
285.75 151.89 99.18 61.49
288.83 149.43 97.71 60.58
296.48 149.88 96.27 59.69
301.75 151.73 94.84 58.80
300.20 156.34 93.44 57.93
296.48 160.88 92.06 57.08
297.16 166.70 90.70 56.23
297.83 169.77 89.36 55.40
296.37 170.18 88.04 54.58
297.02 170.59 86.74 53.78
294.94 170.59 86.74 53.78
292.18 172.80 88.04 54.58
293.66 175.05 89.36 55.40
295.17 177.34 90.70 56.23
297.99 180.41 89.36 55.40
300.76 184.75 88.04 54.58
302.24 183.01 89.36 55.40
299.40 181.25 90.70 56.23
297.92 181.66 89.36 55.40
294.36 182.07 88.04 54.58
290.84 181.18 86.74 53.78
287.38 179.04 85.46 52.98
285.99 179.43 84.19 52.20
284.62 179.82 82.95 51.43
280.64 176.11 82.95 51.43
278.00 171.97 84.19 52.20
276.63 171.12 82.95 51.43
277.24 173.93 81.72 50.67
276.63 176.02 82.95 51.43
278.62 177.25 82.95 51.43
276.63 176.02 82.95 51.43
276.01 174.38 84.19 52.20
275.38 176.53 85.46 52.98
278.03 179.43 84.19 52.20
280.64 183.52 82.95 51.43
281.26 185.12 81.72 50.67
279.93 190.28 80.52 49.92
278.62 193.01 79.33 49.18
281.08 194.54 78.15 48.46
285.35 194.90 77.00 47.74
287.74 195.25 75.86 47.03
287.17 196.04 77.00 47.74
286.60 194.52 78.15 48.46
280.30 191.80 79.33 49.18
280.88 189.83 78.15 48.46
281.46 187.90 77.00 47.74
283.85 186.00 75.86 47.03
281.43 182.21 77.00 47.74
278.98 179.52 78.15 48.46
275.86 179.88 77.00 47.74
272.17 181.03 77.00 47.74
269.09 183.64 75.86 47.03
267.86 183.98 74.74 46.34
268.41 185.42 73.64 45.65
270.70 183.60 72.55 44.98
271.24 181.81 71.48 44.31
275.14 180.04 70.42 43.66
279.76 177.58 71.48 44.31
284.45 172.93 72.55 44.98
286.70 171.14 71.48 44.31
287.23 171.46 70.42 43.66
286.08 173.85 69.38 43.01
290.63 174.58 70.42 43.66
290.11 179.57 71.48 44.31
287.83 185.71 72.55 44.98
285.52 190.85 73.64 45.65
281.98 196.33 73.64 45.65
281.43 199.33 74.74 46.34
282.69 202.36 75.86 47.03
283.97 204.30 77.00 47.74
283.39 205.11 78.15 48.46
282.81 207.11 79.33 49.18
280.28 207.93 80.52 49.92
273.79 207.56 81.72 50.67
267.20 207.18 82.95 51.43
265.21 204.71 82.95 51.43
261.90 209.96 81.72 50.67
259.30 214.51 82.95 51.43
254.03 217.33 81.72 50.67
250.77 220.10 80.52 49.92
249.46 220.46 79.33 49.18
248.17 218.50 78.15 48.46
254.29 225.73 77.00 47.74
263.96 231.73 75.86 47.03
266.32 234.30 74.74 46.34
266.87 233.55 73.64 45.65
266.87 233.55 73.64 45.65
268.11 233.21 74.74 46.34
269.91 235.43 74.74 46.34
272.23 236.87 73.64 45.65
271.67 233.19 74.74 46.34
268.09 230.97 74.74 46.34
262.06 231.75 75.86 47.03
256.60 232.88 75.86 47.03
251.14 231.75 75.86 47.03
248.72 227.96 77.00 47.74
244.39 227.60 78.15 48.46
240.00 230.78 79.33 49.18
239.40 232.81 80.52 49.92
236.84 231.21 81.72 50.67
234.24 225.90 82.95 51.43
231.59 223.01 84.19 52.20
228.91 222.61 85.46 52.98
230.35 224.80 86.74 53.78
233.93 223.09 88.04 54.58
235.41 221.35 89.36 55.40
236.92 223.63 90.70 56.23
235.44 225.38 89.36 55.40
236.10 227.09 88.04 54.58
236.75 230.08 86.74 53.78
237.39 233.02 85.46 52.98
238.84 231.33 86.74 53.78
242.41 229.62 88.04 54.58
246.04 225.22 89.36 55.40
247.55 226.15 90.70 56.23
251.28 225.73 92.06 57.08
252.84 228.09 93.44 57.93
255.74 231.25 92.06 57.08
258.59 228.98 90.70 56.23
257.91 225.81 92.06 57.08
257.91 225.81 92.06 57.08
258.59 230.28 90.70 56.23
256.42 232.98 90.70 56.23
257.09 232.07 89.36 55.40
256.42 233.00 90.70 56.23
253.53 232.58 92.06 57.08
255.74 231.21 92.06 57.08
259.53 229.39 93.44 57.93
264.02 229.39 93.44 57.93
266.92 227.08 92.06 57.08
266.23 223.87 93.44 57.93
268.47 221.09 93.44 57.93
268.47 219.70 93.44 57.93
265.49 215.03 94.84 58.80
262.47 208.86 96.27 59.69
259.40 205.51 97.71 60.58
258.67 200.63 99.18 61.49
259.40 198.17 97.71 60.58
262.44 197.19 96.27 59.69
261.71 193.83 97.71 60.58
262.44 188.55 96.27 59.69
265.42 186.17 94.84 58.80
266.12 186.60 93.44 57.93
267.70 184.76 94.84 58.80
266.99 185.75 96.27 59.69
266.27 183.85 97.71 60.58
267.91 181.92 99.18 61.49
270.29 178.97 99.18 61.49
271.03 175.06 97.71 60.58
273.37 173.60 97.71 60.58
272.64 171.67 99.18 61.49
269.48 168.22 100.66 62.41
268.72 164.71 102.17 63.35
267.96 161.15 103.71 64.30
269.71 157.53 105.26 65.26
272.23 157.53 105.26 65.26
276.57 157.04 106.84 66.24
275.77 156.55 108.44 67.24
274.96 160.95 110.07 68.24
273.17 164.69 108.44 67.24
273.97 166.77 106.84 66.24
273.97 163.59 106.84 66.24
273.17 163.10 108.44 67.24
273.97 166.77 106.84 66.24
271.40 169.95 106.84 66.24
272.19 172.01 105.26 65.26
272.19 175.14 105.26 65.26
271.40 177.83 106.84 66.24
272.19 179.89 105.26 65.26
274.72 181.45 105.26 65.26
273.93 182.55 106.84 66.24
272.19 184.61 105.26 65.26
273.97 184.12 106.84 66.24
270.56 185.24 108.44 67.24
271.37 187.32 106.84 66.24
269.63 190.95 105.26 65.26
268.84 192.05 106.84 66.24
265.44 193.16 108.44 67.24
263.67 187.30 106.84 66.24
262.87 177.12 108.44 67.24
262.87 151.30 108.44 67.24
264.70 129.51 110.07 68.24
267.34 126.23 110.07 68.24
269.20 142.34 111.72 69.27
268.36 163.76 113.40 70.31
270.27 178.65 115.10 71.36
272.21 185.06 116.82 72.43
271.34 184.52 118.58 73.52
273.34 189.34 120.36 74.62
272.43 194.24 122.16 75.74
276.22 198.38 120.36 74.62
279.11 201.96 120.36 74.62
281.14 205.04 122.16 75.74
281.14 208.67 122.16 75.74
280.23 211.79 123.99 76.88
279.30 211.22 125.85 78.03
278.35 204.93 127.74 79.20
277.39 198.55 129.66 80.39
276.42 201.86 131.60 81.59
272.23 207.21 133.58 82.82
271.23 216.68 135.58 84.06
270.21 224.24 137.61 85.32
267.97 226.89 135.58 84.06
263.65 222.16 137.61 85.32
263.65 216.02 137.61 85.32
263.65 207.83 137.61 85.32
260.35 213.97 137.61 85.32
258.11 216.62 135.58 84.06
257.10 222.13 137.61 85.32
254.86 226.79 135.58 84.06
253.84 230.26 137.61 85.32
250.54 230.26 137.61 85.32
247.24 230.26 137.61 85.32
246.20 229.62 139.68 86.60
243.93 226.16 137.61 85.32
244.95 226.79 135.58 84.06
242.75 227.42 133.58 82.82
243.73 233.90 131.60 81.59
247.82 232.58 129.66 80.39
246.85 231.97 131.60 81.59
243.69 228.06 131.60 81.59
242.70 227.44 133.58 82.82
244.95 224.81 135.58 84.06
243.94 222.13 137.61 85.32
243.94 222.13 137.61 85.32
243.94 224.18 137.61 85.32
248.21 224.81 135.58 84.06
251.46 228.84 135.58 84.06
250.44 230.26 137.61 85.32
251.46 232.91 135.58 84.06
251.46 234.92 135.58 84.06
251.46 234.92 135.58 84.06
257.97 230.89 135.58 84.06
262.18 219.58 133.58 82.82
257.92 206.86 135.58 84.06
253.60 202.13 137.61 85.32
245.86 193.18 139.68 86.60
241.41 188.31 141.77 87.90
239.11 188.96 139.68 86.60
233.54 185.50 137.61 85.32
233.54 181.41 137.61 85.32
231.30 180.02 135.58 84.06
232.30 180.64 133.58 82.82
228.04 180.02 135.58 84.06
227.03 177.34 137.61 85.32
226.00 174.63 139.68 86.60
228.35 171.87 141.77 87.90
229.40 168.36 139.68 86.60
233.73 164.90 137.61 85.32
234.75 167.55 135.58 84.06
232.55 162.21 133.58 82.82
229.34 160.22 133.58 82.82
229.34 158.23 133.58 82.82
230.33 156.89 131.60 81.59
229.34 152.30 133.58 82.82
228.34 143.61 135.58 84.06
231.59 135.54 135.58 84.06
235.80 134.17 133.58 82.82
236.79 130.87 131.60 81.59
240.87 127.61 129.66 80.39
239.90 125.05 131.60 81.59
240.87 123.73 129.66 80.39
244.89 126.22 127.74 79.20
247.05 127.56 129.66 80.39
247.05 127.56 129.66 80.39
250.16 129.49 129.66 80.39
252.35 130.84 131.60 81.59
251.36 132.22 133.58 82.82
250.36 135.63 135.58 84.06
246.04 139.10 137.61 85.32
246.04 141.14 137.61 85.32
245.01 140.50 139.68 86.60
249.34 139.10 137.61 85.32
253.61 135.69 135.58 84.06
254.61 134.32 133.58 82.82
258.76 131.02 131.60 81.59
256.62 135.48 129.66 80.39
257.58 137.98 127.74 79.20
256.62 141.24 129.66 80.39
255.65 148.47 131.60 81.59
254.66 155.81 133.58 82.82
256.91 161.24 135.58 84.06
256.91 167.29 135.58 84.06
257.91 173.88 133.58 82.82
258.90 184.28 131.60 81.59
262.99 198.39 129.66 80.39
270.07 212.29 127.74 79.20
283.10 220.36 125.85 78.03
298.91 222.78 123.99 76.88
311.55 217.90 122.16 75.74
324.01 214.88 120.36 74.62
337.77 212.50 122.16 75.74
339.83 213.78 123.99 76.88
334.88 223.43 122.16 75.74
318.45 232.95 120.36 74.62
299.42 238.79 118.58 73.52
280.67 249.77 116.82 72.43
264.96 258.86 115.10 71.36
254.92 256.02 113.40 70.31
250.40 258.20 111.72 69.27
248.58 258.71 110.07 68.24
246.79 257.60 108.44 67.24
247.59 256.51 106.84 66.24
250.91 253.87 105.26 65.26
251.69 249.72 103.71 64.30
252.45 248.67 102.17 63.35
250.00 247.15 102.17 63.35
250.76 247.62 100.66 62.41
247.55 241.07 102.17 63.35
244.29 239.05 103.71 64.30
245.06 241.05 102.17 63.35
245.06 239.53 102.17 63.35
247.51 239.53 102.17 63.35
253.10 238.50 100.66 62.41
258.60 238.96 99.18 61.49
268.12 237.48 99.18 61.49
278.24 236.48 97.71 60.58
283.58 235.50 96.27 59.69
284.29 230.30 94.84 58.80
287.23 223.78 93.44 57.93
292.34 222.84 92.06 57.08
290.85 221.91 90.70 56.23
287.23 214.35 89.36 55.40
287.23 213.02 89.36 55.40
285.78 213.43 88.04 54.58
280.18 211.25 86.74 53.78
276.72 209.10 85.46 52.98
273.31 210.75 84.19 52.20
271.94 212.37 82.95 51.43
271.32 214.49 84.19 52.20
272.74 212.82 85.46 52.98
276.26 216.30 86.74 53.78
275.61 218.51 88.04 54.58
277.09 222.09 89.36 55.40
275.64 227.74 88.04 54.58
274.98 233.98 89.36 55.40
273.53 240.94 88.04 54.58
274.18 247.80 86.74 53.78
272.77 249.47 85.46 52.98
268.67 250.74 85.46 52.98
267.28 249.88 84.19 52.20
265.91 249.03 82.95 51.43
266.52 249.41 81.72 50.67
267.13 248.59 80.52 49.92
269.63 247.77 79.33 49.18
273.96 248.14 78.15 48.46
280.08 248.50 77.00 47.74
291.58 246.59 75.86 47.03
313.43 240.95 75.86 47.03
338.73 225.70 77.00 47.74
356.91 214.87 78.15 48.46
359.33 208.36 77.00 47.74
352.62 205.32 75.86 47.03
347.80 202.34 74.74 46.34
343.05 202.68 73.64 45.65
333.15 201.94 72.55 44.98
321.67 201.20 71.48 44.31
310.37 199.44 70.42 43.66
300.90 197.69 69.38 43.01
294.85 199.03 68.35 42.38
293.74 199.34 67.34 41.75
291.60 198.01 68.35 42.38
290.49 197.32 67.34 41.75
290.98 197.63 66.35 41.14
288.87 195.32 67.34 41.75
285.08 193.99 68.35 42.38
280.74 192.30 67.34 41.75
279.64 192.61 66.35 41.14
277.00 190.96 65.37 40.53
275.43 191.94 65.37 40.53
275.91 191.28 64.40 39.93
276.39 191.57 63.45 39.34
275.36 193.72 62.51 38.76
275.82 191.26 61.59 38.18
276.27 192.45 60.68 37.62
281.03 192.73 59.78 37.06
288.54 193.88 58.90 36.52
294.54 195.01 58.03 35.98
299.09 196.13 57.17 35.45
298.66 198.45 58.03 35.98
299.09 199.57 57.17 35.45
300.46 200.42 57.17 35.45
302.81 201.88 58.03 35.98
302.38 204.24 58.90 36.52
302.81 204.51 58.03 35.98
303.79 205.11 58.90 36.52
302.38 207.74 58.90 36.52
301.42 210.60 58.03 35.98
301.85 211.72 57.17 35.45
302.81 214.04 58.03 35.98
302.38 212.90 58.90 36.52
304.21 212.30 58.03 35.98
304.64 214.27 57.17 35.45
303.26 215.12 57.17 35.45
303.26 215.97 57.17 35.45
303.26 216.82 57.17 35.45
305.04 217.09 56.32 34.92
306.79 218.99 55.49 34.41
306.79 219.82 55.49 34.41
305.45 218.17 55.49 34.41
307.74 216.23 56.32 34.92
305.95 218.52 57.17 35.45
305.02 216.27 56.32 34.92
303.22 210.91 57.17 35.45
301.40 208.91 58.03 35.98
299.55 209.52 58.90 36.52
301.38 208.93 58.03 35.98
300.95 208.66 58.90 36.52
299.07 207.49 59.78 37.06
295.71 206.31 60.68 37.62
292.80 203.60 60.68 37.62
292.34 201.49 61.59 38.18
291.88 202.13 62.51 38.76
291.88 202.13 62.51 38.76
291.41 201.84 63.45 39.34
289.89 201.84 63.45 39.34
290.36 202.13 62.51 38.76
289.89 199.95 63.45 39.34
287.87 198.70 64.40 39.93
287.38 199.37 65.37 40.53
285.81 199.37 65.37 40.53
285.81 196.46 65.37 40.53
287.84 195.80 64.40 39.93
289.39 195.80 64.40 39.93
292.04 196.47 65.37 40.53
293.14 196.17 66.35 41.14
291.03 196.86 67.34 41.75
288.89 194.51 68.35 42.38
285.60 195.53 68.35 42.38
283.43 196.24 69.38 43.01
282.91 195.92 70.42 43.66
282.38 195.59 71.48 44.31
281.22 193.83 70.42 43.66
282.40 189.24 71.48 44.31
281.87 187.83 72.55 44.98
280.13 189.99 72.55 44.98
284.88 186.37 73.64 45.65
299.02 178.70 73.64 45.65
321.79 161.67 74.74 46.34
350.36 142.14 75.86 47.03
370.12 130.32 77.00 47.74
374.33 129.55 75.86 47.03
373.76 131.49 77.00 47.74
374.33 134.10 75.86 47.03
371.91 137.18 77.00 47.74
369.46 139.15 78.15 48.46
362.64 145.24 77.00 47.74
350.47 156.88 75.86 47.03
324.03 176.00 77.00 47.74
298.16 192.04 77.00 47.74
279.68 201.21 77.00 47.74
272.96 206.08 75.86 47.03
266.35 213.10 74.74 46.34
263.37 216.73 73.64 45.65
262.17 218.14 72.55 44.98
260.99 217.41 71.48 44.31
263.21 217.74 70.42 43.66
267.06 216.00 69.38 43.01
274.13 210.21 68.35 42.38
282.72 203.51 67.34 41.75
289.59 201.85 66.35 41.14
290.08 198.26 65.37 40.53
292.10 194.73 64.40 39.93
295.20 192.81 64.40 39.93
296.28 192.51 65.37 40.53
297.38 193.19 66.35 41.14
296.89 188.88 67.34 41.75
296.38 186.53 68.35 42.38
294.20 187.24 69.38 43.01
293.68 187.97 70.42 43.66
289.72 188.70 71.48 44.31
286.87 189.03 70.42 43.66
283.49 190.08 70.42 43.66
280.68 193.50 69.38 43.01
277.35 191.43 69.38 43.01
272.94 192.77 68.35 42.38
270.22 193.08 67.34 41.75
269.71 194.80 68.35 42.38
270.86 196.55 69.38 43.01
272.03 199.37 70.42 43.66
270.89 201.76 69.38 43.01
266.99 206.68 70.42 43.66
268.17 210.60 71.48 44.31
269.38 213.51 72.55 44.98
274.14 213.17 73.64 45.65
278.97 212.83 74.74 46.34
284.82 217.55 73.64 45.65
286.06 217.21 74.74 46.34
290.96 213.48 75.86 47.03
300.07 210.09 75.86 47.03
308.74 212.03 77.00 47.74
310.04 212.83 78.15 48.46
303.74 211.29 79.33 49.18
296.82 209.33 78.15 48.46
292.43 211.33 79.33 49.18
287.97 215.75 80.52 49.92
283.44 219.02 81.72 50.67
278.85 219.88 82.95 51.43
278.22 220.74 84.19 52.20
277.59 216.54 85.46 52.98
274.87 212.27 86.74 53.78
274.22 206.63 88.04 54.58
271.41 200.90 89.36 55.40
259.86 196.43 90.70 56.23
250.34 196.01 92.06 57.08
242.92 201.14 93.44 57.93
237.67 206.36 94.84 58.80
234.65 210.21 96.27 59.69
231.58 214.13 97.71 60.58
233.23 216.62 99.18 61.49
232.49 219.16 100.66 62.41
234.18 220.21 102.17 63.35
240.88 219.73 103.71 64.30
247.68 217.69 105.26 65.26
252.02 215.61 106.84 66.24
256.43 210.27 108.44 67.24
255.61 198.30 110.07 68.24
257.47 179.50 111.72 69.27
256.63 168.86 113.40 70.31
258.54 164.91 115.10 71.36
257.68 164.37 116.82 72.43
256.80 163.83 118.58 73.52
251.11 176.18 118.58 73.52
241.56 193.54 120.36 74.62
239.60 209.97 118.58 73.52
235.82 220.16 120.36 74.62
234.92 225.05 122.16 75.74
236.98 228.18 123.99 76.88
236.05 229.47 125.85 78.03
235.11 230.79 127.74 79.20
234.15 228.26 129.66 80.39
230.02 227.66 131.60 81.59
229.03 233.01 133.58 82.82
228.03 238.44 135.58 84.06
227.01 239.86 137.61 85.32
229.33 237.14 139.68 86.60
235.09 236.49 141.77 87.90
237.48 237.98 143.90 89.22
239.91 232.96 146.06 90.56
242.37 227.87 148.25 91.91
244.87 222.70 150.47 93.29
243.74 219.73 152.73 94.69
238.87 219.02 155.02 96.11
237.71 211.27 157.35 97.55
240.36 205.79 159.71 99.02
239.17 205.05 162.10 100.50
234.00 199.40 164.53 102.01
232.77 188.69 167.00 103.54
227.45 180.35 169.51 105.09
226.18 171.88 172.05 106.67
224.89 163.28 174.63 108.27
227.83 157.20 177.25 109.89
226.50 156.37 179.91 111.54
220.77 155.54 182.61 113.22
214.95 154.69 185.35 114.91
