527.00 86.00 136.00 385.00
527.00 86.00 136.00 385.00
537.65 88.84 133.99 379.31
537.65 88.84 133.99 379.31
535.47 91.65 132.01 373.70
531.27 79.74 133.99 379.31
533.53 76.90 136.00 385.00
534.53 70.64 133.99 379.31
540.06 67.79 136.00 385.00
541.06 70.64 133.99 379.31
541.06 70.64 133.99 379.31
544.28 70.64 133.99 379.31
547.49 79.74 133.99 379.31
557.99 82.54 132.01 373.70
580.81 76.47 130.06 368.18
597.15 87.90 128.14 362.74
607.19 90.58 126.24 357.38
613.25 99.15 126.24 357.38
628.39 107.73 126.24 357.38
638.28 110.37 124.38 352.10
647.24 110.37 124.38 352.10
656.98 121.30 122.54 346.90
672.37 115.66 120.73 341.77
678.97 118.18 118.94 336.72
688.29 112.71 117.19 331.74
691.93 115.16 115.45 326.84
700.97 117.58 113.75 322.01
707.19 119.96 112.07 317.25
713.32 129.80 110.41 312.56
719.36 124.72 108.78 307.94
735.59 127.00 107.17 303.39
745.88 127.00 107.17 303.39
754.27 129.24 105.59 298.91
765.04 131.45 104.03 294.49
787.95 126.66 102.49 290.14
797.17 124.48 104.03 294.49
804.66 124.48 104.03 294.49
812.15 124.48 104.03 294.49
827.67 119.70 102.49 290.14
835.05 119.70 102.49 290.14
839.28 117.52 104.03 294.49
844.27 117.52 104.03 294.49
856.16 115.31 105.59 298.91
861.23 115.31 105.59 298.91
866.30 115.31 105.59 298.91
872.07 117.52 104.03 294.49
886.50 115.31 105.59 298.91
889.03 115.31 105.59 298.91
893.38 113.07 107.17 303.39
901.78 115.31 105.59 298.91
913.85 113.07 107.17 303.39
918.26 110.79 108.78 307.94
923.48 110.79 108.78 307.94
929.43 113.07 107.17 303.39
939.72 105.79 107.17 303.39
944.87 105.79 107.17 303.39
946.67 103.51 108.78 307.94
949.28 103.51 108.78 307.94
954.50 103.51 108.78 307.94
959.73 103.51 108.78 307.94
962.34 103.51 108.78 307.94
961.52 101.20 110.41 312.56
967.56 103.51 108.78 307.94
970.17 103.51 108.78 307.94
972.78 103.51 108.78 307.94
975.39 103.51 108.78 307.94
979.87 101.20 110.41 312.56
979.87 101.20 110.41 312.56
982.52 101.20 110.41 312.56
984.39 91.25 112.07 317.25
986.27 88.87 113.75 322.01
986.27 88.87 113.75 322.01
986.27 88.87 113.75 322.01
989.00 88.87 113.75 322.01
989.85 91.25 112.07 317.25
986.27 88.87 113.75 322.01
986.27 88.87 113.75 322.01
986.27 88.87 113.75 322.01
987.12 91.25 112.07 317.25
987.12 91.25 112.07 317.25
987.12 91.25 112.07 317.25
987.12 91.25 112.07 317.25
989.80 83.63 112.07 317.25
990.63 85.98 110.41 312.56
991.45 88.28 108.78 307.94
991.45 88.28 108.78 307.94
997.40 90.56 107.17 303.39
997.40 90.56 107.17 303.39
997.40 90.56 107.17 303.39
999.97 90.56 107.17 303.39
999.17 88.28 108.78 307.94
999.17 88.28 108.78 307.94
999.17 88.28 108.78 307.94
1001.78 88.28 108.78 307.94
1004.39 88.28 108.78 307.94
1007.00 88.28 108.78 307.94
1008.83 85.98 110.41 312.56
1008.83 85.98 110.41 312.56
1010.69 83.63 112.07 317.25
1010.69 83.63 112.07 317.25
1011.52 85.98 110.41 312.56
1010.69 83.63 112.07 317.25
1007.12 96.71 113.75 322.01
1001.66 104.44 113.75 322.01
1002.50 114.43 112.07 317.25
1005.19 114.43 112.07 317.25
1015.27 112.05 113.75 322.01
1015.27 112.05 113.75 322.01
1017.19 109.64 115.45 326.84
1024.76 99.22 117.19 331.74
1033.20 99.22 117.19 331.74
1036.84 93.83 115.45 326.84
1038.78 91.38 117.19 331.74
1040.76 88.89 118.94 336.72
1047.26 83.42 117.19 331.74
1052.09 80.93 118.94 336.72
1054.10 78.40 120.73 341.77
1056.13 75.84 122.54 346.90
1061.18 73.24 124.38 352.10
1063.28 70.60 126.24 357.38
1063.28 70.60 126.24 357.38
1063.28 70.60 126.24 357.38
1065.41 67.92 128.14 362.74
1068.49 67.92 128.14 362.74
1068.49 67.92 128.14 362.74
1068.49 67.92 128.14 362.74
1072.46 62.02 126.24 357.38
1072.46 62.02 126.24 357.38
1073.39 64.66 124.38 352.10
1073.39 64.66 124.38 352.10
1075.49 70.60 126.24 357.38
1079.41 64.79 124.38 352.10
1079.41 64.79 124.38 352.10
1081.51 62.15 126.24 357.38
1080.56 59.47 128.14 362.74
1080.56 59.47 128.14 362.74
1080.56 59.47 128.14 362.74
1080.56 59.47 128.14 362.74
1084.54 62.15 126.24 357.38
1084.54 62.15 126.24 357.38
1080.51 59.47 128.14 362.74
1081.46 62.15 126.24 357.38
1082.39 64.79 124.38 352.10
1081.46 70.72 126.24 357.38
1080.51 68.04 128.14 362.74
1082.67 65.32 130.06 368.18
1080.56 59.34 128.14 362.74
1081.51 62.02 126.24 357.38
1080.56 59.34 128.14 362.74
1080.56 59.34 128.14 362.74
1077.48 59.34 128.14 362.74
1076.52 56.62 130.06 368.18
1078.72 53.86 132.01 373.70
1078.72 53.86 132.01 373.70
1082.81 47.78 130.06 368.18
1086.85 50.50 128.14 362.74
1086.85 50.50 128.14 362.74
1086.85 50.50 128.14 362.74
1089.01 47.78 130.06 368.18
1089.01 47.78 130.06 368.18
1089.97 50.50 128.14 362.74
1089.01 47.78 130.06 368.18
1086.90 50.50 128.14 362.74
1086.90 50.50 128.14 362.74
1086.90 50.50 128.14 362.74
1083.82 59.21 128.14 362.74
1083.82 59.21 128.14 362.74
1082.86 56.49 130.06 368.18
1083.82 50.50 128.14 362.74
1079.74 47.78 130.06 368.18
1080.70 50.50 128.14 362.74
1080.70 50.50 128.14 362.74
1080.70 50.50 128.14 362.74
1079.74 47.78 130.06 368.18
1077.62 50.50 128.14 362.74
1080.70 50.50 128.14 362.74
1077.62 50.50 128.14 362.74
1076.66 47.78 130.06 368.18
1077.62 50.50 128.14 362.74
1077.62 50.50 128.14 362.74
1076.66 47.78 130.06 368.18
1075.69 45.02 132.01 373.70
1081.13 42.22 133.99 379.31
1088.46 36.05 132.01 373.70
1093.90 33.25 133.99 379.31
1100.33 33.25 133.99 379.31
1096.06 30.40 136.00 385.00
1097.06 33.25 133.99 379.31
1100.28 33.25 133.99 379.31
1097.06 33.25 133.99 379.31
1093.85 33.25 133.99 379.31
1092.84 30.40 136.00 385.00
1093.85 33.25 133.99 379.31
1093.85 33.25 133.99 379.31
1093.85 42.35 133.99 379.31
1098.01 45.15 132.01 373.70
1097.02 42.35 133.99 379.31
1096.01 39.51 136.00 385.00
1097.02 42.35 133.99 379.31
1096.01 39.51 136.00 385.00
1099.28 39.51 136.00 385.00
1098.26 36.62 138.04 390.78
1097.22 33.69 140.11 396.64
1098.26 36.62 138.04 390.78
1099.28 39.51 136.00 385.00
1100.28 42.35 133.99 379.31
1103.50 33.25 133.99 379.31
1103.50 33.25 133.99 379.31
1104.49 36.05 132.01 373.70
1103.50 33.25 133.99 379.31
1104.49 36.05 132.01 373.70
1103.50 33.25 133.99 379.31
1103.50 33.25 133.99 379.31
1104.49 36.05 132.01 373.70
1104.49 36.05 132.01 373.70
1104.49 36.05 132.01 373.70
1104.49 36.05 132.01 373.70
1104.49 36.05 132.01 373.70
1103.50 33.25 133.99 379.31
1103.50 33.25 133.99 379.31
1101.32 36.05 132.01 373.70
1100.33 33.25 133.99 379.31
1102.59 30.40 136.00 385.00
1102.59 30.40 136.00 385.00
1102.59 30.40 136.00 385.00
1102.59 30.40 136.00 385.00
1105.85 30.40 136.00 385.00
1110.07 33.25 133.99 379.31
1112.33 30.40 136.00 385.00
1116.55 33.25 133.99 379.31
1127.05 36.05 132.01 373.70
1132.49 33.25 133.99 379.31
1135.70 33.25 133.99 379.31
1142.14 33.25 133.99 379.31
1149.46 36.05 132.01 373.70
1152.63 36.05 132.01 373.70
1156.73 38.81 130.06 368.18
1159.85 38.81 130.06 368.18
1159.85 47.65 130.06 368.18
1160.81 59.07 128.14 362.74
1162.97 56.35 130.06 368.18
1167.01 59.07 128.14 362.74
1172.29 65.19 130.06 368.18
1171.31 62.43 132.01 373.70
1176.75 59.63 133.99 379.31
1175.75 56.78 136.00 385.00
1183.19 59.63 133.99 379.31
1185.44 56.78 136.00 385.00
1187.74 53.89 138.04 390.78
1192.02 56.78 136.00 385.00
1200.94 53.89 138.04 390.78
1203.27 50.96 140.11 396.64
1206.63 50.96 140.11 396.64
1210.98 53.89 138.04 390.78
1215.26 56.78 136.00 385.00
1218.53 56.78 136.00 385.00
1225.05 56.78 136.00 385.00
1227.35 53.89 138.04 390.78
1234.90 56.78 136.00 385.00
1238.16 66.02 136.00 385.00
1245.60 68.87 133.99 379.31
1252.03 59.76 133.99 379.31
1270.61 56.92 136.00 385.00
1278.04 59.76 133.99 379.31
1284.47 59.76 133.99 379.31
1227.98 56.92 136.00 385.00
1223.65 54.03 138.04 390.78
1223.65 54.03 138.04 390.78
1226.96 54.03 138.04 390.78
1225.93 51.10 140.11 396.64
1224.88 48.12 142.21 402.59
1222.56 60.62 140.11 396.64
1222.56 60.62 140.11 396.64
1223.60 63.55 138.04 390.78
1222.56 60.62 140.11 396.64
1222.56 60.62 140.11 396.64
1223.60 63.55 138.04 390.78
1224.62 66.44 136.00 385.00
1223.60 63.55 138.04 390.78
1222.56 60.62 140.11 396.64
1221.51 57.64 142.21 402.59
1221.51 57.64 142.21 402.59
1221.51 57.64 142.21 402.59
1221.51 57.64 142.21 402.59
1222.56 60.62 140.11 396.64
1222.56 60.62 140.11 396.64
1222.56 60.62 140.11 396.64
1221.51 57.64 142.21 402.59
1220.45 54.62 144.35 408.62
1220.45 54.62 144.35 408.62
1219.36 61.51 146.51 414.75
1218.27 58.40 148.71 420.98
1219.36 61.51 146.51 414.75
1220.45 64.58 144.35 408.62
1221.51 67.60 142.21 402.59
1220.45 64.58 144.35 408.62
1219.36 61.51 146.51 414.75
1222.88 61.51 146.51 414.75
1218.21 58.40 148.71 420.98
1217.10 55.25 150.94 427.29
1215.97 52.04 153.20 433.70
1214.82 48.79 155.50 440.21
1213.65 45.49 157.83 446.81
1212.47 42.14 160.20 453.51
1209.86 56.21 157.83 446.81
1214.76 48.95 155.50 440.21
1214.76 48.95 155.50 440.21
1213.59 45.65 157.83 446.81
1212.41 42.29 160.20 453.51
1211.21 38.89 162.60 460.31
1209.99 35.44 165.04 467.22
1209.99 35.44 165.04 467.22
1211.21 38.89 162.60 460.31
1207.31 38.89 162.60 460.31
1211.21 60.99 162.60 460.31
1212.41 64.39 160.20 453.51
1209.81 67.74 157.83 446.81
1209.81 67.74 157.83 446.81
1208.62 64.39 160.20 453.51
1207.42 60.99 162.60 460.31
1210.16 68.75 165.04 467.22
1210.16 68.75 165.04 467.22
1208.92 65.25 167.52 474.23
1207.67 61.69 170.03 481.34
1210.53 58.08 172.58 488.56
1207.73 61.69 170.03 481.34
1210.60 58.08 172.58 488.56
1210.60 58.08 172.58 488.56
1207.79 61.69 170.03 481.34
1209.05 53.86 167.52 474.23
1207.79 50.31 170.03 481.34
1206.52 46.70 172.58 488.56
1206.52 46.70 172.58 488.56
1206.52 46.70 172.58 488.56
1206.52 46.70 172.58 488.56
1211.87 61.86 170.03 481.34
1211.87 73.41 170.03 481.34
1210.60 69.80 172.58 488.56
1198.17 69.80 172.58 488.56
1187.20 73.41 170.03 481.34
1176.40 76.97 167.52 474.23
1164.34 76.97 167.52 474.23
1137.85 80.47 165.04 467.22
1125.96 80.47 165.04 467.22
1115.48 83.92 162.60 460.31
1097.45 87.33 160.20 453.51
1072.12 90.68 157.83 446.81
1056.97 90.68 157.83 446.81
1043.21 93.98 155.50 440.21
1029.65 97.23 153.20 433.70
1007.59 97.23 153.20 433.70
