16.00 88.00 19.00 51.00
17.49 88.38 18.72 50.25
19.40 88.75 18.44 49.50
21.06 88.38 18.72 50.25
22.85 88.38 18.72 50.25
24.20 88.38 18.72 50.25
26.00 88.38 18.72 50.25
27.35 89.58 18.72 50.25
28.57 89.21 19.00 51.00
30.06 90.79 18.72 50.25
31.97 89.97 18.44 49.50
33.41 91.51 18.17 48.77
35.70 91.87 17.90 48.05
37.52 92.22 17.64 47.34
39.22 92.22 17.64 47.34
40.91 92.22 17.64 47.34
42.60 92.22 17.64 47.34
43.98 92.57 17.38 46.64
45.55 92.22 17.64 47.34
47.13 91.87 17.90 48.05
48.74 91.51 18.17 48.77
49.93 91.14 18.44 49.50
51.70 91.14 18.44 49.50
52.91 90.77 18.72 50.25
55.27 91.14 18.44 49.50
56.47 90.77 18.72 50.25
58.16 90.39 19.00 51.00
60.10 90.77 18.72 50.25
61.89 90.77 18.72 50.25
63.80 91.14 18.44 49.50
65.68 91.51 18.17 48.77
66.99 91.51 18.17 48.77
68.73 90.34 18.17 48.77
70.59 90.70 17.90 48.05
72.31 90.70 17.90 48.05
73.71 91.05 17.64 47.34
75.29 90.70 17.90 48.05
76.90 92.68 18.17 48.77
78.98 91.12 18.44 49.50
80.19 90.75 18.72 50.25
81.42 90.38 19.00 51.00
83.24 90.38 19.00 51.00
84.49 89.99 19.28 51.77
86.46 90.38 19.00 51.00
88.39 89.55 18.72 50.25
90.30 89.92 18.44 49.50
91.63 89.92 18.44 49.50
93.40 89.92 18.44 49.50
95.61 89.92 18.44 49.50
96.82 89.55 18.72 50.25
98.29 89.92 18.44 49.50
99.95 89.55 18.72 50.25
101.74 89.55 18.72 50.25
103.54 89.55 18.72 50.25
105.34 89.55 18.72 50.25
107.14 89.55 18.72 50.25
108.82 89.17 19.00 51.00
110.64 89.17 19.00 51.00
112.01 89.17 19.00 51.00
113.95 89.55 18.72 50.25
115.63 89.17 19.00 51.00
117.00 89.17 19.00 51.00
118.82 89.17 19.00 51.00
120.07 88.79 19.28 51.77
122.04 89.17 19.00 51.00
123.97 89.55 18.72 50.25
125.32 89.55 18.72 50.25
127.12 90.75 18.72 50.25
128.92 90.75 18.72 50.25
130.71 90.75 18.72 50.25
132.51 90.75 18.72 50.25
134.42 89.94 18.44 49.50
136.19 89.94 18.44 49.50
137.40 89.57 18.72 50.25
138.63 89.19 19.00 51.00
139.87 87.56 19.28 51.77
142.08 88.44 19.57 52.54
144.07 88.82 19.28 51.77
145.58 89.21 19.00 51.00
147.52 89.58 18.72 50.25
149.32 89.58 18.72 50.25
151.11 89.58 18.72 50.25
152.91 89.58 18.72 50.25
154.71 89.58 18.72 50.25
155.94 89.21 19.00 51.00
157.87 89.58 18.72 50.25
159.67 89.58 18.72 50.25
161.47 89.58 18.72 50.25
162.82 89.58 18.72 50.25
164.50 89.21 19.00 51.00
166.21 88.82 19.28 51.77
167.72 89.21 19.00 51.00
169.66 89.58 18.72 50.25
171.45 89.58 18.72 50.25
173.59 90.43 19.00 51.00
174.96 90.43 19.00 51.00
176.78 89.21 19.00 51.00
178.61 90.43 19.00 51.00
180.10 89.60 18.72 50.25
181.89 89.60 18.72 50.25
183.69 89.60 18.72 50.25
184.92 89.23 19.00 51.00
186.63 88.84 19.28 51.77
188.02 88.84 19.28 51.77
189.87 88.84 19.28 51.77
191.26 88.84 19.28 51.77
193.11 88.84 19.28 51.77
194.96 88.84 19.28 51.77
196.35 88.84 19.28 51.77
198.20 88.84 19.28 51.77
200.05 88.84 19.28 51.77
201.44 88.84 19.28 51.77
202.95 88.00 19.00 51.00
204.66 87.62 19.28 51.77
206.05 87.62 19.28 51.77
207.90 87.62 19.28 51.77
209.29 87.62 19.28 51.77
210.67 87.62 19.28 51.77
212.53 87.62 19.28 51.77
214.38 87.62 19.28 51.77
216.23 87.62 19.28 51.77
218.08 88.86 19.28 51.77
219.47 87.62 19.28 51.77
221.32 87.62 19.28 51.77
223.17 87.62 19.28 51.77
224.56 87.62 19.28 51.77
226.87 87.62 19.28 51.77
228.26 87.62 19.28 51.77
229.65 87.62 19.28 51.77
231.50 87.62 19.28 51.77
232.89 87.62 19.28 51.77
234.74 87.62 19.28 51.77
236.13 87.62 19.28 51.77
237.98 87.62 19.28 51.77
239.83 87.62 19.28 51.77
241.68 87.62 19.28 51.77
243.54 87.62 19.28 51.77
244.80 87.23 19.57 52.54
246.08 85.56 19.87 53.33
247.87 85.16 20.17 54.13
249.93 86.84 19.87 53.33
251.95 87.23 19.57 52.54
253.36 87.23 19.57 52.54
255.12 86.84 19.87 53.33
256.43 86.44 20.17 54.13
258.36 86.44 20.17 54.13
259.81 86.44 20.17 54.13
261.87 86.84 19.87 53.33
263.78 86.84 19.87 53.33
265.56 86.44 20.17 54.13
266.89 86.03 20.47 54.94
268.36 86.03 20.47 54.94
270.33 86.03 20.47 54.94
272.41 86.44 20.17 54.13
273.87 86.44 20.17 54.13
275.32 86.44 20.17 54.13
277.13 86.03 20.47 54.94
279.22 86.44 20.17 54.13
280.67 86.44 20.17 54.13
282.61 86.44 20.17 54.13
284.54 86.44 20.17 54.13
285.86 86.03 20.47 54.94
287.95 86.44 20.17 54.13
289.89 86.44 20.17 54.13
291.34 86.44 20.17 54.13
293.28 86.44 20.17 54.13
295.33 86.84 19.87 53.33
296.63 86.44 20.17 54.13
298.69 86.84 19.87 53.33
299.99 86.44 20.17 54.13
301.32 86.03 20.47 54.94
303.40 86.44 20.17 54.13
304.86 86.44 20.17 54.13
306.67 86.03 20.47 54.94
308.51 85.62 20.78 55.77
