770.00 614.00 41.00 51.00
767.69 613.62 41.61 51.76
766.03 612.78 41.00 51.00
764.07 612.78 41.00 51.00
763.08 612.78 41.00 51.00
761.11 612.78 41.00 51.00
759.15 612.78 41.00 51.00
757.18 612.78 41.00 51.00
755.54 613.15 40.39 50.25
753.93 613.52 39.80 49.50
752.02 613.52 39.80 49.50
750.11 612.34 39.80 49.50
748.20 612.34 39.80 49.50
745.33 612.34 39.80 49.50
743.42 612.34 39.80 49.50
741.51 611.15 39.80 49.50
738.65 611.15 39.80 49.50
737.06 611.51 39.21 48.77
735.18 610.34 39.21 48.77
732.36 610.34 39.21 48.77
730.47 610.34 39.21 48.77
727.98 610.70 38.63 48.05
726.44 611.06 38.06 47.34
724.02 611.41 37.50 46.64
722.22 611.41 37.50 46.64
720.42 610.29 37.50 46.64
718.04 610.63 36.94 45.95
715.96 610.29 37.50 46.64
714.16 609.17 37.50 46.64
712.67 609.51 36.94 45.95
710.89 609.51 36.94 45.95
709.42 609.85 36.40 45.27
707.97 610.19 35.86 44.60
706.82 608.77 36.40 45.27
704.78 608.43 36.94 45.95
703.01 607.32 36.94 45.95
702.12 607.32 36.94 45.95
700.35 607.32 36.94 45.95
698.27 605.86 37.50 46.64
697.37 605.86 37.50 46.64
695.26 605.51 38.06 47.34
694.35 604.37 38.06 47.34
692.52 604.37 38.06 47.34
691.90 604.72 37.50 46.64
690.10 604.72 37.50 46.64
689.20 604.72 37.50 46.64
687.40 603.61 37.50 46.64
685.60 603.61 37.50 46.64
683.80 603.61 37.50 46.64
682.00 603.61 37.50 46.64
680.51 603.95 36.94 45.95
678.73 602.85 36.94 45.95
676.96 602.85 36.94 45.95
676.07 602.85 36.94 45.95
674.60 603.19 36.40 45.27
672.85 603.19 36.40 45.27
670.81 601.74 36.94 45.95
669.33 602.08 36.40 45.27
668.46 602.08 36.40 45.27
666.71 602.08 36.40 45.27
665.84 602.08 36.40 45.27
664.09 601.00 36.40 45.27
663.22 601.00 36.40 45.27
661.17 599.55 36.94 45.95
660.28 599.55 36.94 45.95
659.40 599.55 36.94 45.95
658.51 599.55 36.94 45.95
657.04 599.89 36.40 45.27
656.16 598.81 36.40 45.27
655.29 598.81 36.40 45.27
654.42 598.81 36.40 45.27
654.69 599.14 35.86 44.60
652.67 592.29 36.40 45.27
644.33 595.83 35.86 44.60
642.32 603.11 36.40 45.27
657.12 618.21 36.94 45.95
642.44 605.55 37.50 46.64
645.38 597.07 36.94 45.95
644.78 597.41 36.40 45.27
643.33 597.74 35.86 44.60
641.89 598.07 35.33 43.95
640.20 597.02 35.33 43.95
639.07 596.69 35.86 44.60
637.64 597.02 35.33 43.95
635.95 597.02 35.33 43.95
634.82 595.62 35.86 44.60
633.39 595.95 35.33 43.95
631.98 596.27 34.81 43.30
630.31 596.27 34.81 43.30
629.47 596.27 34.81 43.30
627.80 596.27 34.81 43.30
626.97 596.27 34.81 43.30
625.30 595.23 34.81 43.30
623.91 595.55 34.29 42.66
622.82 595.23 34.81 43.30
621.98 595.23 34.81 43.30
620.31 594.20 34.81 43.30
619.47 594.20 34.81 43.30
618.64 594.20 34.81 43.30
616.97 594.20 34.81 43.30
616.13 594.20 34.81 43.30
614.46 594.20 34.81 43.30
613.90 594.51 34.29 42.66
613.07 594.51 34.29 42.66
611.15 593.16 34.81 43.30
610.58 593.48 34.29 42.66
608.93 593.48 34.29 42.66
608.11 593.48 34.29 42.66
606.47 593.48 34.29 42.66
605.64 593.48 34.29 42.66
604.00 592.45 34.29 42.66
602.63 592.77 33.79 42.03
601.01 592.77 33.79 42.03
599.66 593.08 33.29 41.40
597.79 591.76 33.79 42.03
597.24 592.07 33.29 41.40
595.64 592.07 33.29 41.40
594.31 592.38 32.79 40.79
592.74 592.38 32.79 40.79
591.69 592.07 33.29 41.40
590.36 592.38 32.79 40.79
588.79 591.40 32.79 40.79
588.00 591.40 32.79 40.79
586.43 591.40 32.79 40.79
585.64 591.40 32.79 40.79
584.86 591.40 32.79 40.79
584.07 590.42 32.79 40.79
582.49 590.42 32.79 40.79
581.71 590.42 32.79 40.79
580.92 590.42 32.79 40.79
580.13 590.42 32.79 40.79
579.35 590.42 32.79 40.79
578.56 589.44 32.79 40.79
577.77 589.44 32.79 40.79
576.98 589.44 32.79 40.79
576.20 589.44 32.79 40.79
575.41 589.44 32.79 40.79
574.88 589.74 32.31 40.19
574.10 589.74 32.31 40.19
573.07 589.44 32.79 40.79
572.29 589.44 32.79 40.79
571.75 589.74 32.31 40.19
569.94 588.46 32.79 40.79
568.89 587.16 33.29 41.40
567.83 586.85 33.79 42.03
567.28 587.16 33.29 41.40
566.74 588.44 32.79 40.79
566.49 586.15 33.29 41.40
564.38 586.46 32.79 40.79
563.07 587.72 32.31 40.19
562.04 585.46 32.79 40.79
554.61 599.07 33.29 41.40
562.46 601.78 33.79 42.03
571.26 601.47 34.29 42.66
580.20 599.07 34.81 43.30
588.41 595.58 35.33 43.95
595.03 593.11 35.86 44.60
602.63 589.52 36.40 45.27
608.56 585.87 36.94 45.95
614.58 579.93 37.50 46.64
621.95 574.76 36.94 45.95
628.16 573.66 36.94 45.95
634.55 575.08 36.40 45.27
639.59 574.74 36.94 45.95
645.61 577.76 37.50 46.64
650.81 578.54 38.06 47.34
656.09 579.34 38.63 48.05
662.58 579.34 38.63 48.05
667.94 578.98 39.21 48.77
673.37 577.43 39.80 49.50
679.10 575.05 39.80 49.50
683.65 572.27 40.39 50.25
687.29 570.67 41.00 51.00
690.97 567.80 41.62 51.77
695.22 565.73 41.00 51.00
697.91 564.11 41.62 51.77
700.90 564.11 41.62 51.77
704.90 564.11 41.62 51.77
707.89 564.11 41.62 51.77
711.89 566.59 41.62 51.77
717.12 566.98 41.00 51.00
723.24 570.97 40.39 50.25
728.08 572.18 40.39 50.25
736.02 576.11 39.80 49.50
