62.00 47.00 5.00 6.00
62.04 46.05 4.93 5.91
62.00 49.03 5.00 6.00
60.99 48.40 5.07 6.09
61.44 45.98 5.15 6.18
61.73 46.03 5.07 6.09
59.83 42.27 5.15 6.18
59.71 41.23 5.15 6.18
59.67 41.04 5.23 6.27
59.63 41.45 5.31 6.37
56.23 35.97 5.39 6.46
56.02 34.03 5.31 6.37
54.43 33.99 5.39 6.46
53.60 42.28 5.47 6.56
52.62 35.68 5.55 6.66
52.45 30.44 5.63 6.76
51.82 30.49 5.55 6.66
50.84 34.82 5.63 6.76
49.56 32.96 5.72 6.86
50.63 29.90 5.80 6.96
47.84 27.73 5.80 6.96
42.57 30.56 5.89 7.07
41.50 30.61 5.80 6.96
41.88 30.56 5.89 7.07
36.53 30.16 5.98 7.17
36.43 30.38 5.89 7.07
37.82 27.23 5.98 7.17
37.78 27.00 6.07 7.28
34.63 32.09 6.16 7.39
34.73 35.82 6.25 7.50
25.70 36.86 6.34 7.61
21.17 35.87 6.44 7.73
20.81 35.81 6.54 7.84
20.81 35.81 6.54 7.84
20.96 35.81 6.54 7.84
20.81 35.81 6.54 7.84
20.96 35.81 6.54 7.84
21.28 35.81 6.54 7.84
21.75 35.81 6.54 7.84
21.86 35.75 6.63 7.96
19.31 34.80 6.63 7.96
19.31 34.80 6.63 7.96
18.94 34.74 6.73 8.08
18.94 34.74 6.73 8.08
19.42 34.74 6.73 8.08
19.63 34.80 6.63 7.96
19.63 34.80 6.63 7.96
19.79 34.80 6.63 7.96
20.23 34.74 6.73 8.08
20.67 34.68 6.84 8.20
21.16 34.68 6.84 8.20
21.16 34.68 6.84 8.20
21.16 34.68 6.84 8.20
21.16 34.68 6.84 8.20
19.43 33.77 6.73 8.08
19.71 33.71 6.84 8.20
21.19 33.71 6.84 8.20
20.69 32.72 6.84 8.20
18.65 31.66 6.94 8.33
19.19 31.73 6.84 8.20
19.84 31.73 6.84 8.20
20.29 31.66 6.94 8.33
20.29 31.66 6.94 8.33
20.18 31.73 6.84 8.20
19.52 31.73 6.84 8.20
19.97 31.66 6.94 8.33
20.64 31.66 6.94 8.33
21.47 31.66 6.94 8.33
21.64 31.66 6.94 8.33
22.64 31.66 6.94 8.33
20.88 30.74 6.84 8.20
21.05 30.74 6.84 8.20
21.21 30.74 6.84 8.20
20.88 30.74 6.84 8.20
20.67 30.68 6.94 8.33
20.83 30.68 6.94 8.33
21.00 30.68 6.94 8.33
20.83 30.68 6.94 8.33
20.67 30.68 6.94 8.33
21.17 30.68 6.94 8.33
21.33 30.68 6.94 8.33
21.83 30.68 6.94 8.33
21.66 30.68 6.94 8.33
21.83 30.68 6.94 8.33
19.58 29.81 7.04 8.45
19.63 29.67 6.94 8.33
19.63 29.67 6.94 8.33
19.63 29.67 6.94 8.33
19.36 29.73 6.84 8.20
19.36 29.73 6.84 8.20
19.52 29.73 6.84 8.20
19.03 29.73 6.84 8.20
19.03 29.73 6.84 8.20
19.03 29.73 6.84 8.20
18.98 29.67 6.94 8.33
19.36 29.73 6.84 8.20
19.81 29.67 6.94 8.33
19.97 29.67 6.94 8.33
19.97 29.67 6.94 8.33
19.97 29.67 6.94 8.33
20.19 29.73 6.84 8.20
20.14 29.67 6.94 8.33
19.80 29.67 6.94 8.33
19.30 29.67 6.94 8.33
19.64 29.67 6.94 8.33
19.80 29.67 6.94 8.33
19.47 29.67 6.94 8.33
19.14 29.67 6.94 8.33
19.14 29.67 6.94 8.33
16.64 28.67 6.94 8.33
16.81 28.67 6.94 8.33
16.81 28.67 6.94 8.33
17.14 28.67 6.94 8.33
17.14 28.67 6.94 8.33
18.14 28.67 6.94 8.33
16.56 27.80 7.04 8.45
16.34 27.73 7.15 8.58
16.11 27.67 7.25 8.71
15.59 27.67 7.25 8.71
16.11 27.67 7.25 8.71
16.81 27.67 7.25 8.71
16.81 27.67 7.25 8.71
16.46 27.67 7.25 8.71
16.29 27.67 7.25 8.71
16.46 27.67 7.25 8.71
16.51 27.73 7.15 8.58
16.46 27.67 7.25 8.71
16.81 27.67 7.25 8.71
16.81 27.67 7.25 8.71
16.46 27.67 7.25 8.71
16.11 27.67 7.25 8.71
15.94 27.67 7.25 8.71
15.59 27.67 7.25 8.71
17.53 28.56 7.15 8.58
18.26 28.62 7.04 8.45
16.49 27.73 7.15 8.58
16.09 27.67 7.25 8.71
15.39 27.67 7.25 8.71
15.39 27.67 7.25 8.71
15.22 27.67 7.25 8.71
14.87 27.67 7.25 8.71
17.47 28.66 7.36 8.84
17.29 28.66 7.36 8.84
17.47 28.66 7.36 8.84
17.70 28.52 7.25 8.71
18.26 28.58 7.15 8.58
18.82 28.65 7.04 8.45
18.49 28.65 7.04 8.45
17.64 28.65 7.04 8.45
17.81 28.65 7.04 8.45
18.82 28.65 7.04 8.45
16.37 27.76 7.15 8.58
15.62 27.70 7.25 8.71
17.22 28.58 7.15 8.58
17.10 28.65 7.04 8.45
17.27 28.65 7.04 8.45
18.28 28.65 7.04 8.45
18.45 28.65 7.04 8.45
18.45 28.65 7.04 8.45
18.45 28.65 7.04 8.45
18.28 28.65 7.04 8.45
18.28 28.65 7.04 8.45
18.62 28.65 7.04 8.45
16.68 27.76 7.15 8.58
16.63 27.70 7.25 8.71
16.75 27.63 7.36 8.84
16.75 27.63 7.36 8.84
16.93 27.63 7.36 8.84
16.93 27.63 7.36 8.84
16.93 27.63 7.36 8.84
17.28 27.63 7.36 8.84
15.43 26.70 7.47 8.97
15.19 26.64 7.59 9.10
15.19 26.64 7.59 9.10
14.28 26.64 7.59 9.10
14.10 26.64 7.59 9.10
14.47 26.64 7.59 9.10
14.83 26.64 7.59 9.10
15.56 26.64 7.59 9.10
15.74 26.64 7.59 9.10
15.74 26.64 7.59 9.10
15.74 26.64 7.59 9.10
16.10 26.64 7.59 9.10
16.29 26.64 7.59 9.10
16.10 26.64 7.59 9.10
15.74 26.64 7.59 9.10
15.92 26.64 7.59 9.10
16.47 26.64 7.59 9.10
16.65 26.64 7.59 9.10
16.65 26.64 7.59 9.10
16.47 26.64 7.59 9.10
16.47 26.64 7.59 9.10
16.47 26.64 7.59 9.10
17.01 26.64 7.59 9.10
17.38 26.64 7.59 9.10
17.20 26.64 7.59 9.10
17.01 26.64 7.59 9.10
17.20 26.64 7.59 9.10
