771.00 108.00 33.00 64.00
771.00 108.00 33.00 64.00
770.46 106.96 32.51 63.05
769.68 105.45 32.51 63.05
769.15 104.42 32.03 62.12
768.39 104.42 32.03 62.12
768.39 104.42 32.03 62.12
768.39 104.42 32.03 62.12
767.37 105.47 32.51 63.05
766.33 105.00 33.00 64.00
764.47 107.63 33.49 64.96
763.41 107.15 34.00 65.93
760.67 108.26 34.51 66.92
759.57 107.76 35.02 67.93
755.89 107.25 35.55 68.95
752.16 105.05 36.08 69.98
748.38 102.82 36.62 71.03
745.18 103.35 36.08 69.98
740.33 105.52 35.55 68.95
740.59 106.03 35.02 67.93
737.54 106.53 34.51 66.92
728.00 105.44 34.00 65.93
717.80 104.37 33.49 64.96
710.13 103.31 33.00 64.00
710.37 105.30 32.51 63.05
705.38 101.75 33.00 64.00
704.06 100.71 32.51 63.05
696.61 99.69 32.03 62.12
687.76 100.15 31.56 61.20
679.79 103.49 31.09 60.30
671.19 105.37 30.63 59.41
671.42 105.80 30.18 58.53
664.51 107.62 29.73 57.67
660.51 108.05 29.29 56.81
656.72 107.62 29.73 57.67
647.80 103.96 29.29 56.81
647.32 104.38 28.86 55.97
640.71 103.47 28.44 55.15
627.34 107.08 28.86 55.97
622.20 105.30 29.29 56.81
616.27 103.49 29.73 57.67
609.46 105.28 29.29 56.81
608.99 105.70 28.86 55.97
601.74 105.28 29.29 56.81
599.18 101.67 28.86 55.97
595.30 100.76 28.44 55.15
591.48 99.86 28.01 54.33
587.44 98.56 28.01 54.33
583.82 98.15 28.44 55.15
582.92 96.39 28.86 55.97
582.00 97.34 29.29 56.81
581.78 96.91 29.73 57.67
577.93 95.07 30.18 58.53
572.56 96.06 30.63 59.41
569.62 96.06 30.63 59.41
569.62 96.06 30.63 59.41
566.68 96.06 30.63 59.41
566.18 96.50 30.18 58.53
564.98 96.93 29.73 57.67
565.20 96.00 29.29 56.81
565.41 95.07 28.86 55.97
565.63 95.49 28.44 55.15
553.64 92.39 28.86 55.97
552.72 91.97 29.29 56.81
554.64 90.16 29.73 57.67
557.49 87.39 29.73 57.67
560.17 84.15 30.18 58.53
560.17 84.15 30.18 58.53
563.06 82.74 30.18 58.53
565.43 81.79 29.73 57.67
567.38 81.36 30.18 58.53
568.83 82.76 30.18 58.53
571.72 84.17 30.18 58.53
571.72 84.17 30.18 58.53
573.70 85.15 30.63 59.41
575.71 87.60 31.09 60.30
579.27 88.62 31.56 61.20
583.64 88.16 32.03 62.12
588.86 86.18 32.51 63.05
589.64 86.18 32.51 63.05
593.36 85.71 33.00 64.00
599.70 84.17 33.00 64.00
606.96 84.64 32.51 63.05
614.12 86.60 32.03 62.12
621.18 87.06 31.56 61.20
621.41 87.51 31.09 60.30
628.26 87.96 30.63 59.41
634.28 89.80 30.18 58.53
640.92 91.62 29.73 57.67
646.77 92.04 29.29 56.81
646.77 92.04 29.29 56.81
653.09 92.04 29.29 56.81
659.30 90.23 29.73 57.67
665.84 90.66 29.29 56.81
672.76 90.23 29.73 57.67
681.42 89.30 29.29 56.81
689.25 89.72 28.86 55.97
689.47 90.13 28.44 55.15
697.07 89.23 28.01 54.33
703.90 89.64 27.60 53.53
710.63 90.03 27.19 52.74
716.62 90.42 26.79 51.96
716.82 90.80 26.40 51.19
723.88 93.60 26.01 50.43
731.45 95.17 25.62 49.69
738.21 96.36 25.62 49.69
743.64 97.20 26.01 50.43
749.15 96.82 26.40 51.19
749.59 96.44 26.79 51.96
755.92 94.78 27.19 52.74
763.00 93.10 27.60 53.53
767.50 91.40 28.01 54.33
772.75 87.02 28.44 55.15
776.99 83.51 28.01 54.33
781.17 80.06 27.60 53.53
781.38 80.46 27.19 52.74
790.58 74.61 26.79 51.96
790.78 74.99 26.40 51.19
795.97 74.16 26.01 50.43
799.85 75.73 25.62 49.69
803.67 76.10 25.24 48.95
803.86 76.46 24.87 48.23
812.76 79.62 25.24 48.95
812.57 80.45 25.62 49.69
816.75 81.28 26.01 50.43
820.99 83.36 26.40 51.19
825.93 86.72 26.79 51.96
826.38 86.33 27.19 52.74
834.13 93.64 27.60 53.53
834.59 93.24 28.01 54.33
836.43 95.48 28.44 55.15
836.91 96.41 28.86 55.97
836.22 96.41 28.86 55.97
836.22 96.41 28.86 55.97
835.30 95.99 29.29 56.81
834.36 96.95 29.73 57.67
831.97 95.11 30.18 58.53
829.54 94.67 30.63 59.41
826.14 93.71 30.18 58.53
825.65 94.14 29.73 57.67
822.35 93.20 29.29 56.81
818.42 92.28 28.86 55.97
814.53 92.69 28.44 55.15
809.37 91.79 28.01 54.33
804.27 90.91 27.60 53.53
804.48 91.31 27.19 52.74
798.25 91.70 26.79 51.96
790.84 90.85 26.40 51.19
784.80 91.23 26.01 50.43
778.23 91.60 25.62 49.69
770.54 92.44 26.01 50.43
770.54 92.44 26.01 50.43
764.01 92.06 26.40 51.19
756.74 91.68 26.79 51.96
749.36 90.02 27.19 52.74
741.87 89.63 27.60 53.53
740.32 89.23 28.01 54.33
733.60 89.23 28.01 54.33
724.52 88.82 28.44 55.15
715.30 89.75 28.86 55.97
706.64 89.33 29.29 56.81
700.00 88.90 29.73 57.67
693.58 88.90 29.73 57.67
693.58 88.90 29.73 57.67
689.58 87.96 29.29 56.81
685.64 87.04 28.86 55.97
682.44 87.45 28.44 55.15
678.62 87.86 28.01 54.33
678.83 88.26 27.60 53.53
675.77 88.66 27.19 52.74
672.91 88.26 27.60 53.53
670.69 87.86 28.01 54.33
669.80 86.13 28.44 55.15
668.89 84.37 28.86 55.97
668.67 83.95 29.29 56.81
668.20 83.03 28.86 55.97
668.41 83.44 28.44 55.15
668.41 82.12 28.44 55.15
667.73 82.12 28.44 55.15
667.73 82.12 28.44 55.15
666.82 83.05 28.86 55.97
666.82 83.05 28.86 55.97
665.90 88.09 29.29 56.81
665.90 88.09 29.29 56.81
665.68 89.04 29.73 57.67
665.46 90.02 30.18 58.53
664.74 91.42 30.18 58.53
664.74 91.42 30.18 58.53
664.25 90.47 29.73 57.67
664.25 90.47 29.73 57.67
663.76 89.53 29.29 56.81
662.83 89.10 29.73 57.67
661.88 88.67 30.18 58.53
661.88 88.67 30.18 58.53
659.45 91.09 30.63 59.41
659.45 91.09 30.63 59.41
658.47 92.09 31.09 60.30
657.97 93.96 30.63 59.41
657.47 94.40 30.18 58.53
657.47 94.40 30.18 58.53
656.75 94.40 30.18 58.53
655.05 92.53 30.63 59.41
654.07 92.09 31.09 60.30
653.08 90.17 31.56 61.20
