692.00 439.00 24.00 79.00
688.90 438.41 24.36 80.18
686.77 437.10 24.00 79.00
683.67 438.44 24.36 80.18
680.52 437.83 24.73 81.39
676.96 437.83 24.73 81.39
673.99 435.88 24.73 81.39
671.03 435.88 24.73 81.39
668.06 433.93 24.73 81.39
665.09 433.93 24.73 81.39
662.94 432.60 24.36 80.18
660.38 432.00 24.73 81.39
658.01 430.05 24.73 81.39
655.63 430.05 24.73 81.39
653.26 428.10 24.73 81.39
650.29 428.10 24.73 81.39
647.92 428.10 24.73 81.39
644.36 430.05 24.73 81.39
641.39 430.05 24.73 81.39
638.65 428.73 24.36 80.18
635.95 429.32 24.00 79.00
632.72 429.90 23.65 77.83
630.10 428.64 23.30 76.68
628.07 427.39 22.95 75.55
624.76 425.58 22.95 75.55
622.56 425.58 22.95 75.55
620.02 424.35 22.61 74.43
617.85 424.35 22.61 74.43
615.34 423.14 22.28 73.33
612.46 424.38 22.61 74.43
609.95 424.93 22.28 73.33
607.28 424.93 22.28 73.33
604.40 424.38 22.61 74.43
601.89 423.17 22.28 73.33
599.22 421.41 22.28 73.33
596.55 421.41 22.28 73.33
594.60 420.21 21.95 72.25
592.69 419.04 21.62 71.18
590.42 418.51 21.95 72.25
588.31 418.51 21.95 72.25
585.88 417.33 21.62 71.18
583.29 417.33 21.62 71.18
581.21 417.33 21.62 71.18
578.62 417.33 21.62 71.18
575.71 417.86 21.31 70.13
572.95 417.33 21.62 71.18
569.84 417.33 21.62 71.18
567.44 416.17 21.31 70.13
564.69 415.65 21.62 71.18
562.29 414.49 21.31 70.13
560.43 413.35 20.99 69.09
557.72 411.15 21.31 70.13
555.36 411.67 20.99 69.09
553.15 411.15 21.31 70.13
550.60 411.15 21.31 70.13
548.24 411.67 20.99 69.09
546.03 411.15 21.31 70.13
543.17 411.67 20.99 69.09
540.65 411.67 20.99 69.09
538.32 410.55 20.68 68.07
536.03 409.44 20.37 67.07
533.59 409.44 20.37 67.07
531.81 408.35 20.07 66.07
529.70 407.85 20.37 67.07
527.56 405.72 20.68 68.07
525.58 404.08 20.68 68.07
523.10 404.08 20.68 68.07
521.11 404.08 20.68 68.07
518.63 404.08 20.68 68.07
516.15 404.08 20.68 68.07
513.86 404.59 20.37 67.07
511.60 405.08 20.07 66.07
508.71 405.08 20.07 66.07
506.48 404.01 19.78 65.10
504.11 404.01 19.78 65.10
502.04 401.93 20.07 66.07
499.63 400.35 20.07 66.07
497.70 400.35 20.07 66.07
495.59 398.24 20.37 67.07
493.82 398.74 20.07 66.07
491.41 398.74 20.07 66.07
489.30 398.24 20.37 67.07
487.52 398.74 20.07 66.07
485.77 399.23 19.78 65.10
483.40 399.23 19.78 65.10
480.36 398.74 20.07 66.07
478.61 397.66 19.78 65.10
476.89 396.61 19.48 64.14
475.02 396.61 19.48 64.14
473.45 394.56 19.78 65.10
471.55 394.56 19.78 65.10
469.47 392.49 20.07 66.07
467.55 392.49 20.07 66.07
465.62 392.49 20.07 66.07
463.69 392.49 20.07 66.07
461.94 392.98 19.78 65.10
459.75 393.46 19.48 64.14
457.59 393.93 19.20 63.19
455.46 392.90 18.91 62.25
453.19 392.90 18.91 62.25
450.75 392.44 19.20 63.19
448.90 390.92 19.20 63.19
447.06 389.40 19.20 63.19
445.39 388.38 18.91 62.25
443.74 388.84 18.63 61.33
441.95 387.36 18.63 61.33
439.54 386.90 18.91 62.25
437.73 388.40 18.91 62.25
435.91 388.40 18.91 62.25
434.09 388.40 18.91 62.25
432.28 388.40 18.91 62.25
430.46 386.90 18.91 62.25
428.19 386.90 18.91 62.25
426.38 385.41 18.91 62.25
424.85 384.94 19.20 63.19
423.18 383.92 18.91 62.25
421.53 384.38 18.63 61.33
420.35 383.38 18.36 60.43
418.42 382.93 18.63 61.33
416.46 382.47 18.91 62.25
414.82 382.93 18.63 61.33
413.19 383.38 18.36 60.43
410.99 383.38 18.36 60.43
408.79 383.38 18.36 60.43
406.58 383.38 18.36 60.43
404.82 381.93 18.36 60.43
402.79 382.38 18.09 59.53
401.21 381.41 17.82 58.66
398.90 380.97 18.09 59.53
397.17 379.54 18.09 59.53
395.87 378.11 18.09 59.53
394.13 378.11 18.09 59.53
392.55 378.55 17.82 58.66
391.00 378.98 17.56 57.79
389.47 379.41 17.30 56.93
387.96 379.83 17.04 56.09
385.91 379.83 17.04 56.09
383.87 379.83 17.04 56.09
382.08 379.41 17.30 56.93
380.27 377.60 17.56 57.79
378.74 378.02 17.30 56.93
377.23 377.10 17.04 56.09
375.74 376.19 16.79 55.26
373.98 375.77 17.04 56.09
372.19 375.35 17.30 56.93
370.53 373.98 17.30 56.93
368.87 373.98 17.30 56.93
367.77 374.41 17.04 56.09
365.88 374.82 16.79 55.26
363.87 374.82 16.79 55.26
361.85 374.82 16.79 55.26
359.99 375.23 16.54 54.45
358.16 374.34 16.30 53.64
356.20 374.34 16.30 53.64
354.49 373.94 16.54 54.45
352.76 372.21 16.79 55.26
351.29 371.31 16.54 54.45
349.46 371.71 16.30 53.64
347.90 371.71 16.30 53.64
346.19 371.31 16.54 54.45
344.45 370.90 16.79 55.26
343.10 370.48 17.04 56.09
341.46 370.48 17.04 56.09
339.67 370.06 17.30 56.93
338.17 369.14 17.04 56.09
336.68 369.55 16.79 55.26
335.07 368.23 16.79 55.26
333.60 368.63 16.54 54.45
332.55 367.75 16.30 53.64
331.38 366.46 16.30 53.64
329.67 366.06 16.54 54.45
328.48 366.06 16.54 54.45
326.89 366.06 16.54 54.45
325.30 366.06 16.54 54.45
323.86 366.46 16.30 53.64
322.30 366.46 16.30 53.64
320.34 366.46 16.30 53.64
318.23 366.06 16.54 54.45
316.25 364.75 16.54 54.45
314.81 365.16 16.30 53.64
313.00 364.28 16.06 52.85
311.31 363.89 16.30 53.64
309.60 362.18 16.54 54.45
308.02 362.18 16.54 54.45
306.43 362.18 16.54 54.45
304.84 362.18 16.54 54.45
303.65 362.18 16.54 54.45
302.06 362.18 16.54 54.45
300.47 362.18 16.54 54.45
298.89 362.18 16.54 54.45
297.05 362.58 16.30 53.64
295.63 361.71 16.06 52.85
294.23 360.85 15.82 52.07
292.85 361.23 15.58 51.30
291.49 360.40 15.35 50.54
290.26 358.79 15.58 51.30
288.62 358.41 15.82 52.07
286.96 358.01 16.06 52.85
285.42 358.01 16.06 52.85
284.02 358.41 15.82 52.07
282.64 358.79 15.58 51.30
280.77 358.79 15.58 51.30
279.41 359.17 15.35 50.54
277.05 358.79 15.58 51.30
275.04 358.41 15.82 52.07
273.52 357.16 15.82 52.07
272.14 357.54 15.58 51.30
270.78 356.71 15.35 50.54
268.79 356.33 15.58 51.30
267.44 355.49 15.35 50.54
265.82 355.11 15.58 51.30
264.19 354.73 15.82 52.07
262.67 354.73 15.82 52.07
261.67 355.11 15.58 51.30
260.17 355.11 15.58 51.30
258.44 355.49 15.35 50.54
256.46 355.11 15.58 51.30
255.10 354.28 15.35 50.54
253.26 354.28 15.35 50.54
251.92 353.46 15.13 49.79
250.60 352.65 14.90 49.06
249.17 352.65 14.90 49.06
247.74 351.47 14.90 49.06
246.17 351.10 15.13 49.79
244.72 351.10 15.13 49.79
243.40 351.47 14.90 49.06
241.97 351.47 14.90 49.06
240.18 351.47 14.90 49.06
238.04 351.47 14.90 49.06
236.25 351.47 14.90 49.06
234.46 351.47 14.90 49.06
232.67 351.47 14.90 49.06
230.74 349.91 15.13 49.79
229.42 350.28 14.90 49.06
227.99 349.10 14.90 49.06
226.07 348.73 15.13 49.79
224.48 348.36 15.35 50.54
223.00 348.36 15.35 50.54
222.03 348.73 15.13 49.79
220.71 349.10 14.90 49.06
219.41 349.46 14.68 48.33
217.51 349.10 14.90 49.06
216.08 349.10 14.90 49.06
214.78 349.46 14.68 48.33
213.50 348.68 14.47 47.62
211.98 348.32 14.68 48.33
210.44 346.78 14.90 49.06
209.14 345.98 14.68 48.33
207.73 345.98 14.68 48.33
206.55 345.62 14.90 49.06
205.12 345.62 14.90 49.06
203.82 345.98 14.68 48.33
202.54 346.34 14.47 47.62
201.28 346.69 14.25 46.92
199.70 347.04 14.04 46.22
198.35 345.93 14.04 46.22
196.79 346.27 13.83 45.54
195.13 346.27 13.83 45.54
193.81 345.18 13.83 45.54
192.35 344.84 14.04 46.22
190.54 344.49 14.25 46.92
189.04 344.14 14.47 47.62
188.00 342.99 14.47 47.62
186.61 342.99 14.47 47.62
185.57 344.14 14.47 47.62
184.05 343.78 14.68 48.33
183.00 343.78 14.68 48.33
181.71 344.14 14.47 47.62
180.45 343.36 14.25 46.92
178.96 343.01 14.47 47.62
177.57 343.01 14.47 47.62
176.18 341.87 14.47 47.62
174.92 341.09 14.25 46.92
173.55 341.09 14.25 46.92
172.52 339.97 14.25 46.92
171.16 339.97 14.25 46.92
169.79 339.97 14.25 46.92
168.64 339.62 14.47 47.62
167.38 339.97 14.25 46.92
166.01 339.97 14.25 46.92
164.30 339.97 14.25 46.92
162.59 339.97 14.25 46.92
161.09 339.62 14.47 47.62
159.49 339.97 14.25 46.92
158.12 339.97 14.25 46.92
156.75 338.84 14.25 46.92
155.39 338.84 14.25 46.92
154.14 338.08 14.04 46.22
152.79 338.08 14.04 46.22
151.57 338.42 13.83 45.54
150.46 338.08 14.04 46.22
148.98 338.86 14.25 46.92
147.96 338.86 14.25 46.92
146.59 337.73 14.25 46.92
145.22 337.73 14.25 46.92
143.64 338.08 14.04 46.22
142.41 338.42 13.83 45.54
141.09 338.42 13.83 45.54
139.76 337.33 13.83 45.54
138.88 336.59 13.63 44.87
137.45 336.25 13.83 45.54
136.45 335.16 13.83 45.54
135.12 335.16 13.83 45.54
134.01 334.82 14.04 46.22
132.79 335.16 13.83 45.54
131.46 335.16 13.83 45.54
130.25 335.49 13.63 44.87
128.82 335.16 13.83 45.54
127.16 335.16 13.83 45.54
125.95 335.49 13.63 44.87
124.52 335.16 13.83 45.54
123.53 334.06 13.83 45.54
122.32 334.40 13.63 44.87
121.13 333.67 13.43 44.20
119.72 333.34 13.63 44.87
118.29 333.00 13.83 45.54
117.41 333.34 13.63 44.87
116.65 333.00 13.83 45.54
115.53 333.77 14.04 46.22
114.40 333.43 14.25 46.92
113.72 333.43 14.25 46.92
112.81 332.66 14.04 46.22
111.92 333.00 13.83 45.54
110.92 331.91 13.83 45.54
109.72 332.25 13.63 44.87
109.17 331.52 13.43 44.20
108.32 331.84 13.23 43.55
107.37 330.80 13.23 43.55
106.62 330.47 13.43 44.20
105.54 330.14 13.63 44.87
104.68 330.47 13.43 44.20
103.82 330.80 13.23 43.55
102.87 330.80 13.23 43.55
101.92 330.80 13.23 43.55
100.65 330.80 13.23 43.55
99.38 330.80 13.23 43.55
98.11 329.75 13.23 43.55
97.04 329.43 13.43 44.20
96.19 328.71 13.23 43.55
95.23 328.71 13.23 43.55
94.08 328.00 13.03 42.91
93.14 328.00 13.03 42.91
92.09 327.68 13.23 43.55
91.25 328.00 13.03 42.91
90.20 328.72 13.23 43.55
89.14 328.40 13.43 44.20
88.49 328.40 13.43 44.20
87.64 328.72 13.23 43.55
86.80 328.02 13.03 42.91
85.86 328.02 13.03 42.91
84.61 328.02 13.03 42.91
83.67 326.99 13.03 42.91
82.73 325.96 13.03 42.91
81.79 325.96 13.03 42.91
81.17 324.93 13.03 42.91
80.23 324.93 13.03 42.91
79.60 324.93 13.03 42.91
78.66 324.93 13.03 42.91
77.72 324.93 13.03 42.91
76.79 324.93 13.03 42.91
75.53 324.93 13.03 42.91
74.60 324.93 13.03 42.91
73.66 324.93 13.03 42.91
72.52 325.24 12.84 42.27
71.49 323.90 13.03 42.91
70.55 323.90 13.03 42.91
69.72 323.20 12.84 42.27
68.49 323.20 12.84 42.27
67.56 323.20 12.84 42.27
66.64 323.20 12.84 42.27
66.02 323.20 12.84 42.27
65.30 323.91 13.03 42.91
64.36 323.91 13.03 42.91
63.42 323.91 13.03 42.91
62.90 323.22 12.84 42.27
61.98 323.22 12.84 42.27
60.94 322.90 13.03 42.91
60.11 322.20 12.84 42.27
59.19 322.20 12.84 42.27
58.26 321.19 12.84 42.27
57.34 321.19 12.84 42.27
56.72 320.17 12.84 42.27
55.69 319.85 13.03 42.91
54.96 319.53 13.23 43.55
54.12 319.85 13.03 42.91
53.60 320.17 12.84 42.27
52.36 320.17 12.84 42.27
51.44 320.17 12.84 42.27
50.51 320.17 12.84 42.27
49.28 320.17 12.84 42.27
48.36 320.17 12.84 42.27
47.43 319.16 12.84 42.27
46.51 319.16 12.84 42.27
45.58 319.16 12.84 42.27
44.66 318.14 12.84 42.27
43.73 318.14 12.84 42.27
42.81 318.14 12.84 42.27
42.19 318.14 12.84 42.27
41.57 318.14 12.84 42.27
40.65 318.14 12.84 42.27
40.03 318.14 12.84 42.27
39.42 318.14 12.84 42.27
38.49 318.14 12.84 42.27
37.88 317.13 12.84 42.27
36.64 317.13 12.84 42.27
36.03 317.13 12.84 42.27
35.10 316.11 12.84 42.27
34.49 316.11 12.84 42.27
33.87 315.10 12.84 42.27
33.25 315.10 12.84 42.27
32.64 315.10 12.84 42.27
31.71 315.10 12.84 42.27
