1
242.00,169.00,357.00,169.00,357.00,280.00,242.00,280.00
233.00,179.00,346.00,179.00,346.00,288.00,233.00,288.00
217.00,196.00,330.00,196.00,330.00,305.00,217.00,305.00
210.00,208.00,325.00,208.00,325.00,319.00,210.00,319.00
216.00,204.00,330.00,204.00,330.00,315.00,216.00,315.00
216.00,196.00,331.00,196.00,331.00,308.00,216.00,308.00
212.00,196.00,326.00,196.00,326.00,306.00,212.00,306.00
190.00,205.00,302.00,205.00,302.00,313.00,190.00,313.00
149.00,246.00,260.00,246.00,260.00,354.00,149.00,354.00
226.00,244.00,338.00,244.00,338.00,352.00,226.00,352.00
244.00,220.00,356.00,220.00,356.00,328.00,244.00,328.00
226.00,207.00,339.00,207.00,339.00,315.00,226.00,315.00
215.00,201.00,331.00,201.00,331.00,313.00,215.00,313.00
204.00,200.00,319.00,200.00,319.00,311.00,204.00,311.00
190.00,207.00,304.00,207.00,304.00,317.00,190.00,317.00
191.00,215.00,307.00,215.00,307.00,327.00,191.00,327.00
204.00,210.00,316.00,210.00,316.00,319.00,204.00,319.00
219.00,179.00,331.00,179.00,331.00,287.00,219.00,287.00
216.00,148.00,326.00,148.00,326.00,255.00,216.00,255.00
198.00,141.00,310.00,141.00,310.00,249.00,198.00,249.00
205.00,160.00,316.00,160.00,316.00,268.00,205.00,268.00
232.00,189.00,342.00,189.00,342.00,295.00,232.00,295.00
260.00,225.00,368.00,225.00,368.00,330.00,260.00,330.00
269.00,241.00,383.00,241.00,383.00,350.00,269.00,350.00
257.00,242.00,371.00,242.00,371.00,352.00,257.00,352.00
241.00,247.00,355.00,247.00,355.00,357.00,241.00,357.00
236.00,248.00,350.00,248.00,350.00,359.00,236.00,359.00
231.00,240.00,344.00,240.00,344.00,349.00,231.00,349.00
224.00,224.00,338.00,224.00,338.00,334.00,224.00,334.00
223.00,215.00,337.00,215.00,337.00,325.00,223.00,325.00
230.00,207.00,343.00,207.00,343.00,317.00,230.00,317.00
241.00,195.00,355.00,195.00,355.00,304.00,241.00,304.00
240.00,173.00,352.00,173.00,352.00,281.00,240.00,281.00
227.00,153.00,339.00,153.00,339.00,262.00,227.00,262.00
220.00,130.00,333.00,130.00,333.00,238.00,220.00,238.00
227.00,120.00,342.00,120.00,342.00,230.00,227.00,230.00
243.00,127.00,357.00,127.00,357.00,236.00,243.00,236.00
251.00,130.00,366.00,130.00,366.00,241.00,251.00,241.00
254.00,138.00,368.00,138.00,368.00,248.00,254.00,248.00
263.00,170.00,376.00,170.00,376.00,280.00,263.00,280.00
266.00,210.00,380.00,210.00,380.00,320.00,266.00,320.00
271.00,231.00,385.00,231.00,385.00,341.00,271.00,341.00
275.00,236.00,389.00,236.00,389.00,347.00,275.00,347.00
270.00,233.00,385.00,233.00,385.00,343.00,270.00,343.00
263.00,219.00,378.00,219.00,378.00,330.00,263.00,330.00
261.00,211.00,376.00,211.00,376.00,321.00,261.00,321.00
263.00,194.00,376.00,194.00,376.00,303.00,263.00,303.00
266.00,163.00,380.00,163.00,380.00,272.00,266.00,272.00
268.00,160.00,382.00,160.00,382.00,270.00,268.00,270.00
270.00,178.00,384.00,178.00,384.00,287.00,270.00,287.00
265.00,182.00,378.00,182.00,378.00,292.00,265.00,292.00
265.00,179.00,378.00,179.00,378.00,289.00,265.00,289.00
268.00,180.00,382.00,180.00,382.00,290.00,268.00,290.00
274.00,184.00,387.00,184.00,387.00,294.00,274.00,294.00
282.00,194.00,395.00,194.00,395.00,302.00,282.00,302.00
279.00,209.00,391.00,209.00,391.00,317.00,279.00,317.00
256.00,212.00,367.00,212.00,367.00,319.00,256.00,319.00
223.00,211.00,333.00,211.00,333.00,317.00,223.00,317.00
200.00,207.00,312.00,207.00,312.00,315.00,200.00,315.00
205.00,205.00,316.00,205.00,316.00,313.00,205.00,313.00
230.00,207.00,340.00,207.00,340.00,314.00,230.00,314.00
266.00,210.00,375.00,210.00,375.00,315.00,266.00,315.00
305.00,212.00,414.00,212.00,414.00,317.00,305.00,317.00
331.00,218.00,442.00,218.00,442.00,325.00,331.00,325.00
329.00,220.00,441.00,220.00,441.00,328.00,329.00,328.00
315.00,209.00,427.00,209.00,427.00,317.00,315.00,317.00
292.00,187.00,403.00,187.00,403.00,294.00,292.00,294.00
262.00,165.00,373.00,165.00,373.00,273.00,262.00,273.00
242.00,158.00,355.00,158.00,355.00,267.00,242.00,267.00
242.00,168.00,355.00,168.00,355.00,277.00,242.00,277.00
251.00,184.00,363.00,184.00,363.00,293.00,251.00,293.00
255.00,198.00,368.00,198.00,368.00,307.00,255.00,307.00
269.00,210.00,382.00,210.00,382.00,319.00,269.00,319.00
294.00,221.00,407.00,221.00,407.00,330.00,294.00,330.00
308.00,232.00,422.00,232.00,422.00,341.00,308.00,341.00
304.00,241.00,418.00,241.00,418.00,350.00,304.00,350.00
297.00,249.00,411.00,249.00,411.00,359.00,297.00,359.00
285.00,245.00,398.00,245.00,398.00,354.00,285.00,354.00
259.00,233.00,372.00,233.00,372.00,343.00,259.00,343.00
230.00,227.00,342.00,227.00,342.00,335.00,230.00,335.00
212.00,228.00,326.00,228.00,326.00,338.00,212.00,338.00
210.00,233.00,324.00,233.00,324.00,343.00,210.00,343.00
220.00,230.00,332.00,230.00,332.00,338.00,220.00,338.00
238.00,209.00,349.00,209.00,349.00,316.00,238.00,316.00
251.00,179.00,363.00,179.00,363.00,286.00,251.00,286.00
267.00,152.00,377.00,152.00,377.00,258.00,267.00,258.00
294.00,141.00,405.00,141.00,405.00,248.00,294.00,248.00
318.00,144.00,430.00,144.00,430.00,252.00,318.00,252.00
327.00,153.00,439.00,153.00,439.00,262.00,327.00,262.00
326.00,169.00,437.00,169.00,437.00,277.00,326.00,277.00
314.00,180.00,425.00,180.00,425.00,288.00,314.00,288.00
294.00,191.00,405.00,191.00,405.00,298.00,294.00,298.00
268.00,207.00,378.00,207.00,378.00,314.00,268.00,314.00
249.00,225.00,359.00,225.00,359.00,331.00,249.00,331.00
234.00,226.00,346.00,226.00,346.00,334.00,234.00,334.00
222.00,215.00,334.00,215.00,334.00,323.00,222.00,323.00
212.00,205.00,325.00,205.00,325.00,315.00,212.00,315.00
205.00,202.00,319.00,202.00,319.00,313.00,205.00,313.00
214.00,194.00,327.00,194.00,327.00,303.00,214.00,303.00
230.00,174.00,343.00,174.00,343.00,283.00,230.00,283.00
245.00,166.00,358.00,166.00,358.00,275.00,245.00,275.00
260.00,171.00,373.00,171.00,373.00,280.00,260.00,280.00
276.00,186.00,389.00,186.00,389.00,295.00,276.00,295.00
296.00,212.00,408.00,212.00,408.00,321.00,296.00,321.00
305.00,222.00,418.00,222.00,418.00,331.00,305.00,331.00
292.00,205.00,404.00,205.00,404.00,313.00,292.00,313.00
255.00,190.00,367.00,190.00,367.00,298.00,255.00,298.00
212.00,193.00,324.00,193.00,324.00,302.00,212.00,302.00
179.00,209.00,291.00,209.00,291.00,317.00,179.00,317.00
164.00,228.00,277.00,228.00,277.00,337.00,164.00,337.00
163.00,236.00,276.00,236.00,276.00,345.00,163.00,345.00
179.00,219.00,290.00,219.00,290.00,327.00,179.00,327.00
203.00,189.00,314.00,189.00,314.00,295.00,203.00,295.00
225.00,172.00,337.00,172.00,337.00,280.00,225.00,280.00
233.00,174.00,347.00,174.00,347.00,284.00,233.00,284.00
229.00,190.00,343.00,190.00,343.00,300.00,229.00,300.00
224.00,205.00,338.00,205.00,338.00,315.00,224.00,315.00
221.00,202.00,335.00,202.00,335.00,311.00,221.00,311.00
229.00,194.00,344.00,194.00,344.00,305.00,229.00,305.00
238.00,194.00,353.00,194.00,353.00,305.00,238.00,305.00
236.00,205.00,350.00,205.00,350.00,316.00,236.00,316.00
222.00,218.00,336.00,218.00,336.00,327.00,222.00,327.00
208.00,221.00,322.00,221.00,322.00,332.00,208.00,332.00
201.00,206.00,315.00,206.00,315.00,315.00,201.00,315.00
199.00,190.00,312.00,190.00,312.00,300.00,199.00,300.00
195.00,190.00,309.00,190.00,309.00,300.00,195.00,300.00
198.00,201.00,312.00,201.00,312.00,311.00,198.00,311.00
206.00,224.00,320.00,224.00,320.00,334.00,206.00,334.00
206.00,250.00,319.00,250.00,319.00,360.00,206.00,360.00
201.00,248.00,313.00,248.00,313.00,356.00,201.00,356.00
199.00,219.00,311.00,219.00,311.00,328.00,199.00,328.00
201.00,198.00,314.00,198.00,314.00,307.00,201.00,307.00
191.00,180.00,304.00,180.00,304.00,289.00,191.00,289.00
172.00,172.00,286.00,172.00,286.00,282.00,172.00,282.00
162.00,181.00,276.00,181.00,276.00,291.00,162.00,291.00
170.00,195.00,285.00,195.00,285.00,306.00,170.00,306.00
183.00,201.00,298.00,201.00,298.00,312.00,183.00,312.00
202.00,201.00,318.00,201.00,318.00,313.00,202.00,313.00
224.00,207.00,339.00,207.00,339.00,318.00,224.00,318.00
249.00,220.00,363.00,220.00,363.00,331.00,249.00,331.00
275.00,234.00,389.00,234.00,389.00,345.00,275.00,345.00
294.00,241.00,409.00,241.00,409.00,352.00,294.00,352.00
284.00,235.00,399.00,235.00,399.00,346.00,284.00,346.00
246.00,225.00,363.00,225.00,363.00,337.00,246.00,337.00
200.00,215.00,317.00,215.00,317.00,327.00,200.00,327.00
168.00,213.00,284.00,213.00,284.00,325.00,168.00,325.00
138.00,220.00,253.00,220.00,253.00,331.00,138.00,331.00
107.00,220.00,223.00,220.00,223.00,332.00,107.00,332.00
115.00,209.00,231.00,209.00,231.00,320.00,115.00,320.00
157.00,197.00,272.00,197.00,272.00,308.00,157.00,308.00
215.00,190.00,329.00,190.00,329.00,301.00,215.00,301.00
227.00,185.00,343.00,185.00,343.00,297.00,227.00,297.00
226.00,186.00,342.00,186.00,342.00,298.00,226.00,298.00
235.00,196.00,350.00,196.00,350.00,307.00,235.00,307.00
241.00,208.00,355.00,208.00,355.00,318.00,241.00,318.00
229.00,215.00,343.00,215.00,343.00,326.00,229.00,326.00
194.00,216.00,308.00,216.00,308.00,326.00,194.00,326.00
170.00,221.00,284.00,221.00,284.00,331.00,170.00,331.00
175.00,222.00,291.00,222.00,291.00,334.00,175.00,334.00
209.00,216.00,324.00,216.00,324.00,327.00,209.00,327.00
259.00,211.00,374.00,211.00,374.00,322.00,259.00,322.00
275.00,212.00,391.00,212.00,391.00,325.00,275.00,325.00
267.00,212.00,382.00,212.00,382.00,323.00,267.00,323.00
258.00,203.00,372.00,203.00,372.00,314.00,258.00,314.00
250.00,195.00,366.00,195.00,366.00,307.00,250.00,307.00
246.00,189.00,360.00,189.00,360.00,300.00,246.00,300.00
251.00,184.00,366.00,184.00,366.00,296.00,251.00,296.00
265.00,189.00,380.00,189.00,380.00,300.00,265.00,300.00
272.00,199.00,388.00,199.00,388.00,310.00,272.00,310.00
263.00,202.00,378.00,202.00,378.00,313.00,263.00,313.00
238.00,205.00,354.00,205.00,354.00,317.00,238.00,317.00
207.00,225.00,321.00,225.00,321.00,335.00,207.00,335.00
185.00,242.00,298.00,242.00,298.00,350.00,185.00,350.00
174.00,246.00,288.00,246.00,288.00,356.00,174.00,356.00
179.00,243.00,295.00,243.00,295.00,354.00,179.00,354.00
201.00,237.00,316.00,237.00,316.00,348.00,201.00,348.00
208.00,234.00,324.00,234.00,324.00,346.00,208.00,346.00
191.00,230.00,307.00,230.00,307.00,342.00,191.00,342.00
173.00,225.00,288.00,225.00,288.00,337.00,173.00,337.00
171.00,219.00,287.00,219.00,287.00,331.00,171.00,331.00
191.00,214.00,306.00,214.00,306.00,325.00,191.00,325.00
241.00,207.00,356.00,207.00,356.00,318.00,241.00,318.00
277.00,198.00,392.00,198.00,392.00,308.00,277.00,308.00
276.00,192.00,392.00,192.00,392.00,304.00,276.00,304.00
243.00,187.00,359.00,187.00,359.00,299.00,243.00,299.00
210.00,179.00,326.00,179.00,326.00,291.00,210.00,291.00
195.00,178.00,311.00,178.00,311.00,289.00,195.00,289.00
178.00,180.00,293.00,180.00,293.00,292.00,178.00,292.00
166.00,185.00,283.00,185.00,283.00,298.00,166.00,298.00
171.00,185.00,287.00,185.00,287.00,297.00,171.00,297.00
199.00,188.00,313.00,188.00,313.00,299.00,199.00,299.00
264.00,192.00,380.00,192.00,380.00,305.00,264.00,305.00
291.00,190.00,407.00,190.00,407.00,303.00,291.00,303.00
290.00,188.00,406.00,188.00,406.00,300.00,290.00,300.00
273.00,191.00,389.00,191.00,389.00,303.00,273.00,303.00
252.00,196.00,368.00,196.00,368.00,308.00,252.00,308.00
231.00,203.00,346.00,203.00,346.00,314.00,231.00,314.00
208.00,211.00,322.00,211.00,322.00,321.00,208.00,321.00
174.00,199.00,287.00,199.00,287.00,309.00,174.00,309.00
144.00,186.00,258.00,186.00,258.00,296.00,144.00,296.00
140.00,183.00,256.00,183.00,256.00,294.00,140.00,294.00
160.00,184.00,275.00,184.00,275.00,295.00,160.00,295.00
184.00,189.00,299.00,189.00,299.00,300.00,184.00,300.00
193.00,192.00,309.00,192.00,309.00,304.00,193.00,304.00
189.00,185.00,304.00,185.00,304.00,296.00,189.00,296.00
196.00,176.00,310.00,176.00,310.00,286.00,196.00,286.00
204.00,167.00,319.00,167.00,319.00,278.00,204.00,278.00
214.00,169.00,328.00,169.00,328.00,278.00,214.00,278.00
215.00,178.00,328.00,178.00,328.00,288.00,215.00,288.00
207.00,189.00,320.00,189.00,320.00,298.00,207.00,298.00
201.00,202.00,314.00,202.00,314.00,312.00,201.00,312.00
213.00,226.00,326.00,226.00,326.00,335.00,213.00,335.00
223.00,245.00,335.00,245.00,335.00,354.00,223.00,354.00
210.00,248.00,324.00,248.00,324.00,359.00,210.00,359.00
191.00,236.00,304.00,236.00,304.00,346.00,191.00,346.00
182.00,207.00,296.00,207.00,296.00,317.00,182.00,317.00
180.00,169.00,295.00,169.00,295.00,280.00,180.00,280.00
189.00,155.00,304.00,155.00,304.00,266.00,189.00,266.00
202.00,157.00,317.00,157.00,317.00,267.00,202.00,267.00
219.00,169.00,333.00,169.00,333.00,279.00,219.00,279.00
238.00,183.00,352.00,183.00,352.00,293.00,238.00,293.00
243.00,185.00,357.00,185.00,357.00,295.00,243.00,295.00
233.00,183.00,348.00,183.00,348.00,295.00,233.00,295.00
212.00,191.00,326.00,191.00,326.00,301.00,212.00,301.00
190.00,198.00,303.00,198.00,303.00,308.00,190.00,308.00
185.00,209.00,298.00,209.00,298.00,317.00,185.00,317.00
189.00,214.00,303.00,214.00,303.00,325.00,189.00,325.00
187.00,206.00,301.00,206.00,301.00,316.00,187.00,316.00
185.00,180.00,299.00,180.00,299.00,290.00,185.00,290.00
200.00,161.00,312.00,161.00,312.00,270.00,200.00,270.00
231.00,159.00,344.00,159.00,344.00,268.00,231.00,268.00
269.00,166.00,382.00,166.00,382.00,275.00,269.00,275.00
293.00,184.00,406.00,184.00,406.00,293.00,293.00,293.00
298.00,206.00,411.00,206.00,411.00,315.00,298.00,315.00
295.00,218.00,408.00,218.00,408.00,328.00,295.00,328.00
296.00,221.00,410.00,221.00,410.00,331.00,296.00,331.00
299.00,217.00,412.00,217.00,412.00,326.00,299.00,326.00
289.00,220.00,401.00,220.00,401.00,328.00,289.00,328.00
264.00,225.00,376.00,225.00,376.00,333.00,264.00,333.00
240.00,225.00,352.00,225.00,352.00,333.00,240.00,333.00
232.00,234.00,344.00,234.00,344.00,342.00,232.00,342.00
219.00,238.00,333.00,238.00,333.00,348.00,219.00,348.00
208.00,228.00,321.00,228.00,321.00,337.00,208.00,337.00
209.00,213.00,321.00,213.00,321.00,321.00,209.00,321.00
214.00,205.00,327.00,205.00,327.00,314.00,214.00,314.00
220.00,200.00,332.00,200.00,332.00,308.00,220.00,308.00
236.00,199.00,348.00,199.00,348.00,307.00,236.00,307.00
251.00,191.00,363.00,191.00,363.00,299.00,251.00,299.00
258.00,175.00,371.00,175.00,371.00,284.00,258.00,284.00
260.00,165.00,373.00,165.00,373.00,273.00,260.00,273.00
273.00,178.00,385.00,178.00,385.00,286.00,273.00,286.00
284.00,212.00,396.00,212.00,396.00,320.00,284.00,320.00
279.00,246.00,390.00,246.00,390.00,354.00,279.00,354.00
262.00,255.00,373.00,255.00,373.00,363.00,262.00,363.00
251.00,229.00,362.00,229.00,362.00,336.00,251.00,336.00
248.00,188.00,359.00,188.00,359.00,296.00,248.00,296.00
242.00,164.00,353.00,164.00,353.00,272.00,242.00,272.00
236.00,157.00,348.00,157.00,348.00,264.00,236.00,264.00
224.00,163.00,333.00,163.00,333.00,269.00,224.00,269.00
207.00,171.00,318.00,171.00,318.00,277.00,207.00,277.00
217.00,168.00,327.00,168.00,327.00,274.00,217.00,274.00
246.00,156.00,354.00,156.00,354.00,261.00,246.00,261.00
267.00,144.00,375.00,144.00,375.00,249.00,267.00,249.00
279.00,141.00,388.00,141.00,388.00,246.00,279.00,246.00
278.00,153.00,387.00,153.00,387.00,259.00,278.00,259.00
262.00,173.00,370.00,173.00,370.00,278.00,262.00,278.00
244.00,185.00,353.00,185.00,353.00,290.00,244.00,290.00
237.00,187.00,347.00,187.00,347.00,293.00,237.00,293.00
239.00,183.00,349.00,183.00,349.00,289.00,239.00,289.00
248.00,185.00,357.00,185.00,357.00,291.00,248.00,291.00
240.00,198.00,348.00,198.00,348.00,302.00,240.00,302.00
212.00,208.00,321.00,208.00,321.00,313.00,212.00,313.00
202.00,210.00,311.00,210.00,311.00,315.00,202.00,315.00
214.00,201.00,322.00,201.00,322.00,305.00,214.00,305.00
230.00,185.00,338.00,185.00,338.00,290.00,230.00,290.00
241.00,182.00,351.00,182.00,351.00,288.00,241.00,288.00
241.00,190.00,350.00,190.00,350.00,295.00,241.00,295.00
239.00,199.00,349.00,199.00,349.00,305.00,239.00,305.00
237.00,203.00,347.00,203.00,347.00,309.00,237.00,309.00
230.00,208.00,339.00,208.00,339.00,313.00,230.00,313.00
214.00,218.00,323.00,218.00,323.00,323.00,214.00,323.00
209.00,233.00,318.00,233.00,318.00,338.00,209.00,338.00
218.00,236.00,325.00,236.00,325.00,340.00,218.00,340.00
222.00,231.00,331.00,231.00,331.00,335.00,222.00,335.00
216.00,225.00,324.00,225.00,324.00,329.00,216.00,329.00
214.00,222.00,323.00,222.00,323.00,327.00,214.00,327.00
225.00,212.00,333.00,212.00,333.00,316.00,225.00,316.00
254.00,186.00,360.00,186.00,360.00,288.00,254.00,288.00
276.00,164.00,383.00,164.00,383.00,267.00,276.00,267.00
280.00,161.00,387.00,161.00,387.00,265.00,280.00,265.00
280.00,169.00,389.00,169.00,389.00,274.00,280.00,274.00
275.00,191.00,384.00,191.00,384.00,296.00,275.00,296.00
268.00,216.00,377.00,216.00,377.00,321.00,268.00,321.00
261.00,228.00,368.00,228.00,368.00,331.00,261.00,331.00
242.00,225.00,350.00,225.00,350.00,329.00,242.00,329.00
219.00,226.00,326.00,226.00,326.00,329.00,219.00,329.00
217.00,237.00,323.00,237.00,323.00,340.00,217.00,340.00
228.00,247.00,335.00,247.00,335.00,351.00,228.00,351.00
238.00,243.00,345.00,243.00,345.00,347.00,238.00,347.00
239.00,224.00,345.00,224.00,345.00,327.00,239.00,327.00
242.00,210.00,348.00,210.00,348.00,313.00,242.00,313.00
257.00,208.00,364.00,208.00,364.00,311.00,257.00,311.00
287.00,211.00,394.00,211.00,394.00,315.00,287.00,315.00
301.00,210.00,407.00,210.00,407.00,312.00,301.00,312.00
295.00,204.00,402.00,204.00,402.00,307.00,295.00,307.00
281.00,202.00,387.00,202.00,387.00,304.00,281.00,304.00
272.00,212.00,378.00,212.00,378.00,314.00,272.00,314.00
266.00,228.00,372.00,228.00,372.00,329.00,266.00,329.00
257.00,240.00,363.00,240.00,363.00,342.00,257.00,342.00
253.00,241.00,359.00,241.00,359.00,344.00,253.00,344.00
262.00,236.00,367.00,236.00,367.00,338.00,262.00,338.00
267.00,228.00,372.00,228.00,372.00,329.00,267.00,329.00
262.00,220.00,367.00,220.00,367.00,321.00,262.00,321.00
257.00,213.00,363.00,213.00,363.00,314.00,257.00,314.00
256.00,208.00,362.00,208.00,362.00,310.00,256.00,310.00
261.00,206.00,366.00,206.00,366.00,308.00,261.00,308.00
269.00,197.00,373.00,197.00,373.00,299.00,269.00,299.00
270.00,191.00,375.00,191.00,375.00,293.00,270.00,293.00
272.00,198.00,377.00,198.00,377.00,300.00,272.00,300.00
279.00,212.00,383.00,212.00,383.00,313.00,279.00,313.00
288.00,226.00,391.00,226.00,391.00,326.00,288.00,326.00
290.00,230.00,395.00,230.00,395.00,331.00,290.00,331.00
276.00,230.00,380.00,230.00,380.00,331.00,276.00,331.00
248.00,237.00,353.00,237.00,353.00,338.00,248.00,338.00
225.00,237.00,330.00,237.00,330.00,338.00,225.00,338.00
214.00,223.00,317.00,223.00,317.00,323.00,214.00,323.00
203.00,194.00,307.00,194.00,307.00,294.00,203.00,294.00
204.00,171.00,308.00,171.00,308.00,272.00,204.00,272.00
212.00,165.00,317.00,165.00,317.00,266.00,212.00,266.00
225.00,173.00,329.00,173.00,329.00,273.00,225.00,273.00
240.00,182.00,344.00,182.00,344.00,283.00,240.00,283.00
247.00,184.00,352.00,184.00,352.00,285.00,247.00,285.00
254.00,188.00,359.00,188.00,359.00,289.00,254.00,289.00
266.00,203.00,371.00,203.00,371.00,304.00,266.00,304.00
283.00,230.00,386.00,230.00,386.00,329.00,283.00,329.00
294.00,251.00,396.00,251.00,396.00,350.00,294.00,350.00
286.00,246.00,388.00,246.00,388.00,344.00,286.00,344.00
276.00,216.00,379.00,216.00,379.00,315.00,276.00,315.00
265.00,202.00,367.00,202.00,367.00,300.00,265.00,300.00
246.00,197.00,349.00,197.00,349.00,296.00,246.00,296.00
225.00,200.00,328.00,200.00,328.00,298.00,225.00,298.00
218.00,217.00,322.00,217.00,322.00,317.00,218.00,317.00
227.00,230.00,332.00,230.00,332.00,331.00,227.00,331.00
239.00,230.00,343.00,230.00,343.00,330.00,239.00,330.00
264.00,227.00,367.00,227.00,367.00,327.00,264.00,327.00
275.00,233.00,378.00,233.00,378.00,332.00,275.00,332.00
276.00,242.00,379.00,242.00,379.00,341.00,276.00,341.00
274.00,256.00,376.00,256.00,376.00,354.00,274.00,354.00
271.00,260.00,374.00,260.00,374.00,359.00,271.00,359.00
272.00,257.00,375.00,257.00,375.00,356.00,272.00,356.00
273.00,251.00,376.00,251.00,376.00,350.00,273.00,350.00
275.00,241.00,378.00,241.00,378.00,339.00,275.00,339.00
276.00,233.00,379.00,233.00,379.00,332.00,276.00,332.00
271.00,234.00,374.00,234.00,374.00,333.00,271.00,333.00
261.00,241.00,364.00,241.00,364.00,340.00,261.00,340.00
253.00,243.00,356.00,243.00,356.00,341.00,253.00,341.00
252.00,233.00,353.00,233.00,353.00,331.00,252.00,331.00
253.00,221.00,354.00,221.00,354.00,319.00,253.00,319.00
249.00,218.00,351.00,218.00,351.00,316.00,249.00,316.00
244.00,222.00,345.00,222.00,345.00,320.00,244.00,320.00
248.00,227.00,350.00,227.00,350.00,325.00,248.00,325.00
261.00,228.00,363.00,228.00,363.00,326.00,261.00,326.00
278.00,221.00,378.00,221.00,378.00,318.00,278.00,318.00
291.00,207.00,391.00,207.00,391.00,303.00,291.00,303.00
293.00,195.00,393.00,195.00,393.00,292.00,293.00,292.00
287.00,193.00,388.00,193.00,388.00,291.00,287.00,291.00
283.00,200.00,384.00,200.00,384.00,297.00,283.00,297.00
279.00,208.00,379.00,208.00,379.00,305.00,279.00,305.00
262.00,212.00,363.00,212.00,363.00,309.00,262.00,309.00
239.00,204.00,339.00,204.00,339.00,301.00,239.00,301.00
224.00,194.00,324.00,194.00,324.00,291.00,224.00,291.00
222.00,200.00,323.00,200.00,323.00,297.00,222.00,297.00
227.00,215.00,327.00,215.00,327.00,312.00,227.00,312.00
247.00,256.00,347.00,256.00,347.00,353.00,247.00,353.00
276.00,281.00,376.00,281.00,376.00,378.00,276.00,378.00
302.00,264.00,400.00,264.00,400.00,358.00,302.00,358.00
316.00,243.00,415.00,243.00,415.00,338.00,316.00,338.00
314.00,231.00,413.00,231.00,413.00,327.00,314.00,327.00
297.00,223.00,397.00,223.00,397.00,319.00,297.00,319.00
276.00,230.00,374.00,230.00,374.00,325.00,276.00,325.00
248.00,240.00,348.00,240.00,348.00,336.00,248.00,336.00
224.00,238.00,324.00,238.00,324.00,335.00,224.00,335.00
242.00,236.00,343.00,236.00,343.00,333.00,242.00,333.00
284.00,238.00,385.00,238.00,385.00,336.00,284.00,336.00
311.00,236.00,411.00,236.00,411.00,333.00,311.00,333.00
328.00,230.00,429.00,230.00,429.00,327.00,328.00,327.00
338.00,231.00,438.00,231.00,438.00,327.00,338.00,327.00
345.00,238.00,446.00,238.00,446.00,336.00,345.00,336.00
348.00,237.00,449.00,237.00,449.00,335.00,348.00,335.00
349.00,230.00,449.00,230.00,449.00,327.00,349.00,327.00
339.00,233.00,439.00,233.00,439.00,329.00,339.00,329.00
317.00,249.00,415.00,249.00,415.00,344.00,317.00,344.00
297.00,263.00,396.00,263.00,396.00,359.00,297.00,359.00
296.00,255.00,394.00,255.00,394.00,351.00,296.00,351.00
305.00,244.00,404.00,244.00,404.00,339.00,305.00,339.00
315.00,241.00,414.00,241.00,414.00,337.00,315.00,337.00
328.00,250.00,426.00,250.00,426.00,346.00,328.00,346.00
345.00,260.00,445.00,260.00,445.00,356.00,345.00,356.00
356.00,247.00,455.00,247.00,455.00,343.00,356.00,343.00
342.00,224.00,440.00,224.00,440.00,319.00,342.00,319.00
303.00,180.00,401.00,180.00,401.00,275.00,303.00,275.00
286.00,165.00,384.00,165.00,384.00,259.00,286.00,259.00
282.00,172.00,380.00,172.00,380.00,267.00,282.00,267.00
281.00,190.00,379.00,190.00,379.00,285.00,281.00,285.00
272.00,211.00,368.00,211.00,368.00,304.00,272.00,304.00
251.00,232.00,345.00,232.00,345.00,323.00,251.00,323.00
229.00,241.00,325.00,241.00,325.00,335.00,229.00,335.00
218.00,243.00,316.00,243.00,316.00,338.00,218.00,338.00
219.00,246.00,318.00,246.00,318.00,342.00,219.00,342.00
230.00,248.00,329.00,248.00,329.00,343.00,230.00,343.00
246.00,236.00,344.00,236.00,344.00,331.00,246.00,331.00
250.00,203.00,348.00,203.00,348.00,298.00,250.00,298.00
239.00,179.00,337.00,179.00,337.00,274.00,239.00,274.00
233.00,173.00,331.00,173.00,331.00,267.00,233.00,267.00
228.00,179.00,325.00,179.00,325.00,273.00,228.00,273.00
211.00,193.00,308.00,193.00,308.00,286.00,211.00,286.00
194.00,207.00,292.00,207.00,292.00,300.00,194.00,300.00
187.00,209.00,285.00,209.00,285.00,303.00,187.00,303.00
184.00,213.00,282.00,213.00,282.00,307.00,184.00,307.00
179.00,227.00,277.00,227.00,277.00,321.00,179.00,321.00
183.00,235.00,281.00,235.00,281.00,330.00,183.00,330.00
204.00,235.00,302.00,235.00,302.00,330.00,204.00,330.00
238.00,231.00,335.00,231.00,335.00,325.00,238.00,325.00
269.00,222.00,365.00,222.00,365.00,315.00,269.00,315.00
293.00,217.00,390.00,217.00,390.00,311.00,293.00,311.00
309.00,225.00,407.00,225.00,407.00,319.00,309.00,319.00
310.00,240.00,406.00,240.00,406.00,333.00,310.00,333.00
286.00,248.00,384.00,248.00,384.00,343.00,286.00,343.00
241.00,235.00,338.00,235.00,338.00,329.00,241.00,329.00
209.00,218.00,306.00,218.00,306.00,312.00,209.00,312.00
185.00,216.00,282.00,216.00,282.00,310.00,185.00,310.00
178.00,227.00,274.00,227.00,274.00,320.00,178.00,320.00
204.00,232.00,302.00,232.00,302.00,326.00,204.00,326.00
230.00,219.00,327.00,219.00,327.00,312.00,230.00,312.00
244.00,201.00,341.00,201.00,341.00,294.00,244.00,294.00
261.00,195.00,358.00,195.00,358.00,289.00,261.00,289.00
286.00,199.00,385.00,199.00,385.00,294.00,286.00,294.00
318.00,204.00,416.00,204.00,416.00,299.00,318.00,299.00
331.00,208.00,430.00,208.00,430.00,304.00,331.00,304.00
323.00,206.00,421.00,206.00,421.00,300.00,323.00,300.00
300.00,200.00,397.00,200.00,397.00,293.00,300.00,293.00
266.00,186.00,361.00,186.00,361.00,277.00,266.00,277.00
236.00,160.00,331.00,160.00,331.00,251.00,236.00,251.00
249.00,148.00,344.00,148.00,344.00,240.00,249.00,240.00
279.00,142.00,375.00,142.00,375.00,235.00,279.00,235.00
295.00,131.00,391.00,131.00,391.00,223.00,295.00,223.00
301.00,121.00,398.00,121.00,398.00,215.00,301.00,215.00
301.00,128.00,398.00,128.00,398.00,222.00,301.00,222.00
2
0
0
0
0
1
293.00,198.00,386.00,198.00,386.00,279.00,293.00,279.00
291.00,179.00,384.00,179.00,384.00,260.00,291.00,260.00
290.00,150.00,384.00,150.00,384.00,231.00,290.00,231.00
291.00,101.00,385.00,101.00,385.00,183.00,291.00,183.00
308.00,84.00,401.00,84.00,401.00,165.00,308.00,165.00
325.00,102.00,417.00,102.00,417.00,182.00,325.00,182.00
335.00,143.00,427.00,143.00,427.00,223.00,335.00,223.00
326.00,175.00,415.00,175.00,415.00,253.00,326.00,253.00
307.00,192.00,396.00,192.00,396.00,269.00,307.00,269.00
294.00,210.00,384.00,210.00,384.00,287.00,294.00,287.00
284.00,225.00,374.00,225.00,374.00,304.00,284.00,304.00
274.00,235.00,366.00,235.00,366.00,314.00,274.00,314.00
269.00,241.00,361.00,241.00,361.00,321.00,269.00,321.00
274.00,244.00,366.00,244.00,366.00,325.00,274.00,325.00
281.00,241.00,374.00,241.00,374.00,322.00,281.00,322.00
289.00,230.00,382.00,230.00,382.00,311.00,289.00,311.00
296.00,219.00,388.00,219.00,388.00,299.00,296.00,299.00
310.00,205.00,400.00,205.00,400.00,283.00,310.00,283.00
316.00,197.00,408.00,197.00,408.00,278.00,316.00,278.00
322.00,199.00,415.00,199.00,415.00,280.00,322.00,280.00
333.00,207.00,426.00,207.00,426.00,287.00,333.00,287.00
335.00,224.00,428.00,224.00,428.00,305.00,335.00,305.00
322.00,243.00,412.00,243.00,412.00,321.00,322.00,321.00
301.00,261.00,390.00,261.00,390.00,338.00,301.00,338.00
277.00,272.00,367.00,272.00,367.00,351.00,277.00,351.00
266.00,269.00,358.00,269.00,358.00,350.00,266.00,350.00
261.00,264.00,352.00,264.00,352.00,344.00,261.00,344.00
247.00,244.00,338.00,244.00,338.00,323.00,247.00,323.00
241.00,203.00,331.00,203.00,331.00,282.00,241.00,282.00
263.00,188.00,354.00,188.00,354.00,267.00,263.00,267.00
282.00,182.00,373.00,182.00,373.00,261.00,282.00,261.00
297.00,188.00,387.00,188.00,387.00,267.00,297.00,267.00
312.00,204.00,401.00,204.00,401.00,281.00,312.00,281.00
328.00,220.00,416.00,220.00,416.00,297.00,328.00,297.00
343.00,241.00,432.00,241.00,432.00,318.00,343.00,318.00
350.00,262.00,439.00,262.00,439.00,340.00,350.00,340.00
344.00,271.00,435.00,271.00,435.00,351.00,344.00,351.00
330.00,273.00,421.00,273.00,421.00,352.00,330.00,352.00
300.00,277.00,391.00,277.00,391.00,357.00,300.00,357.00
256.00,278.00,348.00,278.00,348.00,358.00,256.00,358.00
220.00,276.00,311.00,276.00,311.00,355.00,220.00,355.00
216.00,257.00,307.00,257.00,307.00,337.00,216.00,337.00
224.00,230.00,316.00,230.00,316.00,310.00,224.00,310.00
224.00,204.00,317.00,204.00,317.00,285.00,224.00,285.00
240.00,193.00,333.00,193.00,333.00,274.00,240.00,274.00
269.00,190.00,362.00,190.00,362.00,271.00,269.00,271.00
297.00,191.00,389.00,191.00,389.00,271.00,297.00,271.00
312.00,192.00,405.00,192.00,405.00,273.00,312.00,273.00
318.00,197.00,411.00,197.00,411.00,279.00,318.00,279.00
323.00,208.00,416.00,208.00,416.00,289.00,323.00,289.00
328.00,224.00,420.00,224.00,420.00,305.00,328.00,305.00
316.00,238.00,408.00,238.00,408.00,318.00,316.00,318.00
283.00,241.00,375.00,241.00,375.00,322.00,283.00,322.00
244.00,240.00,337.00,240.00,337.00,320.00,244.00,320.00
200.00,239.00,293.00,239.00,293.00,321.00,200.00,321.00
181.00,236.00,275.00,236.00,275.00,317.00,181.00,317.00
195.00,237.00,288.00,237.00,288.00,318.00,195.00,318.00
232.00,237.00,326.00,237.00,326.00,319.00,232.00,319.00
252.00,235.00,346.00,235.00,346.00,317.00,252.00,317.00
257.00,231.00,350.00,231.00,350.00,313.00,257.00,313.00
274.00,233.00,368.00,233.00,368.00,315.00,274.00,315.00
323.00,229.00,417.00,229.00,417.00,311.00,323.00,311.00
369.00,215.00,462.00,215.00,462.00,296.00,369.00,296.00
354.00,211.00,447.00,211.00,447.00,292.00,354.00,292.00
299.00,212.00,392.00,212.00,392.00,293.00,299.00,293.00
228.00,221.00,321.00,221.00,321.00,303.00,228.00,303.00
165.00,224.00,259.00,224.00,259.00,306.00,165.00,306.00
164.00,217.00,255.00,217.00,255.00,297.00,164.00,297.00
199.00,192.00,289.00,192.00,289.00,271.00,199.00,271.00
221.00,172.00,311.00,172.00,311.00,250.00,221.00,250.00
220.00,166.00,312.00,166.00,312.00,245.00,220.00,245.00
222.00,176.00,313.00,176.00,313.00,256.00,222.00,256.00
234.00,204.00,325.00,204.00,325.00,282.00,234.00,282.00
239.00,234.00,331.00,234.00,331.00,314.00,239.00,314.00
236.00,255.00,327.00,255.00,327.00,335.00,236.00,335.00
241.00,268.00,332.00,268.00,332.00,348.00,241.00,348.00
249.00,273.00,341.00,273.00,341.00,354.00,249.00,354.00
237.00,263.00,328.00,263.00,328.00,343.00,237.00,343.00
221.00,260.00,312.00,260.00,312.00,340.00,221.00,340.00
226.00,276.00,316.00,276.00,316.00,354.00,226.00,354.00
251.00,293.00,341.00,293.00,341.00,372.00,251.00,372.00
275.00,293.00,366.00,293.00,366.00,372.00,275.00,372.00
273.00,279.00,365.00,279.00,365.00,359.00,273.00,359.00
272.00,257.00,364.00,257.00,364.00,338.00,272.00,338.00
280.00,219.00,372.00,219.00,372.00,299.00,280.00,299.00
271.00,167.00,362.00,167.00,362.00,246.00,271.00,246.00
254.00,157.00,345.00,157.00,345.00,237.00,254.00,237.00
238.00,170.00,329.00,170.00,329.00,249.00,238.00,249.00
229.00,191.00,321.00,191.00,321.00,271.00,229.00,271.00
226.00,228.00,317.00,228.00,317.00,307.00,226.00,307.00
226.00,254.00,317.00,254.00,317.00,334.00,226.00,334.00
233.00,263.00,325.00,263.00,325.00,343.00,233.00,343.00
243.00,256.00,335.00,256.00,335.00,335.00,243.00,335.00
248.00,241.00,340.00,241.00,340.00,321.00,248.00,321.00
246.00,234.00,339.00,234.00,339.00,315.00,246.00,315.00
259.00,231.00,351.00,231.00,351.00,311.00,259.00,311.00
281.00,223.00,372.00,223.00,372.00,302.00,281.00,302.00
282.00,209.00,372.00,209.00,372.00,288.00,282.00,288.00
272.00,197.00,363.00,197.00,363.00,277.00,272.00,277.00
280.00,188.00,371.00,188.00,371.00,267.00,280.00,267.00
295.00,187.00,386.00,187.00,386.00,266.00,295.00,266.00
299.00,205.00,390.00,205.00,390.00,284.00,299.00,284.00
283.00,240.00,373.00,240.00,373.00,318.00,283.00,318.00
274.00,261.00,365.00,261.00,365.00,340.00,274.00,340.00
284.00,271.00,375.00,271.00,375.00,350.00,284.00,350.00
290.00,263.00,381.00,263.00,381.00,342.00,290.00,342.00
278.00,250.00,369.00,250.00,369.00,329.00,278.00,329.00
272.00,244.00,364.00,244.00,364.00,324.00,272.00,324.00
274.00,245.00,366.00,245.00,366.00,326.00,274.00,326.00
275.00,242.00,367.00,242.00,367.00,322.00,275.00,322.00
268.00,234.00,360.00,234.00,360.00,314.00,268.00,314.00
261.00,227.00,353.00,227.00,353.00,307.00,261.00,307.00
257.00,228.00,350.00,228.00,350.00,308.00,257.00,308.00
251.00,233.00,343.00,233.00,343.00,314.00,251.00,314.00
241.00,235.00,333.00,235.00,333.00,316.00,241.00,316.00
241.00,231.00,333.00,231.00,333.00,311.00,241.00,311.00
262.00,225.00,354.00,225.00,354.00,305.00,262.00,305.00
289.00,229.00,380.00,229.00,380.00,309.00,289.00,309.00
278.00,239.00,368.00,239.00,368.00,318.00,278.00,318.00
258.00,247.00,349.00,247.00,349.00,326.00,258.00,326.00
257.00,247.00,348.00,247.00,348.00,327.00,257.00,327.00
265.00,236.00,356.00,236.00,356.00,315.00,265.00,315.00
270.00,223.00,362.00,223.00,362.00,303.00,270.00,303.00
271.00,220.00,363.00,220.00,363.00,301.00,271.00,301.00
274.00,225.00,366.00,225.00,366.00,305.00,274.00,305.00
283.00,229.00,375.00,229.00,375.00,309.00,283.00,309.00
280.00,230.00,373.00,230.00,373.00,310.00,280.00,310.00
274.00,229.00,366.00,229.00,366.00,309.00,274.00,309.00
274.00,224.00,366.00,224.00,366.00,304.00,274.00,304.00
276.00,227.00,368.00,227.00,368.00,307.00,276.00,307.00
278.00,237.00,370.00,237.00,370.00,316.00,278.00,316.00
271.00,250.00,362.00,250.00,362.00,329.00,271.00,329.00
267.00,255.00,359.00,255.00,359.00,335.00,267.00,335.00
276.00,245.00,366.00,245.00,366.00,323.00,276.00,323.00
288.00,230.00,378.00,230.00,378.00,308.00,288.00,308.00
285.00,225.00,377.00,225.00,377.00,305.00,285.00,305.00
277.00,235.00,368.00,235.00,368.00,315.00,277.00,315.00
268.00,246.00,360.00,246.00,360.00,326.00,268.00,326.00
267.00,240.00,359.00,240.00,359.00,320.00,267.00,320.00
270.00,220.00,362.00,220.00,362.00,301.00,270.00,301.00
274.00,212.00,366.00,212.00,366.00,293.00,274.00,293.00
277.00,220.00,369.00,220.00,369.00,300.00,277.00,300.00
276.00,234.00,368.00,234.00,368.00,314.00,276.00,314.00
270.00,243.00,362.00,243.00,362.00,324.00,270.00,324.00
264.00,244.00,357.00,244.00,357.00,325.00,264.00,325.00
267.00,240.00,360.00,240.00,360.00,321.00,267.00,321.00
270.00,236.00,362.00,236.00,362.00,317.00,270.00,317.00
262.00,238.00,354.00,238.00,354.00,317.00,262.00,317.00
253.00,249.00,344.00,249.00,344.00,328.00,253.00,328.00
251.00,258.00,343.00,258.00,343.00,338.00,251.00,338.00
251.00,256.00,343.00,256.00,343.00,336.00,251.00,336.00
253.00,247.00,345.00,247.00,345.00,327.00,253.00,327.00
253.00,243.00,345.00,243.00,345.00,323.00,253.00,323.00
251.00,249.00,343.00,249.00,343.00,329.00,251.00,329.00
252.00,262.00,344.00,262.00,344.00,342.00,252.00,342.00
254.00,268.00,346.00,268.00,346.00,348.00,254.00,348.00
254.00,270.00,347.00,270.00,347.00,350.00,254.00,350.00
253.00,269.00,345.00,269.00,345.00,350.00,253.00,350.00
251.00,264.00,343.00,264.00,343.00,344.00,251.00,344.00
244.00,257.00,336.00,257.00,336.00,337.00,244.00,337.00
243.00,252.00,335.00,252.00,335.00,331.00,243.00,331.00
245.00,238.00,337.00,238.00,337.00,317.00,245.00,317.00
243.00,228.00,335.00,228.00,335.00,308.00,243.00,308.00
243.00,228.00,335.00,228.00,335.00,308.00,243.00,308.00
246.00,230.00,338.00,230.00,338.00,311.00,246.00,311.00
250.00,227.00,341.00,227.00,341.00,307.00,250.00,307.00
253.00,218.00,345.00,218.00,345.00,298.00,253.00,298.00
257.00,216.00,349.00,216.00,349.00,296.00,257.00,296.00
257.00,226.00,349.00,226.00,349.00,306.00,257.00,306.00
258.00,241.00,349.00,241.00,349.00,321.00,258.00,321.00
259.00,250.00,351.00,250.00,351.00,330.00,259.00,330.00
257.00,246.00,348.00,246.00,348.00,326.00,257.00,326.00
257.00,237.00,349.00,237.00,349.00,317.00,257.00,317.00
268.00,231.00,359.00,231.00,359.00,311.00,268.00,311.00
269.00,234.00,360.00,234.00,360.00,313.00,269.00,313.00
266.00,242.00,357.00,242.00,357.00,322.00,266.00,322.00
257.00,246.00,348.00,246.00,348.00,326.00,257.00,326.00
254.00,245.00,346.00,245.00,346.00,325.00,254.00,325.00
258.00,235.00,349.00,235.00,349.00,315.00,258.00,315.00
256.00,230.00,347.00,230.00,347.00,310.00,256.00,310.00
247.00,243.00,337.00,243.00,337.00,321.00,247.00,321.00
240.00,257.00,331.00,257.00,331.00,336.00,240.00,336.00
241.00,260.00,332.00,260.00,332.00,340.00,241.00,340.00
253.00,260.00,344.00,260.00,344.00,339.00,253.00,339.00
275.00,250.00,364.00,250.00,364.00,327.00,275.00,327.00
283.00,237.00,374.00,237.00,374.00,316.00,283.00,316.00
267.00,242.00,356.00,242.00,356.00,320.00,267.00,320.00
248.00,255.00,338.00,255.00,338.00,333.00,248.00,333.00
265.00,262.00,355.00,262.00,355.00,341.00,265.00,341.00
287.00,256.00,378.00,256.00,378.00,335.00,287.00,335.00
281.00,241.00,370.00,241.00,370.00,319.00,281.00,319.00
259.00,233.00,349.00,233.00,349.00,312.00,259.00,312.00
243.00,235.00,334.00,235.00,334.00,314.00,243.00,314.00
240.00,239.00,332.00,239.00,332.00,318.00,240.00,318.00
243.00,237.00,334.00,237.00,334.00,316.00,243.00,316.00
244.00,234.00,336.00,234.00,336.00,314.00,244.00,314.00
238.00,234.00,330.00,234.00,330.00,314.00,238.00,314.00
237.00,235.00,329.00,235.00,329.00,315.00,237.00,315.00
245.00,242.00,336.00,242.00,336.00,321.00,245.00,321.00
245.00,251.00,336.00,251.00,336.00,330.00,245.00,330.00
254.00,259.00,345.00,259.00,345.00,339.00,254.00,339.00
288.00,262.00,379.00,262.00,379.00,341.00,288.00,341.00
320.00,250.00,411.00,250.00,411.00,329.00,320.00,329.00
298.00,250.00,389.00,250.00,389.00,329.00,298.00,329.00
246.00,265.00,335.00,265.00,335.00,342.00,246.00,342.00
223.00,278.00,313.00,278.00,313.00,356.00,223.00,356.00
228.00,279.00,318.00,279.00,318.00,358.00,228.00,358.00
252.00,272.00,341.00,272.00,341.00,350.00,252.00,350.00
261.00,267.00,352.00,267.00,352.00,346.00,261.00,346.00
248.00,268.00,339.00,268.00,339.00,347.00,248.00,347.00
232.00,270.00,323.00,270.00,323.00,349.00,232.00,349.00
221.00,271.00,313.00,271.00,313.00,350.00,221.00,350.00
228.00,273.00,319.00,273.00,319.00,352.00,228.00,352.00
245.00,274.00,336.00,274.00,336.00,354.00,245.00,354.00
250.00,269.00,341.00,269.00,341.00,348.00,250.00,348.00
249.00,261.00,340.00,261.00,340.00,340.00,249.00,340.00
241.00,257.00,332.00,257.00,332.00,337.00,241.00,337.00
240.00,253.00,331.00,253.00,331.00,332.00,240.00,332.00
251.00,244.00,340.00,244.00,340.00,323.00,251.00,323.00
253.00,237.00,343.00,237.00,343.00,316.00,253.00,316.00
250.00,232.00,340.00,232.00,340.00,311.00,250.00,311.00
250.00,226.00,340.00,226.00,340.00,304.00,250.00,304.00
255.00,221.00,345.00,221.00,345.00,299.00,255.00,299.00
258.00,230.00,347.00,230.00,347.00,308.00,258.00,308.00
250.00,259.00,339.00,259.00,339.00,336.00,250.00,336.00
238.00,292.00,326.00,292.00,326.00,369.00,238.00,369.00
237.00,293.00,325.00,293.00,325.00,370.00,237.00,370.00
245.00,271.00,332.00,271.00,332.00,347.00,245.00,347.00
252.00,252.00,340.00,252.00,340.00,328.00,252.00,328.00
261.00,235.00,349.00,235.00,349.00,311.00,261.00,311.00
265.00,218.00,354.00,218.00,354.00,296.00,265.00,296.00
259.00,204.00,347.00,204.00,347.00,281.00,259.00,281.00
253.00,190.00,341.00,190.00,341.00,267.00,253.00,267.00
256.00,175.00,344.00,175.00,344.00,252.00,256.00,252.00
260.00,166.00,349.00,166.00,349.00,244.00,260.00,244.00
267.00,173.00,356.00,173.00,356.00,250.00,267.00,250.00
275.00,188.00,364.00,188.00,364.00,266.00,275.00,266.00
279.00,214.00,368.00,214.00,368.00,291.00,279.00,291.00
282.00,247.00,370.00,247.00,370.00,324.00,282.00,324.00
284.00,244.00,373.00,244.00,373.00,321.00,284.00,321.00
281.00,220.00,369.00,220.00,369.00,297.00,281.00,297.00
280.00,206.00,369.00,206.00,369.00,283.00,280.00,283.00
295.00,204.00,383.00,204.00,383.00,281.00,295.00,281.00
317.00,213.00,405.00,213.00,405.00,289.00,317.00,289.00
322.00,222.00,410.00,222.00,410.00,299.00,322.00,299.00
310.00,227.00,399.00,227.00,399.00,304.00,310.00,304.00
298.00,230.00,387.00,230.00,387.00,307.00,298.00,307.00
298.00,235.00,387.00,235.00,387.00,313.00,298.00,313.00
303.00,251.00,393.00,251.00,393.00,329.00,303.00,329.00
313.00,278.00,402.00,278.00,402.00,356.00,313.00,356.00
319.00,286.00,409.00,286.00,409.00,364.00,319.00,364.00
311.00,276.00,400.00,276.00,400.00,353.00,311.00,353.00
300.00,257.00,389.00,257.00,389.00,334.00,300.00,334.00
296.00,233.00,385.00,233.00,385.00,310.00,296.00,310.00
295.00,213.00,383.00,213.00,383.00,290.00,295.00,290.00
292.00,208.00,380.00,208.00,380.00,285.00,292.00,285.00
293.00,217.00,381.00,217.00,381.00,293.00,293.00,293.00
301.00,228.00,388.00,228.00,388.00,304.00,301.00,304.00
313.00,236.00,400.00,236.00,400.00,312.00,313.00,312.00
314.00,240.00,402.00,240.00,402.00,317.00,314.00,317.00
310.00,246.00,397.00,246.00,397.00,322.00,310.00,322.00
303.00,256.00,391.00,256.00,391.00,332.00,303.00,332.00
299.00,258.00,387.00,258.00,387.00,334.00,299.00,334.00
298.00,248.00,386.00,248.00,386.00,324.00,298.00,324.00
298.00,234.00,386.00,234.00,386.00,310.00,298.00,310.00
300.00,218.00,387.00,218.00,387.00,294.00,300.00,294.00
303.00,210.00,390.00,210.00,390.00,286.00,303.00,286.00
302.00,206.00,390.00,206.00,390.00,282.00,302.00,282.00
305.00,206.00,393.00,206.00,393.00,282.00,305.00,282.00
314.00,212.00,401.00,212.00,401.00,287.00,314.00,287.00
332.00,226.00,418.00,226.00,418.00,301.00,332.00,301.00
338.00,243.00,424.00,243.00,424.00,317.00,338.00,317.00
318.00,261.00,403.00,261.00,403.00,335.00,318.00,335.00
284.00,262.00,369.00,262.00,369.00,336.00,284.00,336.00
265.00,257.00,350.00,257.00,350.00,331.00,265.00,331.00
249.00,250.00,333.00,250.00,333.00,322.00,249.00,322.00
237.00,227.00,321.00,227.00,321.00,300.00,237.00,300.00
237.00,194.00,320.00,194.00,320.00,267.00,237.00,267.00
253.00,184.00,335.00,184.00,335.00,256.00,253.00,256.00
272.00,190.00,354.00,190.00,354.00,262.00,272.00,262.00
284.00,204.00,367.00,204.00,367.00,276.00,284.00,276.00
286.00,213.00,370.00,213.00,370.00,286.00,286.00,286.00
289.00,216.00,374.00,216.00,374.00,290.00,289.00,290.00
294.00,219.00,380.00,219.00,380.00,294.00,294.00,294.00
298.00,221.00,384.00,221.00,384.00,296.00,298.00,296.00
299.00,223.00,385.00,223.00,385.00,298.00,299.00,298.00
297.00,224.00,383.00,224.00,383.00,298.00,297.00,298.00
