1
186.314484,214.924728,40.579651,98.590530
184.691299,216.896545,40.579651,98.590530
183.879715,216.896545,40.579651,98.590530
182.580368,217.625046,39.979954,97.133522
181.300217,220.256744,39.389114,95.698051
179.262848,224.735229,38.807011,94.283798
178.784927,227.289719,38.233505,92.890442
188.107880,220.654678,37.668480,91.517677
191.874725,218.824326,37.668480,91.517677
194.888199,216.993973,37.668480,91.517677
197.148315,216.993973,37.668480,91.517677
200.395599,214.063599,37.111801,90.165199
202.622299,214.063599,37.111801,90.165199
205.591248,210.457001,37.111801,90.165199
208.790543,209.346588,36.563354,88.832710
209.258545,208.680344,37.111801,90.165199
212.227493,208.680344,37.111801,90.165199
210.442413,206.173752,37.668480,91.517677
212.453918,203.629562,38.233505,92.890442
204.405762,204.818558,38.807011,94.283798
200.963577,223.251038,39.389114,95.698051
203.326920,225.164993,39.389114,95.698051
208.628708,226.389938,39.979954,97.133522
210.763626,229.605057,40.579651,98.590530
213.754349,234.869781,41.188347,100.069389
217.873184,234.869781,41.188347,100.069389
220.072647,236.150681,41.806171,101.570427
225.089386,234.119263,41.806171,101.570427
230.340897,232.868408,41.188347,100.069389
233.376480,232.117874,41.806171,101.570427
238.627991,230.867020,41.188347,100.069389
244.171951,230.116486,41.806171,101.570427
248.101730,229.354721,42.433266,103.093987
251.229050,226.488708,43.069763,104.640396
255.277618,223.579697,43.715809,106.209999
259.386902,222.783127,44.371548,107.803146
264.086334,223.579697,43.715809,106.209999
268.195648,224.939194,44.371548,107.803146
270.857941,227.095245,44.371548,107.803146
276.431702,230.016022,43.715809,106.209999
279.338898,232.893631,43.069763,104.640396
282.203156,233.666840,42.433266,103.093987
283.900482,233.666840,42.433266,103.093987
285.886261,232.397217,41.806171,101.570427
285.050140,230.365799,41.806171,101.570427
284.214020,228.334396,41.806171,101.570427
283.900482,227.572617,42.433266,103.093987
283.582214,224.706604,43.069763,104.640396
282.720825,222.613800,43.069763,104.640396
281.859436,220.520981,43.069763,104.640396
280.480347,219.232315,42.433266,103.093987
279.300720,218.459106,43.069763,104.640396
277.577911,218.459106,43.069763,104.640396
276.716522,218.459106,43.069763,104.640396
275.855133,216.366302,43.069763,104.640396
274.657806,215.581497,43.715809,106.209999
274.329926,216.940979,44.371548,107.803146
272.195648,220.509262,45.037121,109.420197
270.029358,224.131073,45.712677,111.061501
267.830597,225.552658,46.398365,112.727425
264.656952,224.707214,47.094341,114.418335
259.947510,226.995575,47.094341,114.418335
256.583618,227.841034,46.398365,112.727425
250.087845,227.841034,46.398365,112.727425
245.859436,228.673996,45.712677,111.061501
243.494980,229.494644,45.037121,109.420197
238.991272,231.683044,45.037121,109.420197
235.388306,231.683044,45.037121,109.420197
228.182358,229.494644,45.037121,109.420197
222.777908,231.683044,45.037121,109.420197
215.126099,228.641159,45.712677,111.061501
209.215454,227.808212,46.398365,112.727425
201.791718,225.553650,46.398365,112.727425
193.440002,223.299103,46.398365,112.727425
187.383072,224.132065,45.712677,111.061501
180.069046,226.353302,45.712677,111.061501
174.583527,228.574524,45.712677,111.061501
169.516846,231.583588,45.037121,109.420197
164.525055,232.392105,44.371548,107.803146
158.732712,235.312881,43.715809,106.209999
152.192825,234.516312,44.371548,107.803146
147.356323,229.330978,45.037121,109.420197
142.852615,224.954163,45.037121,109.420197
134.286545,217.469833,45.712677,111.061501
130.231842,214.382324,46.398365,112.727425
127.831924,217.436508,45.712677,111.061501
126.368217,220.445557,45.037121,109.420197
124.926140,225.566208,44.371548,107.803146
121.756744,226.362793,43.715809,106.209999
116.991722,223.410156,44.371548,107.803146
112.155220,222.601624,45.037121,109.420197
110.903191,219.559753,45.712677,111.061501
106.848473,211.963135,46.398365,112.727425
104.064575,207.454041,46.398365,112.727425
104.064575,205.199493,46.398365,112.727425
103.716583,204.354034,47.094341,114.418335
103.716583,204.354034,47.094341,114.418335
104.992538,207.454041,46.398365,112.727425
106.249641,210.508240,45.712677,111.061501
109.289642,211.328888,45.037121,109.420197
109.289642,209.140488,45.037121,109.420197
111.397293,205.636887,44.371548,107.803146
111.064507,202.639954,45.037121,109.420197
113.469490,197.376846,45.712677,111.061501
114.708008,196.009094,45.037121,109.420197
117.410240,193.820679,45.037121,109.420197
119.815224,195.221268,45.712677,111.061501
123.472237,197.442490,45.712677,111.061501
129.214462,200.451553,45.037121,109.420197
132.209549,199.104004,44.371548,107.803146
136.908997,202.024780,43.715809,106.209999
140.677597,202.809586,43.069763,104.640396
142.103210,195.652176,43.715809,106.209999
144.437637,186.231354,44.371548,107.803146
145.906326,181.046021,45.037121,109.420197
150.139816,180.225372,45.712677,111.061501
153.796829,180.225372,45.712677,111.061501
157.453842,180.225372,45.712677,111.061501
161.394592,183.234436,45.037121,109.420197
165.628082,184.635010,45.712677,111.061501
171.370316,185.455658,45.037121,109.420197
174.072540,183.267258,45.037121,109.420197
176.477524,180.225372,45.712677,111.061501
177.990616,177.137863,46.398365,112.727425
181.076218,173.528366,45.712677,111.061501
183.215485,172.160614,45.037121,109.420197
187.097992,172.969131,44.371548,107.803146
189.760284,172.969131,44.371548,107.803146
192.711105,175.889908,43.715809,106.209999
195.334061,178.014114,43.715809,106.209999
197.957001,175.889908,43.715809,106.209999
200.291428,177.249405,44.371548,107.803146
201.760132,174.252472,45.037121,109.420197
202.980347,170.748871,44.371548,107.803146
204.182526,167.297043,43.715809,106.209999
205.931168,165.172852,43.715809,106.209999
206.805481,163.048645,43.715809,106.209999
208.554108,163.048645,43.715809,106.209999
209.113678,162.252075,44.371548,107.803146
209.441544,163.048645,43.715809,106.209999
210.001099,164.408127,44.371548,107.803146
212.077606,163.080505,43.715809,106.209999
214.123413,163.865311,43.069763,104.640396
215.290329,164.638519,42.433266,103.093987
216.987656,162.576630,42.433266,103.093987
217.836334,158.452881,42.433266,103.093987
219.533661,158.452881,42.433266,103.093987
221.230988,158.452881,42.433266,103.093987
224.625656,158.452881,42.433266,103.093987
225.775314,161.246063,41.806171,101.570427
229.379303,163.997971,41.188347,100.069389
230.742630,165.278854,41.806171,101.570427
232.126419,164.517075,42.433266,103.093987
233.530960,163.743881,43.069763,104.640396
236.395203,162.455200,42.433266,103.093987
238.941193,158.331436,42.433266,103.093987
240.638535,156.269562,42.433266,103.093987
241.487198,156.269562,42.433266,103.093987
243.184525,156.269562,42.433266,103.093987
244.881851,156.269562,42.433266,103.093987
246.579193,156.269562,42.433266,103.093987
247.427856,156.269562,42.433266,103.093987
249.125183,156.269562,42.433266,103.093987
252.519836,154.207687,42.433266,103.093987
255.341766,152.938049,41.806171,101.570427
258.121979,151.687180,41.188347,100.069389
260.861115,152.426620,40.579651,98.590530
264.359344,153.155121,39.979954,97.133522
266.758148,153.155121,39.979954,97.133522
268.357330,155.097794,39.979954,97.133522
271.016113,155.815521,39.389114,95.698051
272.319885,157.040451,39.979954,97.133522
272.831635,156.311951,40.579651,98.590530
274.454803,154.340149,40.579651,98.590530
274.974243,151.599319,41.188347,100.069389
274.665314,148.817398,41.806171,101.570427
273.503113,148.055618,42.433266,103.093987
272.654449,145.993744,42.433266,103.093987
272.967987,148.786926,41.806171,101.570427
271.805786,148.025146,42.433266,103.093987
272.119324,148.786926,41.806171,101.570427
272.428253,149.537445,41.188347,100.069389
273.544189,150.276871,40.579651,98.590530
273.044434,149.062714,39.979954,97.133522
273.339844,147.866486,39.389114,95.698051
273.844025,147.148743,39.979954,97.133522
273.844025,147.148743,39.979954,97.133522
273.844025,147.148743,39.979954,97.133522
274.643616,151.034088,39.979954,97.133522
277.302399,153.665787,39.389114,95.698051
278.369598,156.258591,38.807011,94.283798
278.656342,158.813080,38.233505,92.890442
279.421021,162.528687,38.233505,92.890442
279.703522,165.045425,37.668480,91.517677
278.497375,165.721664,37.111801,90.165199
278.040344,164.611252,36.563354,88.832710
276.869598,165.267654,36.023006,87.519905
276.425964,167.638885,35.490646,86.226509
277.135773,167.638885,35.490646,86.226509
278.555389,164.189835,35.490646,86.226509
279.516968,163.127930,34.966156,84.952225
279.964539,162.490784,35.490646,86.226509
280.674347,162.490784,35.490646,86.226509
279.687714,163.594482,36.023006,87.519905
280.148804,162.938080,36.563354,88.832710
280.880066,164.714737,36.563354,88.832710
281.611328,166.491394,36.563354,88.832710
282.079346,167.628448,37.111801,90.165199
280.294281,168.782562,37.668480,91.517677
280.011749,168.096176,38.233505,92.890442
279.247101,169.953995,38.233505,92.890442
277.408051,169.257309,38.807011,94.283798
277.694824,171.811798,38.233505,92.890442
276.631927,171.115128,38.807011,94.283798
274.765289,168.494034,39.389114,95.698051
274.469879,167.776291,39.979954,97.133522
273.977509,166.580063,39.389114,95.698051
273.977509,166.580063,39.389114,95.698051
273.492432,167.287201,38.807011,94.283798
273.779175,169.841690,38.233505,92.890442
272.716278,172.916367,38.807011,94.283798
272.238373,175.470840,38.233505,92.890442
270.709045,179.186462,38.233505,92.890442
270.238190,181.703201,37.668480,91.517677
269.484802,181.703201,37.668480,91.517677
267.978058,183.533554,37.668480,91.517677
266.471344,183.533554,37.668480,91.517677
265.265198,186.013092,37.111801,90.165199
264.076874,184.902695,36.563354,88.832710
261.151825,184.902695,36.563354,88.832710
258.650879,182.433136,37.111801,90.165199
256.000031,181.322723,36.563354,88.832710
253.806244,181.322723,36.563354,88.832710
251.612442,181.322723,36.563354,88.832710
249.721237,183.729523,36.023006,87.519905
248.567780,186.100754,35.490646,86.226509
246.140228,187.204453,36.023006,87.519905
244.699310,190.705246,36.023006,87.519905
242.537918,194.206055,36.023006,87.519905
240.805222,195.326309,36.563354,88.832710
237.562042,196.463364,37.111801,90.165199
235.023605,197.617477,37.668480,91.517677
232.447083,195.073288,38.233505,92.890442
229.831909,196.262283,38.807011,94.283798
227.177505,195.555161,39.389114,95.698051
224.483292,196.780090,39.979954,97.133522
220.937073,196.051590,40.579651,98.590530
218.985184,193.310776,41.188347,100.069389
216.167908,190.528839,41.806171,101.570427
213.308365,185.643311,42.433266,103.093987
210.405930,184.870102,43.069763,104.640396
208.334274,186.209503,43.715809,106.209999
207.118973,183.256866,44.371548,107.803146
205.885437,184.636734,45.037121,109.420197
204.633408,186.037323,45.712677,111.061501
203.362595,187.458908,46.398365,112.727425
200.188950,186.613449,47.094341,114.418335
197.923706,188.078003,47.800758,116.134605
195.624496,187.207001,48.517769,117.876625
192.305878,183.930023,49.245537,119.644775
189.937164,185.461472,49.984219,121.439445
188.937485,185.461472,49.984219,121.439445
186.938126,185.461472,49.984219,121.439445
185.938431,185.461472,49.984219,121.439445
184.938751,185.461472,49.984219,121.439445
182.534515,182.085464,50.733982,123.261040
182.909393,182.996262,49.984219,121.439445
182.909393,180.567474,49.984219,121.439445
181.909698,180.567474,49.984219,121.439445
181.534821,177.191452,50.733982,123.261040
181.909698,178.102249,49.984219,121.439445
181.909698,180.531036,49.984219,121.439445
181.909698,182.959824,49.984219,121.439445
180.910019,185.388611,49.984219,121.439445
180.910019,187.817398,49.984219,121.439445
179.520462,186.906601,50.733982,123.261040
178.505783,184.441391,50.733982,123.261040
178.880661,185.352188,49.984219,121.439445
178.880661,182.923386,49.984219,121.439445
178.505783,179.547379,50.733982,123.261040
177.491104,177.082153,50.733982,123.261040
176.476425,177.082153,50.733982,123.261040
176.095917,176.157700,51.494991,125.109955
174.664352,177.759109,52.267414,126.986603
175.050568,181.199631,51.494991,125.109955
176.445755,182.124084,50.733982,123.261040
176.820633,183.034882,49.984219,121.439445
177.460434,182.124084,50.733982,123.261040
178.109833,181.199631,51.494991,125.109955
178.109833,181.199631,51.494991,125.109955
179.505005,179.658859,50.733982,123.261040
178.490326,179.658859,50.733982,123.261040
178.109833,178.734406,51.494991,125.109955
177.079926,181.236603,51.494991,125.109955
176.693710,182.838013,52.267414,126.986603
174.179657,184.463440,53.051426,128.891403
172.704819,183.496765,53.847198,130.824768
171.207870,185.171310,54.654907,132.787140
168.578964,184.175415,55.474731,134.778946
166.802689,185.171310,54.654907,132.787140
165.052658,188.768997,53.847198,130.824768
161.369507,190.443558,54.654907,132.787140
159.619476,191.424744,53.847198,130.824768
156.834274,194.969254,53.051426,128.891403
154.090225,195.921646,52.267414,126.986603
152.416641,199.362183,51.494991,125.109955
150.767792,200.286636,50.733982,123.261040
149.143295,203.626221,49.984219,121.439445
147.143936,201.197433,49.984219,121.439445
144.144882,203.626221,49.984219,121.439445
142.145508,206.055008,49.984219,121.439445
140.146149,206.055008,49.984219,121.439445
138.146774,206.055008,49.984219,121.439445
136.147400,206.055008,49.984219,121.439445
133.562012,206.952347,49.245537,119.644775
131.014832,210.193954,48.517769,117.876625
130.417328,211.064957,47.800758,116.134605
128.505295,211.064957,47.800758,116.134605
126.206078,212.551483,48.517769,117.876625
123.872368,211.667404,49.245537,119.644775
122.503342,210.770081,49.984219,121.439445
121.113785,209.859283,50.733982,123.261040
119.703377,208.934814,51.494991,125.109955
119.317169,207.996490,52.267414,126.986603
118.925163,207.044098,53.051426,128.891403
117.450333,206.077408,53.847198,130.824768
117.848213,207.044098,53.051426,128.891403
117.848213,207.044098,53.051426,128.891403
117.848213,207.044098,53.051426,128.891403
118.909248,207.044098,53.051426,128.891403
120.346596,207.996490,52.267414,126.986603
120.732811,208.934814,51.494991,125.109955
122.127998,209.859283,50.733982,123.261040
123.142677,212.324493,50.733982,123.261040
124.517242,213.235291,49.984219,121.439445
125.157036,212.324493,50.733982,123.261040
126.171722,212.324493,50.733982,123.261040
128.545975,215.664078,49.984219,121.439445
128.915314,214.168518,49.245537,119.644775
130.545334,215.699982,49.984219,121.439445
130.545334,215.699982,49.984219,121.439445
131.545029,215.699982,49.984219,121.439445
132.544708,215.699982,49.984219,121.439445
132.544708,215.699982,49.984219,121.439445
133.544388,215.699982,49.984219,121.439445
133.544388,215.699982,49.984219,121.439445
133.544388,215.699982,49.984219,121.439445
132.928818,216.597305,49.245537,119.644775
133.292709,219.838913,48.517769,117.876625
133.292709,219.838913,48.517769,117.876625
133.292709,219.838913,48.517769,117.876625
132.695190,220.709930,47.800758,116.134605
132.695190,220.709930,47.800758,116.134605
131.739182,220.709930,47.800758,116.134605
130.783173,220.709930,47.800758,116.134605
129.827148,220.709930,47.800758,116.134605
129.827148,220.709930,47.800758,116.134605
129.827148,220.709930,47.800758,116.134605
129.238464,219.279694,47.094341,114.418335
129.586456,222.379700,46.398365,112.727425
129.238464,221.534241,47.094341,114.418335
129.586456,222.379700,46.398365,112.727425
129.586456,222.379700,46.398365,112.727425
129.586456,222.379700,46.398365,112.727425
130.180359,221.534241,47.094341,114.418335
130.180359,221.534241,47.094341,114.418335
130.783173,220.676117,47.800758,116.134605
131.136368,223.822617,47.094341,114.418335
132.412323,224.668076,46.398365,112.727425
132.412323,224.668076,46.398365,112.727425
133.006226,223.822617,47.094341,114.418335
134.282181,226.922623,46.398365,112.727425
136.138123,226.922623,46.398365,112.727425
137.066086,226.922623,46.398365,112.727425
137.066086,226.922623,46.398365,112.727425
137.994049,226.922623,46.398365,112.727425
138.336899,227.755585,45.712677,111.061501
138.922012,226.922623,46.398365,112.727425
139.849991,226.922623,46.398365,112.727425
139.849991,229.177170,46.398365,112.727425
140.192825,230.010132,45.712677,111.061501
140.777954,229.177170,46.398365,112.727425
141.705917,229.177170,46.398365,112.727425
141.357925,228.331711,47.094341,114.418335
142.299820,228.331711,47.094341,114.418335
142.647812,231.431717,46.398365,112.727425
143.241714,230.586258,47.094341,114.418335
142.888504,229.728119,47.800758,116.134605
142.888504,229.728119,47.800758,116.134605
142.888504,229.728119,47.800758,116.134605
142.888504,229.728119,47.800758,116.134605
142.888504,229.728119,47.800758,116.134605
144.183594,230.586258,47.094341,114.418335
144.531586,233.686264,46.398365,112.727425
144.183594,232.840805,47.094341,114.418335
143.830383,231.982666,47.800758,116.134605
143.830383,231.982666,47.800758,116.134605
143.830383,231.982666,47.800758,116.134605
143.830383,231.982666,47.800758,116.134605
143.830383,231.982666,47.800758,116.134605
144.183594,230.552444,47.094341,114.418335
144.786407,229.694305,47.800758,116.134605
144.786407,229.694305,47.800758,116.134605
144.786407,227.371613,47.800758,116.134605
145.398254,228.858139,48.517769,117.876625
145.398254,228.858139,48.517769,117.876625
146.368607,228.858139,48.517769,117.876625
147.338959,228.858139,48.517769,117.876625
148.309311,228.858139,48.517769,117.876625
147.945435,227.974060,49.245537,119.644775
148.930344,227.974060,49.245537,119.644775
149.915253,227.974060,49.245537,119.644775
149.915253,227.974060,49.245537,119.644775
150.900162,227.974060,49.245537,119.644775
151.885071,227.974060,49.245537,119.644775
152.869980,227.974060,49.245537,119.644775
152.869980,227.974060,49.245537,119.644775
153.854904,227.974060,49.245537,119.644775
153.854904,227.974060,49.245537,119.644775
153.854904,227.974060,49.245537,119.644775
155.189133,228.858139,48.517769,117.876625
155.189133,228.858139,48.517769,117.876625
156.159485,228.858139,48.517769,117.876625
156.517990,229.729141,47.800758,116.134605
157.474014,229.729141,47.800758,116.134605
158.430023,229.729141,47.800758,116.134605
158.430023,229.729141,47.800758,116.134605
160.342056,229.729141,47.800758,116.134605
162.254089,229.729141,47.800758,116.134605
161.895584,231.215668,48.517769,117.876625
162.516617,227.938690,49.245537,119.644775
165.791565,231.180298,48.517769,117.876625
168.062088,229.728622,47.800758,116.134605
170.299072,230.586761,47.094341,114.418335
172.503006,231.432220,46.398365,112.727425
174.674347,232.265182,45.712677,111.061501
177.714355,233.085831,45.037121,109.420197
178.615097,233.085831,45.037121,109.420197
180.416580,233.085831,45.037121,109.420197
182.218063,233.085831,45.037121,109.420197
184.019547,233.085831,45.037121,109.420197
185.821045,233.085831,45.037121,109.420197
187.311768,234.486404,45.712677,111.061501
188.824860,233.653442,46.398365,112.727425
190.081955,232.265182,45.712677,111.061501
192.523010,231.432220,46.398365,112.727425
193.780106,232.265182,45.712677,111.061501
196.221161,231.432220,46.398365,112.727425
197.756958,228.298386,47.094341,114.418335
200.582611,228.298386,47.094341,114.418335
202.466385,228.298386,47.094341,114.418335
204.350159,228.298386,47.094341,114.418335
206.865005,227.440262,47.800758,116.134605
208.777023,227.440262,47.800758,116.134605
211.329590,228.926773,48.517769,117.876625
213.600128,229.797791,47.800758,116.134605
216.778992,232.944290,47.094341,114.418335
219.293839,234.408844,47.800758,116.134605
225.298355,235.266983,47.094341,114.418335
229.065903,235.266983,47.094341,114.418335
233.775345,235.266983,47.094341,114.418335
240.619095,233.857895,46.398365,112.727425
246.447464,234.690857,45.712677,111.061501
253.761490,232.469620,45.712677,111.061501
258.986450,231.636658,46.398365,112.727425
264.814819,232.469620,45.712677,111.061501
270.300354,232.469620,45.712677,111.061501
276.042572,233.290268,45.037121,109.420197
283.018829,234.690857,45.712677,111.061501
289.661804,235.511505,45.037121,109.420197
296.638062,232.469620,45.712677,111.061501
303.952087,232.469620,45.712677,111.061501
309.437592,230.248398,45.712677,111.061501
315.590515,229.415436,46.398365,112.727425
320.504639,230.248398,45.712677,111.061501
326.246857,231.069046,45.037121,109.420197
332.791687,231.877563,44.371548,107.803146
338.116272,231.877563,44.371548,107.803146
345.438660,232.674149,43.715809,106.209999
354.181824,232.674149,43.715809,106.209999
361.840820,231.877563,44.371548,107.803146
370.715149,229.721497,44.371548,107.803146
375.786804,228.912979,45.037121,109.420197
387.656189,231.877563,44.371548,107.803146
393.628601,233.257446,45.037121,109.420197
399.690613,232.436798,45.712677,111.061501
402.131653,233.858383,46.398365,112.727425
406.131500,234.691345,45.712677,111.061501
409.171509,235.511993,45.037121,109.420197
409.747986,232.470108,45.712677,111.061501
410.986511,231.102356,45.037121,109.420197
409.734497,225.839249,45.712677,111.061501
408.820221,223.618027,45.712677,111.061501
405.693481,220.530518,46.398365,112.727425
403.293579,214.699783,45.712677,111.061501
401.829865,213.332031,45.037121,109.420197
399.127625,211.143631,45.037121,109.420197
397.326141,208.955215,45.037121,109.420197
392.822449,206.766815,45.037121,109.420197
389.219482,204.578415,45.037121,109.420197
385.224670,201.536530,45.712677,111.061501
381.567657,199.315308,45.712677,111.061501
379.203217,195.759140,45.037121,109.420197
375.208435,192.717270,45.712677,111.061501
372.843964,191.349518,45.037121,109.420197
370.141754,191.349518,45.037121,109.420197
367.439514,189.161102,45.037121,109.420197
363.444733,188.340454,45.712677,111.061501
360.701965,188.340454,45.712677,111.061501
357.575226,189.762039,46.398365,112.727425
355.343445,188.916595,47.094341,114.418335
354.763489,189.762039,46.398365,112.727425
353.277802,190.595001,45.712677,111.061501
352.006989,189.762039,46.398365,112.727425
351.435608,188.373779,45.712677,111.061501
350.872620,189.194427,45.037121,109.420197
350.317993,187.846893,44.371548,107.803146
348.897217,186.519257,43.715809,106.209999
347.148590,184.395065,43.715809,106.209999
346.610229,183.087051,43.069763,104.640396
345.231140,181.798386,42.433266,103.093987
343.872437,182.560165,41.806171,101.570427
343.357574,183.310684,41.188347,100.069389
342.533813,183.310684,41.188347,100.069389
342.026581,184.050110,40.579651,98.590530
340.898468,183.310684,41.188347,100.069389
340.589539,184.591568,41.806171,101.570427
340.898468,185.342087,41.188347,100.069389
340.391205,186.081512,40.579651,98.590530
339.891449,186.810028,39.979954,97.133522
339.091858,186.810028,39.979954,97.133522
337.811707,187.527756,39.389114,95.698051
337.023926,185.613800,39.389114,95.698051
336.236145,185.613800,39.389114,95.698051
334.660583,185.613800,39.389114,95.698051
333.872803,185.613800,39.389114,95.698051
333.085022,185.613800,39.389114,95.698051
331.509460,185.613800,39.389114,95.698051
330.721680,185.613800,39.389114,95.698051
329.933899,185.613800,39.389114,95.698051
329.146118,187.527756,39.389114,95.698051
327.570557,187.527756,39.389114,95.698051
327.275116,188.752686,39.979954,97.133522
327.275116,190.695358,39.979954,97.133522
325.352081,189.966858,40.579651,98.590530
325.352081,189.966858,40.579651,98.590530
324.540497,187.995056,40.579651,98.590530
324.540497,187.995056,40.579651,98.590530
323.412384,187.255615,41.188347,100.069389
320.595093,186.505096,41.806171,101.570427
319.758972,188.536514,41.806171,101.570427
318.086731,188.536514,41.806171,101.570427
316.414490,186.505096,41.806171,101.570427
314.742249,184.473694,41.806171,101.570427
313.069977,182.442276,41.806171,101.570427
311.397736,182.442276,41.806171,101.570427
310.882874,181.191422,41.188347,100.069389
309.737854,180.440903,41.806171,101.570427
308.901733,180.440903,41.806171,101.570427
306.393372,182.472305,41.806171,101.570427
306.079803,181.710526,42.433266,103.093987
306.622955,183.030136,43.069763,104.640396
304.551300,182.245331,43.715809,106.209999
303.335999,181.448746,44.371548,107.803146
301.201721,180.640228,45.037121,109.420197
297.206940,179.819580,45.712677,111.061501
295.008148,178.986618,46.398365,112.727425
292.776398,178.141159,47.094341,114.418335
289.555145,177.283020,47.800758,116.134605
287.255920,176.412018,48.517769,117.876625
286.285583,176.412018,48.517769,117.876625
284.936768,173.135040,49.245537,119.644775
283.567749,172.237701,49.984219,121.439445
283.192871,168.861694,50.733982,123.261040
283.192871,168.861694,50.733982,123.261040
283.192871,168.861694,50.733982,123.261040
283.567749,169.772491,49.984219,121.439445
282.952179,170.669815,49.245537,119.644775
282.952179,170.669815,49.245537,119.644775
283.582520,169.772491,49.984219,121.439445
284.222321,168.861694,50.733982,123.261040
283.841827,170.439423,51.494991,125.109955
284.500946,169.501099,52.267414,126.986603
284.108948,168.548706,53.051426,128.891403
282.634125,167.582016,53.847198,130.824768
282.230255,163.945099,54.654907,132.787140
280.044067,163.945099,54.654907,132.787140
278.950958,163.945099,54.654907,132.787140
277.857880,161.289352,54.654907,132.787140
278.261719,159.654037,53.847198,130.824768
278.950958,156.017105,54.654907,132.787140
279.354828,154.381805,53.847198,130.824768
280.813751,155.348480,53.051426,128.891403
281.205750,156.300888,52.267414,126.986603
282.621857,157.239212,51.494991,125.109955
283.002350,158.163666,50.733982,123.261040
283.651764,159.741409,51.494991,125.109955
284.032257,160.665863,50.733982,123.261040
286.061615,160.665863,50.733982,123.261040
287.436188,164.005447,49.984219,121.439445
289.090668,160.629440,50.733982,123.261040
292.134705,160.629440,50.733982,123.261040
295.508636,159.111450,49.984219,121.439445
297.507996,156.682648,49.984219,121.439445
300.507050,154.253860,49.984219,121.439445
302.846222,155.151199,49.245537,119.644775
304.816040,155.151199,49.245537,119.644775
307.445770,156.682648,49.984219,121.439445
309.445129,156.682648,49.984219,121.439445
311.099609,155.771851,50.733982,123.261040
313.473846,156.682648,49.984219,121.439445
315.473236,156.682648,49.984219,121.439445
317.472595,154.253860,49.984219,121.439445
318.826843,155.151199,49.245537,119.644775
320.161072,153.677750,48.517769,117.876625
321.131439,153.677750,48.517769,117.876625
323.072144,153.677750,48.517769,117.876625
324.386658,152.226059,47.800758,116.134605
325.342682,152.226059,47.800758,116.134605
325.954529,151.355057,48.517769,117.876625
323.043457,146.639984,48.517769,117.876625
323.401978,145.188309,47.800758,116.134605
322.445953,145.188309,47.800758,116.134605
322.799164,146.046432,47.094341,114.418335
324.075134,146.891891,46.398365,112.727425
324.417969,145.503632,45.712677,111.061501
322.954254,144.135880,45.037121,109.420197
324.174469,147.100464,44.371548,107.803146
324.502350,147.897034,43.715809,106.209999
324.825378,150.774643,43.069763,104.640396
324.825378,152.867462,43.069763,104.640396
323.963989,154.960266,43.069763,104.640396
323.963989,157.053070,43.069763,104.640396
323.963989,161.238693,43.069763,104.640396
323.963989,165.424301,43.069763,104.640396
324.282227,168.259384,42.433266,103.093987
323.759644,171.052567,41.806171,101.570427
323.759644,171.052567,41.806171,101.570427
323.446106,170.290802,42.433266,103.093987
325.143433,170.290802,42.433266,103.093987
325.686584,167.424789,43.069763,104.640396
326.237854,166.639984,43.715809,106.209999
326.797424,165.843399,44.371548,107.803146
327.684875,165.843399,44.371548,107.803146
328.887054,166.639984,43.715809,106.209999
329.210083,167.424789,43.069763,104.640396
329.528320,170.259872,42.433266,103.093987
328.679657,172.321747,42.433266,103.093987
323.193024,167.362930,43.069763,104.640396
326.057281,176.383652,42.433266,103.093987
328.879181,181.208252,41.806171,101.570427
329.715332,185.271057,41.806171,101.570427
331.387573,187.302475,41.806171,101.570427
332.223694,189.333878,41.806171,101.570427
333.059814,193.396698,41.806171,101.570427
333.895935,195.428101,41.806171,101.570427
332.733734,196.728210,42.433266,103.093987
335.555634,203.584213,41.806171,101.570427
336.090759,204.884308,42.433266,103.093987
334.911102,208.296722,43.069763,104.640396
335.229370,213.193680,42.433266,103.093987
336.078033,215.255569,42.433266,103.093987
336.621185,216.575165,43.069763,104.640396
337.482574,218.667984,43.069763,104.640396
336.285217,220.007370,43.715809,106.209999
337.159546,220.007370,43.715809,106.209999
337.159546,222.131577,43.715809,106.209999
337.159546,222.131577,43.715809,106.209999
337.482574,225.009186,43.069763,104.640396
337.159546,224.224380,43.715809,106.209999
337.482574,225.009186,43.069763,104.640396
337.159546,226.348587,43.715809,106.209999
338.033875,226.348587,43.715809,106.209999
338.033875,226.348587,43.715809,106.209999
339.218292,227.133392,43.069763,104.640396
339.536530,225.844711,42.433266,103.093987
342.358459,224.575073,41.806171,101.570427
342.358459,224.575073,41.806171,101.570427
343.194580,224.575073,41.806171,101.570427
344.866821,222.543671,41.806171,101.570427
344.866821,222.543671,41.806171,101.570427
344.866821,222.543671,41.806171,101.570427
344.866821,222.543671,41.806171,101.570427
344.866821,222.543671,41.806171,101.570427
344.866821,220.512268,41.806171,101.570427
344.030701,220.512268,41.806171,101.570427
344.030701,220.512268,41.806171,101.570427
343.717163,219.750488,42.433266,103.093987
343.717163,219.750488,42.433266,103.093987
342.868469,217.688599,42.433266,103.093987
342.868469,217.688599,42.433266,103.093987
341.688843,216.915405,43.069763,104.640396
340.827454,216.915405,43.069763,104.640396
339.448364,217.688599,42.433266,103.093987
338.268707,216.915405,43.069763,104.640396
338.268707,216.915405,43.069763,104.640396
337.071381,216.130600,43.715809,106.209999
337.394409,216.915405,43.069763,104.640396
338.255798,216.915405,43.069763,104.640396
337.058472,216.130600,43.715809,106.209999
337.058472,216.130600,43.715809,106.209999
336.184143,216.130600,43.715809,106.209999
334.968842,215.334015,44.371548,107.803146
334.422394,216.130600,43.715809,106.209999
334.094513,215.334015,44.371548,107.803146
334.094513,215.334015,44.371548,107.803146
332.860992,214.525497,45.037121,109.420197
332.860992,212.337097,45.037121,109.420197
332.523224,211.516449,45.712677,111.061501
333.761749,212.337097,45.037121,109.420197
334.981964,215.301682,44.371548,107.803146
334.435516,220.346649,43.715809,106.209999
334.435516,220.346649,43.715809,106.209999
332.686890,218.222458,43.715809,106.209999
332.148499,216.914444,43.069763,104.640396
331.287109,216.914444,43.069763,104.640396
329.059357,215.625778,42.433266,103.093987
327.362030,213.563904,42.433266,103.093987
325.167206,214.325668,41.806171,101.570427
322.307678,211.502014,42.433266,103.093987
320.266632,206.543198,43.069763,104.640396
317.320648,203.634186,43.715809,106.209999
315.217926,200.681549,44.371548,107.803146
312.922852,199.353928,43.715809,106.209999
