1
150.171631,67.939934,44.426731,56.739628
150.171631,67.939934,44.426731,56.739628
150.171631,67.939934,44.426731,56.739628
149.283096,67.939934,44.426731,56.739628
149.283096,67.939934,44.426731,56.739628
149.283096,66.805145,44.426731,56.739628
149.283096,66.805145,44.426731,56.739628
149.283096,65.670349,44.426731,56.739628
150.486786,66.089607,43.770180,55.901112
152.535141,65.401169,43.123329,55.074986
153.703506,65.808128,42.486038,54.261070
157.366089,63.001522,41.858170,53.459183
160.714752,57.655605,41.858170,53.459183
162.100250,52.913776,42.486038,54.261070
165.762848,51.176353,41.858170,53.459183
167.148346,50.775410,42.486038,54.261070
171.648102,51.176353,41.858170,53.459183
175.582764,54.031071,42.486038,54.261070
180.681091,59.457180,42.486038,54.261070
187.692337,66.273224,41.858170,53.459183
193.775177,68.775009,41.239574,52.669144
198.142914,71.239822,40.630123,51.890785
201.645508,72.645729,40.029678,51.123924
204.847885,74.690689,40.029678,51.123924
209.087479,77.083183,39.438107,50.368401
212.242523,79.097923,39.438107,50.368401
215.149109,81.787598,40.029678,51.123924
217.286697,84.517609,40.630123,51.890785
219.188110,87.968475,40.029678,51.123924
223.427704,91.368340,39.438107,50.368401
224.496231,95.710449,38.855274,49.624039
224.993576,99.367737,39.438107,50.368401
224.993576,101.382477,39.438107,50.368401
223.730774,101.754654,38.855274,49.624039
220.955399,103.099152,38.281059,48.890678
219.891190,109.679832,38.855274,49.624039
217.881424,107.113075,38.281059,48.890678
201.275101,104.761429,38.855274,49.624039
198.499725,98.283417,38.281059,48.890678
195.765366,91.901138,37.715328,48.168156
184.896667,87.511429,37.157963,47.456310
182.974701,83.186592,36.608829,46.754986
181.213821,79.988548,37.157963,47.456310
178.672211,78.669266,37.715328,48.168156
177.623718,79.285820,38.281059,48.890678
2
0
0
0
0
1
83.695427,35.639584,40.520813,43.650307
78.022514,36.512592,40.520813,43.650307
71.960602,37.071316,41.128628,44.305061
67.477585,37.638420,41.745556,44.969639
63.774750,38.214031,42.371738,45.644180
57.842709,38.214031,42.371738,45.644180
52.364040,39.724854,43.007313,46.328842
48.549294,43.139290,43.652424,47.023777
47.335754,46.604942,44.307209,47.729134
25.416979,49.153679,44.971821,48.445068
28.731401,51.740643,45.646397,49.171745
38.581894,57.360973,46.331093,49.909325
49.520664,61.039291,47.026058,50.657963
62.532776,62.716068,47.731449,51.417831
2
0
0
0
0
1
189.748566,83.004700,36.452763,52.443848
200.792130,85.458969,35.914055,51.668816
206.011169,87.876968,35.383305,50.905235
210.455872,90.259232,34.860397,50.152943
210.902084,90.901192,35.383305,50.905235
209.071915,91.277344,34.860397,50.152943
205.979797,89.883087,35.383305,50.905235
205.714417,87.434547,35.914055,51.668816
206.174118,83.900398,36.452763,52.443848
204.420746,84.571678,36.999557,53.230507
201.889969,84.172455,37.554550,54.028961
198.558884,82.670448,38.117867,54.839397
194.404037,82.259148,38.689636,55.661987
187.830673,84.101563,39.269981,56.496918
182.753052,82.530952,39.859032,57.344372
179.120590,81.824738,39.269981,56.496918
175.193588,82.954674,39.269981,56.496918
171.266586,81.824738,39.269981,56.496918
2
0
0
0
0
1
123.709541,43.459587,48.001343,53.732960
136.360138,49.150517,47.291965,52.938877
149.445831,53.052113,48.001343,53.732960
161.753372,55.921452,48.721367,54.538956
179.393875,64.921722,48.001343,53.732960
191.701416,71.063400,48.721367,54.538956
199.741638,75.765038,48.001343,53.732960
208.608887,81.455963,47.291965,52.938877
213.617630,89.149055,46.593067,52.156528
217.634277,94.673019,45.904503,51.385742
207.971390,114.107109,46.593067,52.156528
208.567780,115.833488,47.291965,52.938877
210.133133,116.511108,48.001343,53.732960
212.379501,117.966927,47.291965,52.938877
214.592682,119.401230,46.593067,52.156528
216.773148,121.842056,45.904503,51.385742
218.292587,123.542923,46.593067,52.156528
218.888977,125.269302,47.291965,52.938877
217.574249,125.946922,48.001343,53.732960
216.239822,128.816254,48.721367,54.538956
215.639801,129.219254,48.001343,53.732960
209.433228,129.907043,48.721367,54.538956
204.122604,127.283714,49.452187,55.357040
199.736191,123.497292,50.193970,56.187393
197.321854,118.513474,50.946877,57.030205
193.837097,113.454895,51.711079,57.885658
190.300049,108.320435,52.486748,58.753944
197.364777,109.072487,53.274048,59.635254
200.907623,111.863297,52.486748,58.753944
199.448502,110.229935,53.274048,59.635254
201.941620,111.845673,52.486748,58.753944
201.295227,112.279816,51.711079,57.885658
2
0
0
0
0
1
94.749153,57.335270,53.619324,53.616459
88.806129,58.787933,52.826923,52.824097
88.806129,59.844418,52.826923,52.824097
91.975739,59.844418,52.826923,52.824097
97.258430,59.844418,52.826923,52.824097
101.812477,60.234741,52.046227,52.043446
112.221725,60.234741,52.046227,52.043446
100.209457,58.787933,52.826923,52.824097
98.740868,58.391754,53.619324,53.616459
2
0
0
0
0
1
223.070999,116.689018,42.517303,40.931484
224.222946,116.991470,41.888969,40.326584
224.532471,118.878670,41.269920,39.730625
225.060730,118.580688,41.888969,40.326584
225.596909,118.278244,42.517303,40.931484
225.278030,117.140350,43.155064,41.545456
224.414932,117.140350,43.155064,41.545456
224.414932,117.140350,43.155064,41.545456
224.414932,117.140350,43.155064,41.545456
224.414932,117.140350,43.155064,41.545456
223.883453,116.628700,42.517303,40.931484
223.033112,115.810074,42.517303,40.931484
223.883453,116.628700,42.517303,40.931484
223.033112,116.628700,42.517303,40.931484
222.714233,116.321716,43.155064,41.545456
2
0
0
0
0
1
177.590073,39.850479,36.974831,40.573120
183.691818,39.350807,36.428406,39.973515
194.010223,40.433834,35.890053,39.382774
204.176117,43.828903,35.359657,38.800762
215.491211,48.484993,35.359657,38.800762
225.506882,53.358982,34.837101,38.227352
232.317535,55.400322,35.359657,38.800762
240.803848,61.608444,35.359657,38.800762
246.639069,66.482430,34.837101,38.227352
247.335800,68.776070,34.837101,38.227352
248.279663,69.058540,34.322269,37.662418
247.180679,67.110481,33.815044,37.105827
243.122879,65.626251,33.815044,37.105827
238.708588,62.975834,33.315311,36.557468
235.672470,59.644241,32.822968,36.017208
230.740936,57.071587,32.337898,35.484936
226.860397,54.942490,32.337898,35.484936
219.746048,52.813393,32.337898,35.484936
212.631714,49.974598,32.337898,35.484936
202.930344,47.135803,32.337898,35.484936
192.336899,45.300377,31.860001,34.960526
181.103058,45.038174,32.337898,35.484936
169.700714,43.331348,32.822968,36.017208
157.461029,43.061218,33.315311,36.557468
145.037750,42.787037,33.815044,37.105827
133.801010,42.508743,34.322269,37.662418
123.504333,41.002247,34.322269,37.662418
115.642334,39.796307,33.815044,37.105827
106.174126,38.312073,33.815044,37.105827
96.310272,37.280533,34.322269,37.662418
85.601723,37.762611,34.837101,38.227352
78.268517,36.699890,35.359657,38.800762
72.260910,37.196541,35.890053,39.382774
68.671906,37.984196,35.890053,39.382774
65.401138,39.827232,35.359657,38.800762
62.572365,43.707310,35.359657,38.800762
62.572365,49.915428,35.359657,38.800762
64.923866,58.612152,34.837101,38.227352
69.801064,67.786720,34.837101,38.227352
76.071739,77.725830,34.837101,38.227352
83.880058,87.800529,34.322269,37.662418
90.590057,96.692619,34.837101,38.227352
95.279137,105.718102,35.359657,38.800762
100.229485,113.478256,35.359657,38.800762
109.422997,105.718102,35.359657,38.800762
111.311203,104.639442,35.890053,39.382774
110.593399,104.639442,35.890053,39.382774
109.595657,104.344070,36.428406,39.973515
108.429230,103.851784,35.890053,39.382774
106.993629,103.851784,35.890053,39.382774
106.724457,103.556412,36.428406,39.973515
107.453026,103.556412,36.428406,39.973515
109.157799,104.639442,35.890053,39.382774
111.544579,104.930443,35.359657,38.800762
113.199341,105.217148,34.837101,38.227352
111.523674,104.930443,35.359657,38.800762
110.540672,104.639442,35.890053,39.382774
110.271500,105.143539,36.428406,39.973515
109.998291,104.843735,36.974831,40.573120
109.998291,104.843735,36.974831,40.573120
109.258789,104.843735,36.974831,40.573120
110.260574,104.344070,36.428406,39.973515
110.726852,103.232803,36.974831,40.573120
111.200134,103.752144,37.529453,41.181717
110.156815,103.443275,38.092396,41.799442
110.438286,103.752144,37.529453,41.181717
110.438286,103.752144,37.529453,41.181717
110.438286,103.752144,37.529453,41.181717
109.687698,103.752144,37.529453,41.181717
109.965012,103.244980,36.974831,40.573120
109.965012,104.056442,36.974831,40.573120
2
0
0
0
0
1
152.358444,83.678795,51.887615,52.934906
148.207428,82.620102,51.887615,52.934906
139.391724,81.148506,52.665928,53.728928
130.965179,80.073929,52.665928,53.728928
124.090073,78.353546,51.887615,52.934906
115.274361,76.881958,52.665928,53.728928
106.326424,75.388290,53.455917,54.534863
101.454826,75.791260,52.665928,53.728928
97.241547,74.716682,52.665928,53.728928
94.517448,75.113693,51.887615,52.934906
92.441948,75.113693,51.887615,52.934906
93.847771,75.504837,51.120804,52.152615
95.232811,75.890198,50.365322,51.381886
97.247429,75.890198,50.365322,51.381886
99.262039,75.890198,50.365322,51.381886
101.276649,76.917839,50.365322,51.381886
101.276649,76.917839,50.365322,51.381886
102.283958,76.917839,50.365322,51.381886
103.291267,76.917839,50.365322,51.381886
104.298569,76.917839,50.365322,51.381886
