352.00 197.00 56.00 100.00
352.85 193.98 56.84 101.50
354.53 192.49 56.00 100.00
355.38 191.74 56.84 101.50
357.06 192.49 56.00 100.00
357.47 193.23 55.17 98.52
357.06 192.49 56.00 100.00
357.47 193.23 55.17 98.52
357.06 192.49 56.00 100.00
356.23 191.02 55.17 98.52
354.56 188.04 56.00 100.00
354.14 187.29 56.84 101.50
354.56 185.80 56.00 100.00
354.98 184.33 55.17 98.52
354.56 181.35 56.00 100.00
356.21 179.88 55.17 98.52
357.06 174.67 56.00 100.00
359.94 170.99 55.17 98.52
362.04 168.01 56.00 100.00
364.16 169.54 56.84 101.50
367.09 179.25 56.00 100.00
369.98 197.64 55.17 98.52
371.60 224.46 54.36 97.07
371.19 248.01 55.17 98.52
370.78 262.95 56.00 100.00
368.72 265.89 55.17 98.52
366.69 251.40 54.36 97.07
366.29 226.40 55.17 98.52
365.87 203.26 56.00 100.00
363.82 186.34 55.17 98.52
360.89 169.92 56.00 100.00
357.93 160.08 56.84 101.50
355.84 163.07 56.00 100.00
352.54 177.05 55.17 98.52
343.21 197.35 54.36 97.07
325.50 212.07 55.17 98.52
306.27 218.05 56.00 100.00
298.21 210.48 56.84 101.50
306.16 204.51 56.00 100.00
326.35 196.42 55.17 98.52
343.49 166.56 56.00 100.00
345.62 136.25 56.84 101.50
330.98 110.11 57.69 103.02
325.04 113.14 56.84 101.50
330.48 140.77 56.00 100.00
342.01 183.44 55.17 98.52
364.18 247.66 56.00 100.00
376.49 278.74 56.84 101.50
385.69 290.69 56.00 100.00
384.00 269.48 56.84 101.50
374.53 220.26 57.69 103.02
378.77 175.55 56.84 101.50
388.68 156.32 57.69 103.02
391.66 168.45 56.84 101.50
378.28 205.04 56.00 100.00
352.39 247.49 56.84 101.50
336.51 263.92 56.00 100.00
340.63 253.63 55.17 98.52
348.99 221.53 56.00 100.00
354.94 175.30 56.84 101.50
350.64 144.54 57.69 103.02
337.06 140.76 56.84 101.50
322.43 175.11 56.00 100.00
310.55 228.92 56.84 101.50
309.71 265.51 56.00 100.00
312.60 270.67 55.17 98.52
314.22 240.95 54.36 97.07
308.87 185.05 55.17 98.52
305.95 135.04 56.00 100.00
306.80 136.56 56.84 101.50
300.95 173.15 56.00 100.00
294.16 224.69 56.84 101.50
305.87 252.32 56.00 100.00
339.83 249.30 56.84 101.50
350.29 227.65 56.00 100.00
329.49 201.89 56.84 101.50
281.25 159.59 57.69 103.02
284.23 169.44 56.84 101.50
303.18 210.22 57.69 103.02
308.70 247.36 56.84 101.50
319.16 272.75 56.00 100.00
331.47 267.45 56.84 101.50
334.40 232.36 56.00 100.00
318.70 179.32 56.84 101.50
295.01 143.94 57.69 103.02
287.80 156.07 56.84 101.50
276.93 201.62 56.00 100.00
268.87 241.80 56.84 101.50
274.91 254.88 57.69 103.02
288.06 237.46 56.84 101.50
292.25 200.13 56.00 100.00
276.55 131.17 56.84 101.50
267.08 107.33 57.69 103.02
267.50 128.55 56.84 101.50
263.20 187.79 57.69 103.02
262.35 245.39 56.84 101.50
267.10 260.79 57.69 103.02
271.34 250.18 56.84 101.50
269.25 210.61 56.00 100.00
261.19 162.11 56.84 101.50
258.18 145.20 57.69 103.02
247.15 161.87 56.84 101.50
235.09 198.04 57.69 103.02
250.80 232.90 56.84 101.50
290.43 248.29 57.69 103.02
333.29 238.15 58.56 104.57
347.93 213.54 57.69 103.02
344.54 198.39 56.84 101.50
341.53 197.63 57.69 103.02
345.03 203.88 58.56 104.57
358.39 211.58 57.69 103.02
367.73 225.98 56.84 101.50
371.18 232.14 57.69 103.02
363.97 228.35 56.84 101.50
349.33 211.18 56.00 100.00
317.08 185.42 56.84 101.50
266.26 168.51 57.69 103.02
230.41 174.76 58.56 104.57
234.72 191.69 57.69 103.02
252.97 210.64 56.84 101.50
279.68 221.42 57.69 103.02
305.48 218.30 58.56 104.57
326.59 212.15 57.69 103.02
341.90 197.33 58.56 104.57
341.46 187.03 59.44 106.14
331.41 190.16 58.56 104.57
322.98 194.13 59.44 106.14
315.55 192.57 58.56 104.57
316.44 191.79 59.44 106.14
326.06 199.60 58.56 104.57
324.29 203.57 59.44 106.14
302.43 202.01 58.56 104.57
282.02 194.09 59.44 106.14
279.84 185.51 58.56 104.57
287.38 175.21 59.44 106.14
283.89 171.31 58.56 104.57
284.78 161.02 59.44 106.14
291.78 152.43 58.56 104.57
295.33 144.52 59.44 106.14
295.77 142.96 58.56 104.57
303.96 152.96 57.69 103.02
303.53 159.22 58.56 104.57
297.76 153.68 59.44 106.14
308.69 145.09 58.56 104.57
336.21 137.18 59.44 106.14
337.97 140.30 58.56 104.57
335.81 152.61 57.69 103.02
335.38 158.87 58.56 104.57
314.97 160.46 59.44 106.14
267.23 152.43 60.33 107.73
217.40 154.07 61.23 109.34
205.69 164.53 60.33 107.73
218.12 172.46 59.44 106.14
254.16 176.49 60.33 107.73
252.33 175.68 61.23 109.34
259.54 169.25 60.33 107.73
257.72 153.74 61.23 109.34
255.47 166.62 60.33 107.73
278.55 165.04 59.44 106.14
284.86 181.13 60.33 107.73
309.27 174.80 59.44 106.14
276.39 178.83 60.33 107.73
270.18 186.75 59.44 106.14
257.50 194.57 58.56 104.57
256.64 190.72 57.69 103.02
281.26 180.12 56.84 101.50
314.43 170.12 57.69 103.02
352.04 164.67 58.56 104.57
399.53 166.26 59.44 106.14
434.07 171.73 58.56 104.57
446.95 175.70 59.44 106.14
435.58 176.48 58.56 104.57
415.17 170.94 59.44 106.14
416.92 174.07 58.56 104.57
439.12 175.66 59.44 106.14
459.23 176.45 58.56 104.57
481.43 173.29 59.44 106.14
512.06 170.08 60.33 107.73
525.82 170.87 59.44 106.14
525.37 177.32 60.33 107.73
523.16 185.25 59.44 106.14
513.25 189.28 60.33 107.73
485.74 187.69 59.44 106.14
459.62 184.49 60.33 107.73
446.75 185.28 59.44 106.14
448.50 188.41 58.56 104.57
469.36 187.62 59.44 106.14
494.59 184.41 60.33 107.73
484.39 185.21 59.44 106.14
440.70 189.24 60.33 107.73
392.24 190.88 61.23 109.34
379.18 189.28 60.33 107.73
372.97 187.70 59.44 106.14
364.23 193.16 58.56 104.57
354.32 200.86 57.69 103.02
357.82 204.77 58.56 104.57
377.64 205.54 57.69 103.02
400.82 195.40 58.56 104.57
399.96 186.94 57.69 103.02
373.29 179.14 58.56 104.57
348.89 178.36 59.44 106.14
330.87 177.56 60.33 107.73
319.34 178.36 59.44 106.14
309.28 186.17 58.56 104.57
308.42 191.56 57.69 103.02
315.86 195.47 58.56 104.57
327.92 193.94 57.69 103.02
332.74 186.14 58.56 104.57
324.31 178.22 59.44 106.14
312.94 183.69 58.56 104.57
292.54 182.91 59.44 106.14
271.99 179.00 58.56 104.57
258.23 173.47 59.44 106.14
256.05 176.59 58.56 104.57
262.27 180.56 59.44 106.14
277.14 186.03 58.56 104.57
303.32 185.25 59.44 106.14
328.55 177.21 60.33 107.73
335.66 175.63 59.44 106.14
322.98 181.10 58.56 104.57
299.91 185.07 59.44 106.14
283.29 188.20 58.56 104.57
257.56 182.66 59.44 106.14
240.90 177.04 60.33 107.73
238.68 175.45 59.44 106.14
233.87 159.84 58.56 104.57
220.12 132.91 59.44 106.14
230.48 122.46 60.33 107.73
253.56 144.65 59.44 106.14
265.81 189.94 58.56 104.57
284.33 246.10 57.69 103.02
297.02 273.43 58.56 104.57
296.16 271.90 57.69 103.02
292.76 243.10 56.84 101.50
305.26 196.19 57.69 103.02
316.63 167.31 58.56 104.57
328.18 161.77 59.44 106.14
341.73 193.00 58.56 104.57
342.16 246.85 57.69 103.02
344.36 290.58 58.56 104.57
359.89 325.46 59.44 106.14
364.27 328.59 58.56 104.57
356.95 301.67 57.69 103.02
348.64 254.05 58.56 104.57
343.91 208.67 57.69 103.02
323.80 184.47 58.56 104.57
312.60 196.78 57.69 103.02
321.94 236.19 56.84 101.50
340.90 283.89 57.69 103.02
353.58 311.23 58.56 104.57
354.01 314.31 57.69 103.02
341.71 290.06 56.84 101.50
318.02 240.84 57.69 103.02
300.54 193.22 58.56 104.57
303.55 161.68 57.69 103.02
313.61 165.60 58.56 104.57
317.17 207.61 59.44 106.14
317.61 271.63 58.56 104.57
324.50 307.02 57.69 103.02
322.76 317.96 58.56 104.57
307.68 297.96 57.69 103.02
296.65 248.70 56.84 101.50
297.52 192.56 57.69 103.02
318.07 163.68 58.56 104.57
327.55 178.30 57.69 103.02
324.49 219.69 58.56 104.57
318.46 278.15 57.69 103.02
311.25 310.74 56.84 101.50
302.89 309.25 56.00 100.00
299.92 272.13 56.84 101.50
308.54 222.90 57.69 103.02
326.48 194.02 58.56 104.57
342.42 215.56 57.69 103.02
344.61 271.01 58.56 104.57
338.58 320.24 57.69 103.02
332.90 338.21 58.56 104.57
326.87 315.90 57.69 103.02
314.56 264.37 56.84 101.50
298.63 194.38 57.69 103.02
299.51 165.50 58.56 104.57
310.28 184.73 57.69 103.02
320.89 244.61 56.84 101.50
328.22 294.62 57.69 103.02
332.47 322.66 56.84 101.50
326.61 316.69 56.00 100.00
314.73 277.29 56.84 101.50
310.43 218.84 57.69 103.02
310.00 159.50 58.56 104.57
304.23 134.95 59.44 106.14
300.74 152.13 58.56 104.57
298.59 194.44 57.69 103.02
307.34 259.25 58.56 104.57
328.44 296.95 57.69 103.02
333.26 303.20 58.56 104.57
323.35 283.20 57.69 103.02
311.05 238.49 56.84 101.50
295.11 177.73 57.69 103.02
295.99 141.82 58.56 104.57
306.76 144.90 57.69 103.02
304.64 182.04 56.84 101.50
295.17 243.59 57.69 103.02
299.42 292.10 56.84 101.50
309.33 312.10 57.69 103.02
317.39 299.22 56.84 101.50
325.34 264.13 56.00 100.00
326.19 213.37 56.84 101.50
314.14 166.45 57.69 103.02
308.46 151.62 58.56 104.57
307.60 168.55 57.69 103.02
303.23 207.60 58.56 104.57
307.54 259.14 57.69 103.02
314.98 286.47 58.56 104.57
319.29 287.25 57.69 103.02
329.90 258.45 56.84 101.50
335.93 211.54 57.69 103.02
328.72 171.37 56.84 101.50
317.96 147.53 57.69 103.02
318.38 155.12 56.84 101.50
319.25 184.35 57.69 103.02
314.58 226.04 56.84 101.50
318.03 266.82 57.69 103.02
325.47 289.47 58.56 104.57
329.78 287.93 57.69 103.02
331.48 263.69 56.84 101.50
332.35 219.08 57.69 103.02
327.68 172.09 56.84 101.50
320.79 141.33 57.69 103.02
317.73 140.56 58.56 104.57
315.58 157.49 57.69 103.02
316.01 192.35 56.84 101.50
327.21 246.97 57.69 103.02
325.47 276.65 58.56 104.57
314.27 284.35 57.69 103.02
313.42 264.65 56.84 101.50
319.46 222.35 57.69 103.02
319.03 181.76 58.56 104.57
315.58 157.14 57.69 103.02
311.21 151.69 58.56 104.57
309.06 173.23 57.69 103.02
296.82 205.25 58.56 104.57
286.92 238.33 57.69 103.02
281.24 263.32 58.56 104.57
278.14 276.80 59.44 106.14
289.07 275.24 58.56 104.57
321.92 257.82 59.44 106.14
348.59 244.55 58.56 104.57
384.10 241.39 59.44 106.14
409.33 245.42 60.33 107.73
435.07 253.34 59.44 106.14
444.08 257.37 60.33 107.73
429.88 258.17 59.44 106.14
395.65 257.37 60.33 107.73
348.57 254.12 61.23 109.34
308.48 252.51 60.33 107.73
295.61 253.31 59.44 106.14
298.67 249.41 58.56 104.57
315.91 243.26 57.69 103.02
353.51 228.43 58.56 104.57
377.04 213.38 59.44 106.14
381.41 204.80 58.56 104.57
382.30 199.26 59.44 106.14
383.21 191.22 60.33 107.73
371.67 196.77 59.44 106.14
341.94 209.27 58.56 104.57
298.90 225.13 59.44 106.14
264.67 236.40 60.33 107.73
259.79 241.95 59.44 106.14
280.97 241.15 60.33 107.73
318.92 230.55 61.23 109.34
365.79 207.35 62.15 110.98
406.31 178.76 63.08 112.65
419.30 164.68 62.15 110.98
421.13 158.15 61.23 109.34
404.02 151.72 60.33 107.73
363.79 146.01 61.23 109.34
325.74 152.65 62.15 110.98
289.17 173.07 61.23 109.34
242.77 192.13 62.15 110.98
194.25 203.92 63.08 112.65
155.06 205.63 64.03 114.34
151.29 201.43 63.08 112.65
185.24 200.59 64.03 114.34
242.99 191.93 64.99 116.05
309.00 167.31 65.97 117.79
351.70 142.19 64.99 116.05
363.66 140.48 64.03 114.34
381.09 153.95 63.08 112.65
391.30 159.75 62.15 110.98
380.78 153.22 61.23 109.34
348.30 137.49 62.15 110.98
301.21 124.04 63.08 112.65
246.23 115.51 64.03 114.34
200.62 114.65 64.99 116.05
168.11 115.51 64.03 114.34
155.87 111.31 63.08 112.65
169.74 105.34 64.03 114.34
202.74 94.08 64.99 116.05
233.28 85.30 65.97 117.79
255.61 88.77 64.99 116.05
267.56 97.31 64.03 114.34
260.97 105.72 63.08 112.65
237.55 110.00 64.03 114.34
223.89 115.89 63.08 112.65
227.14 124.18 62.15 110.98
245.05 133.44 63.08 112.65
266.39 141.73 62.15 110.98
292.78 135.85 63.08 112.65
319.69 121.77 62.15 110.98
330.53 115.89 63.08 112.65
334.36 117.61 64.03 114.34
330.60 123.50 63.08 112.65
318.65 130.34 64.03 114.34
295.10 133.71 63.08 112.65
264.51 132.86 64.03 114.34
252.26 138.75 63.08 112.65
252.73 134.61 62.15 110.98
260.74 118.64 63.08 112.65
284.65 92.18 64.03 114.34
327.84 78.33 64.99 116.05
357.01 84.31 64.03 114.34
373.03 97.77 63.08 112.65
383.24 116.01 62.15 110.98
375.71 127.79 63.08 112.65
355.29 136.08 62.15 110.98
325.15 142.82 63.08 112.65
307.46 141.97 64.03 114.34
312.18 140.29 63.08 112.65
323.78 123.72 62.15 110.98
326.14 100.18 63.08 112.65
329.97 91.65 64.03 114.34
348.42 106.39 64.99 116.05
373.05 134.55 65.97 117.79
383.73 164.01 64.99 116.05
362.69 177.68 64.03 114.34
317.08 182.02 64.99 116.05
263.40 178.51 65.97 117.79
228.95 155.98 64.99 116.05
229.43 144.04 64.03 114.34
222.84 129.74 63.08 112.65
212.17 115.66 62.15 110.98
210.29 107.25 63.08 112.65
234.20 116.65 64.03 114.34
275.93 144.39 64.99 116.05
319.77 183.10 65.97 117.79
339.19 209.97 64.99 116.05
333.93 223.63 64.03 114.34
308.97 216.91 63.08 112.65
287.16 190.39 62.15 110.98
292.35 156.76 63.08 112.65
319.12 120.05 64.03 114.34
347.76 88.00 64.99 116.05
375.35 73.94 65.97 117.79
387.48 90.41 64.99 116.05
395.86 123.84 65.97 117.79
402.17 161.10 64.99 116.05
398.35 190.13 64.03 114.34
371.66 202.27 64.99 116.05
326.85 198.76 65.97 117.79
292.39 178.84 64.99 116.05
284.27 154.08 64.03 114.34
288.98 119.60 63.08 112.65
298.55 90.58 64.03 114.34
321.36 81.93 64.99 116.05
345.99 99.53 65.97 117.79
369.77 131.59 64.99 116.05
391.45 172.94 65.97 117.79
389.03 199.81 64.99 116.05
354.55 206.85 65.97 117.79
315.73 189.53 64.99 116.05
281.79 157.09 64.03 114.34
239.09 109.44 64.99 116.05
229.74 68.99 65.97 117.79
251.74 46.68 66.95 119.56
284.73 56.65 67.96 121.36
301.73 89.69 66.95 119.56
325.87 127.51 65.97 117.79
348.19 162.18 64.99 116.05
337.36 179.78 65.97 117.79
311.64 180.65 64.99 116.05
300.65 163.58 64.03 114.34
300.17 136.72 64.99 116.05
304.12 112.11 65.97 117.79
314.79 105.18 64.99 116.05
332.04 117.50 65.97 117.79
339.80 141.77 64.99 116.05
328.81 163.12 64.03 114.34
313.77 172.66 64.99 116.05
308.85 179.70 65.97 117.79
313.71 175.37 64.99 116.05
322.08 153.39 65.97 117.79
328.39 125.67 64.99 116.05
311.65 106.33 65.97 117.79
279.66 110.80 66.95 119.56
272.77 143.35 65.97 117.79
290.73 180.61 64.99 116.05
303.54 195.57 65.97 117.79
308.39 186.05 64.99 116.05
325.64 158.79 65.97 117.79
342.14 125.86 64.99 116.05
337.22 106.52 65.97 117.79
324.60 115.19 64.99 116.05
312.29 143.35 65.97 117.79
320.06 180.61 64.99 116.05
311.94 204.52 64.03 114.34
277.97 203.66 64.99 116.05
273.05 179.04 65.97 117.79
292.05 143.35 66.95 119.56
301.41 123.12 65.97 117.79
294.62 126.59 64.99 116.05
297.09 154.74 65.97 117.79
322.09 194.03 66.95 119.56
327.02 213.39 65.97 117.79
314.41 206.46 64.99 116.05
317.75 179.14 64.03 114.34
321.64 170.49 64.99 116.05
319.25 196.96 64.03 114.34
294.02 237.69 64.99 116.05
283.03 259.04 64.03 114.34
289.16 244.74 63.08 112.65
288.68 195.24 64.03 114.34
295.48 155.38 64.99 116.05
317.16 149.24 65.97 117.79
326.38 189.10 64.99 116.05
317.03 251.56 65.97 117.79
307.32 294.02 64.99 116.05
294.90 292.32 64.03 114.34
288.30 252.79 63.08 112.65
293.57 190.48 64.03 114.34
309.10 163.62 64.99 116.05
322.49 187.53 64.03 114.34
322.01 238.67 64.99 116.05
308.15 277.94 64.03 114.34
293.08 276.26 63.08 112.65
282.41 242.29 62.15 110.98
287.59 190.99 63.08 112.65
315.80 169.66 64.03 114.34
331.82 195.73 63.08 112.65
331.35 248.68 64.03 114.34
323.34 282.32 63.08 112.65
300.14 283.16 62.15 110.98
274.24 239.43 63.08 112.65
272.33 184.80 64.03 114.34
298.06 168.34 64.99 116.05
308.58 207.62 64.03 114.34
296.45 279.55 64.99 116.05
299.80 326.51 64.03 114.34
309.51 323.05 64.99 116.05
318.59 290.61 64.03 114.34
320.48 246.04 63.08 112.65
318.57 219.58 64.03 114.34
311.98 243.14 63.08 112.65
304.34 285.83 64.03 114.34
310.46 316.96 63.08 112.65
314.29 305.87 64.03 114.34
313.35 261.29 63.08 112.65
302.84 209.22 64.03 114.34
293.62 192.77 64.99 116.05
289.80 219.24 64.03 114.34
278.97 260.45 63.08 112.65
265.59 272.42 64.03 114.34
259.00 248.03 63.08 112.65
267.13 198.52 64.03 114.34
292.85 169.07 64.99 116.05
309.11 187.85 64.03 114.34
305.34 241.69 63.08 112.65
281.92 281.82 64.03 114.34
272.50 280.14 63.08 112.65
275.75 236.23 62.15 110.98
282.35 169.79 63.08 112.65
283.31 127.96 64.03 114.34
275.31 126.28 63.08 112.65
268.81 166.89 62.15 110.98
269.76 224.10 63.08 112.65
263.55 251.43 64.03 114.34
254.13 234.61 63.08 112.65
263.70 190.22 64.03 114.34
286.51 152.97 64.99 116.05
297.03 148.71 64.03 114.34
287.61 174.78 63.08 112.65
271.36 207.24 64.03 114.34
256.29 228.27 63.08 112.65
238.61 235.11 64.03 114.34
223.54 228.38 63.08 112.65
227.37 222.41 64.03 114.34
250.18 221.56 64.99 116.05
264.47 223.32 65.97 117.79
269.32 224.19 64.99 116.05
281.28 217.37 64.03 114.34
288.82 203.07 63.08 112.65
292.65 189.42 64.03 114.34
299.44 188.56 64.99 116.05
298.49 194.54 64.03 114.34
290.73 196.29 64.99 116.05
281.17 197.14 64.03 114.34
266.13 196.29 64.99 116.05
259.74 192.78 65.97 117.79
276.24 185.85 64.99 116.05
296.80 171.34 64.03 114.34
307.96 152.28 64.99 116.05
325.21 146.14 65.97 117.79
345.71 147.93 66.95 119.56
340.29 154.09 65.97 117.79
317.49 154.96 64.99 116.05
296.45 153.26 64.03 114.34
291.61 155.00 64.99 116.05
285.21 154.13 65.97 117.79
274.05 149.80 64.99 116.05
270.61 135.74 65.97 117.79
279.83 126.21 64.99 116.05
291.16 120.06 65.97 117.79
296.67 121.86 66.95 119.56
300.12 130.66 65.97 117.79
302.62 135.13 66.95 119.56
311.98 138.65 65.97 117.79
322.66 144.72 64.99 116.05
317.74 149.13 65.97 117.79
305.13 157.80 64.99 116.05
295.77 159.57 65.97 117.79
296.26 165.64 64.99 116.05
306.78 171.62 64.03 114.34
316.49 181.16 64.99 116.05
321.27 192.26 64.03 114.34
317.88 199.20 64.99 116.05
314.06 207.74 64.03 114.34
315.03 214.68 64.99 116.05
317.50 216.45 65.97 117.79
315.08 217.32 64.99 116.05
308.39 220.74 64.03 114.34
303.54 222.48 64.99 116.05
305.45 228.46 64.03 114.34
304.97 230.20 64.99 116.05
