227.00 207.00 122.00 99.00
239.95 208.51 123.83 100.48
254.53 211.47 122.00 99.00
259.17 219.73 123.83 100.48
260.08 231.56 122.00 99.00
256.39 237.57 123.83 100.48
246.38 247.18 122.00 99.00
239.91 250.94 123.83 100.48
249.03 253.90 122.00 99.00
261.98 259.91 123.83 100.48
255.42 268.30 125.69 101.99
250.80 269.05 123.83 100.48
249.87 268.30 125.69 101.99
259.12 275.80 123.83 100.48
263.83 288.76 125.69 101.99
273.08 303.02 123.83 100.48
277.78 306.83 125.69 101.99
259.69 306.07 127.57 103.52
240.92 297.69 125.69 101.99
241.85 280.44 123.83 100.49
246.55 265.98 125.69 101.99
262.76 255.94 127.57 103.52
274.96 261.27 125.69 101.99
259.73 281.38 127.57 103.52
229.77 299.43 129.49 105.07
216.44 300.21 127.57 103.52
235.78 273.54 129.49 105.07
262.46 253.45 127.57 103.52
276.01 252.67 129.49 105.07
285.54 262.72 127.57 103.52
278.78 266.65 129.49 105.07
251.31 261.09 131.43 106.65
217.48 257.17 129.49 105.07
204.14 250.99 127.57 103.52
208.99 247.86 129.49 105.07
215.66 250.95 127.57 103.52
217.60 250.18 129.49 105.07
219.58 256.56 131.43 106.65
211.85 262.05 129.49 105.07
204.99 254.10 131.43 106.65
205.96 240.76 129.49 105.07
204.99 223.25 131.43 106.65
221.93 205.48 133.40 108.25
228.80 208.67 131.43 106.65
218.85 229.69 133.40 108.25
213.95 249.60 131.43 106.65
218.94 260.93 133.40 108.25
234.65 271.28 131.43 106.65
227.69 282.61 133.40 108.25
216.90 288.18 131.43 106.65
215.91 275.26 133.40 108.25
202.78 252.30 135.40 109.87
197.80 228.86 133.40 108.25
208.93 218.20 135.40 109.87
218.90 221.44 133.40 108.25
227.00 223.09 135.40 109.87
233.97 216.63 133.40 108.25
239.04 205.97 135.40 109.87
234.06 206.78 133.40 108.25
211.83 220.74 135.40 109.87
192.35 242.40 137.43 111.52
190.33 248.14 135.40 109.87
210.86 239.82 137.43 111.52
233.11 230.80 135.40 109.87
244.41 219.99 137.43 111.52
245.42 208.51 135.40 109.87
238.25 200.19 137.43 111.52
218.47 206.96 139.49 113.20
194.87 215.29 137.43 111.52
178.22 214.45 139.49 113.20
170.83 198.16 141.59 114.89
175.00 171.12 139.49 113.20
170.78 159.98 141.59 114.89
171.83 176.04 139.49 113.20
199.33 177.76 141.59 114.89
231.62 171.00 139.49 113.20
227.40 198.47 141.59 114.89
210.25 249.85 143.71 116.62
222.24 304.65 145.87 118.37
270.89 330.68 148.05 120.14
298.12 315.66 145.87 118.37
277.13 282.47 148.05 120.14
235.75 246.24 145.87 118.37
198.20 220.99 143.71 116.62
183.40 214.14 141.59 114.89
185.56 231.56 143.71 116.62
191.02 246.59 145.87 118.37
192.09 247.47 143.71 116.62
197.55 225.38 145.87 118.37
205.07 202.75 143.71 116.62
206.13 188.17 141.59 114.89
198.63 189.92 143.71 116.62
194.28 204.95 145.87 118.37
208.24 221.50 143.71 116.62
233.30 215.32 145.87 118.37
248.79 203.67 148.05 120.14
262.95 209.86 145.87 118.37
291.70 222.43 148.05 120.14
328.74 231.27 145.87 118.37
352.35 232.14 143.71 116.62
351.27 220.66 145.87 118.37
336.25 203.25 143.71 116.62
305.77 197.08 145.87 118.37
284.78 201.57 148.05 120.14
285.87 202.46 145.87 118.37
284.78 201.57 148.05 120.14
279.34 213.06 145.87 118.37
270.76 227.00 143.71 116.62
263.14 234.08 145.87 118.37
270.66 237.57 143.71 116.62
276.12 236.69 145.87 118.37
255.13 246.57 148.05 120.14
216.99 256.59 150.27 121.94
208.15 246.73 148.05 120.14
228.85 226.41 145.87 118.37
254.28 206.68 148.05 120.14
265.18 196.96 145.87 118.37
254.14 206.84 148.05 120.14
236.20 222.33 150.27 121.94
233.99 236.68 148.05 120.14
238.35 240.22 145.87 118.37
257.16 239.34 148.05 120.14
271.32 234.92 145.87 118.37
263.59 225.96 148.05 120.14
254.88 221.54 145.87 118.37
260.42 226.04 148.05 120.14
279.51 225.14 150.27 121.94
280.62 215.27 148.05 120.14
262.68 200.72 150.27 121.94
247.21 190.85 148.05 120.14
251.57 189.09 145.87 118.37
257.11 188.20 148.05 120.14
242.53 187.30 150.27 121.94
210.66 183.61 152.53 123.77
194.95 176.33 150.27 121.94
206.01 177.23 148.05 120.14
220.18 175.47 145.87 118.37
199.18 174.58 148.05 120.14
154.31 179.14 150.27 121.94
136.10 186.55 152.53 123.77
180.99 190.19 150.27 121.94
241.36 189.28 152.53 123.77
279.52 192.92 150.27 121.94
278.39 192.01 152.53 123.77
276.15 195.66 150.27 121.94
257.36 188.48 148.05 120.14
215.86 182.12 150.27 121.94
190.44 183.02 148.05 120.14
189.33 182.12 150.27 121.94
203.70 183.02 148.05 120.14
205.96 179.39 150.27 121.94
197.12 177.60 148.05 120.14
194.95 175.83 145.87 118.37
197.17 174.95 148.05 120.14
216.26 171.31 150.27 121.94
245.88 159.31 152.53 123.77
260.47 146.57 150.27 121.94
248.31 144.78 148.05 120.14
239.61 153.62 145.87 118.37
255.09 152.73 148.05 120.14
277.55 143.63 150.27 121.94
291.92 147.23 148.05 120.14
280.71 173.64 150.27 121.94
259.09 214.31 152.53 123.77
256.85 237.08 150.27 121.94
257.96 227.22 148.05 120.14
253.48 204.46 150.27 121.94
244.64 189.22 148.05 120.14
226.70 188.32 150.27 121.94
217.86 191.91 148.05 120.14
215.69 192.80 145.87 118.37
217.91 189.22 148.05 120.14
237.00 180.12 150.27 121.94
258.01 172.95 148.05 120.14
268.90 173.84 145.87 118.37
264.49 178.33 148.05 120.14
268.85 187.17 145.87 118.37
271.08 199.74 148.05 120.14
265.64 219.19 145.87 118.37
260.28 230.51 143.71 116.62
259.20 229.64 145.87 118.37
263.49 214.84 143.71 116.62
268.95 200.71 145.87 118.37
264.54 186.37 148.05 120.14
249.30 174.00 145.87 118.37
238.26 173.11 148.05 120.14
232.81 181.95 145.87 118.37
221.02 198.50 143.71 116.62
216.67 218.83 145.87 118.37
243.50 230.16 143.71 116.62
278.36 218.68 145.87 118.37
305.20 203.88 143.71 116.62
303.09 189.30 141.59 114.89
301.01 182.54 139.49 113.20
320.51 183.38 137.43 111.52
338.23 177.47 139.49 113.20
346.69 171.47 141.59 114.89
344.62 164.72 139.49 113.20
321.37 171.59 141.59 114.89
306.79 185.11 139.49 113.20
324.78 186.84 141.59 114.89
368.78 183.37 143.71 116.62
401.56 179.08 141.59 114.89
408.85 182.46 139.49 113.20
416.04 193.29 137.43 111.52
427.51 197.53 139.49 113.20
443.93 190.87 137.43 111.52
438.88 179.39 135.40 109.87
413.24 178.56 137.43 111.52
374.71 187.87 139.49 113.20
335.72 198.70 137.43 111.52
318.54 199.52 135.40 109.87
323.68 196.20 137.43 111.52
339.86 189.64 135.40 109.87
351.16 178.83 137.43 111.52
361.27 172.27 135.40 109.87
353.31 180.35 133.40 108.25
346.24 194.31 135.40 109.87
338.28 204.82 133.40 108.25
316.05 201.55 135.40 109.87
272.23 190.23 133.40 108.25
228.76 186.96 135.40 109.87
205.86 190.20 133.40 108.25
209.79 193.39 131.43 106.65
223.74 192.59 133.40 108.25
224.73 186.22 131.43 106.65
208.30 189.36 129.49 105.07
195.55 202.91 131.43 106.65
209.51 219.08 133.40 108.25
244.90 228.11 135.40 109.87
263.83 231.35 133.40 108.25
247.15 232.15 131.43 106.65
210.31 224.08 133.40 108.25
184.80 217.71 131.43 106.65
182.87 216.14 129.49 105.07
208.39 212.97 131.43 106.65
258.67 213.75 129.49 105.07
288.21 216.85 127.57 103.52
284.35 220.78 129.49 105.07
248.05 222.38 131.43 106.65
193.91 220.82 129.49 105.07
145.84 217.64 131.43 106.65
132.31 211.36 129.49 105.07
147.55 200.55 127.57 103.52
175.60 190.36 129.49 105.07
190.84 186.49 127.57 103.52
197.42 187.26 125.69 101.99
213.62 188.81 127.57 103.52
235.87 190.39 129.49 105.07
253.97 195.80 127.57 103.52
257.73 201.14 125.69 101.99
245.35 205.01 127.57 103.52
237.85 212.63 125.69 101.99
233.23 226.89 123.83 100.49
234.15 240.94 122.00 99.00
236.01 240.20 123.83 100.49
240.71 218.88 125.69 101.99
249.96 194.87 123.83 100.49
246.21 198.69 125.69 101.99
241.60 217.45 123.83 100.49
234.31 238.15 122.00 99.00
222.30 246.41 123.83 100.49
209.55 244.94 122.00 99.00
208.64 228.44 123.83 100.49
215.02 207.00 122.00 99.00
218.61 196.81 120.20 97.54
225.91 202.73 122.00 99.00
244.41 220.00 123.83 100.49
256.26 238.48 122.00 99.00
249.79 242.24 123.83 100.49
245.24 231.89 122.00 99.00
246.15 217.33 120.20 97.54
254.99 207.29 118.42 96.10
256.80 206.57 120.20 97.54
258.63 210.27 122.00 99.00
262.22 208.82 120.20 97.54
265.76 203.08 118.42 96.10
272.95 200.18 120.20 97.54
282.98 197.23 122.00 99.00
289.27 189.22 120.20 97.54
287.50 177.03 118.42 96.10
278.54 171.94 120.20 97.54
266.16 183.42 118.42 96.10
273.35 206.73 120.20 97.54
297.04 228.18 122.00 99.00
311.41 220.17 120.20 97.54
301.69 195.06 118.42 96.10
281.65 183.04 116.67 94.68
262.21 188.79 118.42 96.10
265.70 202.23 116.67 94.68
280.74 210.13 118.42 96.10
286.84 217.20 116.67 94.68
282.55 211.63 114.95 93.28
281.69 191.84 116.67 94.68
270.21 169.61 118.42 96.10
276.31 168.20 116.67 94.68
301.96 178.25 118.42 96.10
310.67 189.56 116.67 94.68
288.36 181.91 114.95 93.28
250.91 174.84 116.67 94.68
226.03 175.54 114.95 93.28
227.78 174.84 116.67 94.68
246.66 169.28 114.95 93.28
265.27 163.79 113.25 91.90
268.61 160.41 111.57 90.54
247.48 157.68 113.25 91.90
218.30 161.16 114.95 93.28
201.40 176.26 113.25 91.90
199.73 187.08 111.57 90.54
183.68 192.58 113.25 91.90
162.23 202.34 114.95 93.28
158.00 213.32 113.25 91.90
171.34 207.91 111.57 90.54
190.80 190.77 113.25 91.90
200.24 183.81 114.95 93.28
190.95 188.62 113.25 91.90
176.79 201.46 111.57 90.54
181.03 206.96 113.25 91.90
196.86 201.55 111.57 90.54
206.17 182.35 113.25 91.90
214.50 164.77 111.57 90.54
235.03 157.45 109.93 89.20
251.70 160.84 111.57 90.54
250.86 178.69 113.25 91.90
246.70 197.62 111.57 90.54
242.60 196.29 109.93 89.20
236.77 171.28 111.57 90.54
225.29 145.98 109.93 89.20
211.97 143.28 111.57 90.54
217.72 157.93 109.93 89.20
231.89 177.55 111.57 90.54
245.02 188.21 109.93 89.20
254.19 177.40 111.57 90.54
269.79 164.08 109.93 89.20
278.97 157.33 111.57 90.54
284.72 169.98 109.93 89.20
278.89 183.51 111.57 90.54
252.63 186.18 109.93 89.20
204.32 177.40 111.57 90.54
170.67 168.08 109.93 89.20
159.36 166.77 108.30 87.88
160.16 173.23 106.70 86.58
164.21 180.46 108.30 87.88
173.24 177.80 109.93 89.20
198.32 172.55 108.30 87.88
227.05 163.90 109.93 89.20
244.85 162.59 108.30 87.88
250.43 161.30 106.70 86.58
249.63 158.69 108.30 87.88
243.26 167.09 106.70 86.58
232.75 180.22 108.30 87.88
226.38 194.45 106.70 86.58
203.75 203.64 108.30 87.88
173.39 206.98 109.93 89.20
142.66 205.67 108.30 87.88
119.56 200.50 106.70 86.58
118.00 195.41 105.12 85.31
131.55 194.77 106.70 86.58
155.01 190.18 108.30 87.88
179.71 183.07 106.70 86.58
196.98 177.98 105.12 85.31
214.00 174.85 103.57 84.04
232.06 174.22 105.12 85.31
239.79 165.43 103.57 84.04
229.60 149.52 105.12 85.31
209.50 150.15 103.57 84.04
198.83 160.04 102.04 82.80
209.67 161.30 103.57 84.04
230.08 160.67 105.12 85.31
242.46 157.54 103.57 84.04
256.94 145.18 102.04 82.80
266.70 143.96 100.53 81.58
263.66 147.06 102.04 82.80
253.62 155.85 103.57 84.04
247.52 175.02 102.04 82.80
242.12 189.46 103.57 84.04
242.88 191.93 102.04 82.80
248.14 188.89 100.53 81.58
256.53 182.72 102.04 82.80
265.05 168.92 103.57 84.04
281.81 160.26 102.04 82.80
304.24 167.17 103.57 84.04
327.87 186.34 102.04 82.80
329.42 206.43 103.57 84.04
302.74 224.91 105.12 85.31
271.04 234.95 103.57 84.04
255.80 220.73 102.04 82.80
258.81 195.76 100.53 81.58
252.90 178.36 99.05 80.37
240.90 179.59 100.53 81.58
253.86 197.52 102.04 82.80
274.88 218.23 100.53 81.58
271.18 224.24 99.05 80.37
265.94 205.36 100.53 81.58
272.04 180.64 102.04 82.80
270.54 181.25 100.53 81.58
276.64 204.75 102.04 82.80
281.90 223.64 100.53 81.58
290.29 213.75 102.04 82.80
300.05 192.43 100.53 81.58
298.58 193.04 99.05 80.37
293.33 208.88 100.53 81.58
296.29 218.48 99.05 80.37
293.30 208.74 100.53 81.58
269.69 191.44 102.04 82.80
247.92 182.91 100.53 81.58
247.17 191.58 102.04 82.80
263.68 212.29 100.53 81.58
273.30 221.89 99.05 80.37
281.57 213.98 100.53 81.58
283.10 192.97 102.04 82.80
290.61 186.27 100.53 81.58
311.32 197.67 99.05 80.37
319.58 204.38 100.53 81.58
298.26 198.21 102.04 82.80
260.37 184.41 103.57 84.04
233.71 172.04 102.04 82.80
234.46 178.14 100.53 81.58
224.57 186.80 102.04 82.80
207.31 196.55 100.53 81.58
214.70 198.95 99.05 80.37
247.74 192.87 100.53 81.58
261.79 193.47 99.05 80.37
243.04 198.35 100.53 81.58
214.85 205.16 102.04 82.80
214.09 206.42 103.57 84.04
253.71 201.47 102.04 82.80
281.49 191.12 100.53 81.58
276.16 181.24 102.04 82.80
261.15 183.68 100.53 81.58
244.40 188.63 102.04 82.80
248.27 193.65 103.57 84.04
297.04 197.99 102.04 82.80
345.08 194.94 100.53 81.58
353.47 186.91 102.04 82.80
336.47 180.64 103.57 84.04
307.43 172.37 105.12 85.31
261.23 177.55 106.70 86.58
236.12 193.47 105.12 85.31
255.45 207.28 103.57 84.04
290.51 215.32 102.04 82.80
305.98 210.94 103.57 84.04
293.43 195.02 105.12 85.31
259.18 188.56 106.70 86.58
236.42 202.58 105.12 85.31
246.48 216.39 103.57 84.04
264.54 215.75 105.12 85.31
274.59 197.56 103.57 84.04
269.11 183.55 105.12 85.31
258.29 191.71 103.57 84.04
256.77 207.17 102.04 82.80
272.24 210.32 103.57 84.04
290.30 198.22 105.12 85.31
306.24 182.07 106.70 86.58
322.42 173.54 108.30 87.88
342.35 195.53 106.70 86.58
353.67 216.53 108.30 87.88
356.87 215.24 106.70 86.58
353.64 194.91 108.30 87.88
352.05 176.16 106.70 86.58
352.84 169.16 105.12 85.31
359.22 174.34 106.70 86.58
355.99 177.62 108.30 87.88
342.87 180.96 109.93 89.20
309.55 188.40 111.57 90.54
275.74 191.84 113.25 91.90
261.58 190.49 111.57 90.54
247.63 181.17 109.93 89.20
219.32 162.25 111.57 90.54
188.13 156.92 109.93 89.20
164.81 168.42 111.57 90.54
173.02 185.08 109.93 89.20
212.19 184.41 111.57 90.54
254.47 165.20 113.25 91.90
274.22 143.62 114.95 93.28
272.54 142.25 113.25 91.90
269.11 160.37 114.95 93.28
285.18 181.64 113.25 91.90
303.51 182.32 111.57 90.54
302.68 167.23 113.25 91.90
270.93 168.63 114.95 93.28
223.03 193.38 116.67 94.68
198.14 219.15 114.95 93.28
207.73 224.81 116.67 94.68
229.19 219.25 114.95 93.28
223.10 205.82 116.67 94.68
201.01 200.81 118.42 96.10
191.43 216.36 116.67 94.68
201.16 243.63 118.42 96.10
216.43 264.76 120.20 97.54
230.58 265.48 118.42 96.10
237.77 249.47 120.20 97.54
253.27 222.13 122.00 99.00
270.32 209.75 120.20 97.54
271.21 219.08 118.42 96.10
281.09 233.65 120.20 97.54
312.98 232.92 122.00 99.00
339.81 218.67 123.83 100.49
333.25 190.50 125.69 101.99
292.30 173.51 127.57 103.52
239.13 189.21 129.49 105.07
217.23 227.09 127.57 103.52
229.43 243.84 125.69 101.99
252.55 222.09 123.83 100.49
265.70 193.92 125.69 101.99
269.40 196.92 123.83 100.49
276.92 203.02 125.69 101.99
313.13 202.26 127.57 103.52
352.78 196.77 129.49 105.07
363.58 198.38 131.43 106.65
329.73 207.27 133.40 108.25
274.13 213.85 135.40 109.87
230.31 212.23 133.40 108.25
205.05 196.65 135.40 109.87
200.07 180.49 133.40 108.25
214.23 172.30 135.40 109.87
233.16 175.53 133.40 108.25
250.36 177.18 135.40 109.87
272.28 180.42 133.40 108.25
295.54 179.61 135.40 109.87
297.60 171.29 137.43 111.52
280.42 167.19 135.40 109.87
260.94 168.87 137.43 111.52
243.75 172.15 135.40 109.87
233.50 176.32 137.43 111.52
238.72 175.49 139.49 113.20
248.99 171.33 137.43 111.52
247.96 170.49 139.49 113.20
234.22 174.79 141.59 114.89
249.26 186.99 143.71 116.62
293.92 202.02 145.87 118.37
327.19 208.12 143.71 116.62
319.58 199.29 145.87 118.37
285.32 190.33 148.05 120.14
250.55 189.43 150.27 121.94
218.50 187.64 148.05 120.14
199.99 191.18 145.87 118.37
205.52 190.29 148.05 120.14
217.88 189.39 150.27 121.94
223.58 182.93 152.53 123.77
238.18 172.92 150.27 121.94
243.88 166.46 152.53 123.77
238.28 164.64 150.27 121.94
233.73 166.50 152.53 123.77
232.59 168.39 154.82 125.63
227.91 161.73 157.14 127.51
205.29 157.88 159.50 129.43
175.09 165.73 161.89 131.37
169.14 178.30 159.50 129.43
184.40 184.97 157.14 127.51
186.79 178.21 159.50 129.43
171.09 171.36 161.89 131.37
147.79 179.33 164.32 133.34
135.35 202.59 166.78 135.34
129.22 221.51 164.32 133.34
124.25 220.51 166.78 135.34
123.00 213.34 169.28 137.37
133.28 202.94 171.82 139.43
145.93 194.74 169.28 137.37
156.20 193.71 171.82 139.43
166.63 199.00 174.40 141.52
169.29 201.16 177.02 143.64
176.01 193.55 179.67 145.80
169.41 184.97 177.02 143.64
156.01 190.43 179.67 145.80
142.41 199.28 182.37 147.99
139.73 200.37 179.67 145.80
134.30 189.33 182.37 147.99
123.57 187.16 179.67 145.80
118.14 192.70 182.37 147.99
125.06 208.41 185.10 150.20
127.88 217.53 187.88 152.46
122.20 212.92 190.70 154.74
112.10 204.72 193.56 157.07
101.85 196.40 196.46 159.42
104.84 195.21 199.41 161.81
103.34 201.35 202.40 164.24
101.83 211.32 205.43 166.70
98.81 212.55 202.40 164.24
100.31 210.14 199.41 161.81
103.34 205.25 202.40 164.24
97.22 196.55 205.43 166.70
77.00 191.51 208.52 169.20
51.73 197.93 211.64 171.74
35.71 204.46 214.82 174.32
