228.00 236.00 80.00 64.00
229.22 234.06 81.20 64.96
231.61 235.98 80.00 64.00
232.83 242.77 81.20 64.96
233.43 251.86 80.00 64.00
227.37 254.29 81.20 64.96
227.97 246.16 80.00 64.00
227.37 231.13 81.20 64.96
226.18 225.88 80.00 64.00
225.58 239.95 81.20 64.96
221.28 260.14 82.42 65.93
221.89 264.99 81.20 64.96
224.97 249.74 82.42 65.93
229.98 225.26 83.65 66.92
230.59 218.37 82.42 65.93
234.84 231.95 81.20 64.96
241.62 240.32 82.42 65.93
250.37 230.83 83.65 66.92
249.14 215.08 82.42 65.93
235.20 209.75 81.20 64.96
208.74 215.17 82.42 65.93
183.76 228.17 83.65 66.92
198.35 238.32 84.91 67.93
230.83 244.81 83.65 66.92
235.15 249.74 82.42 65.93
213.91 247.75 83.65 66.92
192.38 242.33 82.42 65.93
171.15 235.84 83.65 66.92
166.23 239.29 82.42 65.93
182.47 241.79 83.65 66.92
200.87 233.68 84.91 67.93
203.37 220.69 83.65 66.92
194.76 218.24 82.42 65.93
194.14 225.24 83.65 66.92
205.83 225.73 82.42 65.93
214.58 220.74 83.65 66.92
213.36 215.33 82.42 65.93
207.12 220.83 83.65 66.92
206.49 243.15 84.91 67.93
214.61 267.64 83.65 66.92
218.92 272.56 82.42 65.93
208.93 261.57 83.65 66.92
193.09 261.07 84.91 67.93
182.48 269.07 83.65 66.92
183.09 275.47 82.42 65.93
197.47 274.98 83.65 66.92
210.15 279.04 84.91 67.93
216.40 284.04 83.65 66.92
217.68 277.45 84.91 67.93
217.04 258.41 86.18 68.95
230.99 242.18 84.91 67.93
245.80 237.04 86.18 68.95
261.65 251.24 84.91 67.93
258.53 256.24 83.65 66.92
235.08 249.65 84.91 67.93
209.35 238.33 86.18 68.95
200.47 234.28 84.91 67.93
205.63 236.86 86.18 68.95
215.77 244.97 84.91 67.93
226.72 247.55 86.18 68.95
235.87 236.06 87.48 69.98
236.52 222.68 86.18 68.95
233.35 221.67 84.91 67.93
238.50 221.16 86.18 68.95
257.45 215.94 87.48 69.98
277.40 211.82 86.18 68.95
282.64 219.14 87.48 69.98
279.42 236.65 86.18 68.95
264.84 247.81 84.91 67.93
254.55 244.21 86.18 68.95
261.74 231.15 87.48 69.98
272.04 222.40 86.18 68.95
276.48 221.39 84.91 67.93
277.78 206.98 86.18 68.95
265.37 182.95 87.48 69.98
242.86 171.11 86.18 68.95
218.77 170.10 84.91 67.93
204.62 168.05 86.18 68.95
210.96 168.56 84.91 67.93
219.97 161.87 86.18 68.95
225.21 155.08 87.48 69.98
229.71 166.41 86.18 68.95
231.03 183.14 87.48 69.98
223.95 197.55 86.18 68.95
220.78 205.67 84.91 67.93
208.56 202.07 86.18 68.95
190.28 193.72 87.48 69.98
183.66 180.47 88.79 71.03
198.03 163.75 87.48 69.98
217.26 168.00 88.79 71.03
238.80 198.15 90.12 72.10
247.43 230.50 88.79 71.03
244.16 246.70 87.48 69.98
237.09 239.50 86.18 68.95
226.64 221.74 87.48 69.98
223.43 209.90 86.18 68.95
224.74 209.38 87.48 69.98
231.18 212.99 86.18 68.95
241.33 208.93 84.91 67.93
242.62 196.07 86.18 68.95
229.94 193.53 84.91 67.93
217.72 205.38 86.18 68.95
222.96 218.97 87.48 69.98
252.13 223.22 88.79 71.03
284.14 214.34 87.48 69.98
282.86 205.59 86.18 68.95
256.74 209.77 87.48 69.98
232.29 219.56 86.18 68.95
219.61 220.07 84.91 67.93
215.11 205.66 86.18 68.95
214.46 194.17 87.48 69.98
218.97 199.32 86.18 68.95
220.29 209.77 87.48 69.98
247.47 217.20 88.79 71.03
285.36 222.43 87.48 69.98
291.80 216.77 86.18 68.95
273.52 203.71 87.48 69.98
225.90 193.42 86.18 68.95
158.63 188.20 87.48 69.98
134.18 184.08 86.18 68.95
143.33 185.13 87.48 69.98
163.28 187.20 86.18 68.95
167.72 183.14 84.91 67.93
176.74 181.09 86.18 68.95
193.73 174.30 87.48 69.98
209.82 177.91 86.18 68.95
217.01 189.93 87.48 69.98
221.52 199.71 86.18 68.95
226.75 199.20 87.48 69.98
231.26 193.53 86.18 68.95
236.49 191.45 87.48 69.98
235.20 201.23 86.18 68.95
234.56 205.42 87.48 69.98
253.79 206.49 88.79 71.03
274.04 219.55 87.48 69.98
282.41 244.78 86.18 68.95
279.80 266.21 87.48 69.98
278.52 280.62 86.18 68.95
279.83 286.38 87.48 69.98
278.55 277.63 86.18 68.95
279.86 267.71 87.48 69.98
279.21 254.45 88.79 71.03
277.90 228.33 87.48 69.98
281.22 195.98 88.79 71.03
277.96 196.51 87.48 69.98
265.37 226.21 88.79 71.03
254.27 269.06 87.48 69.98
252.99 298.92 86.18 68.95
250.38 296.84 87.48 69.98
239.78 262.90 88.79 71.03
226.72 257.15 87.48 69.98
221.58 262.30 86.18 68.95
220.93 252.38 87.48 69.98
220.27 235.95 88.79 71.03
222.89 230.20 87.48 69.98
233.19 232.26 86.18 68.95
238.42 222.34 87.48 69.98
233.79 196.36 88.79 71.03
226.60 168.67 87.48 69.98
225.32 166.10 86.18 68.95
232.51 178.12 87.48 69.98
242.81 187.90 86.18 68.95
246.08 187.38 87.48 69.98
235.15 187.90 86.18 68.95
212.95 188.95 87.48 69.98
192.36 183.29 86.18 68.95
185.83 174.94 87.48 69.98
201.09 158.50 88.79 71.03
217.42 138.65 87.48 69.98
210.80 122.21 88.79 71.03
207.53 122.74 87.48 69.98
208.18 140.24 86.18 68.95
213.41 147.56 87.48 69.98
229.50 143.45 86.18 68.95
234.73 144.50 87.48 69.98
233.45 149.65 86.18 68.95
232.80 167.94 87.48 69.98
224.19 194.47 88.79 71.03
213.09 213.80 87.48 69.98
209.88 212.77 86.18 68.95
207.27 193.45 87.48 69.98
198.66 159.51 88.79 71.03
183.86 113.76 90.12 72.10
184.53 101.56 88.79 71.03
191.94 120.41 90.12 72.10
208.51 146.40 88.79 71.03
230.72 157.90 87.48 69.98
246.81 158.41 86.18 68.95
247.45 151.31 84.91 67.93
241.02 143.08 86.18 68.95
247.37 151.20 84.91 67.93
247.99 163.69 83.65 66.92
237.86 166.24 84.91 67.93
231.43 173.45 86.18 68.95
233.97 184.61 84.91 67.93
235.26 184.10 86.18 68.95
243.50 181.57 84.91 67.93
248.66 174.88 86.18 68.95
249.30 160.17 84.91 67.93
242.87 170.47 86.18 68.95
234.38 212.28 87.48 69.98
241.68 256.31 88.79 71.03
254.10 270.94 87.48 69.98
264.39 274.54 86.18 68.95
255.91 258.35 87.48 69.98
243.04 241.88 86.18 68.95
247.48 251.52 84.91 67.93
260.36 268.00 86.18 68.95
266.70 270.03 84.91 67.93
265.46 257.04 83.65 66.92
255.32 244.37 84.91 67.93
246.58 240.37 83.65 66.92
251.66 233.78 84.91 67.93
264.53 216.28 86.18 68.95
267.07 192.45 84.91 67.93
262.08 186.95 83.65 66.92
259.55 204.71 84.91 67.93
262.77 228.91 86.18 68.95
259.61 230.94 84.91 67.93
247.12 217.95 83.65 66.92
232.96 209.59 82.42 65.93
222.98 222.58 83.65 66.92
228.06 252.51 84.91 67.93
241.80 272.50 83.65 66.92
244.98 253.74 84.91 67.93
230.83 217.71 86.18 68.95
225.76 209.09 84.91 67.93
250.22 217.85 86.18 68.95
281.29 222.92 84.91 67.93
294.16 205.42 86.18 68.95
273.92 179.83 87.48 69.98
235.96 172.62 86.18 68.95
196.65 183.78 84.91 67.93
180.42 193.28 83.65 66.92
177.89 180.60 84.91 67.93
182.26 166.12 83.65 66.92
198.75 161.05 84.91 67.93
232.86 160.54 86.18 68.95
258.23 153.44 84.91 67.93
258.85 153.94 83.65 66.92
242.86 160.34 82.42 65.93
217.88 159.85 83.65 66.92
198.19 170.68 82.42 65.93
190.07 189.68 83.65 66.92
183.31 204.94 82.42 65.93
163.95 207.44 83.65 66.92
140.50 190.21 84.91 67.93
143.00 172.72 83.65 66.92
167.10 178.30 84.91 67.93
191.56 202.50 86.18 68.95
197.90 227.36 84.91 67.93
194.78 238.35 83.65 66.92
186.17 227.03 82.42 65.93
177.68 218.79 81.20 64.96
177.07 224.21 82.42 65.93
191.45 228.21 83.65 66.92
225.06 227.71 84.91 67.93
264.96 216.39 86.18 68.95
294.13 198.64 84.91 67.93
291.01 200.64 83.65 66.92
269.47 220.34 82.42 65.93
255.53 229.55 81.20 64.96
249.38 217.25 82.42 65.93
233.77 194.27 83.65 66.92
212.23 180.00 82.42 65.93
191.02 183.39 81.20 64.96
190.41 202.11 82.42 65.93
217.90 233.09 83.65 66.92
251.75 252.79 82.42 65.93
241.76 243.30 83.65 66.92
216.41 224.54 84.91 67.93
200.17 216.04 83.65 66.92
208.17 225.40 82.42 65.93
237.54 245.89 83.65 66.92
274.95 254.52 84.91 67.93
281.20 241.53 83.65 66.92
267.05 224.30 82.42 65.93
242.07 208.82 83.65 66.92
237.15 198.97 82.42 65.93
262.76 205.97 83.65 66.92
285.53 219.76 82.42 65.93
266.18 208.77 83.65 66.92
240.95 193.02 82.42 65.93
241.56 189.14 81.20 64.96
261.26 185.70 82.42 65.93
280.06 184.73 81.20 64.96
272.06 175.39 82.42 65.93
252.66 164.23 81.20 64.96
251.47 170.45 80.00 64.00
256.33 181.61 81.20 64.96
262.30 180.65 80.00 64.00
274.44 168.53 81.20 64.96
286.75 169.52 82.42 65.93
297.38 190.01 83.65 66.92
303.53 209.71 82.42 65.93
296.87 210.20 81.20 64.96
293.88 202.07 80.00 64.00
280.55 195.77 81.20 64.96
237.48 196.76 82.42 65.93
192.62 210.35 81.20 64.96
203.08 209.86 82.42 65.93
228.70 189.88 83.65 66.92
245.93 181.51 82.42 65.93
239.27 182.00 81.20 64.96
223.74 191.08 80.00 64.00
230.41 208.06 81.20 64.96
261.19 214.96 82.42 65.93
286.81 197.97 83.65 66.92
304.04 179.27 82.42 65.93
303.42 165.28 83.65 66.92
285.58 171.68 82.42 65.93
275.59 201.17 83.65 66.92
299.69 225.01 84.91 67.93
324.15 207.52 86.18 68.95
334.29 183.68 84.91 67.93
325.55 179.69 83.65 66.92
307.71 192.00 82.42 65.93
293.77 201.21 81.20 64.96
295.00 203.68 82.42 65.93
295.61 198.35 81.20 64.96
289.47 191.95 82.42 65.93
288.26 186.62 81.20 64.96
285.80 184.65 82.42 65.93
280.95 185.14 81.20 64.96
269.27 186.13 82.42 65.93
266.24 189.53 81.20 64.96
268.63 195.74 80.00 64.00
266.21 201.08 81.20 64.96
265.60 202.07 82.42 65.93
279.98 209.07 83.65 66.92
295.36 219.91 82.42 65.93
289.12 225.41 83.65 66.92
274.97 222.95 82.42 65.93
266.49 213.25 81.20 64.96
269.57 214.24 82.42 65.93
285.82 221.24 83.65 66.92
279.48 219.22 84.91 67.93
236.38 217.16 86.18 68.95
217.99 210.07 84.91 67.93
231.74 200.07 83.65 66.92
239.74 197.62 82.42 65.93
244.74 198.62 83.65 66.92
250.90 200.59 82.42 65.93
244.66 204.59 83.65 66.92
241.59 208.04 82.42 65.93
254.08 203.05 83.65 66.92
256.55 203.55 82.42 65.93
242.81 203.05 83.65 66.92
249.79 193.42 84.91 67.93
259.79 186.43 83.65 66.92
251.18 178.06 82.42 65.93
246.81 176.07 83.65 66.92
251.89 184.69 84.91 67.93
258.14 194.19 83.65 66.92
251.81 195.21 84.91 67.93
231.86 183.89 86.18 68.95
221.09 169.18 84.91 67.93
