57.00 156.00 198.00 173.00
58.46 157.28 195.07 170.44
61.44 156.00 198.00 173.00
62.90 157.28 195.07 170.44
65.87 156.00 198.00 173.00
67.33 157.28 195.07 170.44
65.87 156.00 198.00 173.00
71.70 157.28 195.07 170.44
70.24 159.88 198.00 173.00
73.26 158.58 200.97 175.59
71.75 157.26 203.98 178.23
74.86 159.98 207.04 180.90
78.01 162.73 210.15 183.62
84.20 164.09 207.04 180.90
87.36 162.73 210.15 183.62
98.19 168.14 207.04 180.90
101.34 170.90 210.15 183.62
109.32 169.52 213.30 186.37
115.60 170.90 210.15 183.62
126.43 172.25 207.04 180.90
134.29 166.78 210.15 183.62
137.50 165.41 213.30 186.37
148.49 166.78 210.15 183.62
156.47 165.41 213.30 186.37
164.57 164.01 216.50 189.17
175.72 161.23 213.30 186.37
182.00 162.61 210.15 183.62
192.83 159.91 207.04 180.90
203.50 161.25 203.98 178.23
211.25 155.86 207.04 180.90
217.35 157.20 203.98 178.23
225.09 151.81 207.04 180.90
231.19 149.15 203.98 178.23
234.30 143.77 207.04 180.90
240.40 141.11 203.98 178.23
243.51 135.72 207.04 180.90
249.61 133.07 203.98 178.23
255.61 130.45 200.97 175.60
261.53 127.87 198.00 173.00
263.00 125.33 195.07 170.44
264.44 122.83 192.19 167.92
270.10 120.36 189.35 165.44
271.50 121.59 186.55 163.00
272.88 119.19 183.80 160.59
271.50 117.99 186.55 163.00
272.88 119.19 183.80 160.59
274.24 120.38 181.08 158.22
275.57 121.55 178.40 155.88
276.89 122.70 175.77 153.57
278.19 123.84 173.17 151.30
280.83 122.70 175.77 153.57
282.13 120.45 173.17 151.30
280.83 119.31 175.77 153.57
286.01 120.45 173.17 151.30
287.29 118.23 170.61 149.07
292.31 119.33 168.09 146.87
291.05 118.23 170.61 149.07
296.08 119.33 168.09 146.87
301.03 120.41 165.60 144.70
309.56 118.29 163.16 142.56
314.37 116.20 160.75 140.45
322.65 117.23 158.37 138.37
330.81 118.26 156.03 136.33
340.28 114.13 158.37 138.37
346.30 113.10 160.75 140.45
358.13 114.13 158.37 138.37
367.74 113.10 160.75 140.45
373.85 112.04 163.16 142.56
383.75 110.97 165.60 144.70
392.28 112.04 163.16 142.56
402.19 107.73 165.60 144.70
410.72 108.80 163.16 142.56
422.73 109.86 160.75 140.45
431.01 113.99 158.37 138.37
437.03 112.95 160.75 140.45
446.79 111.90 163.16 142.56
451.59 112.95 160.75 140.45
457.70 115.09 163.16 142.56
460.18 114.03 165.60 144.70
465.06 118.29 163.16 142.56
469.87 119.34 160.75 140.45
468.66 121.48 163.16 142.56
469.87 122.53 160.75 140.45
471.05 123.57 158.37 138.37
472.22 127.65 156.03 136.33
469.93 128.66 153.72 134.31
465.29 127.65 156.03 136.33
464.12 126.63 158.37 138.37
461.79 127.65 156.03 136.33
459.50 128.66 153.72 134.31
458.35 127.65 156.03 136.33
453.63 123.53 158.37 138.37
451.30 124.55 156.03 136.33
452.46 125.56 153.72 134.31
453.59 126.55 151.45 132.33
454.71 127.53 149.21 130.37
453.59 126.55 151.45 132.33
454.71 127.53 149.21 130.37
453.59 126.55 151.45 132.33
458.06 127.53 149.21 130.37
460.33 126.55 151.45 132.33
459.19 125.56 153.72 134.31
461.53 127.60 156.03 136.33
463.91 126.58 158.37 138.37
468.58 127.60 156.03 136.33
470.95 129.68 158.37 138.37
473.37 128.64 160.75 140.45
475.82 130.78 163.16 142.56
478.30 132.95 165.60 144.70
479.53 134.02 163.16 142.56
482.01 136.20 165.60 144.70
486.89 140.46 163.16 142.56
489.38 142.63 165.60 144.70
490.60 143.70 163.16 142.56
489.38 145.87 165.60 144.70
490.60 146.94 163.16 142.56
489.38 145.87 165.60 144.70
490.60 146.94 163.16 142.56
489.38 149.11 165.60 144.70
490.60 150.18 163.16 142.56
485.67 149.11 165.60 144.70
486.89 150.18 163.16 142.56
481.96 145.87 165.60 144.70
483.18 146.94 163.16 142.56
478.25 145.87 165.60 144.70
479.47 143.75 163.16 142.56
474.54 142.68 165.60 144.70
475.76 140.55 163.16 142.56
474.54 139.48 165.60 144.70
475.76 137.36 163.16 142.56
474.54 136.29 165.60 144.70
475.76 137.36 163.16 142.56
474.54 136.29 165.60 144.70
479.42 137.36 163.16 142.56
478.19 136.29 165.60 144.70
480.72 135.21 168.09 146.87
481.96 139.53 165.60 144.70
486.84 140.60 163.16 142.56
485.61 139.53 165.60 144.70
488.14 141.74 168.09 146.87
489.38 142.82 165.60 144.70
488.14 141.74 168.09 146.87
489.38 142.82 165.60 144.70
488.14 145.03 168.09 146.87
489.38 146.11 165.60 144.70
488.14 148.32 168.09 146.87
485.67 149.40 165.60 144.70
480.66 151.61 168.09 146.87
475.58 150.50 170.61 149.07
470.42 152.78 173.17 151.30
465.18 151.64 175.77 153.57
455.87 153.98 178.40 155.88
446.42 152.81 181.08 158.22
436.83 151.63 183.80 160.59
430.08 152.81 181.08 158.22
420.48 151.63 183.80 160.59
417.79 149.27 181.08 158.22
408.19 148.08 183.80 160.59
401.44 145.72 181.08 158.22
395.97 140.94 183.80 160.59
393.27 138.58 181.08 158.22
387.79 133.80 183.80 160.59
385.09 134.99 181.08 158.22
379.62 130.20 183.80 160.59
374.06 129.00 186.55 163.00
375.44 130.20 183.80 160.59
374.06 129.00 186.55 163.00
371.32 130.20 183.80 160.59
369.94 129.00 186.55 163.00
364.30 127.77 189.35 165.44
365.70 129.00 186.55 163.00
367.08 130.20 183.80 160.59
364.38 127.84 181.08 158.22
361.73 129.01 178.40 155.88
363.04 130.17 175.77 153.57
357.73 129.01 178.40 155.88
355.11 126.73 175.77 153.57
356.41 127.86 173.17 151.30
353.87 125.64 170.61 149.07
351.36 126.74 168.09 146.87
346.28 125.64 170.61 149.07
340.01 126.74 168.09 146.87
337.54 127.83 165.60 144.70
335.11 128.89 163.16 142.56
332.72 129.95 160.75 140.45
326.81 130.99 158.37 138.37
324.48 132.01 156.03 136.33
322.19 133.02 153.72 134.31
316.54 134.01 151.45 132.33
311.97 136.02 153.72 134.31
313.10 137.02 151.45 132.33
311.97 139.03 153.72 134.31
313.10 140.03 151.45 132.33
314.22 143.92 149.21 130.37
313.10 142.95 151.45 132.33
317.56 146.84 149.21 130.37
318.67 150.68 147.01 128.45
317.56 152.64 149.21 130.37
316.44 151.66 151.45 132.33
317.56 155.56 149.21 130.37
321.96 156.53 147.01 128.45
323.04 160.31 144.84 126.55
324.12 161.24 142.70 124.68
319.80 160.31 144.84 126.55
318.71 159.36 147.01 128.45
319.80 163.14 144.84 126.55
320.87 164.08 142.70 124.68
316.56 163.14 144.84 126.55
315.47 162.19 147.01 128.45
316.56 163.14 144.84 126.55
320.82 164.08 142.70 124.68
319.75 163.14 144.84 126.55
320.82 164.08 142.70 124.68
319.75 160.31 144.84 126.55
318.67 159.36 147.01 128.45
320.91 155.48 149.21 130.37
319.79 151.53 151.45 132.33
322.09 147.53 153.72 134.31
323.23 148.53 151.45 132.33
325.54 144.52 153.72 134.31
324.39 140.46 156.03 136.33
326.76 139.44 158.37 138.37
329.18 135.26 160.75 140.45
327.97 134.20 163.16 142.56
330.46 129.89 165.60 144.70
329.21 125.52 168.09 146.87
331.77 121.08 170.61 149.07
330.49 113.18 173.17 151.30
333.13 108.61 175.77 153.57
331.82 100.47 178.40 155.88
333.13 94.74 175.77 153.57
335.81 90.10 178.40 155.88
337.13 84.37 175.77 153.57
338.43 78.73 173.17 151.30
335.89 73.17 170.61 149.07
337.15 67.69 168.09 146.87
338.39 65.53 165.60 144.70
333.38 57.87 168.09 146.87
330.91 55.71 165.60 144.70
328.48 50.40 163.16 142.56
322.49 48.30 160.75 140.45
320.13 46.24 158.37 138.37
311.74 45.20 160.75 140.45
309.38 43.14 158.37 138.37
303.56 41.11 156.03 136.33
297.82 42.12 153.72 134.31
292.18 40.15 151.45 132.33
286.61 38.20 149.21 130.37
281.13 36.29 147.01 128.45
275.72 34.40 144.84 126.55
268.05 33.45 147.01 128.45
260.26 29.57 149.21 130.37
258.07 30.53 147.01 128.45
252.67 31.48 144.84 126.55
250.55 32.42 142.70 124.68
246.23 34.32 144.84 126.55
241.85 33.37 147.01 128.45
242.94 37.15 144.84 126.55
244.01 38.09 142.70 124.68
242.94 39.99 144.84 126.55
244.01 40.92 142.70 124.68
242.94 42.82 144.84 126.55
247.20 43.76 142.70 124.68
246.13 42.82 144.84 126.55
250.40 46.55 142.70 124.68
249.33 45.61 144.84 126.55
251.54 44.67 147.01 128.45
255.87 45.61 144.84 126.55
256.94 49.34 142.70 124.68
259.11 48.41 144.84 126.55
260.18 49.34 142.70 124.68
264.39 50.26 140.59 122.84
265.42 51.17 138.51 121.02
264.39 50.26 140.59 122.84
260.14 46.55 142.70 124.68
259.07 45.61 144.84 126.55
260.14 43.76 142.70 124.68
259.07 42.82 144.84 126.55
260.14 43.76 142.70 124.68
259.07 42.82 144.84 126.55
257.98 41.87 147.01 128.45
262.31 39.99 144.84 126.55
261.22 39.04 147.01 128.45
263.46 38.07 149.21 130.37
264.57 39.04 147.01 128.45
266.81 35.15 149.21 130.37
269.08 34.18 151.45 132.33
271.39 33.18 153.72 134.31
273.73 32.18 156.03 136.33
278.32 33.18 153.72 134.31
280.67 32.18 156.03 136.33
285.26 33.18 153.72 134.31
287.61 32.18 156.03 136.33
289.98 34.25 158.37 138.37
292.40 33.22 160.75 140.45
297.13 37.35 158.37 138.37
299.54 39.46 160.75 140.45
298.34 41.60 163.16 142.56
300.82 43.77 165.60 144.70
305.70 48.04 163.16 142.56
304.48 50.21 165.60 144.70
309.36 54.47 163.16 142.56
308.13 56.64 165.60 144.70
310.66 55.56 168.09 146.87
309.40 57.79 170.61 149.07
312.00 60.07 173.17 151.30
310.70 62.37 175.77 153.57
312.00 66.90 173.17 151.30
314.63 69.20 175.77 153.57
313.32 71.54 178.40 155.88
314.63 76.13 175.77 153.57
317.31 78.47 178.40 155.88
318.63 83.06 175.77 153.57
317.31 85.40 178.40 155.88
322.57 90.00 175.77 153.57
321.25 92.34 178.40 155.88
323.97 98.25 181.08 158.22
322.61 100.67 183.80 160.59
321.23 103.11 186.55 163.00
324.07 105.60 189.35 165.44
322.65 108.12 192.19 167.92
321.21 110.67 195.07 170.44
322.65 115.70 192.19 167.92
321.21 118.25 195.07 170.44
322.65 123.27 192.19 167.92
321.21 125.83 195.07 170.44
319.75 128.43 198.00 173.00
318.26 131.07 200.97 175.60
312.19 137.73 203.98 178.23
310.66 136.40 207.04 180.90
304.40 139.15 210.15 183.62
298.04 141.95 213.30 186.37
296.44 144.79 216.50 189.17
289.90 143.37 219.75 192.00
288.25 146.30 223.05 194.88
284.97 152.04 219.75 192.00
278.33 154.96 223.05 194.88
276.66 153.50 226.39 197.81
278.33 154.96 223.05 194.88
276.66 157.93 226.39 197.81
278.33 159.39 223.05 194.88
276.66 157.93 226.39 197.81
274.96 156.45 229.79 200.77
281.73 157.93 226.39 197.81
288.40 159.39 223.05 194.88
291.80 157.93 226.39 197.81
298.46 155.03 223.05 194.88
306.93 149.14 226.39 197.81
318.60 146.23 223.05 194.88
330.09 139.07 219.75 192.00
333.44 133.27 223.05 194.88
344.93 130.40 219.75 192.00
356.26 123.35 216.50 189.17
367.41 116.40 213.30 186.37
378.40 113.66 210.15 183.62
381.60 108.11 213.30 186.37
392.60 105.37 210.15 183.62
398.79 98.63 207.04 180.90
404.89 95.97 203.98 178.23
410.89 93.35 200.97 175.60
416.81 90.78 198.00 173.00
422.65 84.42 195.07 170.44
424.09 81.92 192.19 167.92
425.51 83.16 189.35 165.44
426.91 80.73 186.55 163.00
428.29 81.93 183.80 160.59
425.59 83.12 181.08 158.22
422.93 87.78 178.40 155.88
424.25 88.93 175.77 153.57
421.67 93.46 173.17 151.30
412.50 95.76 175.77 153.57
409.92 96.90 173.17 151.30
404.68 99.20 175.77 153.57
399.36 98.05 178.40 155.88
396.75 102.64 175.77 153.57
394.17 103.78 173.17 151.30
395.45 108.23 170.61 149.07
390.29 110.50 173.17 151.30
385.05 109.37 175.77 153.57
382.47 113.89 173.17 151.30
377.23 116.20 175.77 153.57
371.92 115.05 178.40 155.88
366.53 113.88 181.08 158.22
361.05 116.29 183.80 160.59
351.31 122.39 186.55 163.00
348.58 127.19 183.80 160.59
338.84 129.64 186.55 163.00
331.98 134.44 183.80 160.59
318.07 136.88 186.55 163.00
303.95 139.37 189.35 165.44
289.61 141.89 192.19 167.92
278.31 146.83 189.35 165.44
262.99 148.06 186.55 163.00
244.63 143.13 189.35 165.44
225.99 141.89 192.19 167.92
207.07 140.63 195.07 170.44
186.98 141.89 192.19 167.92
168.06 140.63 195.07 170.44
148.86 139.35 198.00 173.00
137.21 136.81 195.07 170.44
118.01 135.53 198.00 173.00
110.73 136.81 195.07 170.44
95.96 131.66 198.00 173.00
88.69 132.94 195.07 170.44
78.35 131.66 198.00 173.00
75.45 132.94 195.07 170.44
76.89 134.19 192.19 167.92
74.07 135.44 189.35 165.44
72.65 134.19 192.19 167.92
74.07 135.44 189.35 165.44
75.47 136.66 186.55 163.00
80.96 137.86 183.80 160.59
82.32 139.05 181.08 158.22
80.96 137.86 183.80 160.59
86.38 139.05 181.08 158.22
87.71 140.22 178.40 155.88
86.38 139.05 181.08 158.22
87.71 140.22 178.40 155.88
86.38 135.50 181.08 158.22
87.71 136.67 178.40 155.88
86.38 135.50 181.08 158.22
87.71 136.67 178.40 155.88
86.38 135.50 181.08 158.22
87.71 136.67 178.40 155.88
86.38 135.50 181.08 158.22
89.13 137.92 183.80 160.59
91.93 136.71 186.55 163.00
94.78 135.49 189.35 165.44
101.97 134.25 192.19 167.92
109.26 132.99 195.07 170.44
121.11 131.71 198.00 173.00
135.68 132.99 195.07 170.44
147.52 135.59 198.00 173.00
159.54 134.29 200.97 175.60
178.77 135.59 198.00 173.00
190.79 138.22 200.97 175.60
207.56 140.90 203.98 178.23
222.57 142.21 200.97 175.60
237.36 147.39 198.00 173.00
251.93 152.48 195.07 170.44
266.29 157.50 192.19 167.92
276.19 162.45 189.35 165.44
285.95 167.32 186.55 163.00
295.56 168.53 183.80 160.59
300.98 166.17 181.08 158.22
306.31 163.85 178.40 155.88
311.57 161.56 175.77 153.57
316.74 155.92 173.17 151.30
321.84 153.69 170.61 149.07
326.87 148.22 168.09 146.87
328.11 146.06 165.60 144.70
332.99 143.94 163.16 142.56
337.80 141.84 160.75 140.45
340.25 140.79 163.16 142.56
339.02 139.72 165.60 144.70
343.90 140.79 163.16 142.56
346.39 139.72 165.60 144.70
348.91 135.35 168.09 146.87
351.47 134.25 170.61 149.07
357.95 136.52 173.17 151.30
360.59 135.38 175.77 153.57
369.64 136.52 173.17 151.30
376.22 135.38 175.77 153.57
378.90 134.23 178.40 155.88
381.62 133.06 181.08 158.22
388.49 135.47 183.80 160.59
391.29 134.27 186.55 163.00
394.13 136.75 189.35 165.44
403.89 137.97 186.55 163.00
402.49 136.75 189.35 165.44
408.07 141.62 186.55 163.00
406.67 140.40 189.35 165.44
408.07 141.62 186.55 163.00
402.43 144.11 189.35 165.44
403.83 145.33 186.55 163.00
401.09 150.13 183.80 160.59
398.39 151.32 181.08 158.22
388.80 150.13 183.80 160.59
386.10 151.32 181.08 158.22
383.44 152.49 178.40 155.88
376.89 153.64 175.77 153.57
374.31 151.38 173.17 151.30
367.94 152.50 170.61 149.07
365.44 150.31 168.09 146.87
360.36 149.21 170.61 149.07
357.85 150.31 168.09 146.87
352.77 149.21 170.61 149.07
350.27 150.31 168.09 146.87
349.00 149.21 170.61 149.07
350.27 150.31 168.09 146.87
347.80 151.40 165.60 144.70
345.37 152.47 163.16 142.56
347.85 148.16 165.60 144.70
349.08 146.03 163.16 142.56
351.56 144.96 165.60 144.70
352.79 146.03 163.16 142.56
351.56 148.21 165.60 144.70
356.44 149.28 163.16 142.56
355.22 148.21 165.60 144.70
353.98 150.41 168.09 146.87
352.71 149.31 170.61 149.07
351.43 151.58 173.17 151.30
352.71 152.70 170.61 149.07
347.56 148.19 173.17 151.30
346.26 150.50 175.77 153.57
344.94 149.34 178.40 155.88
346.26 150.50 175.77 153.57
344.94 149.34 178.40 155.88
346.26 147.06 175.77 153.57
344.94 145.90 178.40 155.88
346.26 147.06 175.77 153.57
344.94 142.41 178.40 155.88
342.32 143.56 175.77 153.57
341.00 138.92 178.40 155.88
342.32 140.07 175.77 153.57
341.00 135.43 178.40 155.88
339.66 130.72 181.08 158.22
334.19 125.93 183.80 160.59
335.55 127.12 181.08 158.22
334.19 125.93 183.80 160.59
332.81 124.73 186.55 163.00
327.17 119.80 189.35 165.44
325.75 118.56 192.19 167.92
327.17 123.51 189.35 165.44
321.44 118.50 192.19 167.92
320.00 117.24 195.07 170.44
321.44 122.26 192.19 167.92
315.63 117.19 195.07 170.44
314.17 115.91 198.00 173.00
311.26 117.19 195.07 170.44
312.70 118.45 192.19 167.92
311.26 117.19 195.07 170.44
312.70 118.45 192.19 167.92
311.26 117.19 195.07 170.44
309.80 115.91 198.00 173.00
308.32 114.61 200.97 175.60
314.24 115.91 198.00 173.00
312.75 114.61 200.97 175.60
314.24 115.91 198.00 173.00
317.25 114.61 200.97 175.60
318.74 112.03 198.00 173.00
320.20 113.31 195.07 170.44
325.95 114.57 192.19 167.92
324.51 113.31 195.07 170.44
330.25 114.57 192.19 167.92
328.81 113.31 195.07 170.44
331.78 112.03 198.00 173.00
330.30 106.80 200.97 175.60
331.78 108.10 198.00 173.00
334.80 106.80 200.97 175.60
336.28 108.10 198.00 173.00
339.30 106.80 200.97 175.60
337.79 101.49 203.98 178.23
339.30 102.81 200.97 175.60
337.79 101.49 203.98 178.23
340.90 100.16 207.04 180.90
342.43 101.49 203.98 178.23
340.90 100.16 207.04 180.90
342.43 101.49 203.98 178.23
343.94 102.81 200.97 175.60
342.43 101.49 203.98 178.23
340.90 100.16 207.04 180.90
342.43 105.49 203.98 178.23
343.94 106.80 200.97 175.60
342.43 105.49 203.98 178.23
343.94 106.80 200.97 175.60
342.43 101.49 203.98 178.23
340.90 100.16 207.04 180.90
337.86 105.49 203.98 178.23
339.37 106.80 200.97 175.60
340.85 108.10 198.00 173.00
339.37 106.80 200.97 175.60
337.86 105.49 203.98 178.23
336.33 100.10 207.04 180.90
333.29 105.43 203.98 178.23
331.76 100.04 207.04 180.90
333.29 105.37 203.98 178.23
336.40 104.03 207.04 180.90
339.56 98.56 210.15 183.62
342.76 97.18 213.30 186.37
344.33 102.67 210.15 183.62
341.25 104.03 207.04 180.90
339.70 102.67 210.15 183.62
341.25 104.03 207.04 180.90
342.78 105.37 203.98 178.23
341.25 104.03 207.04 180.90
342.78 105.37 203.98 178.23
341.25 104.03 207.04 180.90
339.70 102.67 210.15 183.62
341.25 104.03 207.04 180.90
339.70 102.67 210.15 183.62
336.61 104.03 207.04 180.90
338.14 105.37 203.98 178.23
336.61 104.03 207.04 180.90
339.77 102.67 210.15 183.62
338.19 101.30 213.30 186.37
339.77 102.67 210.15 183.62
338.19 101.30 213.30 186.37
339.77 102.67 210.15 183.62
341.32 108.08 207.04 180.90
338.28 109.42 203.98 178.23
335.28 110.74 200.97 175.60
332.33 112.03 198.00 173.00
329.43 113.31 195.07 170.44
323.53 112.03 198.00 173.00
317.54 110.74 200.97 175.60
314.59 112.03 198.00 173.00
313.11 110.74 200.97 175.60
311.60 109.42 203.98 178.23
313.11 110.74 200.97 175.60
311.60 109.42 203.98 178.23
313.11 114.67 200.97 175.60
314.59 115.97 198.00 173.00
317.61 114.67 200.97 175.60
319.09 119.84 198.00 173.00
322.11 118.54 200.97 175.60
325.17 117.23 203.98 178.23
326.68 122.48 200.97 175.60
329.74 121.16 203.98 178.23
335.75 122.48 200.97 175.60
337.24 127.65 198.00 173.00
335.75 126.35 200.97 175.60
341.67 127.65 198.00 173.00
338.76 128.93 195.07 170.44
337.30 127.65 198.00 173.00
338.76 128.93 195.07 170.44
335.90 130.19 192.19 167.92
333.08 131.43 189.35 165.44
330.30 132.65 186.55 163.00
324.66 127.72 189.35 165.44
318.93 126.48 192.19 167.92
311.87 127.72 189.35 165.44
306.15 122.72 192.19 167.92
299.08 123.96 189.35 165.44
292.13 125.18 186.55 163.00
285.27 126.39 183.80 160.59
278.52 127.57 181.08 158.22
268.92 126.39 183.80 160.59
266.23 131.12 181.08 158.22
259.57 135.78 178.40 155.88
254.18 138.15 181.08 158.22
248.70 140.57 183.80 160.59
243.14 143.01 186.55 163.00
237.50 145.50 189.35 165.44
231.78 148.02 192.19 167.92
230.34 146.76 195.07 170.44
224.44 149.35 198.00 173.00
218.45 151.99 200.97 175.60
215.50 157.16 198.00 173.00
209.51 159.80 200.97 175.60
203.44 158.48 203.98 178.23
197.27 161.20 207.04 180.90
186.30 159.84 210.15 183.62
179.95 158.46 213.30 186.37
168.65 157.06 216.50 189.17
162.10 155.65 219.75 192.00
154.03 157.06 216.50 189.17
142.56 155.65 219.75 192.00
134.48 157.06 216.50 189.17
126.53 158.46 213.30 186.37
118.69 159.84 210.15 183.62
110.97 161.20 207.04 180.90
103.36 162.53 203.98 178.23
95.86 163.85 200.97 175.60
85.22 162.53 203.98 178.23
77.72 163.85 200.97 175.60
71.64 158.54 203.98 178.23
60.84 157.20 207.04 180.90
57.80 158.54 203.98 178.23
54.80 155.92 200.97 175.60
51.85 157.22 198.00 173.00
53.32 158.50 195.07 170.44
47.42 157.22 198.00 173.00
44.51 158.50 195.07 170.44
45.95 159.76 192.19 167.92
44.51 162.32 195.07 170.44
41.65 163.58 192.19 167.92
40.21 166.14 195.07 170.44
41.65 167.40 192.19 167.92
40.21 166.14 195.07 170.44
41.65 167.40 192.19 167.92
43.07 168.64 189.35 165.44
41.65 167.40 192.19 167.92
40.21 166.14 195.07 170.44
41.65 167.40 192.19 167.92
44.58 166.14 195.07 170.44
46.02 167.40 192.19 167.92
44.58 166.14 195.07 170.44
43.11 168.73 198.00 173.00
44.58 170.01 195.07 170.44
47.55 168.73 198.00 173.00
46.06 171.37 200.97 175.60
47.55 172.67 198.00 173.00
49.01 173.94 195.07 170.44
51.98 172.67 198.00 173.00
53.45 173.94 195.07 170.44
51.98 172.67 198.00 173.00
50.50 175.30 200.97 175.60
