269.00 75.00 34.00 64.00
265.65 73.06 34.51 64.96
261.47 71.10 35.03 65.93
256.43 67.61 35.55 66.92
251.31 64.06 36.09 67.93
245.30 62.01 36.63 68.95
238.30 61.00 36.09 67.93
232.19 61.50 35.55 66.92
226.96 59.04 35.03 65.93
222.58 56.62 34.51 64.96
217.62 54.65 35.03 65.93
213.24 53.68 34.51 64.96
207.48 51.72 35.03 65.93
200.85 49.73 35.55 66.92
192.50 49.22 36.09 67.93
184.80 48.23 35.55 66.92
176.45 47.73 36.09 67.93
167.16 47.22 36.63 68.95
157.72 45.13 37.18 69.98
149.79 44.10 36.63 68.95
142.79 46.14 36.09 67.93
138.28 45.14 35.55 66.92
134.78 44.64 36.09 67.93
130.27 43.64 35.55 66.92
125.04 42.66 35.03 65.93
119.20 40.66 35.55 66.92
113.18 38.20 35.03 65.93
108.03 37.24 34.51 64.96
104.63 35.27 35.03 65.93
99.59 31.78 35.55 66.92
94.48 28.23 36.09 67.93
87.58 24.24 35.55 66.92
80.78 23.26 35.03 65.93
71.75 21.26 35.55 66.92
61.03 20.28 35.03 65.93
50.42 18.29 35.55 66.92
39.69 17.30 35.03 65.93
31.45 16.34 34.51 64.96
23.34 14.37 35.03 65.93
16.71 13.88 35.55 66.92
10.79 11.85 36.09 67.93
5.48 10.86 35.55 66.92
0.25 11.35 35.03 65.93
-5.68 11.84 34.51 64.96
-11.43 11.35 35.03 65.93
-13.49 13.29 34.51 64.96
-11.39 33.48 35.03 65.93
-10.06 37.49 35.55 66.92
13.11 6.55 36.09 67.93
8.60 4.06 35.55 66.92
2.59 3.07 35.03 65.93
-4.05 1.08 35.55 66.92
-10.06 1.58 35.03 65.93
-12.12 4.97 34.51 64.96
-9.58 26.96 34.00 64.00
-10.83 27.43 33.50 63.05
-10.32 34.12 34.00 64.00
-10.58 38.01 34.51 64.96
-10.84 41.95 35.03 65.93
-11.10 39.96 35.55 66.92
-10.56 36.42 36.09 67.93
-10.83 34.36 36.63 68.95
-11.10 32.28 37.18 69.98
-10.54 33.34 37.73 71.03
-9.96 36.04 38.30 72.10
-8.83 55.67 37.73 71.03
-9.97 76.13 38.30 72.10
-12.00 91.98 38.88 73.18
-11.72 108.67 38.30 72.10
-13.12 112.38 37.73 71.03
-10.83 123.15 38.30 72.10
-13.93 120.51 37.73 71.03
-11.64 100.59 38.30 72.10
-11.36 101.13 37.73 71.03
-10.24 103.22 37.18 69.98
-8.33 105.28 36.63 68.95
-10.48 124.05 36.09 67.93
-10.22 130.55 35.55 66.92
-11.29 130.04 36.09 67.93
-9.10 106.37 36.63 68.95
-6.41 106.88 36.09 67.93
-13.31 65.41 35.55 66.92
-13.04 65.90 35.03 65.93
0.36 82.39 34.51 64.96
-1.67 78.57 34.00 64.00
-8.17 90.35 33.50 63.05
-10.14 90.81 33.00 62.12
-10.39 91.76 33.50 63.05
-9.88 92.72 34.00 64.00
-10.14 92.24 34.51 64.96
-9.88 91.29 34.00 64.00
-10.14 89.35 34.51 64.96
-10.40 85.91 35.03 65.93
-10.14 87.85 34.51 64.96
-9.61 88.84 35.03 65.93
-10.13 87.87 34.51 64.96
-10.63 89.79 34.00 64.00
-11.13 90.26 33.50 63.05
-10.88 90.73 33.00 62.12
-9.91 95.30 32.51 61.20
-10.16 94.84 33.00 62.12
-11.15 109.91 33.50 63.05
-10.91 92.28 33.00 62.12
-9.93 87.26 32.51 61.20
-8.98 67.45 32.03 60.30
-9.94 62.89 32.51 61.20
-10.19 63.82 33.00 62.12
-10.44 63.35 33.50 63.05
-10.19 63.82 33.00 62.12
-10.44 63.35 33.50 63.05
-10.19 61.04 33.00 62.12
-10.44 59.16 33.50 63.05
-10.19 59.62 33.00 62.12
-9.94 60.08 32.51 61.20
-10.19 58.23 33.00 62.12
-9.94 75.14 32.51 61.20
-10.19 76.08 33.00 62.12
-9.94 77.91 32.51 61.20
-10.93 92.75 33.00 62.12
-10.42 92.29 33.50 63.05
-13.13 55.18 33.00 62.12
6.05 72.09 32.51 61.20
7.72 92.81 32.03 60.30
17.68 96.47 32.51 61.20
12.26 86.27 33.00 62.12
28.53 89.47 32.51 61.20
35.94 87.22 32.03 60.30
42.54 88.99 31.56 59.41
47.33 95.30 32.03 60.30
53.22 93.09 31.56 59.41
58.01 99.39 32.03 60.30
63.19 97.18 31.56 59.41
67.98 104.84 32.03 60.30
71.38 105.76 32.51 61.20
75.57 105.30 33.00 62.12
80.58 106.24 33.50 63.05
79.35 103.93 33.00 62.12
80.32 103.01 32.51 61.20
76.97 106.17 32.03 60.30
76.73 101.60 32.51 61.20
73.38 103.41 32.03 60.30
68.77 102.95 32.51 61.20
66.31 103.89 33.00 62.12
62.18 101.60 32.51 61.20
60.27 98.00 32.03 60.30
58.57 96.18 32.51 61.20
56.85 95.72 33.00 62.12
55.85 93.84 33.50 63.05
57.13 93.37 34.00 64.00
55.88 93.84 33.50 63.05
56.12 94.31 33.00 62.12
57.83 94.77 32.51 61.20
60.54 95.70 33.00 62.12
63.70 97.53 32.51 61.20
66.09 97.98 32.03 60.30
71.98 98.43 31.56 59.41
73.90 97.98 32.03 60.30
76.25 98.43 31.56 59.41
79.61 97.98 32.03 60.30
81.96 98.43 31.56 59.41
86.38 97.56 31.09 58.53
88.97 97.12 31.56 59.41
88.51 97.56 31.09 58.53
89.42 96.70 30.63 57.67
89.65 98.40 30.18 56.81
90.80 99.26 30.63 57.67
91.02 99.69 30.18 56.81
91.24 100.11 29.74 55.97
92.78 101.76 29.30 55.15
91.89 101.34 29.74 55.97
92.11 101.76 29.30 55.15
91.89 101.34 29.74 55.97
90.80 100.52 29.30 55.15
91.91 98.85 29.74 55.97
92.36 97.16 30.18 56.81
92.14 96.73 30.63 57.67
91.01 95.89 30.18 56.81
91.23 97.56 29.74 55.97
90.34 98.41 30.18 56.81
90.56 98.83 29.74 55.97
90.34 98.41 30.18 56.81
90.80 99.28 30.63 57.67
90.35 98.43 30.18 56.81
90.12 99.30 30.63 57.67
91.02 98.45 30.18 56.81
90.80 98.03 30.63 57.67
89.87 97.59 31.09 58.53
88.93 97.15 31.56 59.41
87.26 96.71 32.03 60.30
86.79 97.15 31.56 59.41
86.32 97.59 31.09 58.53
85.38 98.49 31.56 59.41
82.99 99.39 32.03 60.30
82.03 98.94 32.51 61.20
81.55 99.39 32.03 60.30
80.58 98.94 32.51 61.20
80.34 99.87 33.00 62.12
80.84 100.82 33.50 63.05
82.11 101.78 34.00 64.00
83.86 103.66 33.50 63.05
85.59 104.13 33.00 62.12
85.83 105.96 32.51 61.20
84.64 109.11 32.03 60.30
81.34 110.89 31.56 59.41
75.36 113.15 32.03 60.30
67.84 112.69 32.51 61.20
61.68 115.02 33.00 62.12
56.93 114.55 33.50 63.05
52.11 114.08 34.00 64.00
49.36 114.55 33.50 63.05
47.59 115.51 34.00 64.00
46.56 115.03 34.51 64.96
46.30 114.54 35.03 65.93
47.33 113.58 34.51 64.96
48.64 113.09 35.03 65.93
50.45 113.58 34.51 64.96
52.22 115.49 34.00 64.00
53.98 118.79 33.50 63.05
55.70 119.25 33.00 62.12
58.86 121.08 32.51 61.20
62.69 120.19 32.03 60.30
64.63 121.10 32.51 61.20
66.31 121.56 32.03 60.30
68.67 123.33 31.56 59.41
70.58 122.89 32.03 60.30
72.23 123.33 31.56 59.41
73.86 122.46 31.09 58.53
76.83 122.89 30.63 57.67
78.41 123.32 30.18 56.81
79.56 124.18 30.63 57.67
79.78 125.88 30.18 56.81
78.87 126.75 30.63 57.67
77.25 127.63 31.09 58.53
76.79 126.77 30.63 57.67
77.69 125.92 30.18 56.81
78.58 126.34 29.74 55.97
80.12 127.99 29.30 55.15
81.89 127.58 29.74 55.97
84.38 127.16 30.18 56.81
87.93 126.32 29.74 55.97
90.77 126.74 29.30 55.15
92.93 128.36 28.86 54.33
95.05 128.76 28.44 53.53
95.26 130.34 28.02 52.74
95.69 131.14 28.44 53.53
96.12 131.96 28.86 54.33
96.34 131.16 28.44 53.53
94.18 130.76 28.86 54.33
90.69 131.59 29.30 55.15
86.47 132.43 29.74 55.97
82.87 133.28 30.18 56.81
81.09 133.70 29.74 55.97
80.00 132.88 29.30 55.15
78.92 132.07 28.86 54.33
77.22 131.27 28.44 53.53
75.72 132.09 28.86 54.33
72.75 133.69 28.44 53.53
70.45 135.26 28.02 52.74
66.41 136.07 28.44 53.53
62.97 136.88 28.86 54.33
58.81 135.24 29.30 55.15
55.26 134.83 29.74 55.97
50.98 134.41 30.18 56.81
46.55 136.08 29.74 55.97
42.94 135.66 30.18 56.81
40.50 134.83 29.74 55.97
38.75 135.24 29.30 55.15
37.20 134.83 29.74 55.97
36.76 136.48 29.30 55.15
35.69 139.32 28.86 54.33
35.47 142.62 29.30 55.15
35.25 145.96 29.74 55.97
34.35 146.82 30.18 56.81
34.81 148.97 30.63 57.67
35.71 150.67 30.18 56.81
36.86 151.54 30.63 57.67
37.76 151.96 30.18 56.81
38.65 154.89 29.74 55.97
38.43 154.47 30.18 56.81
39.57 155.34 30.63 57.67
40.48 157.04 30.18 56.81
41.62 156.61 30.63 57.67
41.85 157.04 30.18 56.81
42.31 157.90 30.63 57.67
42.08 160.09 31.09 58.53
42.31 161.82 30.63 57.67
42.78 165.32 31.09 58.53
43.69 167.04 30.63 57.67
46.25 165.30 31.09 58.53
51.67 164.86 31.56 59.41
57.89 164.41 32.03 60.30
62.37 164.86 31.56 59.41
68.18 165.30 31.09 58.53
