288.00 143.00 35.00 42.00
289.33 142.69 35.52 42.63
290.68 142.37 36.06 43.27
293.33 141.73 35.52 42.63
295.16 141.10 35.00 42.00
295.70 139.83 35.52 42.63
296.74 140.15 35.00 42.00
297.28 139.83 35.52 42.63
297.54 140.15 35.00 42.00
298.07 140.79 35.52 42.63
298.33 142.05 35.00 42.00
298.87 141.73 35.52 42.63
298.35 142.99 35.00 42.00
297.29 142.67 35.52 42.63
295.98 141.10 35.00 42.00
296.51 141.74 35.52 42.63
297.56 143.00 35.00 42.00
297.30 142.69 35.52 42.63
296.78 143.00 35.00 42.00
296.51 143.64 35.52 42.63
296.78 144.90 35.00 42.00
296.51 145.54 35.52 42.63
295.99 146.79 35.00 42.00
294.14 147.43 35.52 42.63
293.62 147.75 35.00 42.00
291.76 148.39 35.52 42.63
292.03 148.70 35.00 42.00
291.76 148.39 35.52 42.63
292.03 149.64 35.00 42.00
290.97 149.33 35.52 42.63
290.45 149.64 35.00 42.00
290.18 150.28 35.52 42.63
291.23 150.60 35.00 42.00
291.76 150.28 35.52 42.63
292.03 149.66 35.00 42.00
291.76 148.39 35.52 42.63
292.81 147.76 35.00 42.00
293.34 147.45 35.52 42.63
293.61 147.76 35.00 42.00
293.34 147.45 35.52 42.63
293.61 147.76 35.00 42.00
294.14 147.45 35.52 42.63
294.40 147.76 35.00 42.00
293.34 147.45 35.52 42.63
294.39 147.76 35.00 42.00
294.13 146.49 35.52 42.63
293.61 147.75 35.00 42.00
292.55 148.39 35.52 42.63
291.24 148.70 35.00 42.00
290.18 149.34 35.52 42.63
290.45 150.60 35.00 42.00
290.18 150.28 35.52 42.63
289.66 150.60 35.00 42.00
289.40 150.28 35.52 42.63
289.66 151.54 35.00 42.00
289.40 152.18 35.52 42.63
289.66 153.43 35.00 42.00
288.60 153.12 35.52 42.63
288.87 154.37 35.00 42.00
288.60 155.01 35.52 42.63
289.65 155.33 35.00 42.00
289.39 155.01 35.52 42.63
289.65 154.39 35.00 42.00
289.39 154.07 35.52 42.63
289.93 153.75 36.06 43.27
291.79 153.12 35.52 42.63
292.83 153.43 35.00 42.00
293.37 154.07 35.52 42.63
293.91 153.75 36.06 43.27
294.97 154.07 35.52 42.63
296.32 154.72 36.06 43.27
298.18 156.00 35.52 42.63
300.33 155.68 36.06 43.27
302.99 156.95 35.52 42.63
305.95 158.57 36.06 43.27
309.40 161.76 35.52 42.63
312.37 166.28 36.06 43.27
315.02 172.33 35.52 42.63
315.56 178.80 36.06 43.27
317.42 184.85 35.52 42.63
317.96 190.34 36.06 43.27
317.43 195.44 35.52 42.63
315.55 198.99 36.06 43.27
312.82 201.62 36.60 43.92
309.86 203.88 36.06 43.27
304.67 204.54 36.60 43.92
299.40 202.22 37.15 44.58
295.58 198.61 36.60 43.92
291.14 191.29 37.15 44.58
286.64 182.85 37.70 45.25
282.93 172.22 38.27 45.92
281.52 161.41 37.70 45.25
280.38 150.79 38.27 45.92
280.67 143.02 37.70 45.25
281.78 137.36 37.15 44.58
283.69 132.77 36.60 43.92
285.08 129.45 37.15 44.58
286.17 129.78 36.60 43.92
288.87 131.07 36.06 43.27
291.06 134.68 36.60 43.92
292.94 141.79 36.06 43.27
294.31 150.32 36.60 43.92
296.53 160.97 37.15 44.58
298.79 173.81 37.70 45.25
300.73 185.13 37.15 44.58
300.45 193.92 37.70 45.25
298.46 197.69 38.27 45.92
296.21 199.05 37.70 45.25
291.64 195.62 38.27 45.92
285.16 188.87 37.70 45.25
278.02 180.30 38.27 45.92
270.77 170.56 38.84 46.61
262.53 163.85 39.43 47.31
254.99 161.06 38.84 46.61
247.64 159.66 39.43 47.31
241.96 160.38 40.02 48.02
238.93 161.11 40.62 48.74
236.54 163.62 40.02 48.02
235.96 167.15 39.43 47.31
236.25 172.72 38.84 46.61
238.61 176.61 39.43 47.31
241.00 177.33 40.02 48.02
245.71 175.57 39.43 47.31
252.09 169.65 38.84 46.61
260.10 160.74 38.27 45.92
269.38 152.04 38.84 46.61
279.69 146.39 39.43 47.31
287.46 142.81 40.02 48.02
294.44 141.36 40.62 48.74
299.67 140.99 41.23 49.47
305.93 141.75 41.85 50.22
312.27 144.80 42.47 50.97
316.78 149.05 43.11 51.73
320.38 156.90 43.76 52.51
323.60 167.71 43.11 51.73
324.87 178.37 42.47 50.97
325.18 185.50 41.85 50.22
323.92 189.69 42.47 50.97
321.42 191.19 41.85 50.22
318.25 189.67 42.47 50.97
313.88 185.55 41.85 50.22
309.57 178.16 41.23 49.47
303.64 168.79 41.85 50.22
299.33 159.19 41.23 49.47
295.08 150.82 40.62 48.74
290.16 144.91 41.23 49.47
285.92 140.91 40.62 48.74
282.63 140.20 40.02 48.02
278.51 140.55 39.43 47.31
275.53 143.42 40.02 48.02
273.17 148.02 39.43 47.31
271.72 154.63 38.84 46.61
271.15 162.18 38.27 45.92
270.59 167.58 37.70 45.25
268.59 170.33 38.27 45.92
266.34 170.67 37.70 45.25
265.79 170.01 37.15 44.58
264.43 168.37 36.60 43.92
262.49 165.04 37.15 44.58
259.48 161.44 36.60 43.92
256.71 157.11 37.15 44.58
255.35 154.49 36.60 43.92
256.42 153.85 36.06 43.27
258.28 153.21 35.53 42.63
260.90 156.35 35.00 42.00
262.70 159.44 34.48 41.38
263.23 164.77 35.00 42.00
264.26 170.65 34.48 41.38
266.03 177.34 33.97 40.77
267.03 183.94 33.47 40.17
267.54 189.12 33.97 40.77
268.06 190.67 34.48 41.38
267.02 188.48 35.00 42.00
266.51 182.30 34.48 41.38
267.03 175.40 35.00 42.00
267.56 168.40 35.53 42.63
269.72 164.21 36.06 43.27
272.37 161.66 35.53 42.63
276.95 160.37 36.06 43.27
282.79 159.74 35.53 42.63
289.79 160.39 36.06 43.27
296.90 164.00 36.60 43.92
303.28 167.66 37.15 44.58
308.92 170.37 37.70 45.25
312.06 171.06 38.27 45.92
312.65 170.71 38.84 46.61
311.47 169.30 39.43 47.31
308.28 169.65 38.84 46.61
303.58 170.36 39.43 47.31
300.39 174.89 38.84 46.61
297.45 179.84 39.43 47.31
295.36 187.01 40.02 48.02
293.00 194.79 39.43 47.31
289.12 200.89 40.02 48.02
282.45 205.99 40.62 48.74
273.84 206.73 41.23 49.47
266.97 201.86 41.85 50.22
261.89 194.63 42.47 50.97
260.61 184.98 43.11 51.73
263.78 177.37 42.47 50.97
267.85 171.00 41.85 50.22
273.70 168.04 41.23 49.47
282.19 168.41 40.62 48.74
291.12 170.26 41.23 49.47
299.25 175.51 41.85 50.22
306.55 183.13 42.47 50.97
311.06 190.86 43.11 51.73
312.69 196.35 43.76 52.51
310.37 199.54 44.41 53.30
307.76 202.28 43.76 52.51
303.26 200.36 43.11 51.73
296.92 196.17 42.47 50.97
288.79 189.80 41.85 50.22
279.87 185.74 41.23 49.47
271.98 182.83 40.62 48.74
265.21 181.35 41.23 49.47
260.97 182.81 40.62 48.74
259.48 185.32 40.02 48.02
259.77 187.80 39.43 47.31
260.93 188.15 38.84 46.61
264.65 186.43 38.27 45.92
268.71 180.87 38.84 46.61
274.60 176.28 39.43 47.31
278.79 172.70 40.02 48.02
281.22 173.43 40.62 48.74
282.42 175.94 40.02 48.02
282.71 177.35 39.43 47.31
283.87 180.84 38.84 46.61
283.58 183.67 39.43 47.31
283.29 183.31 40.02 48.02
280.26 181.86 40.62 48.74
276.07 176.84 40.02 48.02
271.95 168.72 39.43 47.31
267.90 161.76 38.84 46.61
262.18 155.93 38.27 45.92
257.40 152.22 37.70 45.25
254.35 151.55 37.15 44.58
251.34 152.86 36.60 43.92
248.38 155.13 36.06 43.27
246.26 158.31 35.53 42.63
243.39 162.39 35.00 42.00
240.56 168.26 34.48 41.38
239.51 172.66 35.00 42.00
240.84 174.25 35.53 42.63
243.46 173.62 35.00 42.00
246.81 169.30 34.48 41.38
249.68 163.35 35.00 42.00
253.80 158.09 34.48 41.38
260.15 153.83 33.97 40.77
266.40 151.44 33.47 40.17
272.55 149.96 32.98 39.57
278.62 150.25 32.49 38.99
283.16 149.68 32.01 38.41
285.83 149.39 32.49 38.99
285.59 150.87 32.98 39.57
284.38 153.79 32.49 38.99
280.31 154.93 32.01 38.41
274.98 152.03 32.49 38.99
269.48 147.15 32.01 38.41
264.07 139.81 31.54 37.84
258.81 134.36 32.01 38.41
251.99 130.41 31.54 37.84
241.71 127.54 32.01 38.41
229.23 131.21 31.54 37.84
211.79 140.40 32.01 38.41
192.63 149.71 32.49 38.99
179.09 161.83 32.98 39.57
168.41 176.97 32.49 38.99
163.63 188.44 32.01 38.41
165.58 195.14 32.49 38.99
167.25 202.31 32.01 38.41
167.74 206.39 32.49 38.99
168.97 202.55 32.98 39.57
170.23 196.86 33.47 40.17
171.50 191.08 33.97 40.77
174.33 184.28 34.48 41.38
180.34 179.27 35.00 42.00
184.86 177.04 35.53 42.63
189.44 177.69 36.06 43.27
194.09 181.30 36.60 43.92
197.97 186.97 37.15 44.58
199.38 191.70 37.70 45.25
199.96 197.53 38.27 45.92
203.62 201.93 37.70 45.25
209.34 207.76 38.27 45.92
211.31 213.17 37.70 45.25
205.02 219.00 38.27 45.92
200.24 222.38 37.70 45.25
198.24 219.98 38.27 45.92
200.21 214.24 37.70 45.25
200.79 208.76 38.27 45.92
201.07 206.06 37.70 45.25
202.18 205.39 37.15 44.58
203.59 206.07 37.70 45.25
203.87 208.40 37.15 44.58
201.90 213.14 37.70 45.25
201.62 217.94 38.27 45.92
201.90 221.32 37.70 45.25
200.76 220.98 38.27 45.92
200.20 217.27 37.70 45.25
200.48 210.61 37.15 44.58
201.05 203.18 37.70 45.25
200.76 196.67 38.27 45.92
201.05 192.95 37.70 45.25
199.66 192.29 37.15 44.58
198.29 192.62 36.60 43.92
198.02 193.29 37.15 44.58
198.29 195.59 36.60 43.92
197.76 199.79 36.06 43.27
197.49 204.38 36.60 43.92
197.21 208.05 37.15 44.58
196.93 206.70 37.70 45.25
198.04 203.04 37.15 44.58
199.46 197.64 37.70 45.25
200.57 194.98 37.15 44.58
200.84 193.34 36.60 43.92
200.57 193.01 37.15 44.58
200.84 195.31 36.60 43.92
200.30 197.57 36.06 43.27
200.03 202.16 36.60 43.92
201.92 207.33 36.06 43.27
201.39 213.38 35.53 42.63
199.30 220.28 35.00 42.00
196.65 223.79 35.53 42.63
198.48 222.22 35.00 42.00
201.06 217.90 34.48 41.38
199.79 210.90 33.97 40.77
197.79 203.10 33.47 40.17
196.02 196.41 33.97 40.77
192.52 191.31 33.47 40.17
186.12 188.06 32.98 39.57
180.62 186.87 33.47 40.17
179.61 185.65 33.97 40.77
179.11 186.85 33.47 40.17
175.67 190.69 32.98 39.57
170.17 197.59 33.47 40.17
168.40 204.60 33.97 40.77
168.92 209.85 34.48 41.38
169.44 213.31 35.00 42.00
171.25 214.54 34.48 41.38
172.55 211.41 35.00 42.00
174.68 208.23 35.53 42.63
174.94 206.67 35.00 42.00
176.27 206.35 35.53 42.63
181.24 206.67 35.00 42.00
187.34 209.22 35.53 42.63
191.52 214.23 35.00 42.00
198.42 218.69 35.53 42.63
208.66 223.22 36.06 43.27
220.06 227.36 35.53 42.63
230.52 230.50 35.00 42.00
240.60 226.36 35.53 42.63
251.64 216.35 36.06 43.27
258.75 205.20 36.60 43.92
266.29 196.81 36.06 43.27
275.04 191.56 36.60 43.92
284.19 188.01 36.06 43.27
291.30 185.72 36.60 43.92
294.35 187.39 37.15 44.58
294.63 191.65 36.60 43.92
293.28 198.76 36.06 43.27
289.73 206.31 36.60 43.92
285.16 217.29 36.06 43.27
277.51 224.84 36.60 43.92
267.28 229.04 36.06 43.27
253.07 230.68 36.60 43.92
236.99 232.35 37.15 44.58
219.82 233.03 37.70 45.25
205.82 236.80 38.27 45.92
196.81 239.17 37.70 45.25
191.26 241.50 37.15 44.58
185.07 243.19 37.70 45.25
175.37 244.53 37.15 44.58
162.42 240.14 37.70 45.25
155.28 229.51 38.27 45.92
154.12 218.73 38.84 46.61
158.25 204.60 39.43 47.31
167.24 195.55 38.84 46.61
177.55 193.08 39.43 47.31
186.54 195.52 38.84 46.61
196.84 200.47 39.43 47.31
208.20 208.72 40.02 48.02
220.64 220.37 40.62 48.74
233.49 231.49 40.02 48.02
248.80 243.50 39.43 47.31
262.85 250.68 40.02 48.02
275.51 253.15 39.43 47.31
287.11 252.46 38.84 46.61
301.83 248.93 39.43 47.31
316.92 243.01 38.84 46.61
330.92 238.21 38.27 45.92
346.40 234.50 37.70 45.25
358.33 231.84 37.15 44.58
368.44 231.18 36.60 43.92
372.75 230.54 36.06 43.27
373.02 231.81 35.53 42.63
369.36 234.95 35.00 42.00
360.35 237.11 34.48 41.38
345.20 243.39 35.00 42.00
326.63 250.71 35.53 42.63
305.37 257.18 36.06 43.27
286.24 259.80 36.60 43.92
267.93 258.19 36.06 43.27
251.27 251.96 36.60 43.92
236.01 244.64 37.15 44.58
220.71 240.05 36.60 43.92
208.06 234.56 36.06 43.27
200.37 229.15 35.53 42.63
196.06 223.02 36.06 43.27
195.53 219.52 35.53 42.63
197.36 218.89 35.00 42.00
200.71 218.28 34.48 41.38
207.82 218.58 33.97 40.77
213.74 220.13 34.48 41.38
221.32 221.70 35.00 42.00
233.79 219.48 35.53 42.63
248.87 214.31 36.06 43.27
259.48 207.95 35.53 42.63
266.49 201.81 36.06 43.27
274.41 197.55 36.60 43.92
284.12 192.23 37.15 44.58
291.45 189.87 37.70 45.25
297.55 191.20 37.15 44.58
304.87 193.91 37.70 45.25
312.31 199.74 38.27 45.92
318.11 208.79 38.84 46.61
324.88 219.04 39.43 47.31
332.14 228.79 38.84 46.61
338.03 235.86 39.43 47.31
341.32 238.73 40.02 48.02
344.66 236.19 40.62 48.74
348.97 230.28 41.23 49.47
351.47 222.03 41.85 50.22
349.26 215.95 42.47 50.97
347.69 211.83 41.85 50.22
345.48 209.17 42.47 50.97
338.40 207.63 43.11 51.73
331.21 207.24 43.76 52.51
322.85 211.10 43.11 51.73
312.72 217.77 43.76 52.51
301.45 225.73 44.41 53.30
290.01 236.24 45.08 54.10
278.40 243.21 45.76 54.91
264.53 242.80 46.44 55.73
252.56 236.05 47.14 56.57
241.47 228.98 46.44 55.73
230.56 222.22 47.14 56.57
221.55 216.40 46.44 55.73
209.58 210.91 47.14 56.57
199.58 207.92 47.85 57.42
191.49 207.07 47.14 56.57
185.60 204.99 46.44 55.73
181.02 205.84 47.14 56.57
179.29 205.01 46.44 55.73
182.71 201.73 45.76 54.91
187.57 195.08 46.44 55.73
195.09 185.65 45.76 54.91
206.19 175.25 46.44 55.73
220.62 169.77 47.14 56.57
235.27 168.06 47.85 57.42
250.14 170.24 48.56 58.28
261.93 175.10 49.29 59.15
270.99 180.76 48.56 58.28
278.85 185.05 47.85 57.42
284.49 193.08 47.14 56.57
286.92 199.74 46.44 55.73
288.28 202.61 45.76 54.91
288.62 200.59 45.08 54.10
285.21 195.26 45.76 54.91
281.51 187.19 45.08 54.10
279.12 176.94 45.76 54.91
277.74 167.79 46.44 55.73
272.96 164.51 45.76 54.91
268.24 164.92 45.08 54.10
264.60 168.90 44.41 53.30
263.95 172.82 43.76 52.51
265.23 179.00 43.11 51.73
269.36 185.10 42.47 50.97
274.36 193.35 41.85 50.22
277.44 203.69 41.23 49.47
278.65 211.70 40.62 48.74
279.27 214.66 41.23 49.47
280.49 212.84 40.62 48.74
283.48 204.60 40.02 48.02
286.82 192.22 40.62 48.74
290.21 179.67 41.23 49.47
290.51 170.21 40.62 48.74
289.02 160.89 40.02 48.02
287.55 153.82 39.43 47.31
288.15 144.86 40.02 48.02
286.94 139.04 40.62 48.74
282.76 138.33 40.02 48.02
276.87 138.68 39.43 47.31
270.20 139.03 38.84 46.61
263.63 142.46 38.27 45.92
256.38 145.25 38.84 46.61
250.79 147.02 39.43 47.31
247.60 151.55 38.84 46.61
241.89 156.01 38.27 45.92
235.51 162.97 38.84 46.61
228.08 170.52 38.27 45.92
221.70 179.57 38.84 46.61
217.70 187.11 38.27 45.92
216.30 194.55 37.70 45.25
214.91 198.88 37.15 44.58
214.63 200.57 37.70 45.25
216.07 196.12 38.27 45.92
222.74 187.42 38.84 46.61
231.28 174.35 39.43 47.31
236.36 160.01 40.02 48.02
236.97 147.64 40.62 48.74
235.48 138.32 40.02 48.02
234.89 129.14 39.43 47.31
235.49 124.48 40.02 48.02
235.79 122.71 39.43 47.31
235.21 125.15 38.84 46.61
232.07 130.64 38.27 45.92
227.43 138.65 38.84 46.61
227.72 148.25 38.27 45.92
228.84 158.73 37.70 45.25
230.28 170.73 38.27 45.92
233.09 182.22 37.70 45.25
235.04 188.54 37.15 44.58
235.31 191.83 36.60 43.92
232.54 191.50 37.15 44.58
227.07 189.86 36.60 43.92
220.08 182.43 36.06 43.27
216.53 175.22 36.60 43.92
211.95 171.67 36.06 43.27
204.26 171.98 35.53 42.63
199.82 172.30 35.00 42.00
199.30 175.39 34.48 41.38
197.48 177.90 35.00 42.00
195.62 182.36 35.53 42.63
195.10 188.32 35.00 42.00
195.36 195.12 34.48 41.38
196.38 199.08 33.97 40.77
197.67 197.85 34.48 41.38
198.19 192.83 35.00 42.00
199.52 183.92 35.53 42.63
203.29 174.88 36.06 43.27
208.33 167.56 35.53 42.63
212.52 165.05 35.00 42.00
215.09 165.36 34.48 41.38
217.19 165.99 35.00 42.00
222.85 169.09 34.48 41.38
225.73 174.42 35.00 42.00
225.47 180.79 35.53 42.63
228.08 187.69 35.00 42.00
229.88 195.42 34.48 41.38
227.09 203.03 33.97 40.77
222.98 210.14 34.48 41.38
219.43 214.09 33.97 40.77
216.08 213.79 34.48 41.38
212.69 209.72 35.00 42.00
210.83 201.76 35.53 42.63
209.76 189.81 36.06 43.27
211.13 178.66 36.60 43.92
211.69 167.35 37.15 44.58
208.87 158.91 37.70 45.25
204.99 154.25 37.15 44.58
201.34 148.85 37.70 45.25
197.62 146.45 38.27 45.92
196.22 146.79 37.70 45.25
195.93 149.54 38.27 45.92
194.78 154.41 38.84 46.61
194.49 160.42 39.43 47.31
196.88 167.60 40.02 48.02
200.22 175.97 40.62 48.74
203.61 185.58 41.23 49.47
207.05 191.96 41.85 50.22
209.59 197.29 42.47 50.97
211.20 196.91 43.11 51.73
214.80 189.46 43.76 52.51
220.92 178.26 43.11 51.73
224.51 164.94 43.76 52.51
229.16 151.41 44.41 53.30
235.90 141.32 45.08 54.10
243.76 132.30 45.76 54.91
248.62 123.15 46.44 55.73
249.32 116.40 47.14 56.57
253.26 114.69 47.85 57.42
264.86 110.34 48.56 58.28
267.81 105.93 49.29 59.15
266.32 112.21 50.03 60.04
264.81 118.58 50.78 60.94
264.43 127.83 51.54 61.85
261.70 141.42 52.32 62.78
257.74 155.23 53.10 63.72
256.96 168.36 52.32 62.78
254.19 176.45 53.10 63.72
247.75 178.87 53.90 64.68
244.90 176.91 54.71 65.65
246.97 165.97 55.53 66.63
242.77 154.87 56.36 67.63
239.78 146.67 57.21 68.65
240.66 138.35 58.06 69.68
244.18 131.49 58.94 70.72
246.42 126.14 59.82 71.78
251.41 123.97 60.72 72.86
255.10 123.42 61.63 73.95
259.63 127.23 60.72 72.86
