70.00 51.00 107.00 87.00
69.20 50.35 108.60 88.30
67.60 51.00 107.00 87.00
66.80 50.35 108.60 88.30
67.60 51.00 107.00 87.00
64.37 50.35 108.60 88.30
65.17 52.95 107.00 87.00
64.37 52.30 108.60 88.30
65.17 52.95 107.00 87.00
64.37 52.30 108.60 88.30
61.08 51.63 110.23 89.63
60.26 48.92 111.89 90.97
59.42 48.24 113.57 92.34
58.57 47.55 115.27 93.72
55.08 48.98 117.00 95.13
54.20 48.26 118.75 96.56
55.08 48.98 117.00 95.13
55.95 47.58 115.27 93.72
55.08 49.01 117.00 95.13
51.54 48.30 118.75 96.56
52.42 49.01 117.00 95.13
53.29 47.61 115.27 93.72
52.42 49.04 117.00 95.13
51.54 48.33 118.75 96.56
50.65 47.60 120.53 98.00
47.01 46.87 122.34 99.47
47.91 47.60 120.53 98.00
48.80 48.33 118.75 96.56
47.91 47.60 120.53 98.00
48.80 46.16 118.75 96.56
49.68 46.88 117.00 95.13
48.80 46.16 118.75 96.56
47.91 45.44 120.53 98.00
47.01 44.70 122.34 99.47
47.91 45.44 120.53 98.00
44.27 44.70 122.34 99.47
45.17 45.44 120.53 98.00
48.72 46.16 118.75 96.56
47.83 45.44 120.53 98.00
46.93 44.70 122.34 99.47
47.83 45.44 120.53 98.00
46.93 44.70 122.34 99.47
47.83 45.44 120.53 98.00
44.19 44.70 122.34 99.47
46.05 43.96 124.18 100.97
46.97 44.70 122.34 99.47
47.87 47.63 120.53 98.00
48.76 46.20 118.75 96.56
49.64 46.91 117.00 95.13
48.76 46.20 118.75 96.56
47.87 45.47 120.53 98.00
51.42 46.20 118.75 96.56
47.83 45.47 120.53 98.00
51.38 48.36 118.75 96.56
50.49 45.44 120.53 98.00
51.38 48.33 118.75 96.56
47.79 47.60 120.53 98.00
51.34 48.33 118.75 96.56
50.45 47.60 120.53 98.00
49.55 46.87 122.34 99.47
50.45 47.60 120.53 98.00
49.55 46.87 122.34 99.47
48.63 48.38 124.18 100.97
49.55 49.13 122.34 99.47
48.63 46.12 124.18 100.97
47.70 45.36 126.04 102.48
48.63 46.12 124.18 100.97
47.70 45.36 126.04 102.48
46.76 44.60 127.93 104.02
45.80 41.45 129.85 105.58
46.76 44.56 127.93 104.02
45.80 41.42 129.85 105.58
46.76 42.20 127.93 104.02
47.70 42.96 126.04 102.48
46.76 39.87 127.93 104.02
45.80 39.09 129.85 105.58
41.87 38.29 131.80 107.16
40.88 39.93 133.77 108.77
41.87 40.73 131.80 107.16
42.84 41.52 129.85 105.58
43.80 42.30 127.93 104.02
42.84 41.52 129.85 105.58
41.87 40.73 131.80 107.16
40.88 39.93 133.77 108.77
41.87 40.73 131.80 107.16
40.88 39.93 133.77 108.77
41.87 40.73 131.80 107.16
42.84 43.89 129.85 105.58
43.80 44.67 127.93 104.02
44.75 45.44 126.04 102.48
43.80 44.67 127.93 104.02
42.84 43.89 129.85 105.58
41.87 43.09 131.80 107.16
40.88 42.29 133.77 108.77
39.88 41.48 135.78 110.40
35.77 38.14 137.82 112.06
36.79 38.97 135.78 110.40
40.79 42.22 133.77 108.77
41.78 43.02 131.80 107.16
40.79 42.22 133.77 108.77
41.78 43.02 131.80 107.16
40.79 42.22 133.77 108.77
44.73 40.62 131.80 107.16
43.74 39.82 133.77 108.77
44.73 40.62 131.80 107.16
45.71 41.41 129.85 105.58
46.66 42.19 127.93 104.02
45.71 41.41 129.85 105.58
46.66 42.19 127.93 104.02
45.71 41.41 129.85 105.58
44.73 40.62 131.80 107.16
45.71 41.41 129.85 105.58
44.73 40.62 131.80 107.16
46.74 39.82 133.77 108.77
45.74 39.00 135.78 110.40
44.72 38.17 137.82 112.06
43.68 37.33 139.89 113.74
42.63 36.48 141.98 115.44
43.68 39.88 139.89 113.74
42.63 39.03 141.98 115.44
41.57 40.79 144.11 117.18
40.49 39.91 146.28 118.93
41.57 40.79 144.11 117.18
40.49 39.91 146.28 118.93
41.57 40.79 144.11 117.18
42.63 41.65 141.98 115.44
43.68 42.51 139.89 113.74
45.82 41.65 141.98 115.44
46.86 45.05 139.89 113.74
45.82 44.20 141.98 115.44
46.86 45.05 139.89 113.74
47.90 45.89 137.82 112.06
48.92 46.72 135.78 110.40
52.92 45.10 133.77 108.77
51.91 44.29 135.78 110.40
52.92 42.66 133.77 108.77
51.91 41.85 135.78 110.40
50.89 41.02 137.82 112.06
51.91 41.85 135.78 110.40
53.98 38.51 137.82 112.06
55.00 39.34 135.78 110.40
56.00 40.15 133.77 108.77
55.00 39.34 135.78 110.40
53.98 38.51 137.82 112.06
55.00 36.87 135.78 110.40
59.00 37.68 133.77 108.77
58.00 36.87 135.78 110.40
59.00 35.24 133.77 108.77
59.99 36.05 131.80 107.16
63.87 36.84 129.85 105.58
64.83 37.62 127.93 104.02
65.78 38.39 126.04 102.48
67.70 37.62 127.93 104.02
68.64 40.68 126.04 102.48
69.57 41.44 124.18 100.97
68.64 40.68 126.04 102.48
67.70 39.92 127.93 104.02
71.46 42.98 126.04 102.48
72.40 43.74 124.18 100.97
71.46 42.98 126.04 102.48
70.52 42.21 127.93 104.02
71.46 45.28 126.04 102.48
70.52 42.18 127.93 104.02
71.46 45.24 126.04 102.48
75.18 46.00 124.18 100.97
76.10 46.74 122.34 99.47
77.00 47.48 120.53 98.00
78.84 46.74 122.34 99.47
75.14 46.00 124.18 100.97
78.79 46.74 122.34 99.47
79.70 47.48 120.53 98.00
78.79 46.74 122.34 99.47
82.40 49.68 120.53 98.00
83.29 50.40 118.75 96.56
82.40 49.68 120.53 98.00
81.49 48.94 122.34 99.47
82.40 49.68 120.53 98.00
81.49 46.71 122.34 99.47
80.58 45.97 124.18 100.97
84.24 44.48 122.34 99.47
83.32 43.74 124.18 100.97
84.24 44.48 122.34 99.47
87.84 45.22 120.53 98.00
88.73 45.94 118.75 96.56
92.23 46.66 117.00 95.13
93.09 47.36 115.27 93.72
89.61 44.53 117.00 95.13
88.73 43.81 118.75 96.56
89.61 44.53 117.00 95.13
88.73 43.81 118.75 96.56
87.84 43.09 120.53 98.00
86.94 42.35 122.34 99.47
86.02 41.61 124.18 100.97
87.91 40.85 126.04 102.48
86.06 41.61 124.18 100.97
85.13 40.85 126.04 102.48
84.18 40.08 127.93 104.02
83.22 41.67 129.85 105.58
87.05 42.45 127.93 104.02
87.99 40.92 126.04 102.48
84.18 42.48 127.93 104.02
83.22 39.34 129.85 105.58
84.18 42.45 127.93 104.02
83.22 41.67 129.85 105.58
82.25 40.87 131.80 107.16
81.26 40.07 133.77 108.77
80.26 41.73 135.78 110.40
79.24 40.90 137.82 112.06
75.07 40.06 139.89 113.74
79.19 40.90 137.82 112.06
75.03 40.06 139.89 113.74
73.98 39.21 141.98 115.44
75.03 40.06 139.89 113.74
73.98 39.21 141.98 115.44
72.91 38.34 144.11 117.18
73.98 39.21 141.98 115.44
72.91 38.34 144.11 117.18
71.83 37.46 146.28 118.93
70.73 36.57 148.47 120.72
69.62 35.66 150.70 122.53
65.06 37.53 152.96 124.37
63.92 33.77 155.25 126.23
68.49 34.70 152.96 124.37
63.87 33.77 155.25 126.23
62.70 35.69 157.58 128.13
61.52 31.82 159.94 130.05
60.32 30.84 162.34 132.00
59.10 29.85 164.78 133.98
60.32 30.84 162.34 132.00
62.79 29.85 164.78 133.98
57.81 28.85 167.25 135.99
56.56 30.92 169.76 138.03
57.81 31.94 167.25 135.99
59.05 32.95 164.78 133.98
57.81 31.94 167.25 135.99
56.56 30.92 169.76 138.03
55.28 29.89 172.30 140.10
57.91 28.83 174.89 142.20
56.60 27.77 177.51 144.33
57.91 28.83 174.89 142.20
56.60 27.77 177.51 144.33
57.91 32.02 174.89 142.20
56.60 30.95 177.51 144.33
55.27 29.87 180.18 146.50
56.60 30.95 177.51 144.33
55.27 26.59 180.18 146.50
56.60 30.91 177.51 144.33
55.27 26.54 180.18 146.50
53.91 25.44 182.88 148.70
55.27 26.54 180.18 146.50
53.91 25.44 182.88 148.70
52.54 20.95 185.62 150.93
53.91 22.06 182.88 148.70
52.54 20.95 185.62 150.93
51.15 19.81 188.41 153.19
52.54 17.57 185.62 150.93
53.91 22.01 182.88 148.70
52.54 20.90 185.62 150.93
51.15 19.76 188.41 153.19
49.74 18.62 191.23 155.49
51.15 19.76 188.41 153.19
49.74 18.62 191.23 155.49
51.15 19.76 188.41 153.19
49.74 18.62 191.23 155.49
48.30 17.45 194.10 157.82
46.85 19.85 197.01 160.19
48.30 17.50 194.10 157.82
46.85 19.91 197.01 160.19
48.30 21.09 194.10 157.82
46.85 19.91 197.01 160.19
48.30 21.09 194.10 157.82
46.85 19.91 197.01 160.19
48.30 24.63 194.10 157.82
46.85 23.44 197.01 160.19
45.37 22.24 199.97 162.59
43.87 21.02 202.97 165.03
42.35 19.78 206.01 167.50
43.87 17.32 202.97 165.03
42.35 16.09 206.01 167.50
40.80 14.83 209.10 170.02
42.35 16.09 206.01 167.50
43.87 17.32 202.97 165.03
42.35 16.09 206.01 167.50
43.87 17.32 202.97 165.03
42.35 19.84 206.01 167.50
40.80 18.58 209.10 170.02
39.23 17.31 212.24 172.57
37.64 16.01 215.42 175.16
36.03 14.70 218.65 177.78
34.39 13.37 221.93 180.45
36.03 14.70 218.65 177.78
34.39 13.37 221.93 180.45
32.72 12.01 225.26 183.16
31.03 10.64 228.64 185.90
29.32 9.25 232.07 188.69
31.03 10.64 228.64 185.90
29.32 9.25 232.07 188.69
31.03 10.64 228.64 185.90
29.32 13.47 232.07 188.69
31.03 14.87 228.64 185.90
29.32 9.25 232.07 188.69
31.03 10.64 228.64 185.90
32.72 12.01 225.26 183.16
34.39 9.32 221.93 180.45
32.72 12.07 225.26 183.16
34.39 13.43 221.93 180.45
36.03 14.76 218.65 177.78
34.39 13.43 221.93 180.45
32.72 12.07 225.26 183.16
34.39 13.43 221.93 180.45
32.72 12.07 225.26 183.16
31.03 10.70 228.64 185.90
29.32 9.31 232.07 188.69
27.58 12.18 235.55 191.52
29.32 13.60 232.07 188.69
27.58 12.18 235.55 191.52
25.81 10.74 239.08 194.40
27.58 12.18 235.55 191.52
25.81 10.74 239.08 194.40
24.02 9.29 242.67 197.31
25.81 10.74 239.08 194.40
27.58 12.18 235.55 191.52
29.32 13.60 232.07 188.69
27.58 12.18 235.55 191.52
25.81 10.74 239.08 194.40
24.02 9.29 242.67 197.31
22.20 7.81 246.31 200.27
20.35 6.30 250.00 203.27
22.20 7.81 246.31 200.27
24.02 9.29 242.67 197.31
22.20 7.81 246.31 200.27
24.02 9.29 242.67 197.31
22.20 12.29 246.31 200.27
20.35 6.24 250.00 203.27
22.20 7.74 246.31 200.27
24.02 9.22 242.67 197.31
25.81 10.68 239.08 194.40
24.02 9.22 242.67 197.31
22.20 7.74 246.31 200.27
20.35 6.24 250.00 203.27
22.20 7.74 246.31 200.27
20.35 6.24 250.00 203.27
18.48 4.71 253.75 206.32
20.35 6.24 250.00 203.27
22.20 7.74 246.31 200.27
24.02 9.22 242.67 197.31
25.81 10.68 239.08 194.40
27.58 12.11 235.55 191.52
25.81 10.68 239.08 194.40
24.02 13.64 242.67 197.31
25.81 15.10 239.08 194.40
27.58 16.53 235.55 191.52
25.81 15.10 239.08 194.40
24.02 13.64 242.67 197.31
25.81 10.74 239.08 194.40
24.02 9.28 242.67 197.31
22.20 3.32 246.31 200.27
20.35 1.82 250.00 203.27
22.20 -1.17 246.31 200.27
20.35 1.88 250.00 203.27
18.48 0.36 253.75 206.32
20.35 1.88 250.00 203.27
22.20 3.39 246.31 200.27
20.35 6.44 250.00 203.27
22.20 7.94 246.31 200.27
24.02 9.42 242.67 197.31
22.20 7.94 246.31 200.27
20.35 6.44 250.00 203.27
18.48 9.53 253.75 206.32
20.35 6.51 250.00 203.27
22.20 8.01 246.31 200.27
20.35 6.51 250.00 203.27
22.20 8.01 246.31 200.27
20.35 6.51 250.00 203.27
22.20 8.01 246.31 200.27
24.02 9.49 242.67 197.31
25.81 10.95 239.08 194.40
18.58 9.49 242.67 197.31
16.76 8.01 246.31 200.27
20.51 6.51 250.00 203.27
18.64 4.98 253.75 206.32
14.91 6.51 250.00 203.27
13.04 9.60 253.75 206.32
14.91 6.57 250.00 203.27
13.04 5.05 253.75 206.32
14.91 11.13 250.00 203.27
16.76 8.14 246.31 200.27
14.91 11.19 250.00 203.27
13.04 9.67 253.75 206.32
14.91 11.19 250.00 203.27
13.04 9.67 253.75 206.32
11.14 8.12 257.56 209.42
9.20 6.55 261.42 212.56
7.24 4.96 265.35 215.75
9.20 6.55 261.42 212.56
11.14 3.43 257.56 209.42
13.04 4.98 253.75 206.32
14.91 11.06 250.00 203.27
13.04 9.53 253.75 206.32
5.37 7.98 257.56 209.42
9.29 6.41 261.42 212.56
11.22 7.98 257.56 209.42
7.44 4.91 253.75 206.32
9.32 6.43 250.00 203.27
11.16 7.94 246.31 200.27
12.98 5.00 242.67 197.31
11.16 3.52 246.31 200.27
9.32 2.02 250.00 203.27
7.44 0.49 253.75 206.32
9.32 2.02 250.00 203.27
7.44 0.49 253.75 206.32
5.54 3.63 257.56 209.42
3.61 2.06 261.42 212.56
-4.30 0.47 265.35 215.75
3.52 2.06 261.42 212.56
5.45 3.63 257.56 209.42
-2.34 2.06 261.42 212.56
-4.30 0.47 265.35 215.75
-2.34 2.06 261.42 212.56
-4.30 0.47 265.35 215.75
-2.34 2.06 261.42 212.56
-4.30 0.47 265.35 215.75
-2.34 2.06 261.42 212.56
-4.30 0.47 265.35 215.75
-2.34 2.06 261.42 212.56
-4.30 0.47 265.35 215.75
-2.34 2.06 261.42 212.56
-4.30 0.47 265.35 215.75
-2.34 2.06 261.42 212.56
-4.30 0.47 265.35 215.75
-2.34 2.06 261.42 212.56
-4.30 0.47 265.35 215.75
-2.34 2.06 261.42 212.56
-4.30 0.47 265.35 215.75
-2.34 2.06 261.42 212.56
-4.30 0.47 265.35 215.75
-2.34 2.06 261.42 212.56
-10.24 0.47 265.35 215.75
-8.28 2.06 261.42 212.56
-6.35 3.63 257.56 209.42
-4.45 5.18 253.75 206.32
-2.57 6.71 250.00 203.27
-4.45 5.18 253.75 206.32
-2.57 6.71 250.00 203.27
-4.45 5.18 253.75 206.32
-6.35 3.63 257.56 209.42
-8.28 2.06 261.42 212.56
-6.35 3.63 257.56 209.42
-4.45 5.18 253.75 206.32
-6.35 3.63 257.56 209.42
-10.13 5.18 253.75 206.32
-6.26 3.63 257.56 209.42
-8.19 2.06 261.42 212.56
-16.10 0.47 265.35 215.75
-14.14 2.06 261.42 212.56
-16.10 0.47 265.35 215.75
-14.14 2.06 261.42 212.56
-16.10 0.47 265.35 215.75
-14.14 2.06 261.42 212.56
-16.10 0.47 265.35 215.75
-14.14 2.06 261.42 212.56
-16.10 0.47 265.35 215.75
-14.14 2.06 261.42 212.56
-16.10 0.47 265.35 215.75
-14.14 2.06 261.42 212.56
-16.10 0.47 265.35 215.75
-14.14 2.06 261.42 212.56
-16.10 0.47 265.35 215.75
-14.14 2.06 261.42 212.56
-16.10 0.47 265.35 215.75
-14.14 2.06 261.42 212.56
-16.10 0.47 265.35 215.75
-14.14 2.06 261.42 212.56
-16.10 0.47 265.35 215.75
-14.14 2.06 261.42 212.56
-12.21 3.63 257.56 209.42
-14.14 2.06 261.42 212.56
-16.10 0.47 265.35 215.75
-14.14 2.06 261.42 212.56
-16.10 0.47 265.35 215.75
-14.14 2.06 261.42 212.56
-16.10 0.47 265.35 215.75
-14.14 2.06 261.42 212.56
-16.10 0.47 265.35 215.75
-18.09 -1.15 269.33 218.98
-16.10 0.47 265.35 215.75
-18.09 -1.15 269.33 218.98
-16.10 0.47 265.35 215.75
-14.14 2.06 261.42 212.56
-16.10 0.47 265.35 215.75
-18.09 -1.15 269.33 218.98
-16.10 0.47 265.35 215.75
-18.09 -1.15 269.33 218.98
-16.10 0.47 265.35 215.75
-14.14 2.06 261.42 212.56
-16.10 0.47 265.35 215.75
-14.14 2.06 261.42 212.56
-16.10 0.47 265.35 215.75
-14.14 2.06 261.42 212.56
-16.10 0.47 265.35 215.75
-14.14 2.06 261.42 212.56
-16.10 0.47 265.35 215.75
-18.09 -1.15 269.33 218.98
-16.10 0.47 265.35 215.75
-14.14 2.06 261.42 212.56
-22.04 0.47 265.35 215.75
-20.08 2.06 261.42 212.56
-22.04 0.47 265.35 215.75
-24.03 -1.15 269.33 218.98
-22.04 0.47 265.35 215.75
-24.03 -1.15 269.33 218.98
-22.04 0.47 265.35 215.75
-24.03 -1.15 269.33 218.98
-22.04 0.47 265.35 215.75
-24.03 -1.15 269.33 218.98
-22.04 0.47 265.35 215.75
-20.08 2.06 261.42 212.56
-22.04 0.47 265.35 215.75
-24.03 -1.15 269.33 218.98
-22.04 0.47 265.35 215.75
-20.08 2.06 261.42 212.56
-22.04 0.47 265.35 215.75
-20.08 2.06 261.42 212.56
-22.04 0.47 265.35 215.75
-24.03 -1.15 269.33 218.98
-22.04 0.47 265.35 215.75
-24.03 -1.15 269.33 218.98
-22.04 0.47 265.35 215.75
-20.08 2.06 261.42 212.56
-22.04 0.47 265.35 215.75
-20.08 2.06 261.42 212.56
-22.04 0.47 265.35 215.75
-20.08 2.06 261.42 212.56
-18.15 3.63 257.56 209.42
-20.08 2.06 261.42 212.56
-22.04 0.47 265.35 215.75
-24.03 -1.15 269.33 218.98
-26.05 -2.79 273.37 222.27
-28.10 -4.46 277.47 225.60
-26.05 -2.79 273.37 222.27
-24.03 3.76 269.33 218.98
-26.05 -2.86 273.37 222.27
-28.10 -4.53 277.47 225.60
-30.18 -1.09 281.63 228.99
-28.10 -4.46 277.47 225.60
-30.18 -1.02 281.63 228.99
-28.10 -4.38 277.47 225.60
-30.18 -0.94 281.63 228.99
-28.10 -4.30 277.47 225.60
-26.05 -2.64 273.37 222.27
-24.03 -0.99 269.33 218.98
-22.04 0.62 265.35 215.75
-24.03 -0.99 269.33 218.98
-19.93 -2.64 273.37 222.27
-23.94 -0.99 269.33 218.98
-19.84 -2.64 273.37 222.27
-21.89 -4.30 277.47 225.60
-19.84 -2.64 273.37 222.27
-21.89 -4.30 277.47 225.60
-19.84 -2.64 273.37 222.27
-21.89 -4.30 277.47 225.60
-19.84 -2.64 273.37 222.27
-21.89 -4.30 277.47 225.60
-19.84 -2.64 273.37 222.27
-17.82 -0.99 269.33 218.98
-19.84 -2.64 273.37 222.27
-21.89 -4.30 277.47 225.60
-19.84 -2.64 273.37 222.27
-15.67 -4.30 277.47 225.60
-13.62 -2.64 273.37 222.27
-15.67 -4.30 277.47 225.60
-13.62 -2.64 273.37 222.27
-15.67 -4.30 277.47 225.60
-13.62 -2.64 273.37 222.27
-15.67 -4.30 277.47 225.60
-13.62 -2.64 273.37 222.27
-15.67 -4.30 277.47 225.60
-13.62 -2.64 273.37 222.27
-15.67 -4.30 277.47 225.60
-13.62 -2.64 273.37 222.27
-11.60 -0.99 269.33 218.98
-9.61 0.62 265.35 215.75
-11.60 -0.99 269.33 218.98
-7.50 -2.64 273.37 222.27
-9.55 -4.30 277.47 225.60
-7.50 -2.64 273.37 222.27
-9.55 -4.30 277.47 225.60
-7.50 2.34 273.37 222.27
-9.55 0.67 277.47 225.60
-7.50 2.34 273.37 222.27
-9.55 0.67 277.47 225.60
-7.50 2.34 273.37 222.27
-9.55 -4.38 277.47 225.60
-11.63 -0.94 281.63 228.99
-13.74 -2.66 285.85 232.42
-15.89 -4.40 290.14 235.91
-13.74 -2.66 285.85 232.42
-11.63 -0.94 281.63 228.99
-13.74 -2.66 285.85 232.42
-15.89 -4.40 290.14 235.91
-7.34 -2.66 285.85 232.42
-9.48 -4.40 290.14 235.91
-7.34 -2.66 285.85 232.42
-9.48 -4.40 290.14 235.91
-7.34 -2.66 285.85 232.42
-9.48 -4.40 290.14 235.91
-7.34 -2.66 285.85 232.42
-9.48 -4.40 290.14 235.91
-11.66 -6.17 294.49 239.45
-13.87 -6.45 298.91 240.00
-11.66 -4.67 294.49 236.45
-2.99 -2.93 290.14 232.96
-7.24 -6.35 285.85 229.52
-9.39 -8.07 290.14 232.96
-7.24 -6.35 285.85 229.52
-2.89 -2.85 290.14 232.96
-11.66 -4.60 294.49 236.45
-7.18 -6.37 298.91 240.00
-11.56 -4.60 294.49 236.45
-13.77 -6.37 298.91 240.00
-9.22 -6.37 303.39 240.00
-6.98 -4.60 298.91 236.45
-11.36 -2.85 294.49 232.96
-9.19 -1.13 290.14 229.52
-11.36 -2.85 294.49 232.96
-9.19 -1.13 290.14 229.52
-11.36 -2.85 294.49 232.96
-6.88 -4.60 298.91 236.45
-9.12 -6.37 303.39 240.00
-6.88 -4.60 298.91 236.45
-4.67 -2.85 294.49 232.96
-6.88 -4.60 298.91 236.45
-9.12 -6.37 303.39 240.00
-6.88 -4.60 298.91 236.45
-9.12 -6.37 303.39 240.00
-6.88 -4.60 298.91 236.45
-9.12 -6.37 303.39 240.00
-6.88 -4.60 298.91 236.45
-9.12 -6.37 303.39 240.00
-11.39 -6.37 307.94 240.00
-13.70 -6.37 312.56 240.00
-16.05 -6.37 317.25 240.00
-13.70 -4.60 312.56 236.45
-11.39 -2.85 307.94 232.96
-9.12 -1.13 303.39 229.52
-11.39 -2.85 307.94 232.96
-13.70 -9.89 312.56 236.45
-11.39 -2.93 307.94 232.96
-13.70 -9.97 312.56 236.45
-11.39 -8.23 307.94 232.96
-9.12 -6.50 303.39 229.52
-6.88 -4.81 298.91 226.12
-4.67 -3.14 294.49 222.78
-6.88 -4.81 298.91 226.12
-9.12 -6.50 303.39 229.52
-11.39 -3.01 307.94 232.96
-13.70 -4.75 312.56 236.45
-11.39 -3.01 307.94 232.96
-13.70 -4.75 312.56 236.45
