129.00 80.00 64.00 78.00
121.24 79.42 64.96 79.17
113.37 75.22 65.93 80.36
105.38 69.14 66.92 81.56
99.97 64.34 65.93 80.36
96.09 61.39 64.96 79.17
94.13 60.79 65.93 80.36
94.61 61.39 64.96 79.17
92.65 66.19 65.93 80.36
91.68 73.88 64.96 79.17
90.73 79.71 64.00 78.00
86.96 83.73 63.05 76.85
80.76 84.90 64.00 78.00
74.17 83.75 63.05 76.85
69.07 82.62 62.12 75.71
62.95 78.61 63.05 76.85
63.42 74.09 62.12 75.71
62.95 70.08 63.05 76.85
66.20 70.65 62.12 75.71
72.14 71.21 61.20 74.59
76.65 75.05 60.30 73.49
79.76 78.84 59.41 72.40
81.51 80.97 58.53 71.33
85.06 82.06 59.41 72.40
89.43 85.79 58.53 71.33
94.32 85.26 59.41 72.40
98.69 82.60 58.53 71.33
103.57 77.19 59.41 72.40
107.18 68.42 60.30 73.49
114.95 61.19 61.20 74.59
124.23 57.23 62.12 75.71
130.83 58.39 63.05 76.85
136.86 62.35 62.12 75.71
137.81 65.22 63.05 76.85
140.20 68.14 64.00 78.00
142.09 68.72 63.05 76.85
144.48 69.89 64.00 78.00
142.55 71.08 64.96 79.17
142.06 68.68 65.93 80.36
143.06 66.25 66.92 81.56
143.56 65.06 65.93 80.36
142.59 62.10 64.96 79.17
143.58 61.51 65.93 80.36
142.61 63.88 64.96 79.17
142.13 65.08 65.93 80.36
141.63 66.31 66.92 81.56
140.65 66.91 65.93 80.36
140.15 68.13 66.92 81.56
139.65 67.52 67.93 82.79
143.15 66.31 66.92 81.56
145.12 63.31 65.93 80.36
148.52 58.58 64.96 79.17
153.30 55.67 64.00 78.00
158.01 56.25 63.05 76.85
158.97 60.92 64.00 78.00
159.45 68.38 63.05 76.85
158.52 75.73 62.12 75.71
158.98 79.63 61.20 74.59
157.13 80.77 62.12 75.71
153.47 77.98 61.20 74.59
152.58 71.95 60.30 73.49
157.01 67.63 59.41 72.40
161.97 63.79 60.30 73.49
166.41 65.96 59.41 72.40
166.85 68.09 58.53 71.33
167.28 73.34 57.67 70.28
162.62 75.41 56.81 69.24
156.77 77.45 55.97 68.22
151.00 77.95 55.15 67.21
145.33 76.97 54.33 66.22
137.33 73.07 53.53 65.24
133.00 69.24 52.74 64.27
131.41 62.91 53.53 65.24
135.35 61.95 52.74 64.27
136.15 64.39 53.53 65.24
134.53 65.39 54.33 66.22
134.94 68.80 53.53 65.24
134.53 71.27 54.33 66.22
133.74 71.76 53.53 65.24
130.90 72.76 54.33 66.22
128.91 73.25 53.53 65.24
125.76 70.85 52.74 64.27
128.96 67.44 53.53 65.24
132.90 65.05 52.74 64.27
136.10 64.57 53.53 65.24
145.95 67.93 52.74 64.27
150.35 71.83 53.53 65.24
156.03 71.34 54.33 66.22
164.82 68.91 53.53 65.24
168.07 66.93 54.33 66.22
172.07 65.96 53.53 65.24
173.65 65.00 52.74 64.27
176.37 64.06 51.96 63.32
174.80 60.71 52.74 64.27
176.35 56.93 51.96 63.32
177.88 56.00 51.19 62.39
176.00 55.08 50.43 61.47
176.37 56.89 49.69 60.56
180.03 64.02 48.95 59.66
177.15 71.04 48.23 58.78
174.31 75.37 47.52 57.91
170.47 78.36 46.82 57.06
164.62 77.52 46.12 56.21
160.08 73.26 46.82 57.06
158.66 70.24 47.52 57.91
162.62 64.54 48.23 58.78
164.46 62.76 48.95 59.66
164.82 65.84 48.23 58.78
164.46 68.07 48.95 59.66
165.90 72.46 48.23 58.78
166.25 75.49 47.52 57.91
166.61 77.19 46.82 57.06
167.98 80.13 46.12 56.21
168.33 81.79 45.44 55.38
170.67 82.20 44.77 54.56
172.37 78.07 45.44 55.38
170.99 73.87 46.12 56.21
174.39 74.29 45.44 55.38
176.73 77.14 44.77 54.56
176.07 82.36 44.11 53.76
174.45 85.13 43.46 52.96
170.94 87.86 42.82 52.18
167.47 88.25 42.18 51.41
164.99 87.49 41.56 50.65
163.74 85.96 42.18 51.41
161.25 84.07 41.56 50.65
157.16 81.39 42.18 51.41
153.75 78.37 41.56 50.65
151.55 77.99 42.18 51.41
148.36 72.92 42.82 52.18
147.73 66.40 42.18 51.41
145.49 66.02 42.82 52.18
142.25 70.37 43.46 52.96
143.53 71.93 42.82 52.18
143.21 73.91 43.46 52.96
139.92 77.13 44.11 53.76
137.58 79.17 44.77 54.56
136.93 79.57 44.11 53.76
135.59 79.17 44.77 54.56
138.89 79.57 44.11 53.76
145.05 79.97 43.46 52.96
151.13 80.36 42.82 52.18
158.60 81.15 43.46 52.96
163.71 80.38 42.82 52.18
166.86 79.61 42.18 51.41
168.47 81.56 42.82 52.18
167.84 83.10 42.18 51.41
169.08 82.35 41.56 50.65
173.06 80.48 40.94 49.90
171.55 79.75 40.34 49.16
170.96 80.12 39.74 48.44
165.11 78.33 39.16 47.72
160.22 74.47 38.58 47.02
162.56 74.12 39.16 47.72
162.27 75.93 39.74 48.44
161.06 75.57 40.34 49.16
159.84 75.20 40.94 49.90
158.61 74.83 41.56 50.65
162.07 76.75 42.18 51.41
164.25 78.27 41.56 50.65
165.83 77.89 42.18 51.41
167.07 80.53 41.56 50.65
169.21 80.91 40.94 49.90
168.61 81.28 40.34 49.16
168.91 81.64 39.74 48.44
167.70 81.28 40.34 49.16
166.22 81.64 39.74 48.44
162.13 82.00 39.16 47.72
159.17 80.56 39.74 48.44
157.96 79.09 40.34 49.16
153.08 78.72 40.94 49.90
148.11 77.21 41.56 50.65
144.97 76.83 42.18 51.41
141.77 75.28 42.82 52.18
141.45 76.07 43.46 52.96
140.14 74.47 44.11 53.76
139.81 75.29 44.77 54.56
139.47 73.64 45.44 55.38
142.23 71.97 46.12 56.21
143.59 72.38 45.44 55.38
145.32 71.97 46.12 56.21
147.69 72.38 45.44 55.38
148.38 71.97 46.12 56.21
146.99 72.82 46.82 57.06
143.20 73.25 46.12 56.21
143.54 72.42 45.44 55.38
143.88 71.61 44.77 54.56
143.54 71.20 45.44 55.38
144.24 69.52 46.12 56.21
143.89 69.10 46.82 57.06
144.24 68.27 46.12 56.21
147.63 67.44 45.44 55.38
148.32 65.77 46.12 56.21
149.03 64.07 46.82 57.06
143.17 61.97 46.12 56.21
141.78 60.27 46.82 57.06
140.36 62.44 47.52 57.91
135.68 63.32 48.23 58.78
134.23 65.55 48.95 59.66
129.41 63.75 49.69 60.56
133.06 65.53 48.95 59.66
133.81 62.37 49.69 60.56
139.09 60.54 50.43 61.47
142.15 57.28 51.19 62.39
145.26 53.98 51.96 63.32
149.59 54.94 52.74 64.27
153.99 55.92 53.53 65.24
154.81 56.92 54.33 66.22
160.00 58.87 53.53 65.24
162.76 57.91 52.74 64.27
161.17 53.04 53.53 65.24
163.93 50.65 52.74 64.27
166.64 49.70 51.96 63.32
169.80 49.23 52.74 64.27
167.86 52.54 51.96 63.32
166.29 57.82 52.74 64.27
164.35 63.97 51.96 63.32
157.86 67.23 51.19 62.39
150.49 68.18 51.96 63.32
143.01 69.15 52.74 64.27
135.42 67.21 53.53 65.24
134.63 67.69 52.74 64.27
131.84 65.74 53.53 65.24
129.87 61.91 52.74 64.27
133.08 61.43 53.53 65.24
135.83 63.35 52.74 64.27
138.55 63.82 51.96 63.32
142.89 66.23 52.74 64.27
144.89 68.67 53.53 65.24
147.65 72.03 52.74 64.27
152.05 75.93 53.53 65.24
154.08 76.93 54.33 66.22
156.14 74.92 55.15 67.21
156.98 69.83 55.97 68.22
157.84 64.67 56.81 69.24
158.70 64.15 57.67 70.28
159.58 63.62 58.53 71.33
160.47 66.33 59.41 72.40
160.03 65.79 60.30 73.49
158.20 65.24 61.20 74.59
156.35 61.29 62.12 75.71
153.06 57.28 63.05 76.85
151.16 51.46 64.00 78.00
150.68 47.33 64.96 79.17
146.86 40.92 64.00 78.00
143.47 43.88 64.96 79.17
139.64 47.96 64.00 78.00
134.47 50.26 63.05 76.85
132.15 50.83 62.12 75.71
133.98 51.39 61.20 74.59
134.43 51.94 60.30 73.49
133.55 52.48 59.41 72.40
132.68 53.02 58.53 71.33
131.82 53.55 57.67 70.28
133.52 50.96 56.81 69.24
136.44 53.00 55.97 68.22
138.09 56.52 55.15 67.21
140.93 61.46 54.33 66.22
141.33 66.34 53.53 65.24
140.93 68.81 54.33 66.22
142.53 72.23 53.53 65.24
138.48 71.74 54.33 66.22
139.31 65.22 55.15 67.21
141.40 57.07 55.97 68.22
144.80 50.36 56.81 69.24
148.98 53.93 55.97 68.22
149.83 58.07 56.81 69.24
149.41 62.27 57.67 70.28
148.56 65.89 56.81 69.24
146.84 66.95 57.67 70.28
146.00 69.02 56.81 69.24
146.42 69.53 55.97 68.22
146.00 67.47 56.81 69.24
148.93 67.98 55.97 68.22
148.51 67.47 56.81 69.24
143.91 66.45 55.97 68.22
139.38 66.95 55.15 67.21
137.36 68.93 54.33 66.22
132.96 67.96 53.53 65.24
126.47 67.47 54.33 66.22
122.08 66.50 53.53 65.24
116.81 66.01 54.33 66.22
113.61 65.04 53.53 65.24
117.55 65.52 52.74 64.27
118.36 62.12 53.53 65.24
120.39 57.18 54.33 66.22
124.39 57.67 53.53 65.24
126.42 61.63 54.33 66.22
130.42 66.50 53.53 65.24
134.36 72.74 52.74 64.27
140.57 73.22 51.96 63.32
147.83 70.89 51.19 62.39
151.60 67.22 50.43 61.47
154.66 62.57 51.19 62.39
157.30 58.90 50.43 61.47
159.21 57.04 51.19 62.39
161.16 55.15 51.96 63.32
162.69 55.62 51.19 62.39
161.94 57.46 50.43 61.47
161.56 58.39 51.19 62.39
161.18 60.76 51.96 63.32
156.97 62.63 51.19 62.39
155.09 64.47 50.43 61.47
154.71 65.40 51.19 62.39
150.84 63.52 51.96 63.32
150.45 63.04 52.74 64.27
148.85 61.10 53.53 65.24
148.45 60.61 54.33 66.22
148.04 61.62 55.15 67.21
146.38 62.64 55.97 68.22
145.96 63.68 56.81 69.24
148.11 63.16 57.67 70.28
151.09 65.23 56.81 69.24
150.66 64.71 57.67 70.28
151.09 65.23 56.81 69.24
152.76 67.27 55.97 68.22
151.94 70.79 55.15 67.21
148.69 75.73 54.33 66.22
147.05 79.75 55.15 67.21
148.68 83.22 54.33 66.22
149.08 86.63 53.53 65.24
146.24 89.11 54.33 66.22
142.13 87.10 55.15 67.21
141.71 83.54 55.97 68.22
143.36 82.54 55.15 67.21
141.34 80.07 54.33 66.22
142.16 76.56 55.15 67.21
146.22 75.58 54.33 66.22
148.29 75.08 55.15 67.21
152.35 77.06 54.33 66.22
156.34 77.55 53.53 65.24
157.16 77.06 54.33 66.22
159.96 77.55 53.53 65.24
161.99 77.06 54.33 66.22
162.39 73.17 53.53 65.24
160.77 69.71 54.33 66.22
158.78 68.74 53.53 65.24
153.51 65.28 54.33 66.22
150.31 67.23 53.53 65.24
145.04 69.71 54.33 66.22
140.93 72.22 55.15 67.21
136.47 74.20 54.33 66.22
133.59 75.21 55.15 67.21
129.13 77.19 54.33 66.22
123.78 76.70 55.15 67.21
122.97 77.19 54.33 66.22
119.78 74.76 53.53 65.24
120.59 69.82 54.33 66.22
123.39 68.85 53.53 65.24
126.15 70.77 52.74 64.27
128.87 74.08 51.96 63.32
132.69 78.74 51.19 62.39
138.72 84.71 50.43 61.47
143.54 87.88 49.69 60.56
149.39 88.33 48.95 59.66
152.36 86.52 49.69 60.56
158.21 84.30 48.95 59.66
165.64 82.49 49.69 60.56
168.66 83.42 50.43 61.47
172.37 85.23 49.69 60.56
174.93 89.68 48.95 59.66
174.56 91.95 49.69 60.56
172.73 93.73 48.95 59.66
168.77 92.86 48.23 58.78
164.03 89.74 48.95 59.66
163.31 87.55 48.23 58.78
160.75 87.11 48.95 59.66
157.87 87.55 48.23 58.78
155.32 87.11 48.95 59.66
156.76 86.23 48.23 58.78
155.30 85.79 48.95 59.66
153.50 87.55 48.23 58.78
150.95 88.45 48.95 59.66
147.24 86.64 49.69 60.56
146.51 87.09 48.95 59.66
146.15 86.64 49.69 60.56
145.42 87.09 48.95 59.66
145.05 83.93 49.69 60.56
147.61 83.04 48.95 59.66
148.36 81.24 49.69 60.56
150.24 80.78 50.43 61.47
156.18 82.59 49.69 60.56
161.46 84.89 50.43 61.47
164.52 87.23 51.19 62.39
166.46 89.59 51.96 63.32
167.99 91.46 51.19 62.39
169.94 90.99 51.96 63.32
171.91 89.08 52.74 64.27
173.46 86.72 51.96 63.32
173.85 85.79 51.19 62.39
174.22 84.87 50.43 61.47
174.60 85.32 49.69 60.56
177.16 84.44 48.95 59.66
176.79 79.92 49.69 60.56
180.94 76.71 50.43 61.47
184.65 78.52 49.69 60.56
185.02 80.31 48.95 59.66
186.46 83.38 48.23 58.78
190.01 86.41 47.52 57.91
190.36 89.39 46.82 57.06
187.88 88.96 47.52 57.91
186.13 89.39 46.82 57.06
183.65 87.67 47.52 57.91
181.91 86.82 46.82 57.06
176.23 85.09 47.52 57.91
173.72 84.66 48.23 58.78
173.35 85.55 48.95 59.66
173.72 85.99 48.23 58.78
172.26 85.55 48.95 59.66
170.78 85.11 49.69 60.56
167.02 83.27 50.43 61.47
163.20 78.62 51.19 62.39
161.65 75.32 51.96 63.32
162.03 72.99 51.19 62.39
158.16 71.10 51.96 63.32
163.67 69.19 52.74 64.27
166.88 70.17 53.53 65.24
170.13 72.64 54.33 66.22
174.12 76.06 53.53 65.24
175.70 77.98 52.74 64.27
179.58 78.45 51.96 63.32
181.56 77.98 52.74 64.27
179.96 77.50 53.53 65.24
176.81 76.54 52.74 64.27
176.04 75.60 51.96 63.32
175.65 72.24 52.74 64.27
172.86 73.22 53.53 65.24
170.89 75.14 52.74 64.27
170.11 79.87 51.96 63.32
167.36 82.28 52.74 64.27
165.42 84.17 51.96 63.32
160.31 82.26 52.74 64.27
156.04 79.89 51.96 63.32
153.29 77.98 52.74 64.27
151.35 75.62 51.96 63.32
148.30 74.69 51.19 62.39
146.75 74.22 51.96 63.32
143.69 74.69 51.19 62.39
142.14 74.22 51.96 63.32
142.53 77.48 51.19 62.39
144.04 79.32 50.43 61.47
147.10 78.86 51.19 62.39
152.00 77.94 50.43 61.47
156.20 78.88 51.19 62.39
161.10 77.96 50.43 61.47
165.31 76.11 51.19 62.39
169.08 76.57 50.43 61.47
172.79 74.31 49.69 60.56
173.55 75.23 50.43 61.47
176.14 78.40 49.69 60.56
176.51 81.52 48.95 59.66
175.03 85.14 49.69 60.56
173.21 88.26 48.95 59.66
172.49 90.02 48.23 58.78
169.93 90.91 48.95 59.66
168.13 91.35 48.23 58.78
164.23 87.90 47.52 57.91
162.79 83.51 48.23 58.78
158.05 81.73 48.95 59.66
154.34 82.64 49.69 60.56
150.32 85.76 48.95 59.66
146.61 86.67 49.69 60.56
146.98 87.12 48.95 59.66
144.39 85.32 49.69 60.56
141.76 84.86 50.43 61.47
140.23 84.40 51.19 62.39
138.68 83.93 51.96 63.32
136.77 83.00 51.19 62.39
134.06 82.54 51.96 63.32
132.49 82.06 52.74 64.27
129.39 81.12 51.96 63.32
