306.00 5.00 95.00 65.00
310.90 22.69 93.60 64.04
314.45 45.51 95.00 65.00
320.22 73.10 96.42 65.98
326.07 105.61 97.87 66.96
329.79 138.60 99.34 67.97
328.33 157.10 97.87 66.96
320.41 150.21 96.42 65.98
315.30 127.21 97.87 66.96
313.87 99.63 96.42 65.98
301.81 76.82 95.00 65.00
277.36 57.22 93.60 64.04
251.12 45.09 95.00 65.00
235.05 36.96 93.60 64.04
217.32 32.11 95.00 65.00
205.44 32.59 93.60 64.04
204.07 40.13 92.21 63.09
205.47 52.57 93.60 64.04
214.43 71.42 92.21 63.09
222.12 93.90 93.60 64.04
229.93 116.71 95.00 65.00
242.18 135.44 96.42 65.98
251.40 135.92 95.00 65.00
259.33 114.75 96.42 65.98
273.95 84.25 97.87 66.96
283.32 64.06 96.42 65.98
279.77 45.62 95.00 65.00
263.70 31.75 93.60 64.04
245.80 23.74 92.21 63.09
238.35 20.03 90.85 62.16
237.01 20.49 89.51 61.24
239.65 27.70 88.18 60.34
249.01 35.48 89.51 61.24
262.59 50.34 90.85 62.16
279.30 71.38 89.51 61.24
303.05 98.76 90.85 62.16
329.22 127.98 92.21 63.09
351.59 159.06 93.60 64.04
372.94 180.73 92.21 63.09
389.90 185.38 90.85 62.16
409.87 172.19 92.21 63.09
425.95 151.64 93.60 64.04
426.64 133.74 92.21 63.09
404.99 118.92 93.60 64.04
370.24 111.16 95.00 65.00
345.78 107.34 93.60 64.04
334.08 102.16 92.21 63.09
324.58 98.44 90.85 62.16
317.24 96.16 89.51 61.24
314.53 95.70 90.85 62.16
315.20 103.02 89.51 61.24
322.67 113.70 90.85 62.16
337.38 131.99 89.51 61.24
342.81 151.03 90.85 62.16
347.49 166.58 89.51 61.24
348.85 163.33 90.85 62.16
354.37 144.49 92.21 63.09
370.45 125.37 93.60 64.04
384.65 101.59 95.00 65.00
391.64 77.69 93.60 64.04
392.33 52.72 92.21 63.09
376.73 30.91 90.85 62.16
357.35 14.91 89.51 61.24
348.14 5.90 88.18 60.34
346.84 2.35 86.88 59.45
345.57 1.48 85.60 58.57
342.98 5.03 86.88 59.45
340.35 12.70 88.18 60.34
344.89 25.13 86.88 59.45
354.12 40.90 88.18 60.34
365.49 59.65 89.51 61.24
