177.00 51.00 21.00 129.00
177.16 51.95 20.69 127.09
177.00 51.00 21.00 129.00
176.69 51.95 20.69 127.09
176.54 51.00 21.00 129.00
176.69 51.95 20.69 127.09
176.39 52.89 20.38 125.22
176.24 51.95 20.69 127.09
175.93 52.89 20.38 125.22
176.08 53.82 20.08 123.36
175.47 52.89 20.38 125.22
175.32 51.95 20.69 127.09
175.02 52.89 20.38 125.22
175.17 53.82 20.08 123.36
174.56 52.89 20.38 125.22
174.41 51.95 20.69 127.09
174.25 51.00 21.00 129.00
173.95 51.95 20.69 127.09
174.10 52.89 20.38 125.22
173.80 53.82 20.08 123.36
173.95 57.45 19.79 121.54
173.66 58.35 19.49 119.75
173.80 59.23 19.21 117.98
173.52 60.11 18.92 116.23
173.24 60.97 18.64 114.51
172.68 62.71 18.92 116.23
172.11 61.84 19.21 117.98
171.82 62.71 18.92 116.23
171.55 63.57 18.64 114.51
171.68 66.94 18.37 112.82
171.01 67.78 18.10 111.16
170.74 68.60 17.83 109.51
170.20 67.78 18.10 111.16
169.66 66.94 18.37 112.82
170.35 71.23 18.64 114.51
170.49 74.60 18.37 112.82
170.35 73.75 18.64 114.51
170.49 74.60 18.37 112.82
170.77 73.75 18.64 114.51
170.50 74.60 18.37 112.82
170.36 73.75 18.64 114.51
170.50 74.60 18.37 112.82
172.03 81.45 18.64 114.51
172.58 84.82 18.37 112.82
173.12 85.66 18.10 111.16
174.05 88.93 17.83 109.51
174.97 92.16 17.56 107.89
176.65 95.33 17.30 106.30
175.63 60.93 17.05 104.73
178.02 59.39 16.80 103.18
179.62 60.16 16.55 101.66
181.57 60.91 16.30 100.15
174.78 101.14 16.55 101.66
172.77 100.38 16.80 103.18
172.16 103.42 16.55 101.66
170.90 102.66 16.80 103.18
169.91 103.42 16.55 101.66
169.31 106.42 16.30 100.15
169.43 107.16 16.06 98.67
169.90 107.88 15.83 97.22
169.42 107.16 16.06 98.67
168.57 106.42 16.30 100.15
168.08 105.66 16.55 101.66
167.95 104.90 16.80 103.18
168.82 105.66 16.55 101.66
169.07 102.59 16.80 103.18
169.94 103.35 16.55 101.66
170.94 100.28 16.80 103.18
171.44 101.04 16.55 101.66
171.92 99.55 16.30 100.15
172.17 96.52 16.55 101.66
171.56 95.03 16.30 100.15
171.07 92.00 16.55 101.66
170.57 88.93 16.80 103.18
169.30 83.46 17.05 104.73
168.78 80.30 17.30 106.30
168.26 74.66 17.56 107.89
166.93 66.50 17.83 109.51
165.88 60.05 17.56 107.89
164.85 56.09 17.30 106.30
164.33 55.29 17.56 107.89
163.68 48.95 17.30 106.30
163.55 45.73 17.56 107.89
163.29 41.77 17.30 106.30
164.57 40.21 17.05 104.73
165.44 36.36 16.80 103.18
166.31 34.84 16.55 101.66
167.53 33.35 16.30 100.15
168.73 31.88 16.06 98.67
171.68 28.25 15.83 97.22
173.00 25.32 16.06 98.67
172.15 24.58 16.30 100.15
171.66 28.38 16.55 101.66
174.92 32.24 16.80 103.18
176.71 33.81 17.05 104.73
176.45 36.90 16.80 103.18
168.31 33.78 17.05 104.73
168.06 29.93 16.80 103.18
167.81 26.14 16.55 101.66
170.49 24.64 16.30 100.15
172.59 21.61 16.55 101.66
175.64 22.37 16.30 100.15
177.92 18.69 16.06 98.67
181.45 17.95 16.30 100.15
185.17 18.69 16.06 98.67
186.51 15.70 16.30 100.15
188.79 12.02 16.06 98.67
190.13 38.20 16.30 100.15
190.25 38.94 16.06 98.67
188.67 38.20 16.30 100.15
186.99 36.73 16.06 98.67
184.68 29.26 16.30 100.15
186.59 34.42 16.06 98.67
184.65 29.20 16.30 100.15
184.77 29.94 16.06 98.67
185.24 30.66 15.83 97.22
186.20 29.94 16.06 98.67
186.68 30.66 15.83 97.22
187.14 31.38 15.59 95.78
187.95 32.09 15.36 94.36
188.74 32.79 15.13 92.97
188.97 34.20 15.36 94.36
189.20 35.64 15.59 95.78
190.50 34.92 15.83 97.22
189.66 27.56 16.06 98.67
190.85 26.12 15.83 97.22
192.89 27.60 16.06 98.67
192.77 26.86 16.30 100.15
193.61 25.39 16.06 98.67
194.08 21.76 15.83 97.22
196.48 21.03 16.06 98.67
198.19 22.53 16.30 100.15
198.80 24.06 16.55 101.66
198.20 27.06 16.30 100.15
199.76 32.22 16.06 98.67
199.52 37.30 15.83 97.22
198.94 40.16 15.59 95.78
198.02 42.99 15.36 94.36
196.86 46.57 15.59 95.78
192.84 41.50 15.83 97.22
185.17 14.24 16.06 98.67
186.70 10.62 15.83 97.22
188.22 24.21 15.59 95.78
189.87 30.02 15.83 97.22
186.15 32.89 15.59 95.78
187.98 33.59 15.36 94.36
186.06 32.21 15.13 92.97
186.51 32.90 14.91 91.59
187.41 34.29 15.13 92.97
188.19 37.03 14.91 91.59
188.08 38.42 15.13 92.97
188.31 37.73 15.36 94.36
188.20 39.17 15.59 95.78
189.69 44.10 15.36 94.36
189.92 45.54 15.59 95.78
190.16 44.82 15.83 97.22
190.40 46.30 16.06 98.67
190.17 42.67 15.83 97.22
191.49 41.95 16.06 98.67
192.46 41.21 16.30 100.15
194.38 44.16 16.06 98.67
194.63 43.42 16.30 100.15
195.11 41.95 16.06 98.67
198.27 47.94 16.30 100.15
198.03 46.47 16.06 98.67
198.28 50.21 16.30 100.15
200.38 51.74 16.55 101.66
200.50 54.73 16.30 100.15
199.54 57.68 16.06 98.67
198.24 58.41 15.83 97.22
197.41 48.84 16.06 98.67
196.46 45.22 15.83 97.22
191.67 75.43 16.06 98.67
188.99 76.93 16.30 100.15
184.05 44.30 16.55 101.66
185.80 43.54 16.80 103.18
185.68 59.19 17.05 104.73
184.68 59.96 16.80 103.18
183.79 59.19 17.05 104.73
183.54 62.27 16.80 103.18
179.58 60.76 16.55 101.66
177.95 57.69 16.80 103.18
178.59 56.91 17.05 104.73
178.85 56.13 17.30 106.30
179.51 55.33 17.56 107.89
180.17 54.52 17.83 109.51
181.66 53.70 18.10 111.16
181.94 50.34 18.37 112.82
183.05 46.93 18.64 114.51
184.61 48.67 18.92 116.23
187.67 52.10 18.64 114.51
189.87 55.47 18.37 112.82
192.43 58.79 18.10 111.16
193.53 57.96 18.37 112.82
194.88 61.28 18.10 111.16
196.61 64.56 17.83 109.51
198.32 67.78 17.56 107.89
199.23 68.58 17.30 106.30
200.50 71.71 17.05 104.73
201.15 73.31 17.30 106.30
202.04 76.44 17.05 104.73
202.30 75.65 17.30 106.30
202.56 77.27 17.56 107.89
203.08 80.45 17.30 106.30
202.56 79.65 17.56 107.89
202.30 82.83 17.30 106.30
202.04 85.96 17.05 104.73
201.42 89.05 16.80 103.18
201.17 89.81 16.55 101.66
200.56 92.81 16.30 100.15
199.60 95.76 16.06 98.67
199.01 98.66 15.83 97.22
198.43 101.53 15.59 95.78
197.86 104.35 15.36 94.36
197.29 107.13 15.13 92.97
