74.00 86.00 56.00 48.00
74.41 86.35 55.17 47.29
73.60 86.70 54.36 46.59
72.81 87.05 53.55 45.90
72.02 86.37 52.76 45.22
72.41 86.71 51.98 44.56
70.84 85.36 52.76 45.22
71.64 82.97 53.55 45.90
71.24 79.49 54.36 46.59
69.24 75.72 53.55 45.90
68.46 75.05 52.76 45.22
67.68 76.38 51.98 44.56
68.07 76.71 51.21 43.90
67.31 77.03 50.46 43.25
67.69 78.31 49.71 42.61
66.96 79.56 48.98 41.98
65.48 82.11 49.71 42.61
65.10 83.73 50.46 43.25
63.58 83.41 51.21 43.90
62.03 85.07 51.98 44.56
61.27 87.37 51.21 43.90
60.51 89.63 50.46 43.25
59.77 91.86 49.71 42.61
57.95 94.05 48.98 41.98
58.31 94.36 48.25 41.36
58.67 94.67 47.54 40.75
59.02 94.97 46.84 40.15
59.36 94.38 46.15 39.55
58.69 94.67 45.46 38.97
58.34 96.15 46.15 39.55
58.00 94.06 46.84 40.15
59.78 91.02 47.54 40.75
54.02 98.13 48.25 41.36
53.65 97.81 48.98 41.98
54.02 99.05 48.25 41.36
55.44 99.36 47.54 40.75
56.84 99.66 46.84 40.15
56.49 101.18 47.54 40.75
57.89 102.38 46.84 40.15
59.27 103.57 46.15 39.55
64.70 94.26 45.46 38.97
67.04 97.12 44.79 38.39
67.37 97.41 44.13 37.83
67.70 98.52 43.48 37.27
68.02 99.62 42.84 36.72
69.28 102.32 42.20 36.17
70.53 103.39 41.58 35.64
71.75 104.44 40.96 35.11
73.86 105.47 40.36 34.59
75.05 104.96 39.76 34.08
76.22 105.22 39.17 33.58
78.24 104.72 38.60 33.08
80.23 105.70 38.03 32.59
79.94 107.68 38.60 33.08
81.93 107.92 38.03 32.59
83.89 108.16 37.46 32.11
85.82 109.11 36.91 31.64
87.72 108.64 36.36 31.17
91.20 107.50 35.83 30.71
93.05 108.40 35.30 30.25
94.87 109.29 34.78 29.81
96.66 110.83 34.26 29.37
98.42 111.69 33.76 28.93
97.93 113.19 33.26 28.51
96.71 114.65 32.77 28.08
97.67 115.48 32.28 27.67
99.34 117.52 31.80 27.26
100.97 118.32 31.33 26.86
114.27 108.96 31.80 27.26
117.32 109.16 31.33 26.86
119.93 108.96 31.80 27.26
123.31 107.52 32.28 27.67
125.27 104.79 32.77 28.08
126.96 103.76 32.28 27.67
127.20 111.90 31.80 27.26
130.94 110.90 31.33 26.86
133.55 110.09 31.80 27.26
138.00 110.29 31.33 26.86
141.69 111.08 30.87 26.46
143.28 111.28 30.41 26.07
146.19 111.47 29.96 25.68
149.06 112.23 29.52 25.30
150.85 112.04 29.96 25.68
153.35 112.43 30.41 26.07
154.92 114.35 29.96 25.68
155.80 115.10 29.52 25.30
159.27 115.85 29.09 24.93
161.42 114.93 28.66 24.56
164.16 113.49 28.23 24.20
167.48 111.53 27.82 23.84
172.60 111.18 27.40 23.49
175.22 110.32 27.00 23.14
178.40 109.98 26.60 22.80
180.94 109.14 26.21 22.46
184.03 108.81 25.82 22.13
187.07 108.97 25.44 21.80
189.77 109.31 25.82 22.13
191.67 109.96 25.44 21.80
193.79 109.79 25.82 22.13
195.95 110.63 26.21 22.46
198.45 112.29 25.82 22.13
200.35 113.43 25.44 21.80
202.23 114.55 25.06 21.48
203.52 115.18 24.69 21.16
204.79 114.87 24.33 20.85
207.12 115.03 23.97 20.54
209.94 114.73 23.61 20.24
212.20 114.43 23.26 19.94
213.61 113.83 23.61 20.24
214.51 113.21 23.97 20.54
215.96 112.59 24.33 20.85
217.99 111.49 24.69 21.16
221.17 110.85 25.06 21.48
224.68 110.53 24.69 21.16
227.86 110.37 25.06 21.48
229.95 109.72 25.44 21.80
231.50 109.56 25.82 22.13
234.83 109.39 26.21 22.46
238.80 109.23 26.60 22.80
244.28 109.90 26.21 22.46
248.52 110.06 25.82 22.13
250.68 110.40 26.21 22.46
253.76 111.06 25.82 22.13
257.94 111.23 25.44 21.80
261.22 111.06 25.82 22.13
265.40 111.23 25.44 21.80
268.96 110.91 25.06 21.48
