139.00 112.00 51.00 36.00
138.62 113.37 51.76 36.54
139.00 116.06 51.00 36.00
138.62 116.60 51.76 36.54
139.00 118.49 51.00 36.00
138.62 119.04 51.76 36.54
139.00 120.11 51.00 36.00
138.62 119.84 51.76 36.54
139.00 120.11 51.00 36.00
138.62 119.84 51.76 36.54
139.00 120.11 51.00 36.00
138.62 119.84 51.76 36.54
136.72 120.11 51.00 36.00
136.33 119.84 51.76 36.54
136.72 120.11 51.00 36.00
136.33 119.02 51.76 36.54
136.72 118.49 51.00 36.00
136.33 118.22 51.76 36.54
136.72 117.68 51.00 36.00
136.33 116.59 51.76 36.54
136.72 116.06 51.00 36.00
137.09 116.32 50.25 35.47
136.72 115.25 51.00 36.00
136.33 114.16 51.76 36.54
136.72 114.43 51.00 36.00
136.33 113.34 51.76 36.54
136.72 112.81 51.00 36.00
137.49 111.72 51.76 36.54
137.87 111.99 51.00 36.00
138.65 110.90 51.76 36.54
139.03 110.36 51.00 36.00
139.81 109.27 51.76 36.54
139.42 109.00 52.54 37.09
140.97 109.27 51.76 36.54
141.35 109.54 51.00 36.00
142.13 109.27 51.76 36.54
142.92 108.17 52.54 37.09
145.63 107.63 51.76 36.54
146.42 106.52 52.54 37.09
148.41 106.24 53.33 37.64
151.16 106.52 52.54 37.09
154.35 106.24 53.33 37.64
157.10 106.52 52.54 37.09
160.29 107.09 53.33 37.64
162.31 107.66 54.13 38.21
164.37 108.24 54.94 38.78
165.20 109.71 55.77 39.36
166.85 110.87 54.94 38.78
168.93 109.70 55.77 39.36
170.57 109.12 54.94 38.78
172.66 107.07 55.77 39.36
174.78 104.09 56.60 39.95
177.69 103.50 55.77 39.36
178.54 101.42 56.60 39.95
179.41 100.21 57.45 40.55
181.10 99.61 56.60 39.95
180.67 98.41 57.45 40.55
182.37 96.91 56.60 39.95
183.23 96.62 57.45 40.55
182.80 96.31 58.31 41.16
184.52 97.52 57.45 40.55
186.21 97.82 56.60 39.95
185.78 98.43 57.45 40.55
185.35 99.05 58.31 41.16
186.24 98.74 59.19 41.78
186.68 99.97 58.31 41.16
184.92 99.66 59.19 41.78
185.35 99.97 58.31 41.16
184.92 100.60 59.19 41.78
185.35 100.91 58.31 41.16
185.78 101.21 57.45 40.55
185.35 100.91 58.31 41.16
184.92 100.60 59.19 41.78
184.05 100.91 58.31 41.16
183.61 99.66 59.19 41.78
182.74 99.97 58.31 41.16
180.98 99.66 59.19 41.78
181.42 100.89 58.31 41.16
179.65 100.59 59.19 41.78
180.09 99.97 58.31 41.16
179.23 100.28 57.45 40.55
177.50 99.05 58.31 41.16
176.64 99.35 57.45 40.55
174.90 98.13 58.31 41.16
175.33 98.43 57.45 40.55
173.60 98.13 58.31 41.16
172.74 98.43 57.45 40.55
171.00 98.13 58.31 41.16
170.15 97.52 57.45 40.55
170.57 96.93 56.60 39.95
169.74 98.11 55.77 39.36
168.06 98.71 56.60 39.95
167.63 98.41 57.45 40.55
168.06 99.60 56.60 39.95
166.34 99.30 57.45 40.55
165.91 99.92 58.31 41.16
166.34 101.13 57.45 40.55
165.91 100.83 58.31 41.16
166.34 102.04 57.45 40.55
165.91 101.74 58.31 41.16
165.48 101.43 59.19 41.78
165.91 101.74 58.31 41.16
165.48 100.49 59.19 41.78
164.61 99.88 58.31 41.16
162.84 99.57 59.19 41.78
161.97 99.88 58.31 41.16
162.41 101.09 57.45 40.55
160.67 100.79 58.31 41.16
160.23 100.48 59.19 41.78
160.67 100.79 58.31 41.16
161.10 101.09 57.45 40.55
160.67 101.71 58.31 41.16
160.23 101.40 59.19 41.78
160.67 101.71 58.31 41.16
158.91 101.40 59.19 41.78
159.34 100.79 58.31 41.16
158.91 99.54 59.19 41.78
159.34 99.85 58.31 41.16
159.77 99.25 57.45 40.55
159.34 98.94 58.31 41.16
159.77 98.34 57.45 40.55
160.20 97.74 56.60 39.95
160.62 97.16 55.77 39.36
160.20 95.07 56.60 39.95
160.62 93.60 55.77 39.36
161.03 93.02 54.94 38.78
161.43 91.60 54.13 38.21
161.03 90.44 54.94 38.78
160.62 89.27 55.77 39.36
161.03 88.69 54.94 38.78
161.43 87.27 54.13 38.21
161.03 86.11 54.94 38.78
162.65 85.54 54.13 38.21
162.24 84.39 54.94 38.78
162.65 83.82 54.13 38.21
162.24 82.66 54.94 38.78
163.86 82.95 54.13 38.21
163.45 81.79 54.94 38.78
163.86 81.23 54.13 38.21
164.26 81.51 53.33 37.64
164.65 80.95 52.54 37.09
165.45 79.83 53.33 37.64
165.85 80.11 52.54 37.09
165.45 78.99 53.33 37.64
165.05 77.85 54.13 38.21
165.45 78.13 53.33 37.64
165.05 77.00 54.13 38.21
165.45 77.28 53.33 37.64
165.05 77.00 54.13 38.21
165.45 77.28 53.33 37.64
165.85 77.56 52.54 37.09
164.26 77.28 53.33 37.64
164.65 76.73 52.54 37.09
164.26 75.60 53.33 37.64
165.83 75.05 52.54 37.09
165.44 73.93 53.33 37.64
165.83 74.21 52.54 37.09
165.44 73.93 53.33 37.64
167.01 74.21 52.54 37.09
166.61 73.93 53.33 37.64
167.01 74.21 52.54 37.09
166.61 73.93 53.33 37.64
167.01 74.21 52.54 37.09
166.61 73.93 53.33 37.64
166.21 72.79 54.13 38.21
166.61 73.07 53.33 37.64
167.01 73.35 52.54 37.09
167.40 73.63 51.77 36.54
167.01 73.35 52.54 37.09
167.40 73.63 51.77 36.54
167.01 73.35 52.54 37.09
166.61 75.60 53.33 37.64
166.21 77.03 54.13 38.21
165.81 76.75 54.94 38.78
166.21 77.03 54.13 38.21
165.81 76.75 54.94 38.78
166.21 79.60 54.13 38.21
165.81 79.31 54.94 38.78
165.40 79.91 55.77 39.36
165.81 81.07 54.94 38.78
165.40 80.77 55.77 39.36
164.98 81.37 56.60 39.95
164.55 81.98 57.45 40.55
164.98 84.07 56.60 39.95
164.55 84.68 57.45 40.55
164.12 85.30 58.31 41.16
165.01 85.93 59.19 41.78
165.45 88.08 58.31 41.16
165.88 89.29 57.45 40.55
165.45 89.91 58.31 41.16
165.01 91.47 59.19 41.78
164.57 92.11 60.08 42.41
165.01 94.29 59.19 41.78
165.91 94.93 60.08 42.41
166.36 96.18 59.19 41.78
165.91 96.82 60.08 42.41
166.36 98.07 59.19 41.78
165.91 97.75 60.08 42.41
165.46 98.40 60.98 43.04
165.91 99.67 60.08 42.41
165.46 100.31 60.98 43.04
165.00 100.97 61.89 43.69
165.46 102.26 60.98 43.04
165.00 102.91 61.89 43.69
164.54 103.58 62.82 44.34
165.50 104.25 63.76 45.01
165.97 106.57 62.82 44.34
166.43 107.88 61.89 43.69
165.97 107.55 62.82 44.34
165.50 108.23 63.76 45.01
165.02 108.91 64.72 45.68
165.50 110.26 63.76 45.01
165.97 112.58 62.82 44.34
165.50 113.25 63.76 45.01
165.02 113.94 64.72 45.68
165.50 116.29 63.76 45.01
165.02 116.98 64.72 45.68
165.50 119.33 63.76 45.01
165.02 121.04 64.72 45.68
164.53 121.74 65.69 46.37
164.04 123.50 66.67 47.06
164.53 124.88 65.69 46.37
165.02 126.25 64.72 45.68
164.53 126.95 65.69 46.37
164.04 127.65 66.67 47.06
164.53 128.00 65.69 46.37
165.02 129.37 64.72 45.68
164.53 130.06 65.69 46.37
164.04 129.71 66.67 47.06
164.53 131.10 65.69 46.37
164.04 130.75 66.67 47.06
164.53 132.14 65.69 46.37
164.04 131.79 66.67 47.06
164.53 132.14 65.69 46.37
164.04 131.79 66.67 47.06
164.53 132.14 65.69 46.37
164.04 131.79 66.67 47.06
164.53 132.14 65.69 46.37
164.04 130.74 66.67 47.06
164.53 130.05 65.69 46.37
165.02 129.37 64.72 45.68
164.07 127.69 63.76 45.01
164.54 126.03 62.82 44.34
164.07 122.68 63.76 45.01
164.54 121.02 62.82 44.34
162.64 118.67 63.76 45.01
163.11 117.02 62.82 44.34
163.58 115.39 61.89 43.69
164.03 113.78 60.98 43.04
163.58 112.48 61.89 43.69
164.03 110.88 60.98 43.04
163.58 109.58 61.89 43.69
165.40 109.90 60.98 43.04
164.94 108.60 61.89 43.69
165.40 108.92 60.98 43.04
163.56 107.62 61.89 43.69
164.01 107.94 60.98 43.04
162.17 106.64 61.89 43.69
162.63 106.00 60.98 43.04
161.73 106.32 60.08 42.41
159.91 105.03 60.98 43.04
160.37 104.40 60.08 42.41
158.55 103.12 60.98 43.04
159.00 101.54 60.08 42.41
159.44 100.92 59.19 41.78
160.35 99.65 60.08 42.41
160.79 98.09 59.19 41.78
161.23 97.48 58.31 41.16
160.79 95.30 59.19 41.78
160.35 94.04 60.08 42.41
160.79 93.41 59.19 41.78
160.35 92.15 60.08 42.41
160.79 92.46 59.19 41.78
161.69 92.15 60.08 42.41
161.24 91.83 60.98 43.04
161.69 92.15 60.08 42.41
163.46 92.46 59.19 41.78
163.02 92.15 60.08 42.41
162.57 90.87 60.98 43.04
164.36 91.19 60.08 42.41
163.91 90.87 60.98 43.04
165.71 91.19 60.08 42.41
165.26 90.87 60.98 43.04
165.71 91.19 60.08 42.41
165.26 90.87 60.98 43.04
165.71 91.19 60.08 42.41
165.26 90.87 60.98 43.04
165.71 91.19 60.08 42.41
165.26 90.87 60.98 43.04
165.71 91.19 60.08 42.41
165.26 90.87 60.98 43.04
165.71 91.19 60.08 42.41
165.26 90.87 60.98 43.04
165.71 91.19 60.08 42.41
165.26 91.83 60.98 43.04
165.71 92.15 60.08 42.41
163.89 91.83 60.98 43.04
164.34 92.15 60.08 42.41
163.89 92.80 60.98 43.04
164.34 93.12 60.08 42.41
163.89 92.80 60.98 43.04
164.34 93.12 60.08 42.41
163.89 92.80 60.98 43.04
164.34 93.12 60.08 42.41
163.89 92.80 60.98 43.04
165.69 93.12 60.08 42.41
165.24 92.80 60.98 43.04
165.69 92.17 60.08 42.41
165.24 91.85 60.98 43.04
165.69 92.17 60.08 42.41
166.13 92.48 59.19 41.78
165.69 92.17 60.08 42.41
166.60 91.85 60.98 43.04
167.05 91.22 60.08 42.41
166.60 90.90 60.98 43.04
167.05 91.22 60.08 42.41
166.60 91.86 60.98 43.04
167.05 91.23 60.08 42.41
166.60 90.91 60.98 43.04
167.05 91.23 60.08 42.41
166.60 90.91 60.98 43.04
167.05 91.23 60.08 42.41
167.97 90.91 60.98 43.04
168.42 91.23 60.08 42.41
170.19 91.54 59.19 41.78
169.75 90.28 60.08 42.41
171.52 90.59 59.19 41.78
171.95 90.90 58.31 41.16
171.52 90.59 59.19 41.78
173.26 90.90 58.31 41.16
172.82 90.59 59.19 41.78
173.26 90.90 58.31 41.16
172.82 90.59 59.19 41.78
174.56 90.90 58.31 41.16
174.13 90.59 59.19 41.78
174.56 91.82 58.31 41.16
175.45 91.52 59.19 41.78
175.01 91.20 60.08 42.41
175.45 91.52 59.19 41.78
176.36 91.20 60.08 42.41
176.80 91.52 59.19 41.78
176.36 91.20 60.08 42.41
176.80 91.52 59.19 41.78
176.36 91.20 60.08 42.41
176.80 91.52 59.19 41.78
175.01 91.20 60.08 42.41
175.45 92.45 59.19 41.78
175.01 92.14 60.08 42.41
175.45 92.45 59.19 41.78
175.01 92.14 60.08 42.41
174.56 92.78 60.98 43.04
174.10 92.46 61.89 43.69
174.56 92.78 60.98 43.04
174.10 93.44 61.89 43.69
174.56 93.76 60.98 43.04
174.10 93.44 61.89 43.69
174.56 93.76 60.98 43.04
176.36 94.08 60.08 42.41
175.90 93.76 60.98 43.04
177.70 94.08 60.08 42.41
177.25 92.80 60.98 43.04
177.70 93.12 60.08 42.41
177.25 92.80 60.98 43.04
179.05 93.12 60.08 42.41
178.60 92.80 60.98 43.04
179.05 93.12 60.08 42.41
178.60 92.80 60.98 43.04
180.39 93.12 60.08 42.41
179.94 92.80 60.98 43.04
180.39 93.12 60.08 42.41
181.31 92.80 60.98 43.04
181.76 92.17 60.08 42.41
181.31 91.85 60.98 43.04
181.76 92.17 60.08 42.41
183.53 92.48 59.19 41.78
183.08 92.17 60.08 42.41
182.63 91.85 60.98 43.04
184.43 93.12 60.08 42.41
184.87 93.43 59.19 41.78
184.43 93.12 60.08 42.41
183.98 92.80 60.98 43.04
184.43 93.12 60.08 42.41
185.34 92.80 60.98 43.04
185.80 94.07 60.08 42.41
185.34 93.75 60.98 43.04
184.89 93.43 61.89 43.69
186.71 93.75 60.98 43.04
187.16 94.07 60.08 42.41
186.71 93.75 60.98 43.04
187.16 95.02 60.08 42.41
186.71 94.70 60.98 43.04
186.25 94.38 61.89 43.69
186.71 94.70 60.98 43.04
187.16 95.02 60.08 42.41
188.08 94.70 60.98 43.04
187.62 94.38 61.89 43.69
188.08 94.70 60.98 43.04
187.62 94.38 61.89 43.69
188.08 94.70 60.98 43.04
187.62 94.38 61.89 43.69
188.08 94.70 60.98 43.04
187.62 94.38 61.89 43.69
188.08 94.70 60.98 43.04
187.62 94.38 61.89 43.69
189.44 94.70 60.98 43.04
188.99 94.38 61.89 43.69
189.44 94.70 60.98 43.04
188.99 94.38 61.89 43.69
189.44 94.70 60.98 43.04
187.60 94.38 61.89 43.69
187.13 94.05 62.82 44.34
187.60 94.38 61.89 43.69
189.42 94.70 60.98 43.04
188.96 94.38 61.89 43.69
189.42 94.70 60.98 43.04
188.96 94.38 61.89 43.69
189.42 94.70 60.98 43.04
188.96 94.38 61.89 43.69
189.42 94.70 60.98 43.04
188.96 94.38 61.89 43.69
189.42 94.70 60.98 43.04
188.96 94.38 61.89 43.69
189.42 94.70 60.98 43.04
188.96 94.38 61.89 43.69
189.42 94.70 60.98 43.04
188.96 94.38 61.89 43.69
189.42 94.70 60.98 43.04
188.96 94.38 61.89 43.69
189.42 94.70 60.98 43.04
188.96 94.38 61.89 43.69
190.79 94.70 60.98 43.04
190.33 94.38 61.89 43.69
190.79 94.70 60.98 43.04
191.72 94.38 61.89 43.69
191.25 94.05 62.82 44.34
191.72 95.35 61.89 43.69
192.17 95.68 60.98 43.04
191.72 95.35 61.89 43.69
190.81 94.71 60.98 43.04
190.35 94.39 61.89 43.69
189.44 94.71 60.98 43.04
188.99 93.41 61.89 43.69
188.08 93.73 60.98 43.04
186.23 93.41 61.89 43.69
185.32 93.73 60.98 43.04
184.87 93.41 61.89 43.69
183.96 93.73 60.98 43.04
183.50 93.41 61.89 43.69
182.59 93.73 60.98 43.04
182.14 93.41 61.89 43.69
182.59 93.73 60.98 43.04
180.75 93.41 61.89 43.69
181.21 94.70 60.98 43.04
180.75 94.38 61.89 43.69
179.84 94.70 60.98 43.04
179.38 94.38 61.89 43.69
179.84 94.70 60.98 43.04
178.00 94.38 61.89 43.69
178.45 94.70 60.98 43.04
178.00 94.38 61.89 43.69
178.45 94.70 60.98 43.04
178.00 94.38 61.89 43.69
178.45 94.70 60.98 43.04
178.00 94.38 61.89 43.69
178.45 94.70 60.98 43.04
178.00 94.38 61.89 43.69
178.45 94.70 60.98 43.04
179.38 94.38 61.89 43.69
179.84 94.70 60.98 43.04
179.38 94.38 61.89 43.69
181.21 95.66 60.98 43.04
180.75 95.34 61.89 43.69
181.21 95.66 60.98 43.04
182.14 95.34 61.89 43.69
183.08 95.01 62.82 44.34
183.54 95.34 61.89 43.69
185.37 95.66 60.98 43.04
184.91 95.34 61.89 43.69
184.44 96.01 62.82 44.34
186.29 96.33 61.89 43.69
185.83 96.01 62.82 44.34
187.68 96.33 61.89 43.69
187.22 96.01 62.82 44.34
189.07 96.33 61.89 43.69
190.89 96.66 60.98 43.04
191.82 96.33 61.89 43.69
191.36 96.01 62.82 44.34
193.21 96.33 61.89 43.69
195.03 96.66 60.98 43.04
195.96 95.35 61.89 43.69
197.78 95.68 60.98 43.04
197.32 95.35 61.89 43.69
199.15 95.68 60.98 43.04
200.08 94.38 61.89 43.69
201.90 94.70 60.98 43.04
202.83 94.38 61.89 43.69
203.29 94.70 60.98 43.04
204.21 94.38 61.89 43.69
204.67 95.66 60.98 43.04
204.21 95.34 61.89 43.69
203.31 95.66 60.98 43.04
202.85 95.34 61.89 43.69
201.94 95.66 60.98 43.04
200.10 95.34 61.89 43.69
199.19 95.66 60.98 43.04
197.34 95.34 61.89 43.69
196.44 95.66 60.98 43.04
193.21 94.36 61.89 43.69
192.30 94.68 60.98 43.04
191.40 95.00 60.08 42.41
189.59 94.68 60.98 43.04
188.69 95.00 60.08 42.41
186.87 93.72 60.98 43.04
187.32 94.04 60.08 42.41
185.51 93.72 60.98 43.04
184.61 93.09 60.08 42.41
185.06 93.40 59.19 41.78
184.61 93.09 60.08 42.41
185.06 93.40 59.19 41.78
184.61 93.09 60.08 42.41
185.06 93.40 59.19 41.78
184.61 93.09 60.08 42.41
183.73 93.40 59.19 41.78
184.17 93.71 58.31 41.16
183.73 93.40 59.19 41.78
182.86 92.79 58.31 41.16
182.43 92.48 59.19 41.78
181.56 91.87 58.31 41.16
181.99 91.26 57.45 40.55
181.56 90.04 58.31 41.16
180.70 88.52 57.45 40.55
181.12 87.93 56.60 39.95
180.70 85.81 57.45 40.55
180.27 84.58 58.31 41.16
179.83 84.28 59.19 41.78
180.27 84.58 58.31 41.16
179.83 83.34 59.19 41.78
180.27 83.65 58.31 41.16
179.83 83.34 59.19 41.78
180.27 83.65 58.31 41.16
179.83 82.40 59.19 41.78
180.27 81.79 58.31 41.16
179.83 81.48 59.19 41.78
180.27 81.79 58.31 41.16
179.83 80.55 59.19 41.78
180.27 79.93 58.31 41.16
181.16 79.62 59.19 41.78
181.60 79.93 58.31 41.16
181.16 79.62 59.19 41.78
181.60 79.93 58.31 41.16
181.16 80.56 59.19 41.78
181.60 80.87 58.31 41.16
181.16 82.43 59.19 41.78
180.71 83.07 60.08 42.41
181.16 85.25 59.19 41.78
180.71 85.89 60.08 42.41
181.16 88.08 59.19 41.78
179.37 88.71 60.08 42.41
179.81 90.90 59.19 41.78
179.37 91.53 60.08 42.41
178.92 93.14 60.98 43.04
178.46 93.80 61.89 43.69
178.00 95.46 62.82 44.34
176.10 96.13 63.76 45.01
176.57 98.45 62.82 44.34
177.03 100.74 61.89 43.69
176.57 101.40 62.82 44.34
176.10 103.09 63.76 45.01
175.16 105.41 62.82 44.34
175.63 107.69 61.89 43.69
173.75 109.35 62.82 44.34
173.28 112.04 63.76 45.01
172.80 113.75 64.72 45.68
170.85 116.52 65.69 46.37
170.35 118.29 66.67 47.06
169.38 120.71 65.69 46.37
168.88 122.47 66.67 47.06
169.38 124.90 65.69 46.37
167.39 125.60 66.67 47.06
165.37 126.32 67.67 47.77
165.87 127.73 66.67 47.06
164.90 128.07 65.69 46.37
162.91 126.67 66.67 47.06
163.40 125.98 65.69 46.37
162.44 126.32 64.72 45.68
161.95 124.94 65.69 46.37
160.99 124.26 64.72 45.68
160.04 123.59 63.76 45.01
160.51 122.93 62.82 44.34
160.04 122.60 63.76 45.01
160.51 121.94 62.82 44.34
160.04 120.60 63.76 45.01
160.51 119.94 62.82 44.34
160.04 118.60 63.76 45.01
159.56 119.28 64.72 45.68
160.55 119.98 65.69 46.37
160.05 120.68 66.67 47.06
159.55 119.26 67.67 47.77
158.56 116.45 66.67 47.06
157.58 113.68 65.69 46.37
156.62 111.98 64.72 45.68
152.81 110.30 63.76 45.01
150.47 110.63 62.82 44.34
148.57 112.32 63.76 45.01
149.04 113.64 62.82 44.34
150.00 114.32 63.76 45.01
150.97 115.00 64.72 45.68
151.95 115.70 65.69 46.37
152.95 116.41 66.67 47.06
153.45 117.79 65.69 46.37
152.95 116.39 66.67 47.06
152.45 114.97 67.67 47.77
152.95 113.21 66.67 47.06
153.45 111.48 65.69 46.37
152.48 108.76 64.72 45.68
152.00 106.34 65.69 46.37
151.03 105.65 64.72 45.68
150.08 105.99 63.76 45.01
149.60 104.63 64.72 45.68
148.65 103.96 63.76 45.01
148.18 103.62 64.72 45.68
147.23 103.96 63.76 45.01
146.75 103.62 64.72 45.68
146.26 103.28 65.69 46.37
145.30 102.60 64.72 45.68
144.81 101.22 65.69 46.37
142.83 99.82 66.67 47.06
143.32 98.09 65.69 46.37
142.35 97.41 64.72 45.68
141.87 96.03 65.69 46.37
142.87 95.68 66.67 47.06
143.36 96.03 65.69 46.37
144.36 96.73 66.67 47.06
143.86 97.45 67.67 47.77
142.87 98.86 66.67 47.06
142.37 97.43 67.67 47.77
142.87 96.73 66.67 47.06
142.37 95.31 67.67 47.77
140.32 93.86 68.69 48.49
139.32 93.15 67.67 47.77
137.27 91.71 68.69 48.49
137.78 91.00 67.67 47.77
137.27 90.64 68.69 48.49
139.29 92.07 67.67 47.77
138.79 93.88 68.69 48.49
139.83 95.72 69.72 49.21
137.72 96.47 70.77 49.95
138.25 97.94 69.72 49.21
138.76 98.31 68.69 48.49
138.25 97.94 69.72 49.21
138.76 98.31 68.69 48.49
136.68 97.94 69.72 49.21
137.20 97.22 68.69 48.49
135.12 95.75 69.72 49.21
135.64 95.03 68.69 48.49
133.56 94.67 69.72 49.21
135.62 96.12 68.69 48.49
136.66 95.75 69.72 49.21
138.72 97.20 68.69 48.49
141.32 97.94 69.72 49.21
143.97 97.57 70.77 49.95
144.49 99.05 69.72 49.21
143.97 98.68 70.77 49.95
142.93 100.15 69.72 49.21
140.82 98.66 70.77 49.95
139.79 97.93 69.72 49.21
138.76 97.20 68.69 48.49
135.12 97.94 69.72 49.21
132.56 99.39 68.69 48.49
130.48 101.23 69.72 49.21
129.46 103.77 68.69 48.49
128.95 104.51 69.72 49.21
130.01 105.26 70.77 49.95
129.48 104.88 71.83 50.70
130.01 106.38 70.77 49.95
130.53 106.75 69.72 49.21
128.42 106.38 70.77 49.95
128.95 105.64 69.72 49.21
130.01 104.16 70.77 49.95
132.09 103.42 69.72 49.21
133.16 103.05 70.77 49.95
135.24 103.42 69.72 49.21
137.89 103.05 70.77 49.95
138.97 102.68 71.83 50.70
142.67 101.93 70.77 49.95
143.74 101.56 71.83 50.70
145.86 101.93 70.77 49.95
143.72 101.56 71.83 50.70
141.08 100.82 70.77 49.95
137.33 100.44 71.83 50.70
134.69 101.93 70.77 49.95
130.94 102.70 71.83 50.70
128.77 105.77 72.90 51.46
129.31 108.42 71.83 50.70
131.43 109.92 70.77 49.95
130.39 111.39 69.72 49.21
129.87 111.02 70.77 49.95
127.73 111.78 71.83 50.70
125.09 113.28 70.77 49.95
122.95 112.90 71.83 50.70
122.41 112.52 72.90 51.46
124.56 112.90 71.83 50.70
124.02 111.37 72.90 51.46
125.13 109.81 74.00 52.23
124.04 109.05 72.90 51.46
123.49 107.49 74.00 52.23
121.26 105.91 75.11 53.02
120.15 103.96 74.00 52.23
117.44 102.04 72.90 51.46
111.92 99.32 74.00 52.23
107.56 98.55 72.90 51.46
103.28 96.66 71.83 50.70
97.84 95.12 72.90 51.46
95.16 94.37 71.83 50.70
92.99 92.84 72.90 51.46
93.53 93.22 71.83 50.70
94.06 92.47 70.77 49.95
95.13 92.10 71.83 50.70
92.96 91.72 72.90 51.46
91.89 92.10 71.83 50.70
91.35 91.72 72.90 51.46
90.28 92.10 71.83 50.70
92.40 92.47 70.77 49.95
91.87 90.96 71.83 50.70
92.96 90.58 72.90 51.46
93.50 92.10 71.83 50.70
92.96 91.72 72.90 51.46
93.50 93.23 71.83 50.70
91.33 91.70 72.90 51.46
90.26 92.08 71.83 50.70
86.45 91.70 72.90 51.46
83.78 92.08 71.83 50.70
79.55 92.46 70.77 49.95
74.19 90.94 71.83 50.70
69.97 91.32 70.77 49.95
68.93 91.69 69.72 49.21
69.99 91.32 70.77 49.95
75.20 93.89 69.72 49.21
82.60 94.64 70.77 49.95
91.73 97.68 71.83 50.70
99.35 99.60 72.90 51.46
102.12 100.39 74.00 52.23
99.88 99.99 75.11 53.02
97.61 99.60 76.23 53.81
93.13 99.99 75.11 53.02
92.03 99.22 74.00 52.23
90.94 98.45 72.90 51.46
92.05 98.06 74.00 52.23
93.18 98.86 75.11 53.02
95.39 100.42 74.00 52.23
99.20 101.96 72.90 51.46
101.97 101.57 74.00 52.23
104.78 101.18 75.11 53.02
108.65 101.57 74.00 52.23
111.46 101.18 75.11 53.02
114.31 101.99 76.23 53.81
118.94 102.81 77.38 54.62
123.64 102.40 78.54 55.44
127.69 102.81 77.38 54.62
128.86 102.40 78.54 55.44
129.44 102.81 77.38 54.62
130.02 103.21 76.23 53.81
129.44 102.81 77.38 54.62
133.43 102.01 76.23 53.81
139.04 101.22 75.11 53.02
145.31 99.61 76.23 53.81
153.40 99.21 77.38 54.62
158.10 100.04 78.54 55.44
162.87 99.63 79.72 56.27
165.90 100.48 80.91 57.11
168.97 101.35 82.13 57.97
175.01 103.06 80.91 57.11
178.09 102.63 82.13 57.97
181.20 103.52 83.36 58.84
187.34 105.25 82.13 57.97
190.46 106.13 83.36 58.84
193.62 105.69 84.61 59.72
197.98 106.13 83.36 58.84
204.12 106.57 82.13 57.97
207.24 104.82 83.36 58.84
210.40 104.37 84.61 59.72
214.76 104.82 83.36 58.84
216.03 103.04 84.61 59.72
220.39 103.48 83.36 58.84
221.66 103.04 84.61 59.72
222.95 103.95 85.88 60.62
223.58 104.39 84.61 59.72
222.95 103.95 85.88 60.62
223.58 103.06 84.61 59.72
222.95 102.61 85.88 60.62
223.58 103.06 84.61 59.72
224.87 102.61 85.88 60.62
225.51 103.06 84.61 59.72
224.87 102.61 85.88 60.62
223.61 103.06 84.61 59.72
221.05 103.97 85.88 60.62
218.46 103.51 87.17 61.53
213.33 102.61 85.88 60.62
208.28 101.72 84.61 59.72
207.04 100.84 83.36 58.84
202.62 99.06 84.61 59.72
203.25 99.50 83.36 58.84
205.70 101.24 82.13 57.97
205.09 103.44 83.36 58.84
202.57 104.34 84.61 59.72
199.46 104.78 83.36 58.84
193.15 103.00 84.61 59.72
188.17 102.12 83.36 58.84
183.27 102.56 82.13 57.97
176.62 101.70 80.91 57.11
170.50 99.98 82.13 57.97
167.48 100.41 80.91 57.11
164.51 100.83 79.72 56.27
160.28 99.13 80.91 57.11
156.00 98.70 82.13 57.97
151.17 99.13 80.91 57.11
148.19 99.55 79.72 56.27
145.26 99.96 78.54 55.44
141.10 99.55 79.72 56.27
139.93 99.96 78.54 55.44
135.77 99.55 79.72 56.27
132.84 99.96 78.54 55.44
128.68 99.55 79.72 56.27
127.51 99.96 78.54 55.44
125.14 100.81 79.72 56.27
123.97 102.47 78.54 55.44
121.59 103.31 79.72 56.27
120.42 104.97 78.54 55.44
119.27 106.60 77.38 54.62
116.93 107.43 78.54 55.44
114.56 107.02 79.72 56.27
113.39 106.19 78.54 55.44
111.01 104.52 79.72 56.27
108.08 103.69 78.54 55.44
105.71 103.27 79.72 56.27
103.30 104.13 80.91 57.11
102.11 104.55 79.72 56.27
101.51 102.85 80.91 57.11
103.89 102.01 79.72 56.27
104.48 101.19 78.54 55.44
105.68 100.77 79.72 56.27
106.27 101.19 78.54 55.44
105.68 104.55 79.72 56.27
106.89 107.97 80.91 57.11
104.45 111.44 82.13 57.97
103.83 113.64 83.36 58.84
104.45 116.67 82.13 57.97
101.97 116.24 83.36 58.84
101.34 114.46 84.61 59.72
98.78 109.93 85.88 60.62
101.31 105.03 84.61 59.72
101.94 98.88 83.36 58.84
101.31 93.09 84.61 59.72
103.80 88.26 83.36 58.84
104.42 84.80 82.13 57.97
106.84 83.95 80.91 57.11
109.22 84.37 79.72 56.27
112.25 85.23 80.91 57.11
113.48 89.99 82.13 57.97
114.73 94.83 83.36 58.84
114.11 101.08 84.61 59.72
111.55 107.42 85.88 60.62
108.95 109.72 87.17 61.53
108.30 110.66 88.47 62.45
107.64 110.19 89.80 63.39
108.30 107.86 88.47 62.45
105.63 104.55 89.80 63.39
104.95 101.19 91.15 64.34
105.63 97.41 89.80 63.39
104.95 92.61 91.15 64.34
104.27 87.74 92.51 65.30
104.95 82.46 91.15 64.34
105.63 80.09 89.80 63.39
108.27 79.16 88.47 62.45
109.62 80.11 89.80 63.39
112.26 84.78 88.47 62.45
113.61 89.99 89.80 63.39
114.98 95.28 91.15 64.34
119.68 100.02 89.80 63.39
121.04 99.54 91.15 64.34
120.36 99.06 92.51 65.30
121.04 96.66 91.15 64.34
122.43 91.79 92.51 65.30
123.12 89.39 91.15 64.34
122.43 84.52 92.51 65.30
123.12 82.12 91.15 64.34
120.36 80.17 92.51 65.30
119.67 78.20 93.90 66.28
116.83 76.19 95.31 67.28
116.11 74.16 96.74 68.29
115.39 72.09 98.19 69.31
116.11 69.55 96.74 68.29
116.83 68.54 95.31 67.28
117.53 67.56 93.90 66.28
116.83 68.57 95.31 67.28
119.64 72.03 93.90 66.28
122.40 76.91 92.51 65.30
121.71 83.84 93.90 66.28
123.14 90.88 95.31 67.28
122.42 94.97 96.74 68.29
121.70 97.56 98.19 69.31
120.96 98.62 99.66 70.35
117.95 96.49 101.16 71.41
118.70 93.86 99.66 70.35
117.95 90.14 101.16 71.41
118.70 85.94 99.66 70.35
117.95 82.21 101.16 71.41
119.49 78.43 102.68 72.48
118.72 72.94 104.22 73.57
121.79 70.24 102.68 72.48
122.55 69.17 101.16 71.41
123.30 71.28 99.66 70.35
122.55 73.95 101.16 71.41
123.30 82.36 99.66 70.35
122.55 91.43 101.16 71.41
119.49 102.25 102.68 72.48
118.72 113.25 104.22 73.57
117.94 119.38 105.78 74.67
114.74 118.82 107.37 75.79
113.93 113.09 108.98 76.93
110.64 105.51 110.61 78.08
109.81 97.83 112.27 79.25
108.16 89.67 110.61 78.08
108.98 81.63 108.98 76.93
110.64 74.06 110.61 78.08
111.46 69.46 108.98 76.93
112.26 68.33 107.37 75.79
111.46 69.49 108.98 76.93
108.16 74.16 110.61 78.08
107.33 82.45 112.27 79.25
103.94 92.67 113.96 80.44
100.49 103.04 115.67 81.65
96.99 111.71 117.40 82.87
96.11 118.62 119.16 84.11
92.51 117.99 120.95 85.38
91.60 111.53 122.76 86.66
87.89 101.03 124.60 87.96
88.81 90.03 122.76 86.66
85.10 79.53 124.60 87.96
86.02 70.47 122.76 86.66
86.93 65.38 120.95 85.38
83.27 64.73 122.76 86.66
79.56 68.03 124.60 87.96
78.63 75.36 126.47 89.28
77.68 84.84 128.37 90.61
73.80 98.59 130.30 91.97
72.82 106.26 132.25 93.35
71.83 109.81 134.23 94.75
70.82 104.79 136.25 96.17
68.82 99.13 134.23 94.75
69.81 87.28 132.25 93.35
73.71 75.61 130.30 91.97
74.67 64.11 128.37 90.61
73.71 55.19 130.30 91.97
77.55 49.78 128.37 90.61
75.66 46.45 126.47 89.28
74.71 43.75 128.37 90.61
70.83 45.13 130.30 91.97
71.79 53.93 128.37 90.61
70.83 63.55 130.30 91.97
66.89 75.41 132.25 93.35
62.89 87.44 134.23 94.75
61.89 97.51 136.25 96.17
60.86 105.53 138.29 97.62
56.68 104.80 140.37 99.08
57.72 101.16 138.29 97.62
58.74 93.26 136.25 96.17
57.72 81.61 138.29 97.62
58.74 71.56 136.25 96.17
57.72 59.90 138.29 97.62
58.74 52.01 136.25 96.17
60.82 44.73 138.29 97.62
61.84 43.29 136.25 96.17
60.82 44.76 138.29 97.62
56.64 52.90 140.37 99.08
55.58 65.68 142.47 100.57
54.52 78.64 144.61 102.08
53.43 94.12 146.78 103.61
48.99 107.48 148.98 105.16
47.88 116.25 151.21 106.74
43.30 117.88 153.48 108.34
44.44 111.51 151.21 106.74
43.30 101.00 153.48 108.34
44.44 89.85 151.21 106.74
46.74 74.48 153.48 108.34
51.26 63.33 151.21 106.74
53.57 52.82 153.48 108.34
54.70 48.84 151.21 106.74
53.57 48.04 153.48 108.34
52.42 49.69 155.78 109.97
51.25 58.87 158.12 111.61
53.66 70.72 160.49 113.29
52.45 85.32 162.90 114.99
51.23 97.53 165.34 116.71
46.23 109.92 167.82 118.46
44.97 111.73 170.34 120.24
43.69 108.09 172.90 122.04
44.97 98.22 170.34 120.24
46.23 83.19 167.82 118.46
51.17 68.38 165.34 116.71
52.40 56.36 162.90 114.99
54.88 42.43 165.34 116.71
56.10 35.56 162.90 114.99
57.30 33.87 160.49 113.29
56.10 35.60 162.90 114.99
53.71 44.06 160.49 113.29
52.51 53.52 162.90 114.99
51.28 68.34 165.34 116.71
50.04 83.39 167.82 118.46
44.97 90.58 170.34 120.24
43.69 92.41 172.90 122.04
41.15 87.93 170.34 120.24
42.41 80.85 167.82 118.46
43.65 68.66 165.34 116.71
48.52 54.06 162.90 114.99
49.73 42.23 160.49 113.29
52.17 31.07 162.90 114.99
53.38 24.31 160.49 113.29
54.56 22.65 158.12 111.61
53.38 24.35 160.49 113.29
54.56 30.18 158.12 111.61
53.38 42.04 160.49 113.29
52.17 56.64 162.90 114.99
50.95 74.08 165.34 116.71
49.71 89.13 167.82 118.46
48.45 99.01 170.34 120.24
47.17 106.31 172.90 122.04
45.88 102.62 175.49 123.88
44.56 93.24 178.12 125.73
45.88 80.30 175.49 123.88
47.17 67.54 172.90 122.04
49.81 55.53 175.49 123.88
51.10 48.24 172.90 122.04
52.38 43.76 170.34 120.24
51.10 42.86 172.90 122.04
49.81 47.49 175.49 123.88
51.10 59.34 172.90 122.04
49.81 72.30 175.49 123.88
48.49 85.45 178.12 125.73
47.16 93.09 180.79 127.62
45.80 92.13 183.51 129.53
47.16 87.37 180.79 127.62
48.49 79.86 178.12 125.73
49.81 69.69 175.49 123.88
51.10 62.41 172.90 122.04
52.38 55.23 170.34 120.24
57.40 50.81 167.82 118.46
58.64 51.68 165.34 116.71
57.40 56.12 167.82 118.46
56.14 68.69 170.34 120.24
53.64 88.16 167.82 118.46
52.38 103.43 170.34 120.24
47.23 108.00 172.90 122.04
48.51 103.51 170.34 120.24
49.77 93.78 167.82 118.46
54.71 84.20 165.34 116.71
55.93 72.19 162.90 114.99
60.73 60.35 160.49 113.29
69.00 48.68 158.12 111.61
73.66 39.66 155.78 109.97
74.81 35.61 153.48 108.34
79.33 36.41 151.21 106.74
83.79 41.91 148.98 105.16
84.89 51.98 146.78 103.61
83.79 62.98 148.98 105.16
84.89 70.72 146.78 103.61
87.12 74.65 148.98 105.16
88.23 75.43 146.78 103.61
92.55 71.62 144.61 102.08
96.81 63.36 142.47 100.57
97.86 53.01 140.37 99.08
102.00 42.81 138.29 97.62
106.07 34.91 136.25 96.17
110.08 31.38 134.23 94.75
114.04 34.17 132.25 93.35
117.93 38.98 130.30 91.97
118.90 51.84 128.37 90.61
119.85 66.51 126.47 89.28
118.90 80.04 128.37 90.61
117.93 93.79 130.30 91.97
118.90 104.61 128.37 90.61
117.93 105.99 130.30 91.97
118.90 98.56 128.37 90.61
122.68 87.23 126.47 89.28
126.40 74.09 124.60 87.96
130.07 63.10 122.76 86.66
133.69 52.26 120.95 85.38
137.25 43.47 119.16 84.11
140.76 36.67 117.40 82.87
141.63 35.45 115.67 81.65
140.76 38.55 117.40 82.87
144.22 44.65 115.67 81.65
145.08 57.87 113.96 80.44
146.81 71.90 115.67 81.65
145.95 87.99 117.40 82.87
147.73 100.56 119.16 84.11
146.84 107.58 120.95 85.38
147.73 108.21 119.16 84.11
148.62 101.40 117.40 82.87
149.48 91.04 115.67 81.65
148.62 75.58 117.40 82.87
152.07 61.56 115.67 81.65
155.48 49.55 113.96 80.44
156.32 41.27 112.27 79.25
159.63 36.61 110.61 78.08
160.45 35.46 108.98 76.93
161.25 37.73 107.37 75.79
162.05 43.31 105.78 74.67
160.49 53.75 104.22 73.57
159.71 64.90 105.78 74.67
161.32 77.92 107.37 75.79
160.52 91.14 108.98 76.93
157.22 101.06 110.61 78.08
158.04 105.08 108.98 76.93
158.85 103.95 107.37 75.79
157.27 97.82 105.78 74.67
158.05 88.49 104.22 73.57
158.82 79.29 102.68 72.48
159.58 70.23 101.16 71.41
162.56 61.30 99.66 70.35
163.30 55.61 98.19 69.31
164.02 51.53 96.74 68.29
164.74 50.53 95.31 67.28
163.34 52.51 93.90 66.28
162.63 56.54 95.31 67.28
161.92 63.68 96.74 68.29
161.19 72.48 98.19 69.31
160.46 81.42 99.66 70.35
161.19 91.25 98.19 69.31
159.75 96.35 96.74 68.29
159.03 95.84 98.19 69.31
159.75 91.76 96.74 68.29
158.33 86.24 95.31 67.28
159.04 77.83 93.90 66.28
159.73 71.01 92.51 65.30
161.14 64.58 93.90 66.28
161.83 60.68 92.51 65.30
162.52 61.16 91.15 64.34
163.19 65.90 89.80 63.39
162.52 72.63 91.15 64.34
161.83 82.38 92.51 65.30
161.14 92.29 93.90 66.28
161.83 101.55 92.51 65.30
162.52 109.24 91.15 64.34
161.83 110.22 92.51 65.30
162.52 106.38 91.15 64.34
163.19 101.18 89.80 63.39
165.84 94.65 88.47 62.45
168.44 88.22 87.17 61.53
171.01 81.89 85.88 60.62
175.43 78.32 84.61 59.72
177.93 76.13 83.36 58.84
180.38 75.26 82.13 57.97
180.99 76.97 80.91 57.11
181.59 81.17 79.72 56.27
180.99 87.15 80.91 57.11
181.59 95.13 79.72 56.27
183.94 101.76 78.54 55.44
184.52 105.84 77.38 54.62
183.38 107.45 76.23 53.81
183.94 104.28 75.11 53.02
184.50 97.65 74.00 52.23
185.04 92.28 72.90 51.46
185.58 85.84 71.83 50.70
186.11 81.74 70.77 49.95
188.20 79.91 69.72 49.21
188.71 80.27 68.69 48.49
189.22 82.77 67.67 47.77
189.72 87.34 66.67 47.06
190.74 92.33 67.67 47.77
191.24 99.01 66.67 47.06
190.74 102.94 67.67 47.77
191.24 103.29 66.67 47.06
190.26 101.56 65.69 46.37
189.29 97.81 64.72 45.68
188.34 94.12 63.76 45.01
188.82 91.47 62.82 44.34
187.89 89.84 61.89 43.69
186.98 90.16 60.98 43.04
184.74 91.43 60.08 42.41
181.56 92.08 60.98 43.04
177.98 94.30 60.08 42.41
175.77 96.48 59.19 41.78
176.20 98.63 58.31 41.16
177.09 101.13 59.19 41.78
182.03 102.72 60.08 42.41
188.41 103.36 60.98 43.04
194.89 104.02 61.89 43.69
200.05 104.69 62.82 44.34
207.45 105.99 61.89 43.69
212.61 105.67 62.82 44.34
219.28 106.34 63.76 45.01
226.05 107.03 64.72 45.68
229.98 108.76 65.69 46.37
233.97 109.47 66.67 47.06
235.93 110.85 65.69 46.37
236.42 112.22 64.72 45.68
235.93 111.88 65.69 46.37
234.97 112.22 64.72 45.68
232.59 112.56 63.76 45.01
230.25 112.89 62.82 44.34
226.92 112.56 63.76 45.01
223.17 111.90 62.82 44.34
219.47 111.25 61.89 43.69
214.79 109.92 62.82 44.34
211.09 110.25 61.89 43.69
207.45 109.61 60.98 43.04
202.52 108.98 60.08 42.41
198.99 108.36 59.19 41.78
194.20 107.74 58.31 41.16
189.48 106.23 57.45 40.55
184.84 104.74 56.60 39.95
180.55 102.62 57.45 40.55
177.17 102.03 56.60 39.95
172.59 100.56 55.77 39.36
170.54 99.98 54.94 38.78
168.52 98.56 54.13 38.21
166.89 97.40 54.94 38.78
164.87 96.83 54.13 38.21
164.07 97.12 53.33 37.64
164.47 97.39 52.54 37.09
163.70 97.67 51.77 36.54
163.31 97.39 52.54 37.09
163.70 97.67 51.77 36.54
162.13 98.22 52.54 37.09
162.52 98.50 51.77 36.54
162.13 98.22 52.54 37.09
162.52 99.32 51.77 36.54
163.31 99.04 52.54 37.09
163.70 100.14 51.77 36.54
164.49 100.69 52.54 37.09
164.87 101.78 51.77 36.54
166.84 102.34 52.54 37.09
168.39 103.43 51.77 36.54
170.35 103.99 52.54 37.09
171.90 105.08 51.77 36.54
172.69 106.47 52.54 37.09
173.49 107.88 53.33 37.64
176.24 110.65 52.54 37.09
178.23 112.06 53.33 37.64
179.80 114.00 52.54 37.09
182.51 115.91 51.77 36.54
184.48 117.30 52.54 37.09
186.02 120.03 51.77 36.54
188.69 121.91 51.00 36.00
190.63 122.46 51.77 36.54
192.15 123.53 51.00 36.00
193.66 125.39 50.25 35.47
197.35 127.22 49.50 34.94
199.90 129.02 48.77 34.43
200.65 129.54 49.50 34.94
202.11 130.57 48.77 34.43
204.62 131.58 48.05 33.92
207.09 132.58 47.34 33.42
208.49 132.09 46.64 32.92
209.86 131.61 45.95 32.44
211.22 130.42 45.27 31.96
213.55 129.95 44.60 31.49
216.26 129.00 45.27 31.96
218.59 128.53 44.60 31.49
219.90 128.07 43.95 31.02
222.17 128.29 43.30 30.56
223.44 128.52 42.66 30.11
224.70 128.74 42.03 29.66
225.94 129.62 41.40 29.23
227.16 130.48 40.79 28.79
228.36 131.33 40.19 28.37
229.54 132.16 39.60 27.95
229.25 132.59 40.19 28.37
229.54 134.05 39.60 27.95
230.71 134.87 39.01 27.54
231.86 135.08 38.43 27.13
232.44 134.26 39.01 27.54
232.73 133.85 38.43 27.13
233.02 133.45 37.87 26.73
232.73 132.64 38.43 27.13
233.02 132.25 37.87 26.73
233.59 130.83 38.43 27.13
234.73 129.23 37.87 26.73
235.84 127.66 37.31 26.33
236.12 126.11 36.76 25.94
235.84 124.74 37.31 26.33
236.12 124.35 36.76 25.94
235.84 123.57 37.31 26.33
236.12 123.76 36.76 25.94
236.39 123.95 36.21 25.56
236.12 124.34 36.76 25.94
236.39 125.11 36.21 25.56
235.86 125.86 35.68 25.18
234.78 126.25 36.21 25.56
233.68 126.05 36.76 25.94
233.14 126.82 36.21 25.56
234.21 127.57 35.68 25.18
235.57 127.38 36.21 25.56
236.94 127.77 36.76 25.94
238.02 127.96 36.21 25.56
238.58 127.19 36.76 25.94
237.22 127.38 36.21 25.56
234.30 127.57 35.68 25.18
230.78 127.38 36.21 25.56
227.85 127.01 35.68 25.18
224.18 127.19 35.15 24.81
220.72 127.01 35.68 25.18
217.05 126.64 35.15 24.81
214.98 126.82 34.63 24.44
212.36 126.64 35.15 24.81
210.29 126.82 34.63 24.44
208.46 126.64 35.15 24.81
207.94 126.82 34.63 24.44
207.43 127.00 34.12 24.08
206.40 126.82 34.63 24.44
206.14 126.64 35.15 24.81
206.40 126.82 34.63 24.44
206.66 127.54 34.12 24.08
206.40 127.36 34.63 24.44
207.42 127.54 34.12 24.08
207.16 127.36 34.63 24.44
207.69 127.18 35.15 24.81
208.73 127.36 34.63 24.44
209.26 126.62 35.15 24.81
210.29 126.26 34.63 24.44
210.03 125.52 35.15 24.81
211.07 125.70 34.63 24.44
212.38 126.07 35.15 24.81
213.72 127.58 35.68 25.18
215.55 129.99 35.15 24.81
216.09 132.06 35.68 25.18
215.82 134.73 36.21 25.56
215.55 136.87 36.76 25.94
215.82 139.35 36.21 25.56
214.73 140.90 36.76 25.94
214.45 141.88 37.31 26.33
213.90 143.24 36.76 25.94
213.63 143.05 37.31 26.33
214.73 143.24 36.76 25.94
216.12 143.05 37.31 26.33
218.05 142.66 36.76 25.94
219.44 142.47 37.31 26.33
220.54 143.24 36.76 25.94
221.94 143.05 37.31 26.33
222.50 143.45 37.87 26.73
223.94 142.64 38.43 27.13
224.23 142.24 37.87 26.73
225.66 142.04 38.43 27.13
226.25 142.45 39.01 27.54
228.62 144.13 39.60 27.95
229.22 147.09 40.19 28.37
228.63 152.94 39.60 27.95
225.63 160.99 40.19 28.37
220.76 174.32 40.79 28.79
