245.00 64.00 12.00 13.00
244.64 63.90 12.18 13.19
245.00 64.00 12.00 13.00
244.91 63.90 12.18 13.19
245.26 63.71 12.00 13.00
245.45 63.61 12.18 13.19
245.54 63.71 12.00 13.00
245.45 63.61 12.18 13.19
245.81 63.71 12.00 13.00
245.72 63.61 12.18 13.19
245.81 63.71 12.00 13.00
245.72 63.61 12.18 13.19
245.63 63.51 12.36 13.39
245.99 63.61 12.18 13.19
246.35 63.71 12.00 13.00
246.26 63.91 12.18 13.19
246.17 63.81 12.36 13.39
245.99 63.91 12.18 13.19
245.62 63.81 12.36 13.39
245.44 63.61 12.18 13.19
245.34 63.81 12.36 13.39
244.97 63.71 12.55 13.59
245.06 63.81 12.36 13.39
244.69 63.71 12.55 13.59
244.23 63.81 12.36 13.39
243.57 64.02 12.55 13.59
242.62 63.91 12.74 13.80
242.16 64.02 12.55 13.59
241.21 63.91 12.74 13.80
240.53 63.81 12.93 14.00
239.48 63.91 12.74 13.80
238.45 64.02 12.55 13.59
237.50 64.22 12.74 13.80
236.25 64.43 12.93 14.00
234.92 64.54 12.74 13.80
233.89 64.94 12.55 13.59
232.37 65.15 12.74 13.80
230.78 64.95 12.55 13.59
228.97 65.16 12.74 13.80
227.38 65.26 12.55 13.59
225.57 65.16 12.74 13.80
223.70 64.95 12.55 13.59
221.85 64.75 12.36 13.39
220.31 64.56 12.18 13.19
218.28 64.16 12.36 13.39
216.50 63.75 12.55 13.59
214.65 63.25 12.36 13.39
212.87 62.85 12.55 13.59
211.31 62.65 12.36 13.39
209.24 62.24 12.55 13.59
207.68 62.04 12.36 13.39
205.86 62.14 12.18 13.19
204.10 62.34 12.36 13.39
202.33 62.55 12.55 13.59
200.76 62.65 12.36 13.39
198.70 62.85 12.55 13.59
197.13 62.95 12.36 13.39
195.35 63.16 12.55 13.59
193.54 63.06 12.74 13.80
191.67 63.16 12.55 13.59
189.86 62.75 12.74 13.80
188.03 62.64 12.93 14.00
186.41 62.44 12.74 13.80
184.58 62.02 12.93 14.00
183.25 61.81 12.74 13.80
181.42 61.40 12.93 14.00
179.52 61.50 12.74 13.80
177.68 61.08 12.93 14.00
175.82 60.98 13.12 14.21
174.18 61.08 12.93 14.00
172.32 60.98 13.12 14.21
170.43 61.20 13.32 14.43
168.77 61.62 13.12 14.21
166.84 61.73 12.93 14.00
164.68 61.94 13.12 14.21
162.79 62.16 13.32 14.43
161.42 62.26 13.12 14.21
159.54 62.16 13.32 14.43
157.92 62.05 13.52 14.64
155.98 61.94 13.72 14.86
154.56 61.72 13.52 14.64
153.47 61.18 13.32 14.43
152.16 60.74 13.52 14.64
150.83 60.30 13.72 14.86
149.79 59.85 13.93 15.09
149.28 59.63 13.72 14.86
148.86 59.52 13.93 15.09
148.44 59.41 14.14 15.31
148.23 59.86 13.93 15.09
147.81 60.09 14.14 15.31
147.71 60.32 14.35 15.54
147.60 60.56 14.56 15.78
148.03 60.67 14.35 15.54
148.45 60.79 14.14 15.31
148.67 60.67 14.35 15.54
148.88 60.56 14.56 15.78
149.44 60.80 14.78 16.01
149.55 60.56 14.56 15.78
149.77 60.44 14.78 16.01
150.20 60.56 14.56 15.78
150.10 60.44 14.78 16.01
150.53 60.21 14.56 15.78
150.75 60.09 14.78 16.01
150.86 59.86 14.56 15.78
151.08 59.74 14.78 16.01
150.97 59.62 15.00 16.25
151.08 59.74 14.78 16.01
151.31 59.62 15.00 16.25
151.20 59.86 15.23 16.50
151.31 59.99 15.00 16.25
151.75 60.47 14.78 16.01
151.98 60.71 15.00 16.25
151.86 60.96 15.23 16.50
152.10 61.58 15.46 16.74
151.98 61.84 15.69 17.00
152.44 62.71 15.46 16.74
152.68 62.97 15.69 17.00
153.27 63.23 15.92 17.25
153.52 63.49 16.16 17.51
153.76 63.36 16.40 17.77
154.01 63.23 16.65 18.04
153.89 63.09 16.90 18.31
153.76 62.95 17.15 18.58
153.63 62.81 17.41 18.86
153.10 62.67 17.67 19.15
152.85 62.39 17.41 18.86
152.71 61.82 17.67 19.15
152.18 61.24 17.94 19.43
151.92 60.53 17.67 19.15
150.98 59.95 17.94 19.43
150.44 59.36 18.21 19.72
149.77 59.07 17.94 19.43
148.82 58.93 18.21 19.72
148.15 58.64 17.94 19.43
147.20 58.49 18.21 19.72
146.93 58.64 17.94 19.43
145.98 58.49 18.21 19.72
145.72 58.64 17.94 19.43
145.45 58.78 17.67 19.15
145.32 59.07 17.94 19.43
145.06 59.22 17.67 19.15
144.92 59.07 17.94 19.43
144.79 58.93 18.21 19.72
144.92 58.64 17.94 19.43
144.38 58.05 18.21 19.72
144.52 57.33 17.94 19.43
143.57 56.74 18.21 19.72
142.90 56.01 17.94 19.43
141.95 55.87 18.21 19.72
141.28 55.58 17.94 19.43
140.33 55.43 18.21 19.72
138.95 55.73 18.48 20.02
137.86 55.88 18.21 19.72
136.48 56.18 18.48 20.02
134.99 56.33 18.21 19.72
133.52 56.47 17.94 19.43
131.75 56.77 18.21 19.72
129.54 56.62 18.48 20.02
127.64 56.77 18.21 19.72
125.44 56.62 18.48 20.02
123.94 56.77 18.21 19.72
122.15 56.62 18.48 20.02
120.33 56.47 18.76 20.32
118.81 56.17 18.48 20.02
116.99 55.57 18.76 20.32
115.89 54.82 18.48 20.02
114.49 54.22 18.76 20.32
113.07 53.14 19.04 20.62
111.53 52.38 18.76 20.32
110.43 52.08 18.48 20.02
108.61 51.48 18.76 20.32
107.50 51.63 18.48 20.02
106.11 51.48 18.76 20.32
104.26 51.33 19.04 20.62
103.56 51.48 18.76 20.32
102.14 51.33 19.04 20.62
101.44 51.48 18.76 20.32
100.45 51.79 19.04 20.62
99.87 51.63 19.32 20.93
99.29 51.95 19.61 21.25
99.00 52.11 19.32 20.93
97.97 51.95 19.61 21.25
97.83 51.79 19.91 21.57
97.53 51.48 19.61 21.25
96.94 50.83 19.91 21.57
96.34 50.18 20.21 21.89
95.27 50.02 20.51 22.22
94.52 49.69 20.21 21.89
93.90 49.53 20.51 22.22
92.70 49.69 20.21 21.89
91.63 50.03 20.51 22.22
90.54 49.86 20.82 22.55
89.32 50.03 20.51 22.22
87.76 50.36 20.82 22.55
86.66 50.19 21.13 22.89
84.95 50.87 20.82 22.55
83.38 51.21 21.13 22.89
81.30 52.08 21.45 23.23
80.04 52.25 21.13 22.89
77.96 52.60 21.45 23.23
75.84 52.43 21.77 23.58
73.70 51.71 22.09 23.94
72.89 51.36 21.77 23.58
71.74 50.65 22.09 23.94
70.57 49.38 22.43 24.30
70.24 49.03 22.09 23.94
69.57 48.30 22.43 24.30
69.40 47.57 22.76 24.66
69.57 47.21 22.43 24.30
69.40 47.02 22.76 24.66
70.07 47.21 22.43 24.30
70.41 47.02 22.76 24.66
70.76 47.40 23.10 25.03
71.64 47.78 23.45 25.40
72.84 47.97 23.10 25.03
73.72 47.78 23.45 25.40
75.15 47.59 23.80 25.79
76.37 47.21 23.45 25.40
77.80 47.02 23.80 25.79
78.70 46.24 24.16 26.17
79.41 45.86 23.80 25.79
79.77 45.08 24.16 26.17
80.49 45.27 23.80 25.79
80.85 45.08 24.16 26.17
81.22 44.88 24.52 26.57
81.03 44.68 24.89 26.96
82.31 44.88 24.52 26.57
82.69 44.68 24.89 26.96
83.07 44.48 25.26 27.37
83.45 44.90 25.64 27.78
84.21 45.10 25.26 27.37
84.59 45.52 25.64 27.78
84.78 45.72 25.26 27.37
84.59 46.14 25.64 27.78
84.98 45.93 26.03 28.20
84.79 45.72 26.42 28.62
85.57 45.30 26.03 28.20
85.37 45.09 26.42 28.62
85.77 44.22 26.81 29.05
86.56 44.44 26.42 28.62
86.97 43.57 26.81 29.05
87.76 43.15 26.42 28.62
87.56 42.93 26.81 29.05
87.97 42.05 27.22 29.48
88.77 41.62 26.81 29.05
88.57 40.74 27.22 29.48
89.37 40.31 26.81 29.05
89.78 40.09 27.22 29.48
89.57 39.87 27.62 29.93
91.00 39.43 27.22 29.48
91.41 39.88 27.62 29.93
93.09 39.66 28.04 30.37
94.15 40.12 28.46 30.83
96.25 41.03 28.04 30.37
97.95 41.49 28.46 30.83
100.32 41.96 28.89 31.29
102.73 42.44 29.32 31.76
105.18 42.92 29.76 32.24
107.66 43.41 30.20 32.72
110.87 43.91 30.66 33.21
114.48 44.16 30.20 32.72
117.69 44.65 30.66 33.21
120.25 44.41 31.12 33.71
123.91 43.91 30.66 33.21
126.84 43.42 30.20 32.72
129.73 42.94 29.76 32.24
131.92 42.47 29.32 31.76
134.08 41.30 28.89 31.29
135.18 41.07 29.32 31.76
136.69 40.60 28.89 31.29
137.78 39.66 29.32 31.76
139.94 39.19 28.89 31.29
141.04 38.95 29.32 31.76
142.15 38.72 29.76 32.24
143.96 38.47 30.20 32.72
145.79 38.97 30.66 33.21
148.35 38.72 31.12 33.71
150.95 38.47 31.58 34.22
153.58 38.99 32.06 34.73
157.36 39.25 31.58 34.22
159.99 39.77 32.06 34.73
163.40 40.30 32.54 35.25
167.95 41.34 32.06 34.73
171.35 41.87 32.54 35.25
175.90 42.91 32.06 34.73
180.03 43.43 32.54 35.25
184.23 43.97 33.03 35.78
188.48 43.70 33.52 36.32
193.17 43.97 33.03 35.78
196.68 42.89 33.52 36.32
200.24 42.62 34.03 36.86
203.49 42.08 33.52 36.32
206.29 41.80 34.03 36.86
209.54 41.26 33.52 36.32
212.75 40.73 33.03 35.78
215.51 40.46 33.52 36.32
217.97 40.73 33.03 35.78
221.13 40.99 32.54 35.25
223.11 41.53 33.03 35.78
226.27 41.80 32.54 35.25
228.98 42.33 33.03 35.78
232.14 43.39 32.54 35.25
235.97 44.43 32.06 34.73
238.65 44.95 32.54 35.25
241.76 45.99 32.06 34.73
244.83 47.02 31.58 34.22
247.46 46.76 32.06 34.73
250.53 47.02 31.58 34.22
253.55 47.27 31.12 33.71
256.53 46.77 30.66 33.21
259.09 46.52 31.12 33.71
262.07 46.03 30.66 33.21
264.32 45.54 30.20 32.72
267.21 45.78 29.76 32.24
269.40 45.31 29.32 31.76
272.21 45.55 28.89 31.29
274.97 45.78 28.46 30.83
277.34 46.25 28.89 31.29
279.10 46.72 29.32 31.76
281.26 46.96 28.89 31.29
283.38 47.19 28.46 30.83
285.76 46.96 28.89 31.29
287.51 46.72 29.32 31.76
288.62 46.49 29.76 32.24
290.43 44.78 30.20 32.72
291.32 44.30 29.76 32.24
292.45 43.32 30.20 32.72
292.91 42.33 30.66 33.21
293.38 41.33 31.12 33.71
294.29 40.09 30.66 33.21
294.76 39.09 31.12 33.71
295.23 37.30 31.58 34.22
295.72 36.27 32.06 34.73
296.66 34.99 31.58 34.22
297.14 33.95 32.06 34.73
297.63 33.69 32.54 35.25
298.59 33.95 32.06 34.73
299.81 34.48 32.54 35.25
301.04 35.02 33.03 35.78
302.29 36.38 33.52 36.32
303.57 37.76 34.03 36.86
305.63 39.16 34.54 37.41
307.73 39.73 35.05 37.98
311.08 40.01 34.54 37.41
314.39 40.28 34.03 36.86
316.45 39.17 34.54 37.41
318.55 38.04 35.05 37.98
319.88 36.89 35.58 38.54
321.23 34.85 36.11 39.12
321.78 33.67 36.66 39.71
322.34 32.47 37.20 40.31
322.62 30.98 36.66 39.71
322.34 29.78 37.20 40.31
321.22 28.57 37.76 40.91
320.07 28.26 38.33 41.52
318.91 27.95 38.90 42.15
317.74 27.63 39.49 42.78
315.65 28.28 40.08 43.42
313.52 27.96 40.68 44.07
311.37 28.63 41.29 44.73
308.24 29.31 41.91 45.40
305.07 30.00 42.54 46.08
300.88 30.70 43.18 46.78
298.59 31.42 43.83 47.48
295.28 32.14 44.48 48.19
291.91 31.78 45.15 48.91
288.49 31.41 45.83 49.65
286.06 31.04 46.51 50.39
283.60 29.52 47.21 51.15
281.10 27.97 47.92 51.91
278.56 26.40 48.64 52.69
275.98 26.00 49.37 53.48
273.08 25.22 48.64 52.69
270.50 24.82 49.37 53.48
266.76 25.64 50.11 54.29
262.97 25.23 50.86 55.10
259.98 25.64 50.11 54.29
256.19 26.47 50.86 55.10
253.49 26.05 51.62 55.93
249.58 25.63 52.40 56.77
246.81 25.21 53.18 57.62
243.99 24.78 53.98 58.48
242.01 23.92 53.18 57.62
240.40 23.48 53.98 58.48
237.54 23.05 54.79 59.36
234.64 22.60 55.61 60.25
231.69 22.15 56.45 61.15
229.62 22.60 55.61 60.25
226.67 22.15 56.45 61.15
223.68 23.08 57.29 62.07
220.65 24.03 58.15 63.00
219.79 24.49 57.29 62.07
218.06 25.44 58.15 63.00
216.30 24.97 59.03 63.95
214.52 24.49 59.91 64.90
214.96 24.97 59.03 63.95
215.39 24.03 58.15 63.00
214.96 23.55 59.03 63.95
214.52 21.62 59.91 64.90
216.28 20.67 59.03 63.95
215.84 18.73 59.91 64.90
216.28 17.78 59.03 63.95
216.72 16.84 58.15 63.00
216.28 14.94 59.03 63.95
218.02 14.00 58.15 63.00
218.45 11.68 57.29 62.07
220.14 10.77 56.45 61.15
220.55 9.88 55.61 60.25
221.40 9.42 56.45 61.15
221.82 9.88 55.61 60.25
220.14 9.42 56.45 61.15
219.31 9.88 55.61 60.25
217.26 10.32 54.79 59.36
213.12 11.22 55.61 60.25
208.91 12.14 56.45 61.15
205.59 13.94 55.61 60.25
201.09 15.72 54.79 59.36
194.45 16.62 55.61 60.25
187.49 18.40 54.79 59.36
179.44 20.15 53.98 58.48
170.44 22.37 54.79 59.36
159.96 24.12 53.98 58.48
149.64 25.84 53.18 57.62
138.29 27.54 52.40 56.77
125.99 28.40 53.18 57.62
114.64 30.10 52.40 56.77
104.62 29.26 51.62 55.93
94.75 28.44 50.86 55.10
85.12 28.03 51.62 55.93
76.39 27.21 50.86 55.10
70.03 26.40 50.11 54.29
63.95 25.99 50.86 55.10
58.72 25.18 50.11 54.29
53.78 24.78 50.86 55.10
49.93 24.36 51.62 55.93
46.90 24.78 50.86 55.10
43.05 24.36 51.62 55.93
41.15 24.78 50.86 55.10
39.61 24.36 51.62 55.93
38.05 23.94 52.40 56.77
37.28 23.11 51.62 55.93
36.52 22.29 50.86 55.10
36.14 20.62 51.62 55.93
34.58 18.93 52.40 56.77
34.97 18.10 51.62 55.93
35.35 16.05 50.86 55.10
33.81 14.38 51.62 55.93
33.43 12.69 52.40 56.77
32.66 11.85 51.62 55.93
31.10 10.16 52.40 56.77
30.33 9.33 51.62 55.93
28.76 8.91 52.40 56.77
25.99 7.19 53.18 57.62
25.21 7.62 52.40 56.77
21.24 8.49 53.18 57.62
17.22 8.05 53.98 58.48
14.04 8.49 53.18 57.62
10.01 9.36 53.98 58.48
4.70 7.59 54.79 59.36
-1.94 7.15 55.61 60.25
