110.00 101.00 30.00 91.00
111.14 102.39 30.45 92.36
112.30 99.59 30.91 93.75
113.89 100.29 30.45 92.36
114.11 100.97 30.00 91.00
115.25 104.42 30.45 92.36
116.41 105.83 30.91 93.75
118.00 106.52 30.45 92.36
119.57 107.21 30.00 91.00
120.71 104.46 30.45 92.36
121.87 101.66 30.91 93.75
124.82 102.36 30.45 92.36
126.39 101.00 30.00 91.00
126.17 100.32 30.45 92.36
126.63 99.62 30.91 93.75
128.22 100.32 30.45 92.36
129.12 101.00 30.00 91.00
129.34 99.66 29.56 89.66
128.45 96.95 30.00 91.00
129.99 97.63 29.56 89.66
132.82 98.29 29.12 88.33
134.32 98.94 28.69 87.02
135.41 98.29 29.12 88.33
137.84 97.63 29.56 89.66
139.36 98.29 29.12 88.33
140.47 99.63 29.56 89.66
141.59 98.96 30.00 91.00
143.14 99.63 29.56 89.66
144.01 100.30 29.12 88.33
144.87 100.95 28.69 87.02
145.08 101.59 28.27 85.74
145.51 100.95 28.69 87.02
145.09 99.67 28.27 85.74
145.52 99.03 28.69 87.02
144.65 98.38 29.12 88.33
143.77 97.71 29.56 89.66
142.03 96.40 29.12 88.33
139.83 95.73 29.56 89.66
136.92 95.06 30.00 91.00
135.81 95.73 29.56 89.66
134.25 95.06 30.00 91.00
134.47 97.74 29.56 89.66
133.58 97.07 30.00 91.00
131.81 99.75 29.56 89.66
130.07 100.41 29.12 88.33
129.65 101.07 28.69 87.02
129.23 101.71 28.27 85.74
129.01 101.07 28.69 87.02
129.23 101.71 28.27 85.74
130.06 102.34 27.85 84.47
131.12 101.71 28.27 85.74
132.83 103.02 28.69 87.02
134.31 103.66 28.27 85.74
133.46 101.07 28.69 87.02
132.40 99.79 28.27 85.74
132.19 99.15 28.69 87.02
131.77 99.79 28.27 85.74
130.91 99.15 28.69 87.02
130.49 101.71 28.27 85.74
128.99 99.12 28.69 87.02
129.84 99.76 28.27 85.74
129.63 99.12 28.69 87.02
129.84 99.76 28.27 85.74
129.42 102.29 27.85 84.47
130.48 101.65 28.27 85.74
129.63 101.01 28.69 87.02
129.21 101.65 28.27 85.74
127.71 99.06 28.69 87.02
127.29 99.70 28.27 85.74
126.25 100.34 27.85 84.47
125.41 97.78 28.27 85.74
126.24 100.31 27.85 84.47
127.30 99.67 28.27 85.74
127.09 99.03 28.69 87.02
127.30 99.67 28.27 85.74
128.13 100.31 27.85 84.47
127.92 97.75 28.27 85.74
128.13 98.39 27.85 84.47
127.92 99.67 28.27 85.74
128.13 100.31 27.85 84.47
127.29 97.75 28.27 85.74
126.87 100.28 27.85 84.47
127.93 99.65 28.27 85.74
127.08 99.00 28.69 87.02
128.55 99.65 28.27 85.74
128.76 102.17 27.85 84.47
129.19 101.54 28.27 85.74
128.98 100.89 28.69 87.02
128.55 101.54 28.27 85.74
127.06 98.95 28.69 87.02
126.00 99.59 28.27 85.74
126.21 100.22 27.85 84.47
126.00 99.59 28.27 85.74
126.21 100.22 27.85 84.47
126.00 99.59 28.27 85.74
126.21 100.22 27.85 84.47
126.00 99.59 28.27 85.74
125.79 98.95 28.69 87.02
125.37 99.59 28.27 85.74
124.95 100.22 27.85 84.47
123.48 97.67 28.27 85.74
123.91 97.03 28.69 87.02
124.12 99.59 28.27 85.74
124.95 100.22 27.85 84.47
124.75 99.59 28.27 85.74
126.46 98.95 28.69 87.02
126.67 99.59 28.27 85.74
127.51 102.11 27.85 84.47
127.30 101.48 28.27 85.74
127.09 100.84 28.69 87.02
126.03 99.56 28.27 85.74
125.18 98.92 28.69 87.02
123.49 99.56 28.27 85.74
121.99 96.97 28.69 87.02
121.57 97.61 28.27 85.74
121.16 98.24 27.85 84.47
120.31 97.61 28.27 85.74
119.90 96.35 27.85 84.47
119.69 93.80 28.27 85.74
119.48 93.16 28.69 87.02
119.06 93.80 28.27 85.74
118.64 94.43 27.85 84.47
119.07 93.80 28.27 85.74
120.14 93.16 28.69 87.02
120.35 93.80 28.27 85.74
122.43 96.32 27.85 84.47
123.49 95.69 28.27 85.74
124.56 95.05 28.69 87.02
