340.00 358.00 18.00 55.00
339.05 357.59 18.27 55.82
338.91 357.17 18.54 56.66
337.51 358.03 18.82 57.51
335.15 358.46 18.54 56.66
334.06 358.88 18.27 55.83
332.26 358.46 18.54 56.66
329.59 358.03 18.82 57.51
326.41 357.19 18.54 56.66
322.86 356.36 18.27 55.83
320.65 357.21 18.54 56.66
318.40 358.07 18.82 57.51
316.88 358.49 18.54 56.66
314.15 358.91 18.27 55.83
313.08 360.56 18.00 55.00
312.42 362.18 17.73 54.19
310.67 363.00 18.00 55.00
308.49 363.84 18.27 55.82
306.28 364.69 18.54 56.66
305.29 365.56 18.82 57.51
305.15 366.43 19.10 58.37
305.29 368.15 18.82 57.51
304.60 369.85 18.54 56.66
303.62 370.71 18.82 57.51
303.05 371.59 19.10 58.37
301.08 372.02 18.82 57.51
299.23 371.59 19.10 58.37
298.11 373.30 18.82 57.51
297.00 375.00 18.54 56.66
296.73 376.67 18.27 55.83
296.59 376.25 18.54 56.66
295.91 376.67 18.27 55.83
294.83 378.31 18.00 55.00
295.76 378.72 17.73 54.19
296.84 378.31 18.00 55.00
296.70 379.15 18.27 55.82
296.57 378.73 18.54 56.66
297.52 379.15 18.27 55.83
298.06 379.56 18.00 55.00
297.80 379.97 17.73 54.19
296.05 378.33 18.00 55.00
294.99 377.52 17.73 54.19
294.05 378.35 18.00 55.00
293.79 377.54 17.73 54.19
293.25 377.14 18.00 55.00
291.80 376.33 17.73 54.19
291.93 376.73 17.47 53.39
291.40 377.54 17.73 54.19
290.46 375.90 18.00 55.00
291.39 376.31 17.73 54.19
291.66 375.90 18.00 55.00
291.52 375.49 18.27 55.82
291.80 376.34 18.54 56.66
291.12 376.76 18.27 55.83
290.45 377.17 18.00 55.00
289.90 378.01 18.27 55.82
288.52 378.86 18.54 56.66
287.54 379.72 18.82 57.51
286.85 380.15 18.54 56.66
284.94 381.82 18.27 55.83
283.06 383.46 18.00 55.00
282.00 385.08 17.73 54.19
280.25 385.91 18.00 55.00
279.59 386.32 17.73 54.19
278.15 387.91 17.47 53.39
276.74 388.31 17.21 52.60
276.11 387.53 16.96 51.82
274.44 385.97 17.21 52.60
273.53 385.57 17.47 53.39
273.00 383.96 17.73 54.19
271.56 381.97 17.47 53.39
272.08 381.18 17.21 52.60
273.35 380.41 16.96 51.82
272.35 377.36 16.71 51.05
270.70 375.82 16.96 51.82
268.65 374.25 17.21 52.60
266.95 372.66 17.47 53.39
265.63 371.05 17.73 54.19
264.59 371.45 17.47 53.39
264.85 371.05 17.73 54.19
265.38 370.25 17.47 53.39
265.25 372.28 17.73 54.19
264.71 371.87 18.00 55.00
264.84 373.49 17.73 54.19
263.50 373.09 18.00 55.00
262.14 372.68 18.27 55.82
260.26 371.86 18.00 55.00
259.99 371.05 17.73 54.19
258.56 369.06 17.47 53.39
257.53 369.45 17.21 52.60
256.14 371.00 16.96 51.82
253.64 370.24 16.71 51.05
253.14 371.02 16.96 51.82
251.85 369.45 17.21 52.60
250.55 367.86 17.47 53.39
248.75 367.08 17.21 52.60
248.50 367.47 16.96 51.82
248.37 365.90 17.21 52.60
248.88 365.13 16.96 51.82
248.26 364.37 16.71 51.05
248.13 363.98 16.96 51.82
247.23 364.77 17.21 52.60
246.71 364.38 17.47 53.39
244.99 362.76 17.73 54.19
244.05 362.36 18.00 55.00
243.79 362.76 17.73 54.19
242.75 364.36 17.47 53.39
241.03 363.96 17.73 54.19
239.98 364.36 17.47 53.39
239.34 365.93 17.21 52.60
238.33 366.32 16.96 51.82
238.45 364.42 16.71 51.05
239.47 362.87 16.96 51.82
241.84 362.11 16.71 51.05
246.27 359.41 16.96 51.82
249.02 354.07 16.71 51.05
251.17 350.21 16.96 51.82
250.55 349.45 16.71 51.05
250.30 350.95 16.46 50.30
250.18 350.57 16.71 51.05
250.43 350.19 16.96 51.82
252.80 350.57 16.71 51.05
254.20 351.35 16.96 51.82
255.82 352.88 16.71 51.05
257.98 352.50 16.96 51.82
258.85 352.88 16.71 51.05
260.24 352.50 16.96 51.82
260.50 352.11 17.21 52.60
261.16 350.52 17.47 53.39
259.83 351.33 17.73 54.19
258.89 350.92 18.00 55.00
259.42 352.54 17.73 54.19
259.95 351.75 17.47 53.39
260.46 353.32 17.21 52.60
261.35 353.71 16.96 51.82
261.47 352.95 16.71 51.05
260.59 350.24 16.96 51.82
260.07 349.86 17.21 52.60
260.20 347.92 16.96 51.82
260.85 347.53 17.21 52.60
261.11 345.94 17.47 53.39
260.98 345.54 17.73 54.19
259.15 347.14 17.47 53.39
258.12 347.53 17.21 52.60
257.60 348.34 17.47 53.39
257.87 347.94 17.73 54.19
259.17 348.34 17.47 53.39
258.92 349.91 17.21 52.60
257.22 353.10 17.47 53.39
255.81 357.03 17.21 52.60
254.04 357.42 16.96 51.82
250.83 357.03 17.21 52.60
247.53 358.58 16.96 51.82
244.71 359.37 17.21 52.60
242.62 358.98 17.47 53.39
242.37 357.01 17.21 52.60
242.63 356.62 17.47 53.39
242.37 357.01 17.21 52.60
241.46 356.62 17.47 53.39
240.14 357.43 17.73 54.19
239.09 359.03 17.47 53.39
237.77 359.84 17.73 54.19
236.03 360.67 18.00 55.00
235.48 360.25 18.27 55.82
234.10 359.84 18.54 56.66
232.69 359.41 18.82 57.51
230.84 361.59 19.10 58.37
228.96 359.83 19.39 59.25
227.49 358.04 19.68 60.14
225.11 356.22 19.98 61.04
223.59 354.37 20.28 61.96
222.06 352.50 20.58 62.89
220.97 349.17 20.89 63.83
218.91 344.34 21.20 64.79
218.27 343.85 21.52 65.76
216.64 343.36 21.84 66.75
214.49 344.38 22.17 67.75
211.81 342.33 22.50 68.76
213.17 341.81 22.84 69.79
211.96 341.29 23.18 70.84
210.73 342.37 23.53 71.90
208.42 345.10 23.89 72.98
208.78 346.21 24.24 74.08
207.50 345.65 24.61 75.19
206.19 345.09 24.98 76.32
203.73 346.25 25.35 77.46
201.81 347.43 25.73 78.62
199.87 348.63 26.12 79.80
197.30 348.03 26.51 81.00
194.08 347.42 26.91 82.21
191.43 346.81 27.31 83.45
189.37 348.08 27.72 84.70
186.01 349.37 28.14 85.97
185.16 346.77 28.56 87.26
183.00 346.12 28.99 88.57
180.80 349.48 29.42 89.90
179.24 352.89 29.86 91.24
176.98 352.21 30.31 92.61
174.69 353.62 30.76 94.00
171.66 352.91 31.23 95.41
170.00 352.20 31.69 96.84
168.14 355.05 31.23 95.41
166.49 358.67 31.69 96.84
162.65 357.95 32.17 98.30
161.67 357.21 32.65 99.77
162.17 361.00 33.14 101.27
161.92 362.54 33.64 102.79
159.37 364.11 34.14 104.33
156.79 360.95 34.66 105.89
155.74 362.57 35.18 107.48
151.48 366.65 35.70 109.09
148.78 365.83 36.24 110.73
146.86 362.48 36.78 112.39
144.07 364.20 37.33 114.08
139.55 363.34 37.89 115.79
134.96 354.57 38.46 117.53
128.55 353.69 39.04 119.29
126.48 352.80 39.63 121.08
127.98 346.38 40.22 122.89
128.60 339.87 40.82 124.74
133.86 338.94 41.44 126.61
139.20 340.87 42.06 128.51
147.49 342.83 42.69 130.43
156.88 338.88 43.33 132.39
166.40 331.87 43.98 134.38
177.07 327.81 44.64 136.39
184.85 326.78 45.31 138.44
192.76 332.04 45.99 140.52
199.73 337.37 46.68 142.62
203.62 339.55 47.38 144.76
207.58 341.75 48.09 146.93
212.68 343.99 48.81 149.14
213.43 346.26 49.54 151.37
213.79 347.38 48.81 149.14
215.65 353.05 49.54 151.37
217.53 358.79 50.28 153.65
218.29 357.64 51.04 155.95
221.39 360.02 51.80 158.29
224.54 362.43 52.58 160.66
230.12 364.88 53.37 163.07
234.57 367.36 54.17 165.52
240.33 362.36 54.98 168.00
241.16 353.46 55.81 170.52
239.48 348.30 56.64 173.08
232.61 335.20 57.49 175.68
226.95 325.89 58.36 178.31
223.86 316.45 59.23 180.99
222.07 302.74 60.12 183.70
225.72 293.01 61.02 186.46
223.87 283.14 61.94 189.25
227.63 286.02 62.87 192.09
227.16 280.21 63.81 194.97
231.04 274.32 64.77 197.90
237.23 284.51 63.81 194.97
241.93 290.26 62.87 192.09
244.32 288.82 63.81 194.97
251.83 281.65 62.87 192.09
262.00 287.31 61.94 189.25
264.36 290.19 62.87 192.09
267.60 291.61 61.94 189.25
271.36 294.50 62.87 192.09
271.82 295.92 61.94 189.25
269.95 303.10 62.87 192.09
269.02 304.52 61.94 189.25
262.93 298.80 62.87 192.09
259.23 295.98 61.94 189.25
255.59 297.38 61.02 186.46
248.19 287.50 61.94 189.25
246.32 281.78 62.87 192.09
240.13 280.34 63.81 194.97
240.60 286.08 62.87 192.09
245.23 283.26 61.94 189.25
257.44 286.15 62.87 192.09
263.45 279.09 61.94 189.25
268.62 269.06 62.87 192.09
271.01 263.25 63.81 194.97
275.70 260.39 62.87 192.09
285.88 253.33 61.94 189.25
285.42 247.61 62.87 192.09
287.27 249.03 61.94 189.25
287.73 258.78 61.02 186.46
291.43 261.62 61.94 189.25
297.36 263.02 61.02 186.46
298.28 265.86 61.94 189.25
297.82 268.74 62.87 192.09
295.92 267.30 63.81 194.97
298.34 265.84 64.77 197.90
298.82 262.94 63.81 194.97
293.66 264.38 62.87 192.09
284.61 267.30 63.81 194.97
280.86 268.74 62.87 192.09
274.67 267.30 63.81 194.97
272.74 265.84 64.77 197.90
270.36 258.57 63.81 194.97
268.43 257.11 64.77 197.90
258.90 258.57 63.81 194.97
255.15 264.31 62.87 192.09
252.84 265.73 61.94 189.25
249.56 268.61 62.87 192.09
246.23 271.54 63.81 194.97
244.30 265.65 64.77 197.90
247.64 267.11 63.81 194.97
242.81 270.08 64.77 197.90
240.85 268.59 65.74 200.87
238.43 261.21 64.77 197.90
234.62 262.68 63.81 194.97
229.46 259.81 62.87 192.09
235.48 261.23 61.94 189.25
242.05 264.12 62.87 192.09
252.23 269.78 61.94 189.25
257.40 272.66 62.87 192.09
262.64 275.59 63.81 194.97
266.52 282.99 64.77 197.90
274.87 295.00 65.74 200.87
281.16 314.22 64.77 197.90
284.49 320.05 63.81 194.97
288.37 323.02 64.77 197.90
289.35 330.53 65.74 200.87
292.74 336.45 64.77 197.90
292.25 339.47 65.74 200.87
295.64 340.95 64.77 197.90
295.16 343.97 65.74 200.87
295.64 345.45 64.77 197.90
296.63 348.46 65.74 200.87
299.13 356.09 66.72 203.88
296.67 362.10 65.74 200.87
293.19 365.16 66.72 203.88
289.27 366.66 65.74 200.87
288.30 368.15 64.77 197.90
284.87 371.16 65.74 200.87
281.00 381.51 64.77 197.90
274.63 389.03 65.74 200.87
272.21 386.08 64.77 197.90
273.20 384.60 65.74 200.87
271.21 378.52 66.72 203.88
266.16 376.99 67.73 206.94
265.17 369.39 66.72 203.88
264.19 366.40 65.74 200.87
263.22 363.45 64.77 197.90
266.56 356.17 63.81 194.97
269.85 344.71 62.87 192.09
273.09 341.89 61.94 189.25
274.03 340.47 62.87 192.09
273.56 339.03 63.81 194.97
273.08 342.00 64.77 197.90
272.59 340.51 65.74 200.87
270.61 343.57 66.72 203.88
271.10 349.58 65.74 200.87
270.13 355.50 64.77 197.90
272.04 356.96 63.81 194.97
269.70 362.70 62.87 192.09
266.37 361.26 63.81 194.97
242.68 408.56 64.77 197.90
245.13 402.58 65.74 200.87
247.07 399.63 64.77 197.90
251.84 396.72 63.81 194.97
253.72 398.17 62.87 192.09
253.25 396.72 63.81 194.97
255.67 390.83 64.77 197.90
259.60 384.85 65.74 200.87
265.09 387.91 66.72 203.88
273.69 386.38 67.73 206.94
287.64 383.34 66.72 203.88
299.28 381.81 67.73 206.94
317.71 383.34 66.72 203.88
335.88 389.34 65.74 200.87
351.82 387.84 66.72 203.88
336.12 339.85 65.74 200.87
349.66 336.90 64.77 197.90
365.86 338.36 63.81 194.97
381.82 348.41 62.87 192.09
390.61 349.83 61.94 189.25
399.27 351.23 61.02 186.46
413.19 344.38 60.12 183.70
429.56 341.68 59.23 180.99
442.58 336.21 60.12 183.70
450.98 341.62 59.23 180.99
455.34 346.95 58.36 178.31
459.64 352.20 57.49 175.68
463.13 346.89 58.36 178.31
462.69 341.50 59.23 180.99
460.90 344.26 60.12 183.70
454.71 349.67 59.23 180.99
443.49 348.31 60.12 183.70
433.32 349.67 59.23 180.99
421.99 351.01 58.36 178.31
404.31 353.72 59.23 180.99
389.05 356.48 60.12 183.70
376.23 353.78 59.23 180.99
363.59 355.12 58.36 178.31
351.21 357.84 59.23 180.99
340.00 356.48 60.12 183.70
331.15 357.84 59.23 180.99
323.75 363.17 58.36 178.31
320.32 364.49 57.49 175.68
315.66 361.91 56.64 173.08
308.58 367.01 55.81 170.52
301.82 365.73 56.64 173.08
297.53 364.43 57.49 175.68
290.56 363.11 58.36 178.31
282.17 365.83 59.23 180.99
278.68 367.17 58.36 178.31
276.92 369.88 59.23 180.99
273.43 371.22 58.36 178.31
274.32 369.88 59.23 180.99
273.45 375.22 58.36 178.31
273.88 376.53 57.49 175.68
276.07 379.21 58.36 178.31
275.63 377.87 59.23 180.99
275.19 376.51 60.12 183.70
278.28 377.87 59.23 180.99
279.19 380.63 60.12 183.70
280.96 377.93 59.23 180.99
282.70 371.28 58.36 178.31
280.94 365.89 59.23 180.99
280.49 364.53 60.12 183.70
279.61 361.84 59.23 180.99
277.82 360.48 60.12 183.70
279.59 357.78 59.23 180.99
278.72 351.13 58.36 178.31
277.86 352.45 57.49 175.68
276.13 351.13 58.36 178.31
274.36 345.74 59.23 180.99
274.80 343.08 58.36 178.31
273.03 345.80 59.23 180.99
267.20 352.67 60.12 183.70
265.39 355.47 61.02 186.46
266.32 354.07 61.94 189.25
264.04 355.47 61.02 186.46
260.45 360.96 60.12 183.70
258.63 363.76 61.02 186.46
257.74 361.03 60.12 183.70
258.65 351.29 61.02 186.46
258.20 345.66 61.94 189.25
254.91 344.24 62.87 192.09
248.44 345.66 61.94 189.25
246.17 342.88 61.02 186.46
241.23 344.26 60.12 183.70
237.69 345.61 59.23 180.99
233.21 344.26 60.12 183.70
231.00 345.61 59.23 180.99
228.82 350.95 58.36 178.31
227.06 341.50 59.23 180.99
223.57 330.85 58.36 178.31
224.46 321.41 59.23 180.99
232.10 307.71 60.12 183.70
242.58 297.98 61.02 186.46
251.84 283.86 61.94 189.25
260.50 268.55 61.02 186.46
275.76 257.58 60.12 183.70
286.82 246.78 59.23 180.99
296.41 248.12 58.36 178.31
299.42 253.37 57.49 175.68
302.91 256.05 58.36 178.31
304.63 261.30 57.49 175.68
304.19 263.98 58.36 178.31
302.43 262.64 59.23 180.99
301.56 271.96 58.36 178.31
299.80 282.79 59.23 180.99
297.62 288.12 58.36 178.31
296.76 285.50 57.49 175.68
298.46 286.80 56.64 173.08
301.89 289.44 57.49 175.68
306.13 282.98 56.64 173.08
305.70 281.68 57.49 175.68
303.96 280.37 58.36 178.31
306.18 283.08 59.23 180.99
306.62 280.43 58.36 178.31
310.91 285.68 57.49 175.68
316.41 290.85 56.64 173.08
325.00 285.62 57.49 175.68
336.85 283.04 56.64 173.08
346.72 281.74 57.49 175.68
355.44 276.43 58.36 178.31
361.64 279.15 59.23 180.99
367.93 277.79 60.12 183.70
373.68 279.15 59.23 180.99
377.28 277.79 60.12 183.70
383.03 287.26 59.23 180.99
381.24 290.01 60.12 183.70
373.72 291.37 59.23 180.99
370.24 300.70 58.36 178.31
371.95 302.02 57.49 175.68
378.72 307.19 56.64 173.08
384.14 316.11 55.81 170.52
392.61 318.71 56.64 173.08
398.03 316.17 55.81 170.52
400.14 318.76 56.64 173.08
405.56 327.68 55.81 170.52
410.22 326.40 56.64 173.08
411.89 323.86 55.81 170.52
411.07 317.60 54.98 168.00
400.55 318.84 54.17 165.52
377.98 317.60 54.98 168.00
361.40 326.25 54.17 165.52
345.06 331.13 53.37 163.07
321.61 326.20 54.17 165.52
312.44 327.42 53.37 163.07
296.27 333.61 54.17 165.52
281.08 339.90 54.98 168.00
269.42 342.46 55.81 170.52
262.66 345.06 56.64 173.08
257.08 347.69 57.49 175.68
256.65 354.36 58.36 178.31
246.92 353.03 59.23 180.99
249.98 362.35 58.36 178.31
253.52 361.02 59.23 180.99
253.07 355.54 60.12 183.70
263.56 345.81 61.02 186.46
266.70 326.62 60.12 183.70
260.78 312.71 61.02 186.46
250.46 309.97 60.12 183.70
230.87 304.42 61.02 186.46
212.47 305.79 60.12 183.70
212.92 307.15 59.23 180.99
212.47 293.45 60.12 183.70
218.22 286.70 59.23 180.99
223.89 288.04 58.36 178.31
228.76 282.64 59.23 180.99
239.09 273.06 60.12 183.70
253.67 263.33 61.02 186.46
267.59 256.47 60.12 183.70
276.71 246.74 61.02 186.46
284.58 245.34 61.94 189.25
297.34 250.92 61.02 186.46
305.87 252.30 60.12 183.70
312.25 255.10 61.02 186.46
319.43 264.70 60.12 183.70
314.88 271.68 61.02 186.46
309.95 281.29 60.12 183.70
311.72 290.75 59.23 180.99
310.85 288.10 58.36 178.31
309.08 290.81 59.23 180.99
308.64 293.57 60.12 183.70
316.39 283.84 61.02 186.46
330.31 276.99 60.12 183.70
339.43 271.43 61.02 186.46
353.34 272.81 60.12 183.70
365.19 271.43 61.02 186.46
374.45 270.03 61.94 189.25
383.84 272.92 62.87 192.09
394.02 274.34 61.94 189.25
410.88 271.56 61.02 186.46
427.49 268.82 60.12 183.70
437.22 270.18 59.23 180.99
444.19 271.52 58.36 178.31
447.74 274.23 59.23 180.99
449.99 276.99 60.12 183.70
451.76 278.35 59.23 180.99
452.20 283.68 58.36 178.31
449.10 282.34 59.23 180.99
448.23 291.67 58.36 178.31
441.16 294.38 59.23 180.99
431.29 297.14 60.12 183.70
425.10 302.55 59.23 180.99
412.47 299.90 58.36 178.31
400.02 309.08 57.49 175.68
382.60 315.76 58.36 178.31
367.56 314.42 59.23 180.99
355.00 321.29 60.12 183.70
342.18 322.65 59.23 180.99
329.61 321.29 60.12 183.70
325.06 319.91 61.02 186.46
318.78 321.29 60.12 183.70
315.24 326.70 59.23 180.99
311.76 332.03 58.36 178.31
306.01 334.75 59.23 180.99
304.22 337.51 60.12 183.70
303.77 331.95 61.02 186.46
301.53 325.10 60.12 183.70
298.34 319.55 61.02 186.46
300.66 318.15 61.94 189.25
300.20 312.43 62.87 192.09
303.43 305.37 61.94 189.25
300.15 303.95 62.87 192.09
295.07 305.37 61.94 189.25
290.06 310.94 61.02 186.46
282.66 305.30 61.94 189.25
277.65 302.53 61.02 186.46
268.68 308.02 60.12 183.70
257.18 313.43 59.23 180.99
247.16 314.77 58.36 178.31
236.11 317.48 59.23 180.99
223.48 310.83 58.36 178.31
212.42 309.50 59.23 180.99
201.10 314.83 58.36 178.31
186.06 305.38 59.23 180.99
177.35 302.72 58.36 178.31
171.61 301.39 59.23 180.99
158.97 302.72 58.36 178.31
150.57 301.39 59.23 180.99
143.17 302.72 58.36 178.31
135.87 304.04 57.49 175.68
127.60 298.73 58.36 178.31
119.20 297.39 59.23 180.99
110.49 298.73 58.36 178.31
106.07 297.39 59.23 180.99
102.58 294.74 58.36 178.31
97.86 292.12 57.49 175.68
97.43 290.80 58.36 178.31
95.67 293.52 59.23 180.99
97.41 298.85 58.36 178.31
96.98 301.57 59.23 180.99
101.34 306.90 58.36 178.31
106.92 308.22 57.49 175.68
114.96 313.39 56.64 173.08
120.97 316.03 57.49 175.68
125.77 314.71 58.36 178.31
130.64 313.37 59.23 180.99
135.00 314.71 58.36 178.31
139.87 313.37 59.23 180.99
144.81 303.79 60.12 183.70
147.91 305.14 59.23 180.99
153.57 306.48 58.36 178.31
157.12 301.09 59.23 180.99
157.55 298.43 58.36 178.31
158.44 297.09 59.23 180.99
158.00 295.74 60.12 183.70
158.91 290.18 61.02 186.46
159.36 287.45 60.12 183.70
162.46 288.80 59.23 180.99
166.82 290.14 58.36 178.31
171.12 291.46 57.49 175.68
172.81 296.63 56.64 173.08
173.67 295.34 57.49 175.68
177.90 296.63 56.64 173.08
178.77 299.27 57.49 175.68
179.64 297.95 58.36 178.31
183.94 299.27 57.49 175.68
189.44 300.57 56.64 173.08
191.59 303.21 57.49 175.68
194.55 304.50 56.64 173.08
197.99 303.21 57.49 175.68
201.48 301.89 58.36 178.31
202.37 304.60 59.23 180.99
202.81 309.94 58.36 178.31
203.70 308.60 59.23 180.99
205.95 307.24 60.12 183.70
209.04 312.65 59.23 180.99
209.48 317.98 58.36 178.31
206.39 316.65 59.23 180.99
208.14 317.98 58.36 178.31
209.85 327.17 57.49 175.68
211.55 328.47 56.64 173.08
214.47 325.93 55.81 170.52
216.59 320.77 56.64 173.08
219.50 322.05 55.81 170.52
222.38 319.55 54.98 168.00
225.72 310.65 55.81 170.52
229.11 301.62 56.64 173.08
234.53 299.08 55.81 170.52
238.63 300.34 54.98 168.00
239.04 305.29 54.17 165.52
243.03 302.86 53.37 163.07
246.27 301.63 54.17 165.52
245.47 306.51 53.37 163.07
245.86 307.71 52.58 160.66
243.08 310.16 53.37 163.07
241.47 305.23 54.17 165.52
241.06 303.99 54.98 168.00
236.90 302.73 55.81 170.52
234.85 300.23 54.98 168.00
234.04 297.76 54.17 165.52
231.17 300.28 54.98 168.00
228.26 302.84 55.81 170.52
229.90 300.34 54.98 168.00
230.74 299.08 55.81 170.52
235.40 297.80 56.64 173.08
242.70 296.50 57.49 175.68
247.50 299.18 58.36 178.31
252.36 305.95 59.23 180.99
260.65 307.29 58.36 178.31
269.50 301.89 59.23 180.99
281.17 296.42 60.12 183.70
290.90 293.73 59.23 180.99
299.89 292.37 60.12 183.70
305.64 285.62 59.23 180.99
313.92 282.96 58.36 178.31
318.79 285.68 59.23 180.99
320.53 287.01 58.36 178.31
320.96 288.33 57.49 175.68
320.53 287.01 58.36 178.31
321.42 277.57 59.23 180.99
319.63 280.33 60.12 183.70
315.08 278.95 61.02 186.46
310.14 276.21 60.12 183.70
306.61 273.51 59.23 180.99
299.20 274.85 58.36 178.31
292.13 265.41 59.23 180.99
286.03 262.75 58.36 178.31
276.31 265.47 59.23 180.99
267.59 270.80 58.36 178.31
263.18 261.35 59.23 180.99
261.38 264.11 60.12 183.70
256.83 266.91 61.02 186.46
256.38 265.51 61.94 189.25
254.50 272.70 62.87 192.09
253.58 278.36 61.94 189.25
255.93 276.94 62.87 192.09
257.78 278.36 61.94 189.25
258.24 283.93 61.02 186.46
257.78 291.01 61.94 189.25
255.51 296.59 61.02 186.46
255.96 297.96 60.12 183.70
255.51 296.59 61.02 186.46
253.26 306.19 60.12 183.70
253.71 307.55 59.23 180.99
254.15 300.90 58.36 178.31
254.58 298.28 57.49 175.68
252.47 299.58 56.64 173.08
253.33 294.35 57.49 175.68
255.51 289.04 58.36 178.31
256.40 287.70 59.23 180.99
258.65 278.11 60.12 183.70
261.75 279.47 59.23 180.99
263.49 276.81 58.36 178.31
264.38 275.47 59.23 180.99
266.63 270.00 60.12 183.70
260.71 268.62 61.02 186.46
261.64 262.99 61.94 189.25
260.73 268.56 61.02 186.46
259.84 274.05 60.12 183.70
260.28 271.36 59.23 180.99
263.88 261.77 60.12 183.70
266.97 259.07 59.23 180.99
270.03 256.42 58.36 178.31
273.03 261.67 57.49 175.68
274.73 259.09 56.64 173.08
274.30 253.86 57.49 175.68
276.49 248.54 58.36 178.31
276.92 249.86 57.49 175.68
278.61 255.04 56.64 173.08
282.78 263.96 55.81 170.52
283.19 265.22 54.98 168.00
290.88 266.46 54.17 165.52
281.85 257.69 54.98 168.00
266.44 260.25 55.81 170.52
252.07 272.80 54.98 168.00
241.56 277.75 54.17 165.52
238.69 276.51 54.98 168.00
224.52 275.25 55.81 170.52
212.69 277.84 56.64 173.08
200.67 272.61 57.49 175.68
197.62 279.28 58.36 178.31
187.75 280.60 57.49 175.68
176.86 279.28 58.36 178.31
164.48 277.94 59.23 180.99
160.00 284.82 60.12 183.70
151.35 279.26 61.02 186.46
152.28 269.39 61.94 189.25
158.20 266.61 61.02 186.46
160.52 265.21 61.94 189.25
158.65 259.49 62.87 192.09
162.46 253.68 63.81 194.97
164.89 252.22 64.77 197.90
166.80 249.31 63.81 194.97
171.49 246.45 62.87 192.09
176.12 247.87 61.94 189.25
175.21 240.91 61.02 186.46
178.91 239.52 61.94 189.25
183.47 245.09 61.02 186.46
185.79 247.93 61.94 189.25
186.25 253.51 61.02 186.46
191.34 260.59 61.94 189.25
193.16 257.81 61.02 186.46
194.09 260.65 61.94 189.25
195.92 266.22 61.02 186.46
192.68 264.83 61.94 189.25
189.40 267.71 62.87 192.09
191.79 275.00 63.81 194.97
192.26 276.44 62.87 192.09
193.22 279.37 63.81 194.97
195.10 289.42 62.87 192.09
194.18 295.08 61.94 189.25
195.12 302.26 62.87 192.09
198.36 303.68 61.94 189.25
204.29 305.08 61.02 186.46
206.08 306.46 60.12 183.70
206.53 307.82 59.23 180.99
210.89 305.16 58.36 178.31
213.10 299.77 59.23 180.99
216.70 294.29 60.12 183.70
221.71 288.74 61.02 186.46
226.81 287.34 61.94 189.25
231.37 288.74 61.02 186.46
234.51 286.00 60.12 183.70
236.79 284.63 61.02 186.46
239.94 281.89 60.12 183.70
241.71 279.19 59.23 180.99
244.76 276.53 58.36 178.31
246.48 269.98 57.49 175.68
248.66 264.67 58.36 178.31
