111.00 98.00 25.00 101.00
111.38 101.84 25.37 102.51
110.61 105.73 25.76 104.05
111.01 104.95 26.14 105.61
110.22 104.16 26.53 107.20
110.41 104.95 26.14 105.61
109.03 108.96 26.53 107.20
108.05 112.12 26.14 105.61
104.88 113.72 26.53 107.20
102.27 115.36 26.93 108.81
97.78 117.02 27.34 110.44
93.76 115.39 26.93 108.81
91.58 113.80 26.53 107.20
88.27 109.86 26.14 105.61
87.31 108.31 25.76 104.05
88.63 106.78 25.38 102.52
88.26 109.80 25.00 101.00
89.55 110.55 24.63 99.51
91.04 112.06 25.00 101.00
93.13 113.60 25.37 102.52
94.67 110.50 25.76 104.05
96.82 107.36 26.14 105.61
100.19 106.56 26.53 107.20
100.59 105.76 26.93 108.81
102.58 106.56 26.53 107.20
103.58 108.20 26.93 108.81
104.61 109.85 27.34 110.44
105.02 109.03 27.75 112.09
106.08 105.64 28.16 113.78
106.28 101.46 27.75 112.09
105.88 97.34 27.34 110.44
104.27 95.72 26.93 108.81
103.87 96.52 26.53 107.20
104.66 97.31 26.14 105.61
106.00 98.09 25.76 104.05
106.40 99.68 26.14 105.61
105.60 101.29 26.53 107.20
106.01 100.48 26.93 108.81
103.97 97.19 27.34 110.44
104.39 93.85 27.75 112.09
104.18 93.01 28.16 113.78
102.69 92.16 28.58 115.48
101.82 93.92 29.01 117.21
100.95 95.70 29.45 118.97
98.72 94.81 29.89 120.76
95.64 95.70 29.45 118.97
91.31 96.58 29.01 117.21
87.04 92.28 28.58 115.48
82.83 90.58 28.16 113.78
81.18 88.91 27.75 112.09
80.16 92.21 27.34 110.44
80.36 95.47 26.93 108.81
81.15 98.67 26.53 107.20
82.52 104.19 26.14 105.61
81.73 103.40 26.53 107.20
84.55 102.60 26.93 108.81
87.41 101.78 27.34 110.44
94.04 98.44 27.75 112.09
96.99 95.05 28.16 113.78
101.54 93.38 27.75 112.09
103.86 92.54 28.16 113.78
105.31 98.41 27.75 112.09
104.29 99.23 27.34 110.44
106.91 100.05 26.93 108.81
109.48 98.45 26.53 107.20
113.51 92.77 26.93 108.81
112.08 89.48 27.34 110.44
111.68 92.74 26.93 108.81
110.09 98.34 26.53 107.20
108.53 99.14 26.14 105.61
105.84 97.59 25.76 104.05
102.14 96.81 26.14 105.61
99.44 92.92 25.76 104.05
96.79 93.69 25.38 102.52
93.62 94.45 25.00 101.00
91.05 95.20 24.63 99.51
87.42 93.74 24.27 98.04
80.62 93.00 24.63 99.51
64.20 92.25 25.00 101.00
58.86 93.00 24.63 99.51
56.33 91.54 24.27 98.04
51.15 87.94 23.91 96.59
48.16 86.52 23.55 95.16
44.77 83.64 23.91 96.59
42.42 80.72 24.27 98.04
40.58 77.76 24.63 99.51
39.68 76.30 24.27 98.04
37.29 73.33 24.63 99.51
37.47 71.87 24.27 98.04
34.53 71.14 24.63 99.51
34.71 69.68 24.27 98.04
35.08 66.71 24.63 99.51
33.63 67.45 24.27 98.04
31.13 68.17 23.91 96.59
27.69 67.45 24.27 98.04
25.86 66.71 24.63 99.51
20.60 67.45 24.27 98.04
14.90 64.48 24.63 99.51
11.28 63.02 24.27 98.04
6.10 63.75 23.91 96.59
3.11 62.33 23.55 95.16
-2.95 59.45 23.91 96.59
-7.00 55.90 23.55 95.16
-11.99 53.02 23.91 96.59
-14.98 53.74 23.55 95.16
-18.37 53.02 23.91 96.59
-19.10 41.32 24.27 98.04
-19.28 27.21 24.63 99.51
-19.46 17.42 25.00 101.00
-20.22 21.25 25.38 102.52
-20.41 57.77 25.76 104.05
-20.60 66.46 26.14 105.61
-20.80 65.66 26.53 107.20
-21.00 67.30 26.93 108.81
-21.81 66.48 27.34 110.44
-22.02 70.68 27.75 112.09
-22.22 74.93 28.16 113.78
-22.44 76.66 28.58 115.48
-23.30 81.05 29.01 117.21
-23.52 82.84 29.45 118.97
-23.74 84.65 29.89 120.76
-23.96 83.74 30.34 122.57
-24.19 82.82 30.79 124.41
-25.12 79.06 31.26 126.27
-25.36 78.12 31.72 128.17
-25.59 80.07 32.20 130.09
-25.84 79.09 32.68 132.04
-26.08 84.11 33.17 134.02
-27.08 83.10 33.67 136.03
-27.34 82.08 34.18 138.07
-27.59 84.18 34.69 140.14
-27.85 86.32 35.21 142.25
-28.92 85.25 35.74 144.38
-29.19 84.17 36.27 146.55
-29.46 86.40 36.82 148.74
-29.73 92.05 37.37 150.97
-29.46 96.50 36.82 148.74
-29.73 95.38 37.37 150.97
-29.46 96.50 36.82 148.74
-29.73 95.38 37.37 150.97
-30.01 97.68 37.93 153.24
-31.16 96.53 38.50 155.54
-31.45 95.37 39.08 157.87
-31.74 90.59 39.66 160.24
-31.45 91.78 39.08 157.87
-31.74 90.59 39.66 160.24
-32.04 89.39 40.26 162.64
-33.26 88.17 40.86 165.08
-33.56 86.93 41.47 167.56
-33.26 88.17 40.86 165.08
-33.56 83.18 41.47 167.56
-33.26 80.72 40.86 165.08
-33.56 79.48 41.47 167.56
-33.87 78.23 42.10 170.07
-34.19 76.95 42.73 172.62
-34.51 75.66 43.37 175.21
-35.82 70.36 44.02 177.84
-36.15 69.02 44.68 180.51
-35.82 70.36 44.02 177.84
-36.15 69.02 44.68 180.51
-35.82 70.36 44.02 177.84
-36.15 69.02 44.68 180.51
-35.82 70.36 44.02 177.84
-36.15 69.02 44.68 180.51
-36.49 67.67 45.35 183.22
-36.83 66.30 46.03 185.96
-36.49 67.67 45.35 183.22
-36.15 69.02 44.68 180.51
-36.49 67.67 45.35 183.22
-36.15 69.02 44.68 180.51
-36.49 71.77 45.35 183.22
-36.15 73.13 44.68 180.51
-36.49 71.77 45.35 183.22
-36.83 66.23 46.03 185.96
-37.17 69.07 46.72 188.75
-38.59 67.65 47.42 191.58
-38.94 66.22 48.13 194.46
-38.59 67.65 47.42 191.58
-37.19 73.30 46.72 188.75
-38.60 71.88 47.42 191.58
-37.20 73.30 46.72 188.75
-38.62 71.88 47.42 191.58
-37.22 73.30 46.72 188.75
-38.63 71.88 47.42 191.58
-38.99 74.80 48.13 194.46
-38.63 71.94 47.42 191.58
-38.99 74.86 48.13 194.46
-38.63 72.01 47.42 191.58
-37.24 73.42 46.72 188.75
-36.89 74.82 46.03 185.96
-36.55 72.09 45.35 183.22
-36.89 70.72 46.03 185.96
-37.24 65.09 46.72 188.75
-36.89 66.49 46.03 185.96
-36.55 71.97 45.35 183.22
-36.22 73.32 44.68 180.51
-36.55 71.97 45.35 183.22
-36.22 69.28 44.68 180.51
-36.55 67.92 45.35 183.22
-36.89 62.38 46.03 185.96
-37.24 65.22 46.72 188.75
-38.65 63.80 47.42 191.58
-37.25 69.44 46.72 188.75
-36.91 70.84 46.03 185.96
-37.25 69.44 46.72 188.75
-38.66 68.03 47.42 191.58
-39.02 66.59 48.13 194.46
-38.66 68.03 47.42 191.58
-39.02 70.95 48.13 194.46
-38.66 72.38 47.42 191.58
-37.27 73.80 46.72 188.75
-38.68 72.38 47.42 191.58
-39.04 75.30 48.13 194.46
-38.68 76.74 47.42 191.58
-37.28 82.38 46.72 188.75
-36.94 87.94 46.03 185.96
-36.60 93.42 45.35 183.22
-36.26 94.78 44.68 180.51
-36.60 97.53 45.35 183.22
-36.26 98.88 44.68 180.51
-36.60 101.63 45.35 183.22
-36.26 98.94 44.68 180.51
-36.60 97.59 45.35 183.22
-36.26 94.90 44.68 180.51
-36.60 93.54 45.35 183.22
-36.26 90.85 44.68 180.51
-36.60 89.50 45.35 183.22
-36.26 86.81 44.68 180.51
-36.60 85.46 45.35 183.22
-36.26 90.85 44.68 180.51
-36.60 85.40 45.35 183.22
-36.26 86.75 44.68 180.51
-36.60 85.40 45.35 183.22
-36.94 84.02 46.03 185.96
-36.60 85.40 45.35 183.22
-36.94 79.86 46.03 185.96
-37.28 74.23 46.72 188.75
-38.70 68.53 47.42 191.58
-39.05 67.09 48.13 194.46
-39.41 65.63 48.86 197.38
-39.05 71.45 48.13 194.46
-38.70 72.88 47.42 191.58
-39.05 71.45 48.13 194.46
-38.70 72.88 47.42 191.58
-39.05 71.45 48.13 194.46
-39.41 69.99 48.86 197.38
-39.05 71.45 48.13 194.46
-38.70 72.88 47.42 191.58
-39.05 75.80 48.13 194.46
-38.70 77.24 47.42 191.58
-39.05 80.16 48.13 194.46
-38.70 81.59 47.42 191.58
-39.05 80.16 48.13 194.46
-38.70 81.59 47.42 191.58
-39.05 84.51 48.13 194.46
-38.70 81.66 47.42 191.58
-39.05 80.22 48.13 194.46
-38.70 81.66 47.42 191.58
-39.05 84.58 48.13 194.46
-38.70 86.01 47.42 191.58
-37.30 87.43 46.72 188.75
-36.95 92.99 46.03 185.96
-36.61 94.36 45.35 183.22
-36.28 95.72 44.68 180.51
-34.96 105.02 44.02 177.84
-36.29 103.69 44.68 180.51
-34.98 105.02 44.02 177.84
-36.31 103.69 44.68 180.51
-34.99 105.02 44.02 177.84
-36.32 103.69 44.68 180.51
-35.01 105.02 44.02 177.84
-36.34 103.69 44.68 180.51
-36.67 98.23 45.35 183.22
-36.34 95.54 44.68 180.51
-36.67 98.29 45.35 183.22
-36.34 99.64 44.68 180.51
-36.67 98.29 45.35 183.22
-36.34 99.64 44.68 180.51
-35.02 104.96 44.02 177.84
-36.35 103.63 44.68 180.51
-35.04 104.96 44.02 177.84
-36.37 103.63 44.68 180.51
-35.05 104.96 44.02 177.84
-36.38 103.63 44.68 180.51
-35.07 104.96 44.02 177.84
-36.40 103.63 44.68 180.51
-35.08 104.96 44.02 177.84
-36.41 107.67 44.68 180.51
-35.09 109.00 44.02 177.84
-36.43 107.67 44.68 180.51
-35.11 109.00 44.02 177.84
-36.44 107.67 44.68 180.51
-35.12 109.00 44.02 177.84
-36.46 107.67 44.68 180.51
-35.14 105.02 44.02 177.84
-35.47 99.64 44.68 180.51
-36.82 94.18 45.35 183.22
-37.16 92.81 46.03 185.96
-36.82 90.08 45.35 183.22
-37.16 84.54 46.03 185.96
-37.51 78.92 46.72 188.75
-37.86 73.21 47.42 191.58
-39.29 63.06 48.13 194.46
-39.65 52.76 48.86 197.38
-40.02 37.82 49.59 200.34
-40.39 18.10 50.33 203.34
-40.02 1.65 49.59 200.34
