136.00 35.00 52.00 182.00
132.94 32.33 51.23 179.31
129.93 33.65 50.47 176.66
128.40 32.33 51.23 179.31
124.26 33.65 50.47 176.66
115.72 46.65 49.73 174.05
117.18 44.10 48.99 171.48
114.59 42.81 49.73 174.05
111.96 41.51 50.47 176.66
112.33 46.71 49.73 174.05
114.22 41.45 50.47 176.66
116.82 42.76 49.73 174.05
119.38 44.04 48.99 171.48
121.24 46.65 49.73 174.05
124.26 49.31 50.47 176.66
127.32 52.00 51.23 179.31
131.09 53.32 50.47 176.66
133.01 52.00 51.23 179.31
141.94 46.58 52.00 182.00
146.28 45.21 52.78 184.73
148.29 43.83 53.57 187.50
149.87 45.21 52.78 184.73
151.87 43.83 53.57 187.50
153.90 42.42 54.38 190.31
155.51 43.83 53.57 187.50
155.10 46.68 54.38 190.31
156.71 48.09 53.57 187.50
155.09 50.94 54.38 190.31
155.91 49.52 55.19 193.17
157.54 50.94 54.38 190.31
158.37 49.52 55.19 193.17
159.99 50.94 54.38 190.31
159.59 53.84 55.19 193.17
157.92 56.79 56.02 196.07
156.22 59.77 56.86 199.01
157.09 58.28 57.71 201.99
160.59 56.77 58.58 205.02
161.49 50.57 59.46 208.10
162.39 49.01 60.35 211.22
161.94 47.42 61.25 214.39
158.70 45.82 62.17 217.60
158.23 44.18 63.10 220.87
158.70 45.82 62.17 217.60
157.78 47.42 61.25 214.39
157.32 45.82 62.17 217.60
156.41 47.42 61.25 214.39
155.51 49.01 60.35 211.22
155.06 52.23 61.25 214.39
152.81 53.81 60.35 211.22
152.35 57.03 61.25 214.39
151.90 55.42 62.17 217.60
151.43 53.79 63.10 220.87
168.17 47.11 64.05 224.18
170.06 53.71 63.10 220.87
171.02 52.06 64.05 224.18
172.91 53.71 63.10 220.87
173.87 52.06 64.05 224.18
174.34 53.71 63.10 220.87
176.20 60.22 62.17 217.60
177.15 58.59 63.10 220.87
177.62 60.22 62.17 217.60
178.07 61.83 61.25 214.39
174.83 60.22 62.17 217.60
175.29 61.83 61.25 214.39
177.09 63.41 60.35 211.22
179.39 66.63 61.25 214.39
160.82 50.40 62.17 217.60
158.54 56.81 61.25 214.39
158.08 55.20 62.17 217.60
156.20 53.57 63.10 220.87
159.45 50.33 62.17 217.60
174.53 33.85 63.10 220.87
179.18 35.49 62.17 217.60
181.01 32.29 61.25 214.39
182.81 33.88 60.35 211.22
185.92 30.77 59.46 208.10
188.18 24.48 60.35 211.22
189.10 22.90 61.25 214.39
192.82 16.42 62.17 217.60
195.18 9.84 63.10 220.87
195.64 11.47 62.17 217.60
197.48 17.88 61.25 214.39
199.80 11.40 62.17 217.60
205.75 13.00 61.25 214.39
202.50 16.27 62.17 217.60
204.34 13.08 61.25 214.39
203.88 6.59 62.17 217.60
196.10 3.40 61.25 214.39
203.32 9.72 60.35 211.22
205.61 8.13 61.25 214.39
203.36 9.72 60.35 211.22
205.13 11.28 59.46 208.10
205.57 12.81 58.58 205.02
207.30 18.85 57.71 201.99
206.45 20.35 56.86 199.01
208.13 21.82 56.02 196.07
207.71 20.35 56.86 199.01
208.57 18.85 57.71 201.99
210.76 17.34 58.58 205.02
213.78 23.38 57.71 201.99
214.66 21.86 58.58 205.02
216.39 23.38 57.71 201.99
219.36 24.87 56.86 199.01
218.93 18.85 57.71 201.99
219.81 17.34 58.58 205.02
219.37 15.80 59.46 208.10
221.63 18.97 60.35 211.22
222.55 17.39 61.25 214.39
223.00 18.97 60.35 211.22
222.12 20.53 59.46 208.10
224.38 18.97 60.35 211.22
227.49 20.53 59.46 208.10
227.04 18.97 60.35 211.22
229.33 22.19 61.25 214.39
230.26 20.58 62.17 217.60
229.80 14.00 63.10 220.87
230.76 17.37 64.05 224.18
231.74 15.69 65.01 227.54
233.65 17.37 64.05 224.18
235.54 19.02 63.10 220.87
237.40 20.66 62.17 217.60
238.34 19.02 63.10 220.87
