204.00 41.00 23.00 30.00
203.30 39.41 23.35 30.45
201.01 38.49 23.70 30.91
199.21 38.26 24.05 31.37
198.49 39.45 24.41 31.84
198.30 41.38 24.78 32.32
196.84 45.19 24.41 31.84
194.33 48.94 24.05 31.37
191.86 54.01 23.70 30.91
190.46 59.02 23.35 30.45
188.69 64.33 23.70 30.91
187.30 69.33 23.35 30.45
185.00 74.64 23.70 30.91
184.65 79.64 23.35 30.45
185.01 84.95 23.70 30.91
186.23 88.59 23.35 30.45
187.43 92.85 23.00 30.00
187.78 94.67 23.35 30.45
190.53 97.58 23.00 30.00
190.70 99.79 22.66 29.56
191.05 100.24 23.00 30.00
189.31 99.33 23.35 30.45
187.01 94.95 23.70 30.91
186.14 87.68 23.35 30.45
183.31 77.06 23.70 30.91
177.74 66.29 24.05 31.37
174.21 53.37 23.70 30.91
169.72 39.79 24.05 31.37
166.26 28.85 24.41 31.84
164.41 18.48 24.78 32.32
160.28 11.62 25.15 32.80
154.37 8.39 25.53 33.30
149.49 5.70 25.15 32.80
145.79 3.05 24.78 32.32
141.60 1.86 24.41 31.84
138.01 0.69 24.05 31.37
151.50 -5.25 24.41 31.84
150.60 8.34 24.05 31.37
152.61 11.67 24.41 31.84
153.87 16.82 24.05 31.37
151.39 17.05 23.70 30.91
158.89 25.47 23.35 30.45
164.55 32.16 23.70 30.91
169.76 37.55 24.05 31.37
176.69 40.88 24.41 31.84
185.39 42.81 24.78 32.32
190.27 44.78 25.15 32.80
191.80 46.77 25.53 33.30
192.77 49.55 25.91 33.79
197.87 51.60 26.30 34.30
203.66 52.90 26.69 34.82
208.92 55.01 27.09 35.34
208.71 57.96 27.50 35.87
205.38 60.96 27.91 36.41
203.27 62.34 28.33 36.95
205.63 69.62 28.76 37.51
209.34 69.34 29.19 38.07
213.77 70.79 29.62 38.64
217.59 71.38 30.07 39.22
216.68 75.54 30.52 39.81
212.19 76.71 30.07 39.22
207.18 91.58 30.52 39.81
204.17 99.42 30.98 40.41
196.90 106.47 31.44 41.01
193.66 109.49 30.98 40.41
193.20 114.25 30.52 39.81
194.78 117.18 30.07 39.22
198.32 118.33 29.62 38.64
201.15 117.76 29.19 38.07
202.01 116.37 28.76 37.51
202.22 114.99 28.33 36.95
202.43 112.00 27.91 36.41
203.87 107.45 27.50 35.87
205.89 102.96 27.09 35.34
207.29 98.54 26.69 34.82
206.90 94.96 26.30 34.30
207.67 91.43 25.91 33.79
208.44 89.44 25.53 33.30
209.41 86.16 25.91 33.79
209.80 84.37 26.30 34.30
207.81 83.33 26.69 34.82
204.58 83.07 27.09 35.34
204.37 84.42 27.50 35.87
207.00 87.06 27.09 35.34
