256.00 152.00 73.00 210.00
255.45 150.43 74.09 213.15
256.00 152.00 73.00 210.00
255.45 150.43 74.10 213.15
256.00 152.00 73.00 210.00
255.45 150.43 74.10 213.15
256.00 152.00 73.00 210.00
255.45 150.43 74.10 213.15
256.00 152.00 73.00 210.00
255.45 150.43 74.10 213.15
256.00 152.00 73.00 210.00
255.45 150.43 74.10 213.15
256.00 152.00 73.00 210.00
256.54 153.55 71.92 206.90
256.00 152.00 73.00 210.00
256.54 153.55 71.92 206.90
256.00 152.00 73.00 210.00
256.54 153.55 71.92 206.90
256.00 152.00 73.00 210.00
256.54 153.55 71.92 206.90
256.00 152.00 73.00 210.00
256.54 153.55 71.92 206.90
256.00 152.00 73.00 210.00
256.54 153.55 71.92 206.90
256.00 152.00 73.00 210.00
256.54 153.55 71.92 206.90
256.00 152.00 73.00 210.00
256.54 153.55 71.92 206.90
256.00 152.00 73.00 210.00
256.54 153.55 71.92 206.90
256.00 152.00 73.00 210.00
256.54 153.55 71.92 206.90
256.00 152.00 73.00 210.00
256.54 153.55 71.92 206.90
256.00 152.00 73.00 210.00
256.54 153.55 71.92 206.90
256.00 152.00 73.00 210.00
256.54 153.55 71.92 206.90
256.00 152.00 73.00 210.00
256.54 153.55 71.92 206.90
256.00 152.00 73.00 210.00
256.54 153.55 71.92 206.90
256.00 152.00 73.00 210.00
255.45 150.43 74.10 213.15
256.00 152.00 73.00 210.00
256.54 153.55 71.92 206.90
256.00 152.00 73.00 210.00
256.54 153.55 71.92 206.90
256.00 152.00 73.00 210.00
256.54 153.55 71.92 206.90
256.00 152.00 73.00 210.00
256.54 153.55 71.92 206.90
256.00 152.00 73.00 210.00
256.54 153.55 71.92 206.90
256.00 152.00 73.00 210.00
256.54 153.55 71.92 206.90
256.00 152.00 73.00 210.00
256.54 153.55 71.92 206.90
256.00 152.00 73.00 210.00
256.54 153.55 71.92 206.90
256.00 152.00 73.00 210.00
256.54 153.55 71.92 206.90
256.00 152.00 73.00 210.00
256.54 153.55 71.92 206.90
256.00 152.00 73.00 210.00
256.54 153.55 71.92 206.90
256.00 152.00 73.00 210.00
256.54 153.55 71.92 206.90
256.00 152.00 73.00 210.00
256.54 153.55 71.92 206.90
256.00 152.00 73.00 210.00
256.54 153.55 71.92 206.90
256.00 152.00 73.00 210.00
256.54 153.55 71.92 206.90
256.00 152.00 73.00 210.00
256.54 153.55 71.92 206.90
256.00 152.00 73.00 210.00
256.54 153.55 71.92 206.90
256.00 152.00 73.00 210.00
256.54 153.55 71.92 206.90
256.00 152.00 73.00 210.00
256.54 153.55 71.92 206.90
256.00 152.00 73.00 210.00
256.54 153.55 71.92 206.90
256.00 152.00 73.00 210.00
256.54 153.55 71.92 206.90
256.00 152.00 73.00 210.00
256.54 153.55 71.92 206.90
256.00 152.00 73.00 210.00
256.54 153.55 71.92 206.90
256.00 152.00 73.00 210.00
256.54 153.55 71.92 206.90
256.00 152.00 73.00 210.00
256.54 153.55 71.92 206.90
256.00 152.00 73.00 210.00
256.54 153.55 71.92 206.90
256.00 152.00 73.00 210.00
256.54 153.55 71.92 206.90
256.00 152.00 73.00 210.00
256.54 153.55 71.92 206.90
256.00 152.00 73.00 210.00
256.54 153.55 71.92 206.90
256.00 152.00 73.00 210.00
256.54 153.55 71.92 206.90
256.00 152.00 73.00 210.00
256.54 153.55 71.92 206.90
256.00 152.00 73.00 210.00
256.54 153.55 71.92 206.90
256.00 152.00 73.00 210.00
256.54 153.55 71.92 206.90
256.00 152.00 73.00 210.00
256.54 153.55 71.92 206.90
256.00 152.00 73.00 210.00
256.54 153.55 71.92 206.90
256.00 152.00 73.00 210.00
256.54 153.55 71.92 206.90
256.00 152.00 73.00 210.00
256.54 153.55 71.92 206.90
256.00 152.00 73.00 210.00
256.54 153.55 71.92 206.90
256.00 152.00 73.00 210.00
256.54 153.55 71.92 206.90
256.00 152.00 73.00 210.00
256.54 153.55 71.92 206.90
256.00 152.00 73.00 210.00
256.54 153.55 71.92 206.90
256.00 152.00 73.00 210.00
256.54 153.55 71.92 206.90
256.00 152.00 73.00 210.00
256.54 153.55 71.92 206.90
256.00 152.00 73.00 210.00
256.54 153.55 71.92 206.90
256.00 152.00 73.00 210.00
256.54 153.55 71.92 206.90
256.00 152.00 73.00 210.00
256.54 153.55 71.92 206.90
256.00 152.00 73.00 210.00
256.54 153.55 71.92 206.90
256.00 152.00 73.00 210.00
256.54 153.55 71.92 206.90
256.00 152.00 73.00 210.00
256.54 153.55 71.92 206.90
256.00 152.00 73.00 210.00
256.54 153.55 71.92 206.90
256.00 152.00 73.00 210.00
256.54 153.55 71.92 206.90
256.00 152.00 73.00 210.00
256.54 153.55 71.92 206.90
256.00 152.00 73.00 210.00
256.54 153.55 71.92 206.90
256.00 152.00 73.00 210.00
256.54 153.55 71.92 206.90
256.00 152.00 73.00 210.00
256.54 153.55 71.92 206.90
256.00 152.00 73.00 210.00
256.54 153.55 71.92 206.90
256.00 152.00 73.00 210.00
256.54 153.55 71.92 206.90
256.00 152.00 73.00 210.00
256.54 153.55 71.92 206.90
256.00 152.00 73.00 210.00
256.54 153.55 71.92 206.90
256.00 152.00 73.00 210.00
256.54 153.55 71.92 206.90
256.00 152.00 73.00 210.00
256.54 153.55 71.92 206.90
256.00 152.00 73.00 210.00
256.54 153.55 71.92 206.90
256.00 152.00 73.00 210.00
256.54 153.55 71.92 206.90
256.00 152.00 73.00 210.00
256.54 153.55 71.92 206.90
256.00 152.00 73.00 210.00
256.54 153.55 71.92 206.90
256.00 152.00 73.00 210.00
256.54 153.55 71.92 206.90
256.00 152.00 73.00 210.00
256.54 153.55 71.92 206.90
256.00 152.00 73.00 210.00
256.54 153.55 71.92 206.90
256.00 152.00 73.00 210.00
256.54 153.55 71.92 206.90
256.00 152.00 73.00 210.00
256.54 153.55 71.92 206.90
256.00 152.00 73.00 210.00
256.54 153.55 71.92 206.90
256.00 152.00 73.00 210.00
256.54 153.55 71.92 206.90
256.00 152.00 73.00 210.00
256.54 153.55 71.92 206.90
256.00 152.00 73.00 210.00
256.54 153.55 71.92 206.90
256.00 152.00 73.00 210.00
256.54 153.55 71.92 206.90
256.00 152.00 73.00 210.00
256.54 153.55 71.92 206.90
256.00 152.00 73.00 210.00
256.54 153.55 71.92 206.90
256.00 152.00 73.00 210.00
256.54 153.55 71.92 206.90
256.00 152.00 73.00 210.00
256.54 153.55 71.92 206.90
256.00 152.00 73.00 210.00
256.54 153.55 71.92 206.90
256.00 152.00 73.00 210.00
256.54 153.55 71.92 206.90
256.00 152.00 73.00 210.00
256.54 153.55 71.92 206.90
256.00 152.00 73.00 210.00
256.54 153.55 71.92 206.90
256.00 152.00 73.00 210.00
256.54 153.55 71.92 206.90
256.00 152.00 73.00 210.00
256.54 153.55 71.92 206.90
256.00 152.00 73.00 210.00
256.54 153.55 71.92 206.90
256.00 152.00 73.00 210.00
256.54 153.55 71.92 206.90
256.00 152.00 73.00 210.00
256.54 153.55 71.92 206.90
256.00 152.00 73.00 210.00
256.54 153.55 71.92 206.90
256.00 152.00 73.00 210.00
256.54 153.55 71.92 206.90
256.00 152.00 73.00 210.00
256.54 153.55 71.92 206.90
256.00 152.00 73.00 210.00
256.54 153.55 71.92 206.90
256.00 152.00 73.00 210.00
256.54 153.55 71.92 206.90
256.00 152.00 73.00 210.00
256.54 153.55 71.92 206.90
256.00 152.00 73.00 210.00
256.54 153.55 71.92 206.90
256.00 152.00 73.00 210.00
256.54 153.55 71.92 206.90
256.00 152.00 73.00 210.00
256.54 153.55 71.92 206.90
256.00 152.00 73.00 210.00
256.54 153.55 71.92 206.90
256.00 152.00 73.00 210.00
256.54 153.55 71.92 206.90
256.00 152.00 73.00 210.00
256.54 153.55 71.92 206.90
256.00 152.00 73.00 210.00
256.54 153.55 71.92 206.90
256.00 152.00 73.00 210.00
256.54 153.55 71.92 206.90
256.00 152.00 73.00 210.00
256.54 153.55 71.92 206.90
256.00 152.00 73.00 210.00
256.54 153.55 71.92 206.90
256.00 152.00 73.00 210.00
256.54 153.55 71.92 206.90
256.00 152.00 73.00 210.00
256.54 153.55 71.92 206.90
256.00 152.00 73.00 210.00
256.54 153.55 71.92 206.90
256.00 152.00 73.00 210.00
256.54 153.55 71.92 206.90
256.00 152.00 73.00 210.00
256.54 153.55 71.92 206.90
256.00 152.00 73.00 210.00
256.54 153.55 71.92 206.90
256.00 152.00 73.00 210.00
256.54 153.55 71.92 206.90
256.00 152.00 73.00 210.00
256.54 153.55 71.92 206.90
256.00 152.00 73.00 210.00
256.54 153.55 71.92 206.90
256.00 152.00 73.00 210.00
256.54 153.55 71.92 206.90
256.00 152.00 73.00 210.00
256.54 153.55 71.92 206.90
256.00 152.00 73.00 210.00
256.54 153.55 71.92 206.90
256.00 152.00 73.00 210.00
256.54 153.55 71.92 206.90
256.00 152.00 73.00 210.00
256.54 153.55 71.92 206.90
256.00 152.00 73.00 210.00
256.54 153.55 71.92 206.90
256.00 152.00 73.00 210.00
256.54 153.55 71.92 206.90
256.00 152.00 73.00 210.00
256.54 153.55 71.92 206.90
256.00 152.00 73.00 210.00
256.54 153.55 71.92 206.90
256.00 152.00 73.00 210.00
256.54 153.55 71.92 206.90
256.00 152.00 73.00 210.00
256.54 153.55 71.92 206.90
256.00 152.00 73.00 210.00
256.54 153.55 71.92 206.90
256.00 152.00 73.00 210.00
256.54 153.55 71.92 206.90
256.00 152.00 73.00 210.00
256.54 153.55 71.92 206.90
256.00 152.00 73.00 210.00
256.54 153.55 71.92 206.90
256.00 152.00 73.00 210.00
256.54 153.55 71.92 206.90
256.00 152.00 73.00 210.00
256.54 153.55 71.92 206.90
258.66 155.08 70.86 203.84
256.52 153.55 71.92 206.90
257.05 155.08 70.86 203.84
259.13 156.59 69.81 200.83
258.61 155.08 70.86 203.84
257.57 156.59 69.81 200.83
258.09 158.07 68.78 197.86
257.57 156.59 69.81 200.83
257.05 155.08 70.86 203.84
254.90 153.55 71.92 206.90
254.37 147.30 73.00 210.00
254.90 148.85 71.92 206.90
254.37 147.30 73.00 210.00
252.16 145.72 74.10 213.15
251.60 139.28 75.21 216.35
252.16 140.87 74.10 213.15
252.71 142.45 73.00 210.00
252.16 136.10 74.10 213.15
252.71 137.68 73.00 210.00
251.63 134.59 71.92 206.90
252.17 131.56 70.86 203.84
250.02 125.39 71.92 206.90
248.97 122.35 70.86 203.84
247.93 119.36 69.81 200.83
246.90 116.41 68.78 197.86
244.82 110.43 69.81 200.83
243.80 107.48 68.78 197.86
241.27 104.58 67.76 194.93
239.22 98.69 68.78 197.86
236.69 100.15 67.76 194.93
232.71 97.29 66.76 192.05
230.25 94.47 65.77 189.22
226.39 95.86 64.80 186.42
221.48 90.23 65.77 189.22
219.06 87.45 64.80 186.42
214.16 81.81 65.77 189.22
210.29 79.04 64.80 186.42
206.48 76.30 63.85 183.66
204.13 77.66 62.90 180.95
200.43 75.00 61.97 178.28
197.15 69.61 62.90 180.95
194.84 70.95 61.97 178.28
192.56 68.33 61.06 175.64
189.32 63.02 61.97 178.28
184.63 57.63 62.90 180.95
182.32 58.97 61.97 178.28
177.63 53.58 62.90 180.95
172.87 52.22 63.85 183.66
167.70 53.58 62.90 180.95
162.61 54.91 61.97 178.28
158.97 52.30 61.06 175.64
154.03 53.59 60.15 173.05
149.17 54.87 59.26 170.49
143.06 56.13 58.39 167.97
137.32 54.87 59.26 170.49
132.83 53.59 60.15 173.05
126.91 56.23 61.06 175.64
121.97 57.53 60.15 173.05
116.05 56.23 61.06 175.64
111.42 58.91 61.97 178.28
106.73 57.57 62.90 180.95
100.54 56.21 63.85 183.66
95.38 61.62 62.90 180.95
91.68 62.96 61.97 178.28
86.98 61.62 62.90 180.95
82.22 60.27 63.85 183.66
78.47 61.62 62.90 180.95
73.70 64.38 63.85 183.66
67.42 63.00 64.80 186.42
60.75 64.38 63.85 183.66
54.46 67.18 64.80 186.42
48.08 65.78 65.77 189.22
43.10 64.36 66.76 192.05
35.01 67.29 67.76 194.93
29.53 68.73 66.76 192.05
22.96 67.29 67.76 194.93
16.29 70.26 68.78 197.86
9.52 68.77 69.81 200.83
4.23 71.83 70.86 203.84
-2.74 74.94 71.92 206.90
-8.19 73.39 73.00 210.00
-12.05 71.81 74.10 213.15
-15.98 70.21 75.21 216.35
-17.08 76.59 74.10 213.15
-17.64 79.83 75.21 216.35
-19.91 83.13 76.33 219.59
-19.35 89.60 75.21 216.35
-18.20 92.89 76.33 219.59
-17.64 99.36 75.21 216.35
-15.42 105.74 74.10 213.15
-14.88 107.31 73.00 210.00
-15.42 110.51 74.10 213.15
-15.98 108.91 75.21 216.35
-14.83 107.29 76.33 219.59
-12.59 113.76 75.21 216.35
-11.44 112.14 76.33 219.59
-10.28 110.49 77.48 222.89
-12.62 108.82 78.64 226.23
-13.21 107.12 79.82 229.62
-13.81 105.40 81.02 233.07
-10.73 103.65 82.23 236.56
-11.35 101.88 83.47 240.11
-10.08 105.53 84.72 243.71
-6.86 103.71 85.99 247.37
-1.64 107.48 87.28 251.08
5.64 105.59 88.59 254.85
11.02 109.48 89.92 258.67
16.48 107.54 91.27 262.55
24.10 105.57 92.64 266.49
29.72 103.57 94.03 270.48
35.43 101.54 95.44 274.54
41.22 99.48 96.87 278.66
48.35 101.54 95.44 274.54
56.31 105.72 96.87 278.66
62.20 103.63 98.32 282.84
71.60 105.72 96.87 278.66
79.68 103.63 98.32 282.84
87.89 95.08 99.80 287.08
98.48 92.93 101.29 291.39
109.24 90.74 102.81 295.76
117.82 88.52 104.35 300.20
127.80 84.12 102.81 295.76
137.64 86.30 101.29 291.39
148.39 84.12 102.81 295.76
160.50 86.30 101.29 291.39
170.19 88.46 99.80 287.08
181.94 90.58 98.32 282.84
191.34 92.67 96.87 278.66
200.61 94.73 95.44 274.54
209.74 96.75 94.03 270.48
216.66 98.75 92.64 266.49
223.48 100.72 91.27 262.55
230.19 102.66 89.92 258.67
234.83 104.57 88.59 254.85
239.39 106.46 87.28 251.08
241.96 113.85 85.99 247.37
244.50 115.68 84.72 243.71
246.99 117.48 83.47 240.11
247.61 119.26 82.23 236.56
250.03 121.00 81.02 233.07
250.63 122.73 79.82 229.62
251.22 129.49 78.64 226.23
253.54 131.16 77.48 222.89
252.95 129.49 78.64 226.23
253.54 131.16 77.48 222.89
252.40 137.73 76.33 219.59
252.96 139.35 75.21 216.35
250.69 137.73 76.33 219.59
251.25 139.35 75.21 216.35
251.81 140.95 74.10 213.15
253.99 142.52 73.00 210.00
254.53 144.08 71.92 206.90
253.99 142.52 73.00 210.00
254.53 144.08 71.92 206.90
253.99 142.52 73.00 210.00
254.53 144.08 71.92 206.90
253.99 142.52 73.00 210.00
253.44 140.95 74.10 213.15
253.99 142.52 73.00 210.00
254.53 144.08 71.92 206.90
253.99 142.52 73.00 210.00
254.53 144.08 71.92 206.90
253.99 142.52 73.00 210.00
254.53 144.08 71.92 206.90
253.99 142.52 73.00 210.00
254.53 144.08 71.92 206.90
253.99 142.52 73.00 210.00
254.53 144.08 71.92 206.90
253.99 142.52 73.00 210.00
254.53 144.08 71.92 206.90
253.99 142.52 73.00 210.00
254.53 144.08 71.92 206.90
253.99 142.52 73.00 210.00
254.53 144.08 71.92 206.90
253.99 142.52 73.00 210.00
254.53 144.08 71.92 206.90
253.99 142.52 73.00 210.00
254.53 144.08 71.92 206.90
253.99 142.52 73.00 210.00
254.53 144.08 71.92 206.90
253.99 142.52 73.00 210.00
254.53 144.08 71.92 206.90
253.99 142.52 73.00 210.00
254.53 144.08 71.92 206.90
253.99 142.52 73.00 210.00
254.53 144.08 71.92 206.90
253.99 142.52 73.00 210.00
254.53 144.08 71.92 206.90
253.99 142.52 73.00 210.00
254.53 144.08 71.92 206.90
253.99 142.52 73.00 210.00
254.53 144.08 71.92 206.90
253.99 142.52 73.00 210.00
254.53 144.08 71.92 206.90
253.99 142.52 73.00 210.00
254.53 144.08 71.92 206.90
253.99 142.52 73.00 210.00
254.53 144.08 71.92 206.90
253.99 142.52 73.00 210.00
251.78 140.95 74.10 213.15
255.60 142.52 73.00 210.00
258.37 136.17 74.10 213.15
254.45 134.58 75.21 216.35
253.34 145.72 74.10 213.15
253.89 142.59 73.00 210.00
254.43 144.15 71.92 206.90
253.89 142.59 73.00 210.00
254.43 144.15 71.92 206.90
253.89 142.59 73.00 210.00
254.43 144.15 71.92 206.90
253.89 142.59 73.00 210.00
254.43 144.15 71.92 206.90
253.89 142.59 73.00 210.00
254.43 144.15 71.92 206.90
253.89 142.59 73.00 210.00
254.43 144.15 71.92 206.90
253.89 142.59 73.00 210.00
254.43 144.15 71.92 206.90
253.89 142.59 73.00 210.00
254.43 144.15 71.92 206.90
253.89 142.59 73.00 210.00
254.43 144.15 71.92 206.90
253.89 142.59 73.00 210.00
254.43 144.15 71.92 206.90
253.89 142.59 73.00 210.00
254.43 144.15 71.92 206.90
253.89 142.59 73.00 210.00
254.43 144.15 71.92 206.90
253.89 142.59 73.00 210.00
254.43 144.15 71.92 206.90
253.89 142.59 73.00 210.00
254.43 144.15 71.92 206.90
253.89 142.59 73.00 210.00
254.43 144.15 71.92 206.90
253.89 142.59 73.00 210.00
254.43 144.15 71.92 206.90
253.89 142.59 73.00 210.00
254.43 144.15 71.92 206.90
253.89 142.59 73.00 210.00
254.43 144.15 71.92 206.90
253.89 142.59 73.00 210.00
254.43 144.15 71.92 206.90
253.89 142.59 73.00 210.00
254.43 144.15 71.92 206.90
253.89 142.59 73.00 210.00
254.43 144.15 71.92 206.90
253.89 142.59 73.00 210.00
254.43 144.15 71.92 206.90
253.89 142.59 73.00 210.00
254.43 144.15 71.92 206.90
253.89 142.59 73.00 210.00
254.43 144.15 71.92 206.90
253.89 142.59 73.00 210.00
254.43 144.15 71.92 206.90
253.89 142.59 73.00 210.00
254.43 144.15 71.92 206.90
253.89 142.59 73.00 210.00
254.43 144.15 71.92 206.90
253.89 142.59 73.00 210.00
254.43 144.15 71.92 206.90
253.89 142.59 73.00 210.00
254.43 144.15 71.92 206.90
253.89 142.59 73.00 210.00
254.43 144.15 71.92 206.90
253.89 142.59 73.00 210.00
254.43 144.15 71.92 206.90
253.89 142.59 73.00 210.00
254.43 144.15 71.92 206.90
253.89 142.59 73.00 210.00
254.43 144.15 71.92 206.90
253.89 142.59 73.00 210.00
254.43 144.15 71.92 206.90
253.89 142.59 73.00 210.00
254.43 144.15 71.92 206.90
253.89 142.59 73.00 210.00
254.43 144.15 71.92 206.90
253.89 142.59 73.00 210.00
254.43 144.15 71.92 206.90
253.89 142.59 73.00 210.00
253.34 141.02 74.10 213.15
253.89 142.59 73.00 210.00
253.34 141.02 74.10 213.15
253.89 142.59 73.00 210.00
253.34 141.02 74.10 213.15
253.89 142.59 73.00 210.00
254.43 144.15 71.92 206.90
253.89 142.59 73.00 210.00
253.34 141.02 74.10 213.15
253.89 142.59 73.00 210.00
253.34 141.02 74.10 213.15
253.89 142.59 73.00 210.00
254.43 144.15 71.92 206.90
253.89 142.59 73.00 210.00
254.43 144.15 71.92 206.90
253.89 142.59 73.00 210.00
253.34 141.02 74.10 213.15
253.89 142.59 73.00 210.00
253.34 141.02 74.10 213.15
253.89 142.59 73.00 210.00
254.43 144.15 71.92 206.90
253.89 147.30 73.00 210.00
254.43 148.85 71.92 206.90
253.89 142.59 73.00 210.00
254.43 144.15 71.92 206.90
253.89 142.59 73.00 210.00
254.43 144.15 71.92 206.90
253.89 142.59 73.00 210.00
253.34 141.02 74.10 213.15
253.89 142.59 73.00 210.00
253.34 141.02 74.10 213.15
253.89 142.59 73.00 210.00
253.34 141.02 74.10 213.15
253.89 142.59 73.00 210.00
253.34 141.02 74.10 213.15
253.89 142.59 73.00 210.00
253.34 141.02 74.10 213.15
253.89 142.59 73.00 210.00
253.34 141.02 74.10 213.15
253.89 142.59 73.00 210.00
253.34 141.02 74.10 213.15
253.89 142.59 73.00 210.00
253.34 141.02 74.10 213.15
253.89 142.59 73.00 210.00
253.34 141.02 74.10 213.15
253.89 142.59 73.00 210.00
253.34 141.02 74.10 213.15
253.89 142.59 73.00 210.00
253.34 141.02 74.10 213.15
253.89 142.59 73.00 210.00
253.34 141.02 74.10 213.15
253.89 142.59 73.00 210.00
253.34 141.02 74.10 213.15
253.89 142.59 73.00 210.00
253.34 141.02 74.10 213.15
253.89 142.59 73.00 210.00
253.34 141.02 74.10 213.15
253.89 142.59 73.00 210.00
253.34 141.02 74.10 213.15
253.89 142.59 73.00 210.00
254.43 144.15 71.92 206.90
253.89 142.59 73.00 210.00
254.43 144.15 71.92 206.90
253.89 142.59 73.00 210.00
254.43 144.15 71.92 206.90
253.89 142.59 73.00 210.00
254.43 144.15 71.92 206.90
253.89 142.59 73.00 210.00
254.43 144.15 71.92 206.90
253.89 142.59 73.00 210.00
254.43 144.15 71.92 206.90
253.89 142.59 73.00 210.00
254.43 144.15 71.92 206.90
253.89 142.59 73.00 210.00
254.43 144.15 71.92 206.90
253.89 142.59 73.00 210.00
254.43 144.15 71.92 206.90
253.89 142.59 73.00 210.00
254.43 144.15 71.92 206.90
253.89 142.59 73.00 210.00
254.43 144.15 71.92 206.90
253.89 142.59 73.00 210.00
254.43 144.15 71.92 206.90
253.89 142.59 73.00 210.00
254.43 144.15 71.92 206.90
253.89 142.59 73.00 210.00
254.43 144.15 71.92 206.90
253.89 142.59 73.00 210.00
254.43 144.15 71.92 206.90
253.89 142.59 73.00 210.00
254.43 144.15 71.92 206.90
253.89 142.59 73.00 210.00
254.43 144.15 71.92 206.90
253.89 142.59 73.00 210.00
253.34 141.02 74.10 213.15
253.89 142.59 73.00 210.00
253.34 141.02 74.10 213.15
253.89 142.59 73.00 210.00
253.34 141.02 74.10 213.15
253.89 142.59 73.00 210.00
253.34 141.02 74.10 213.15
253.89 142.59 73.00 210.00
253.34 141.02 74.10 213.15
253.89 142.59 73.00 210.00
253.34 141.02 74.10 213.15
253.89 142.59 73.00 210.00
253.34 141.02 74.10 213.15
253.89 142.59 73.00 210.00
253.34 141.02 74.10 213.15
253.89 142.59 73.00 210.00
253.34 141.02 74.10 213.15
253.89 142.59 73.00 210.00
253.34 141.02 74.10 213.15
253.89 142.59 73.00 210.00
253.34 141.02 74.10 213.15
253.89 142.59 73.00 210.00
253.34 141.02 74.10 213.15
253.89 142.59 73.00 210.00
253.34 141.02 74.10 213.15
253.89 142.59 73.00 210.00
253.34 141.02 74.10 213.15
253.89 142.59 73.00 210.00
253.34 141.02 74.10 213.15
253.89 142.59 73.00 210.00
253.34 141.02 74.10 213.15
253.89 142.59 73.00 210.00
253.34 141.02 74.10 213.15
253.89 142.59 73.00 210.00
253.34 141.02 74.10 213.15
253.89 142.59 73.00 210.00
253.34 141.02 74.10 213.15
253.89 142.59 73.00 210.00
253.34 141.02 74.10 213.15
253.89 142.59 73.00 210.00
253.34 141.02 74.10 213.15
253.89 142.59 73.00 210.00
253.34 141.02 74.10 213.15
253.89 142.59 73.00 210.00
253.34 141.02 74.10 213.15
253.89 142.59 73.00 210.00
252.82 144.15 71.92 206.90
253.92 142.59 73.00 210.00
252.84 139.51 71.92 206.90
253.94 142.66 73.00 210.00
251.73 145.86 74.10 213.15
253.92 142.73 73.00 210.00
255.03 141.16 74.10 213.15
252.79 139.56 75.21 216.35
253.34 141.16 74.10 213.15
253.89 142.73 73.00 210.00
253.34 141.16 74.10 213.15
253.89 142.73 73.00 210.00
253.34 141.16 74.10 213.15
253.89 142.73 73.00 210.00
253.34 141.16 74.10 213.15
253.89 142.73 73.00 210.00
253.34 141.16 74.10 213.15
253.89 142.73 73.00 210.00
253.34 141.16 74.10 213.15
253.89 142.73 73.00 210.00
253.34 141.16 74.10 213.15
253.89 142.73 73.00 210.00
253.34 141.16 74.10 213.15
253.89 142.73 73.00 210.00
253.34 141.16 74.10 213.15
253.89 142.73 73.00 210.00
253.34 141.16 74.10 213.15
253.89 142.73 73.00 210.00
253.34 141.16 74.10 213.15
253.89 142.73 73.00 210.00
253.34 141.16 74.10 213.15
253.89 142.73 73.00 210.00
253.34 141.16 74.10 213.15
253.89 142.73 73.00 210.00
253.34 141.16 74.10 213.15
253.89 142.73 73.00 210.00
253.34 141.16 74.10 213.15
253.89 142.73 73.00 210.00
253.34 141.16 74.10 213.15
253.89 142.73 73.00 210.00
253.34 141.16 74.10 213.15
253.89 142.73 73.00 210.00
253.34 141.16 74.10 213.15
253.89 142.73 73.00 210.00
253.34 141.16 74.10 213.15
253.89 142.73 73.00 210.00
253.34 141.16 74.10 213.15
252.79 139.56 75.21 216.35
255.00 141.16 74.10 213.15
255.55 147.44 73.00 210.00
255.00 150.64 74.10 213.15
256.13 149.04 75.21 216.35
253.37 141.09 74.10 213.15
252.28 142.66 73.00 210.00
251.73 141.09 74.10 213.15
253.92 142.66 73.00 210.00
253.37 141.09 74.10 213.15
253.92 142.66 73.00 210.00
253.37 141.09 74.10 213.15
253.92 142.66 73.00 210.00
253.37 141.09 74.10 213.15
253.92 142.66 73.00 210.00
253.37 141.09 74.10 213.15
253.92 142.66 73.00 210.00
253.37 141.09 74.10 213.15
253.92 142.66 73.00 210.00
253.37 141.09 74.10 213.15
253.92 142.66 73.00 210.00
253.37 141.09 74.10 213.15
253.92 142.66 73.00 210.00
253.37 141.09 74.10 213.15
253.92 142.66 73.00 210.00
253.37 141.09 74.10 213.15
253.92 142.66 73.00 210.00
253.37 141.09 74.10 213.15
253.92 142.66 73.00 210.00
253.37 141.09 74.10 213.15
253.92 142.66 73.00 210.00
253.37 141.09 74.10 213.15
253.92 142.66 73.00 210.00
253.37 141.09 74.10 213.15
253.92 142.66 73.00 210.00
253.37 141.09 74.10 213.15
253.92 142.66 73.00 210.00
253.37 141.09 74.10 213.15
253.92 142.66 73.00 210.00
253.37 141.09 74.10 213.15
253.92 142.66 73.00 210.00
253.37 141.09 74.10 213.15
253.92 142.66 73.00 210.00
253.37 141.09 74.10 213.15
253.92 142.66 73.00 210.00
253.37 141.09 74.10 213.15
253.92 142.66 73.00 210.00
253.37 141.09 74.10 213.15
253.92 142.66 73.00 210.00
253.37 141.09 74.10 213.15
253.92 142.66 73.00 210.00
253.37 141.09 74.10 213.15
253.92 142.66 73.00 210.00
253.37 141.09 74.10 213.15
253.92 142.66 73.00 210.00
253.37 141.09 74.10 213.15
253.92 142.66 73.00 210.00
253.37 141.09 74.10 213.15
253.92 142.66 73.00 210.00
253.37 141.09 74.10 213.15
253.92 142.66 73.00 210.00
253.37 141.09 74.10 213.15
253.92 142.66 73.00 210.00
253.37 141.09 74.10 213.15
253.92 142.66 73.00 210.00
253.37 141.09 74.10 213.15
253.92 142.66 73.00 210.00
253.37 141.09 74.10 213.15
253.92 142.66 73.00 210.00
253.37 141.09 74.10 213.15
253.92 142.66 73.00 210.00
253.37 141.09 74.10 213.15
253.92 142.66 73.00 210.00
253.37 141.09 74.10 213.15
253.92 142.66 73.00 210.00
253.37 141.09 74.10 213.15
253.92 142.66 73.00 210.00
253.37 141.09 74.10 213.15
253.92 142.66 73.00 210.00
253.37 141.09 74.10 213.15
253.92 142.66 73.00 210.00
253.37 141.09 74.10 213.15
253.92 142.66 73.00 210.00
253.37 141.09 74.10 213.15
253.92 142.66 73.00 210.00
253.37 141.09 74.10 213.15
253.92 142.66 73.00 210.00
253.37 141.09 74.10 213.15
253.92 142.66 73.00 210.00
254.46 144.22 71.92 206.90
255.55 142.66 73.00 210.00
256.66 145.86 74.10 213.15
260.48 147.44 73.00 210.00
268.23 145.86 74.10 213.15
276.10 149.11 75.21 216.35
284.09 152.41 76.33 219.59
295.66 150.76 77.48 222.89
309.17 154.16 78.64 226.23
322.89 152.46 79.82 229.62
338.62 145.52 81.02 233.07
356.43 143.77 82.23 236.56
376.38 147.37 83.47 240.11
395.42 159.75 82.23 236.56
413.50 157.97 83.47 240.11
429.95 150.71 84.72 243.71
444.73 143.34 85.99 247.37
449.95 141.49 87.28 251.08
455.25 139.60 88.59 254.85
456.60 137.69 89.92 258.67
457.97 135.75 91.27 262.55
459.36 133.78 92.64 266.49
458.66 131.78 94.03 270.48
457.96 129.76 95.44 274.54
457.24 127.70 96.87 278.66
458.72 125.61 98.32 282.84
457.27 127.70 96.87 278.66
456.55 125.61 98.32 282.84
457.27 127.70 96.87 278.66
456.55 125.61 98.32 282.84
457.27 127.70 96.87 278.66
456.55 125.61 98.32 282.84
457.27 127.70 96.87 278.66
456.55 125.61 98.32 282.84
457.27 127.70 96.87 278.66
456.55 125.61 98.32 282.84
457.27 127.70 96.87 278.66
456.55 125.61 98.32 282.84
457.27 127.70 96.87 278.66
456.55 125.61 98.32 282.84
457.27 127.70 96.87 278.66
456.55 125.61 98.32 282.84
455.10 127.70 96.87 278.66
455.82 129.76 95.44 274.54
457.27 127.70 96.87 278.66
457.99 129.76 95.44 274.54
457.27 127.70 96.87 278.66
457.99 129.76 95.44 274.54
457.27 127.70 96.87 278.66
457.99 135.91 95.44 274.54
457.27 133.85 96.87 278.66
457.99 135.91 95.44 274.54
457.27 133.85 96.87 278.66
457.99 135.91 95.44 274.54
457.27 133.85 96.87 278.66
457.99 135.91 95.44 274.54
457.27 133.85 96.87 278.66
457.99 135.91 95.44 274.54
457.27 133.85 96.87 278.66
457.99 135.91 95.44 274.54
457.27 133.85 96.87 278.66
457.99 135.91 95.44 274.54
457.27 133.85 96.87 278.66
457.99 135.91 95.44 274.54
457.27 133.85 96.87 278.66
457.99 135.91 95.44 274.54
457.27 133.85 96.87 278.66
457.99 135.91 95.44 274.54
457.27 133.85 96.87 278.66
457.99 135.91 95.44 274.54
457.27 133.85 96.87 278.66
457.99 135.91 95.44 274.54
457.27 133.85 96.87 278.66
457.99 135.91 95.44 274.54
457.27 133.85 96.87 278.66
457.99 135.91 95.44 274.54
457.27 133.85 96.87 278.66
457.99 135.91 95.44 274.54
457.27 133.85 96.87 278.66
457.99 135.91 95.44 274.54
457.27 133.85 96.87 278.66
457.99 135.91 95.44 274.54
457.27 133.85 96.87 278.66
457.99 135.91 95.44 274.54
457.27 133.85 96.87 278.66
457.99 135.91 95.44 274.54
457.27 133.85 96.87 278.66
457.99 135.91 95.44 274.54
457.27 133.85 96.87 278.66
457.99 135.91 95.44 274.54
457.27 133.85 96.87 278.66
457.99 135.91 95.44 274.54
457.27 133.85 96.87 278.66
457.99 135.91 95.44 274.54
457.27 133.85 96.87 278.66
457.99 135.91 95.44 274.54
457.27 133.85 96.87 278.66
457.99 135.91 95.44 274.54
457.27 133.85 96.87 278.66
457.99 135.91 95.44 274.54
457.27 133.85 96.87 278.66
457.99 135.91 95.44 274.54
457.27 133.85 96.87 278.66
457.99 135.91 95.44 274.54
457.27 133.85 96.87 278.66
457.99 135.91 95.44 274.54
457.27 133.85 96.87 278.66
457.99 135.91 95.44 274.54
457.27 133.85 96.87 278.66
457.99 135.91 95.44 274.54
457.27 133.85 96.87 278.66
457.99 135.91 95.44 274.54
457.27 133.85 96.87 278.66
457.99 135.91 95.44 274.54
457.27 133.85 96.87 278.66
457.99 135.91 95.44 274.54
457.27 133.85 96.87 278.66
457.99 135.91 95.44 274.54
457.27 133.85 96.87 278.66
457.99 135.91 95.44 274.54
457.27 133.85 96.87 278.66
457.99 135.91 95.44 274.54
457.27 133.85 96.87 278.66
457.99 135.91 95.44 274.54
457.27 133.85 96.87 278.66
457.99 135.91 95.44 274.54
457.27 133.85 96.87 278.66
457.99 135.91 95.44 274.54
457.27 133.85 96.87 278.66
457.99 135.91 95.44 274.54
457.27 133.85 96.87 278.66
457.99 135.91 95.44 274.54
457.27 133.85 96.87 278.66
457.99 135.91 95.44 274.54
457.27 133.85 96.87 278.66
457.99 135.91 95.44 274.54
457.27 133.85 96.87 278.66
457.99 135.91 95.44 274.54
457.27 133.85 96.87 278.66
457.99 135.91 95.44 274.54
457.27 133.85 96.87 278.66
457.99 135.91 95.44 274.54
457.27 133.85 96.87 278.66
457.99 135.91 95.44 274.54
457.27 133.85 96.87 278.66
457.99 135.91 95.44 274.54
457.27 133.85 96.87 278.66
457.99 135.91 95.44 274.54
457.27 133.85 96.87 278.66
457.99 135.91 95.44 274.54
457.27 133.85 96.87 278.66
457.99 135.91 95.44 274.54
457.27 133.85 96.87 278.66
457.99 135.91 95.44 274.54
457.27 133.85 96.87 278.66
457.99 135.91 95.44 274.54
457.27 133.85 96.87 278.66
457.99 135.91 95.44 274.54
457.27 133.85 96.87 278.66
457.99 135.91 95.44 274.54
457.27 133.85 96.87 278.66
457.99 135.91 95.44 274.54
457.27 133.85 96.87 278.66
457.99 135.91 95.44 274.54
457.27 133.85 96.87 278.66
457.99 135.91 95.44 274.54
457.27 133.85 96.87 278.66
457.99 135.91 95.44 274.54
457.27 133.85 96.87 278.66
457.99 135.91 95.44 274.54
457.27 133.85 96.87 278.66
457.99 135.91 95.44 274.54
457.27 133.85 96.87 278.66
457.99 135.91 95.44 274.54
457.27 133.85 96.87 278.66
457.99 135.91 95.44 274.54
457.27 133.85 96.87 278.66
457.99 135.91 95.44 274.54
457.27 133.85 96.87 278.66
457.99 135.91 95.44 274.54
457.27 133.85 96.87 278.66
457.99 135.91 95.44 274.54
457.27 133.85 96.87 278.66
457.99 135.91 95.44 274.54
457.27 133.85 96.87 278.66
457.99 135.91 95.44 274.54
457.27 133.85 96.87 278.66
457.99 135.91 95.44 274.54
457.27 133.85 96.87 278.66
457.99 135.91 95.44 274.54
457.27 133.85 96.87 278.66
457.99 135.91 95.44 274.54
457.27 133.85 96.87 278.66
457.99 135.91 95.44 274.54
457.27 133.85 96.87 278.66
457.99 135.91 95.44 274.54
457.27 133.85 96.87 278.66
457.99 135.91 95.44 274.54
457.27 133.85 96.87 278.66
457.99 135.91 95.44 274.54
457.27 133.85 96.87 278.66
457.99 135.91 95.44 274.54
457.27 133.85 96.87 278.66
457.99 135.91 95.44 274.54
457.27 133.85 96.87 278.66
457.99 135.91 95.44 274.54
457.27 133.85 96.87 278.66
457.99 135.91 95.44 274.54
457.27 133.85 96.87 278.66
457.99 135.91 95.44 274.54
457.27 133.85 96.87 278.66
457.99 135.91 95.44 274.54
457.27 133.85 96.87 278.66
457.99 135.91 95.44 274.54
457.27 133.85 96.87 278.66
457.99 135.91 95.44 274.54
457.27 133.85 96.87 278.66
457.99 135.91 95.44 274.54
457.27 133.85 96.87 278.66
457.99 135.91 95.44 274.54
457.27 133.85 96.87 278.66
456.55 131.76 98.32 282.84
455.81 129.64 99.80 287.08
456.55 138.09 98.32 282.84
455.81 135.97 99.80 287.08
450.52 133.82 101.29 291.39
444.57 142.40 99.80 287.08
440.90 150.86 98.32 282.84
435.69 148.74 99.80 287.08
428.14 153.11 101.29 291.39
413.56 150.93 102.81 295.76
394.09 148.71 104.35 300.20
369.58 132.81 105.92 304.70
337.48 130.52 107.51 309.27
307.43 132.81 105.92 304.70
282.50 128.33 104.35 300.20
264.85 117.30 102.81 295.76
254.26 106.43 101.29 291.39
248.30 95.72 99.80 287.08
244.64 91.51 98.32 282.84
245.36 87.36 96.87 278.66
246.08 83.27 95.44 274.54
246.78 91.35 94.03 270.48
243.94 89.33 95.44 274.54
238.88 93.51 96.87 278.66
235.32 101.72 95.44 274.54
238.14 97.69 94.03 270.48
240.91 99.69 92.64 266.49
239.55 95.77 91.27 262.55
234.71 99.77 92.64 266.49
234.02 91.72 94.03 270.48
233.31 95.84 95.44 274.54
234.02 91.81 94.03 270.48
233.31 83.63 95.44 274.54
236.12 85.66 94.03 270.48
235.42 83.63 95.44 274.54
236.12 85.66 94.03 270.48
234.74 93.63 92.64 266.49
234.05 91.63 94.03 270.48
233.34 89.60 95.44 274.54
236.15 91.63 94.03 270.48
235.45 89.60 95.44 274.54
236.15 91.63 94.03 270.48
235.45 89.60 95.44 274.54
236.15 91.63 94.03 270.48
235.45 89.60 95.44 274.54
234.05 91.63 94.03 270.48
233.34 89.60 95.44 274.54
234.05 85.57 94.03 270.48
233.34 83.54 95.44 274.54
234.05 85.57 94.03 270.48
233.34 83.54 95.44 274.54
234.05 85.57 94.03 270.48
233.34 83.54 95.44 274.54
234.05 85.57 94.03 270.48
233.34 83.54 95.44 274.54
234.05 85.57 94.03 270.48
233.34 83.54 95.44 274.54
234.05 85.57 94.03 270.48
235.48 77.39 95.44 274.54
236.19 79.42 94.03 270.48
233.34 83.54 95.44 274.54
234.05 85.57 94.03 270.48
233.34 83.54 95.44 274.54
236.15 85.57 94.03 270.48
235.45 77.39 95.44 274.54
234.05 79.42 94.03 270.48
233.34 77.39 95.44 274.54
234.05 79.42 94.03 270.48
233.34 77.39 95.44 274.54
234.05 79.42 94.03 270.48
233.34 77.39 95.44 274.54
234.05 79.42 94.03 270.48
233.34 77.39 95.44 274.54
234.05 79.42 94.03 270.48
233.34 77.39 95.44 274.54
234.05 79.42 94.03 270.48
233.34 77.39 95.44 274.54
234.05 79.42 94.03 270.48
233.34 77.39 95.44 274.54
234.05 85.48 94.03 270.48
233.34 77.30 95.44 274.54
234.05 79.33 94.03 270.48
233.34 77.30 95.44 274.54
234.05 79.33 94.03 270.48
233.34 77.30 95.44 274.54
234.05 79.33 94.03 270.48
233.34 77.30 95.44 274.54
234.05 79.33 94.03 270.48
233.34 77.30 95.44 274.54
234.05 79.33 94.03 270.48
233.34 77.30 95.44 274.54
234.05 85.39 94.03 270.48
233.34 83.36 95.44 274.54
234.05 85.39 94.03 270.48
233.34 83.36 95.44 274.54
234.05 85.39 94.03 270.48
233.34 83.36 95.44 274.54
234.05 85.39 94.03 270.48
233.34 83.36 95.44 274.54
234.05 85.39 94.03 270.48
233.34 83.36 95.44 274.54
234.05 85.39 94.03 270.48
236.82 99.32 92.64 266.49
231.91 103.38 94.03 270.48
234.68 93.44 92.64 266.49
233.99 85.39 94.03 270.48
233.28 83.36 95.44 274.54
233.99 85.39 94.03 270.48
233.28 77.21 95.44 274.54
233.99 79.24 94.03 270.48
233.28 77.21 95.44 274.54
233.99 79.24 94.03 270.48
233.28 77.21 95.44 274.54
233.99 79.24 94.03 270.48
233.28 77.21 95.44 274.54
233.99 79.24 94.03 270.48
233.28 77.21 95.44 274.54
233.99 79.24 94.03 270.48
233.28 77.21 95.44 274.54
233.99 79.24 94.03 270.48
233.28 77.21 95.44 274.54
233.99 79.24 94.03 270.48
233.28 77.21 95.44 274.54
233.99 79.24 94.03 270.48
233.28 77.21 95.44 274.54
233.99 79.24 94.03 270.48
233.28 77.21 95.44 274.54
233.99 79.24 94.03 270.48
233.28 77.21 95.44 274.54
233.99 79.24 94.03 270.48
233.28 77.21 95.44 274.54
233.99 79.24 94.03 270.48
233.28 77.21 95.44 274.54
233.99 79.24 94.03 270.48
233.28 77.21 95.44 274.54
233.99 79.24 94.03 270.48
233.28 77.21 95.44 274.54
233.99 79.24 94.03 270.48
233.28 77.21 95.44 274.54
233.99 79.24 94.03 270.48
233.28 77.21 95.44 274.54
233.99 79.24 94.03 270.48
233.28 77.21 95.44 274.54
233.99 79.24 94.03 270.48
233.28 77.21 95.44 274.54
233.99 79.24 94.03 270.48
233.28 77.21 95.44 274.54
233.99 79.24 94.03 270.48
233.28 77.21 95.44 274.54
233.99 79.24 94.03 270.48
233.28 77.21 95.44 274.54
233.99 79.24 94.03 270.48
233.28 77.21 95.44 274.54
233.99 79.24 94.03 270.48
233.28 77.21 95.44 274.54
233.99 85.30 94.03 270.48
236.76 99.23 92.64 266.49
233.95 85.12 94.03 270.48
233.25 76.94 95.44 274.54
233.95 78.97 94.03 270.48
233.25 76.94 95.44 274.54
233.95 78.97 94.03 270.48
233.25 76.94 95.44 274.54
233.95 78.97 94.03 270.48
233.25 76.94 95.44 274.54
233.95 78.97 94.03 270.48
233.25 76.94 95.44 274.54
233.95 78.97 94.03 270.48
233.25 76.94 95.44 274.54
233.95 78.97 94.03 270.48
233.25 76.94 95.44 274.54
233.95 78.97 94.03 270.48
233.25 76.94 95.44 274.54
233.95 78.97 94.03 270.48
233.25 76.94 95.44 274.54
233.95 78.97 94.03 270.48
233.25 76.94 95.44 274.54
233.95 78.97 94.03 270.48
233.25 76.94 95.44 274.54
233.95 78.97 94.03 270.48
233.25 76.94 95.44 274.54
233.95 78.97 94.03 270.48
233.25 76.94 95.44 274.54
233.95 78.97 94.03 270.48
233.25 76.94 95.44 274.54
233.95 78.97 94.03 270.48
233.25 76.94 95.44 274.54
233.95 78.97 94.03 270.48
233.25 76.94 95.44 274.54
233.95 78.97 94.03 270.48
233.25 76.94 95.44 274.54
233.95 78.97 94.03 270.48
233.25 76.94 95.44 274.54
233.95 78.97 94.03 270.48
233.25 76.94 95.44 274.54
233.95 78.97 94.03 270.48
233.25 76.94 95.44 274.54
233.95 78.97 94.03 270.48
233.25 76.94 95.44 274.54
233.95 78.97 94.03 270.48
233.25 76.94 95.44 274.54
233.95 78.97 94.03 270.48
233.25 76.94 95.44 274.54
233.95 85.03 94.03 270.48
233.25 76.85 95.44 274.54
233.95 78.88 94.03 270.48
234.65 74.91 92.64 266.49
233.95 72.91 94.03 270.48
234.65 80.87 92.64 266.49
233.95 78.88 94.03 270.48
233.25 76.85 95.44 274.54
233.95 78.88 94.03 270.48
233.25 76.85 95.44 274.54
233.95 78.88 94.03 270.48
233.25 76.85 95.44 274.54
233.95 78.88 94.03 270.48
233.25 76.85 95.44 274.54
233.95 78.88 94.03 270.48
233.25 76.85 95.44 274.54
233.95 78.88 94.03 270.48
233.25 76.85 95.44 274.54
233.95 78.88 94.03 270.48
233.25 76.85 95.44 274.54
233.95 78.88 94.03 270.48
233.25 76.85 95.44 274.54
233.95 78.88 94.03 270.48
233.25 76.85 95.44 274.54
233.95 78.88 94.03 270.48
233.25 76.85 95.44 274.54
233.95 78.88 94.03 270.48
233.25 76.85 95.44 274.54
233.95 78.88 94.03 270.48
233.25 76.85 95.44 274.54
233.95 78.88 94.03 270.48
233.25 76.85 95.44 274.54
233.95 78.88 94.03 270.48
233.25 76.85 95.44 274.54
233.95 78.88 94.03 270.48
233.25 83.00 95.44 274.54
234.70 87.18 96.87 278.66
233.28 83.09 95.44 274.54
233.99 85.12 94.03 270.48
233.28 76.94 95.44 274.54
233.99 78.97 94.03 270.48
233.28 76.94 95.44 274.54
233.99 78.97 94.03 270.48
233.28 76.94 95.44 274.54
233.99 78.97 94.03 270.48
233.28 76.94 95.44 274.54
233.99 78.97 94.03 270.48
233.28 76.94 95.44 274.54
233.99 78.97 94.03 270.48
233.28 76.94 95.44 274.54
233.99 78.97 94.03 270.48
233.28 76.94 95.44 274.54
233.99 78.97 94.03 270.48
233.28 76.94 95.44 274.54
233.99 78.97 94.03 270.48
233.28 76.94 95.44 274.54
233.99 78.97 94.03 270.48
233.28 76.94 95.44 274.54
233.99 78.97 94.03 270.48
233.28 76.94 95.44 274.54
233.99 78.97 94.03 270.48
233.28 76.94 95.44 274.54
233.99 78.97 94.03 270.48
233.28 76.94 95.44 274.54
233.99 78.97 94.03 270.48
233.28 76.94 95.44 274.54
233.99 78.97 94.03 270.48
233.28 83.09 95.44 274.54
231.88 85.12 94.03 270.48
231.18 76.94 95.44 274.54
233.99 78.97 94.03 270.48
231.14 76.94 95.44 274.54
233.96 85.03 94.03 270.48
236.72 81.06 92.64 266.49
236.03 79.06 94.03 270.48
233.19 77.03 95.44 274.54
233.89 79.06 94.03 270.48
233.19 77.03 95.44 274.54
233.89 79.06 94.03 270.48
233.19 77.03 95.44 274.54
233.89 79.06 94.03 270.48
233.19 77.03 95.44 274.54
233.89 79.06 94.03 270.48
233.19 77.03 95.44 274.54
233.89 79.06 94.03 270.48
233.19 77.03 95.44 274.54
233.89 79.06 94.03 270.48
233.19 77.03 95.44 274.54
233.89 79.06 94.03 270.48
233.19 77.03 95.44 274.54
233.89 79.06 94.03 270.48
233.19 77.03 95.44 274.54
233.89 79.06 94.03 270.48
233.19 77.03 95.44 274.54
233.89 79.06 94.03 270.48
233.19 77.03 95.44 274.54
233.89 79.06 94.03 270.48
233.19 77.03 95.44 274.54
233.89 79.06 94.03 270.48
235.32 77.03 95.44 274.54
236.03 79.06 94.03 270.48
235.32 77.03 95.44 274.54
236.78 74.97 96.87 278.66
239.63 77.03 95.44 274.54
242.44 79.06 94.03 270.48
243.88 77.03 95.44 274.54
248.79 73.00 94.03 270.48
252.36 70.97 95.44 274.54
255.99 62.67 96.87 278.66
260.98 64.73 95.44 274.54
262.43 62.67 96.87 278.66
267.42 64.73 95.44 274.54
268.88 62.67 96.87 278.66
270.35 60.58 98.32 282.84
269.62 58.46 99.80 287.08
268.87 62.83 101.29 291.39
263.50 60.65 102.81 295.76
260.39 58.43 104.35 300.20
261.17 60.65 102.81 295.76
259.66 62.83 101.29 291.39
254.29 60.65 102.81 295.76
248.84 58.43 104.35 300.20
243.32 63.00 105.92 304.70
240.11 60.72 107.51 309.27
238.54 63.00 105.92 304.70
239.32 65.25 104.35 300.20
236.16 63.00 105.92 304.70
236.95 65.25 104.35 300.20
237.72 67.47 102.81 295.76
236.95 65.25 104.35 300.20
235.41 67.47 102.81 295.76
236.17 69.66 101.29 291.39
236.92 71.81 99.80 287.08
238.44 69.66 101.29 291.39
239.19 71.81 99.80 287.08
240.71 69.66 101.29 291.39
244.56 67.47 102.81 295.76
245.32 69.66 101.29 291.39
244.56 60.85 102.81 295.76
241.45 58.63 104.35 300.20
242.22 60.85 102.81 295.76
239.11 51.90 104.35 300.20
239.88 54.12 102.81 295.76
241.45 51.90 104.35 300.20
244.52 54.12 102.81 295.76
246.09 45.18 104.35 300.20
246.86 47.40 102.81 295.76
247.62 56.11 101.29 291.39
244.56 53.92 102.81 295.76
241.45 51.71 104.35 300.20
240.67 49.46 105.92 304.70
239.87 47.17 107.51 309.27
240.67 49.46 105.92 304.70
242.28 47.17 107.51 309.27
243.92 37.82 109.12 313.91
244.72 40.14 107.51 309.27
245.52 49.25 105.92 304.70
248.64 44.78 104.35 300.20
250.23 42.52 105.92 304.70
251.84 40.24 107.51 309.27
251.04 37.92 109.12 313.91
250.22 35.57 110.76 318.62
251.04 37.92 109.12 313.91
247.74 35.57 110.76 318.62
246.11 37.92 109.12 313.91
246.92 47.17 107.51 309.27
248.56 44.85 109.12 313.91
245.26 42.49 110.76 318.62
243.63 51.88 109.12 313.91
244.44 54.20 107.51 309.27
243.63 51.88 109.12 313.91
244.44 54.20 107.51 309.27
243.63 51.88 109.12 313.91
244.44 54.20 107.51 309.27
245.23 56.48 105.92 304.70
246.85 54.20 107.51 309.27
247.64 56.48 105.92 304.70
246.85 54.20 107.51 309.27
248.48 44.85 109.12 313.91
249.29 47.17 107.51 309.27
245.34 49.45 105.92 304.70
243.78 51.70 104.35 300.20
243.00 49.45 105.92 304.70
243.78 51.70 104.35 300.20
243.00 49.45 105.92 304.70
242.21 47.17 107.51 309.27
245.37 49.45 105.92 304.70
246.16 58.43 104.35 300.20
245.37 56.18 105.92 304.70
246.99 53.89 107.51 309.27
250.15 56.18 105.92 304.70
251.77 53.89 107.51 309.27
257.31 56.18 105.92 304.70
260.43 58.43 104.35 300.20
261.20 60.65 102.81 295.76
264.23 62.83 101.29 291.39
263.47 60.65 102.81 295.76
264.23 69.36 101.29 291.39
263.47 60.55 102.81 295.76
262.70 58.33 104.35 300.20
263.47 60.55 102.81 295.76
260.36 58.33 104.35 300.20
261.13 60.55 102.81 295.76
264.16 62.73 101.29 291.39
263.40 60.55 102.81 295.76
264.16 62.73 101.29 291.39
264.91 64.89 99.80 287.08
265.65 67.01 98.32 282.84
264.91 64.89 99.80 287.08
265.65 67.01 98.32 282.84
264.91 64.89 99.80 287.08
265.65 67.01 98.32 282.84
264.91 64.89 99.80 287.08
265.65 67.01 98.32 282.84
264.91 64.89 99.80 287.08
265.65 67.01 98.32 282.84
264.91 64.89 99.80 287.08
264.16 62.73 101.29 291.39
265.70 60.55 102.81 295.76
257.92 65.05 104.35 300.20
260.99 67.27 102.81 295.76
267.23 65.05 104.35 300.20
263.40 60.65 102.81 295.76
264.16 69.36 101.29 291.39
263.40 60.55 102.81 295.76
264.16 62.74 101.29 291.39
263.40 60.55 102.81 295.76
262.63 58.33 104.35 300.20
263.40 60.55 102.81 295.76
264.16 62.74 101.29 291.39
263.40 60.55 102.81 295.76
262.63 58.33 104.35 300.20
263.40 60.55 102.81 295.76
267.30 65.06 104.35 300.20
254.66 62.80 105.92 304.70
257.78 65.06 104.35 300.20
265.46 60.65 102.81 295.76
263.95 62.83 101.29 291.39
263.19 60.65 102.81 295.76
263.95 62.83 101.29 291.39
264.70 64.99 99.80 287.08
265.43 67.11 98.32 282.84
264.70 64.99 99.80 287.08
265.43 67.11 98.32 282.84
264.70 64.99 99.80 287.08
265.43 67.11 98.32 282.84
264.70 64.99 99.80 287.08
265.43 67.11 98.32 282.84
264.70 64.99 99.80 287.08
265.43 67.11 98.32 282.84
264.70 64.99 99.80 287.08
265.43 67.11 98.32 282.84
264.70 64.99 99.80 287.08
265.43 67.11 98.32 282.84
264.70 64.99 99.80 287.08
265.43 67.11 98.32 282.84
264.70 64.99 99.80 287.08
265.43 67.11 98.32 282.84
264.70 64.99 99.80 287.08
265.43 67.11 98.32 282.84
264.70 64.99 99.80 287.08
267.64 67.11 98.32 282.84
269.14 64.99 99.80 287.08
270.66 62.83 101.29 291.39
275.87 71.42 99.80 287.08
279.66 69.27 101.29 291.39
278.90 67.08 102.81 295.76
278.13 64.86 104.35 300.20
277.35 62.61 105.92 304.70
271.74 60.32 107.51 309.27
266.05 58.01 109.12 313.91
257.78 62.79 110.76 318.62
251.92 60.40 112.42 323.40
245.96 57.97 114.10 328.25
234.73 62.97 115.82 333.17
215.43 68.05 117.55 338.17
198.51 65.51 119.32 343.24
184.05 55.14 121.11 348.39
174.26 57.71 119.32 343.24
159.80 47.33 121.11 348.39
152.67 42.22 119.32 343.24
148.29 37.18 117.55 338.17
146.56 39.68 115.82 333.17
140.43 29.60 117.55 338.17
134.20 27.07 119.32 343.24
132.45 29.60 117.55 338.17
130.72 32.10 115.82 333.17
129.02 34.56 114.10 328.25
127.35 36.99 112.42 323.40
125.70 46.52 110.76 318.62
126.52 48.87 109.12 313.91
125.70 53.65 110.76 318.62
126.52 56.01 109.12 313.91
127.32 58.33 107.51 309.27
130.49 60.61 105.92 304.70
133.61 62.86 104.35 300.20
132.08 65.08 102.81 295.76
132.84 67.27 101.29 291.39
133.59 69.42 99.80 287.08
134.32 71.54 98.32 282.84
133.59 69.42 99.80 287.08
132.84 67.27 101.29 291.39
133.59 69.42 99.80 287.08
132.84 67.27 101.29 291.39
133.59 69.42 99.80 287.08
134.32 71.54 98.32 282.84
133.59 69.42 99.80 287.08
134.32 71.54 98.32 282.84
133.59 69.42 99.80 287.08
132.84 67.27 101.29 291.39
133.59 69.42 99.80 287.08
134.32 71.54 98.32 282.84
133.59 69.42 99.80 287.08
134.32 71.54 98.32 282.84
133.59 69.42 99.80 287.08
134.32 71.54 98.32 282.84
133.59 69.42 99.80 287.08
136.53 71.54 98.32 282.84
133.55 69.42 99.80 287.08
134.29 71.54 98.32 282.84
133.55 69.42 99.80 287.08
134.29 71.54 98.32 282.84
139.36 73.63 96.87 278.66
134.23 77.88 98.32 282.84
137.96 62.90 99.80 287.08
134.29 71.35 98.32 282.84
133.55 69.23 99.80 287.08
136.49 71.35 98.32 282.84
135.76 69.23 99.80 287.08
136.49 71.35 98.32 282.84
135.76 69.23 99.80 287.08
136.49 71.35 98.32 282.84
135.76 69.23 99.80 287.08
136.49 71.35 98.32 282.84
135.76 69.23 99.80 287.08
136.49 71.35 98.32 282.84
135.76 69.23 99.80 287.08
136.49 71.35 98.32 282.84
135.76 69.23 99.80 287.08
136.49 71.35 98.32 282.84
135.76 69.23 99.80 287.08
136.49 71.35 98.32 282.84
135.76 69.23 99.80 287.08
136.49 71.35 98.32 282.84
135.76 69.23 99.80 287.08
136.49 71.35 98.32 282.84
135.76 69.23 99.80 287.08
136.49 71.35 98.32 282.84
133.52 69.23 99.80 287.08
132.77 67.08 101.29 291.39
131.29 69.23 99.80 287.08
130.54 67.08 101.29 291.39
131.29 69.23 99.80 287.08
130.54 67.08 101.29 291.39
131.29 69.23 99.80 287.08
130.54 67.08 101.29 291.39
131.29 69.23 99.80 287.08
130.54 67.08 101.29 291.39
131.29 69.23 99.80 287.08
130.54 67.08 101.29 291.39
131.29 69.23 99.80 287.08
130.54 67.08 101.29 291.39
131.29 69.23 99.80 287.08
130.54 67.08 101.29 291.39
131.29 69.23 99.80 287.08
130.54 67.08 101.29 291.39
131.29 69.23 99.80 287.08
130.54 67.08 101.29 291.39
131.29 69.23 99.80 287.08
130.54 67.08 101.29 291.39
131.29 69.23 99.80 287.08
130.54 67.08 101.29 291.39
131.29 69.23 99.80 287.08
130.54 67.08 101.29 291.39
131.29 69.23 99.80 287.08
130.54 67.08 101.29 291.39
131.29 69.23 99.80 287.08
130.54 67.08 101.29 291.39
131.29 69.23 99.80 287.08
130.54 67.08 101.29 291.39
131.29 69.23 99.80 287.08
128.27 67.08 101.29 291.39
127.51 64.89 102.81 295.76
126.74 62.67 104.35 300.20
129.81 64.89 102.81 295.76
126.70 62.67 104.35 300.20
125.92 60.42 105.92 304.70
126.70 62.67 104.35 300.20
125.92 60.42 105.92 304.70
129.04 62.67 104.35 300.20
125.89 60.42 105.92 304.70
129.01 62.67 104.35 300.20
125.85 60.42 105.92 304.70
125.06 58.14 107.51 309.27
125.85 60.42 105.92 304.70
125.06 58.14 107.51 309.27
125.85 60.42 105.92 304.70
128.97 62.67 104.35 300.20
125.82 60.42 105.92 304.70
128.94 62.67 104.35 300.20
128.15 60.42 105.92 304.70
128.94 62.67 104.35 300.20
129.71 64.89 102.81 295.76
130.47 67.08 101.29 291.39
129.71 64.89 102.81 295.76
130.47 67.08 101.29 291.39
129.71 64.89 102.81 295.76
130.47 67.08 101.29 291.39
129.71 64.89 102.81 295.76
130.47 67.08 101.29 291.39
129.71 64.89 102.81 295.76
130.47 67.08 101.29 291.39
129.71 64.89 102.81 295.76
130.47 67.08 101.29 291.39
129.71 64.89 102.81 295.76
130.47 67.08 101.29 291.39
129.71 64.89 102.81 295.76
130.47 67.08 101.29 291.39
129.71 64.89 102.81 295.76
130.47 67.08 101.29 291.39
129.71 64.89 102.81 295.76
130.47 67.08 101.29 291.39
129.71 64.89 102.81 295.76
130.47 67.08 101.29 291.39
129.71 64.89 102.81 295.76
130.47 67.08 101.29 291.39
129.71 64.89 102.81 295.76
130.47 67.08 101.29 291.39
129.71 64.89 102.81 295.76
130.47 67.08 101.29 291.39
129.71 64.89 102.81 295.76
130.47 67.08 101.29 291.39
129.71 64.89 102.81 295.76
130.47 67.08 101.29 291.39
129.71 64.89 102.81 295.76
130.47 67.08 101.29 291.39
129.71 64.89 102.81 295.76
130.47 67.08 101.29 291.39
129.71 64.89 102.81 295.76
130.47 67.08 101.29 291.39
129.71 64.89 102.81 295.76
130.47 67.08 101.29 291.39
129.71 64.89 102.81 295.76
130.47 67.08 101.29 291.39
129.71 64.89 102.81 295.76
130.47 67.08 101.29 291.39
129.71 64.89 102.81 295.76
130.47 67.08 101.29 291.39
129.71 64.89 102.81 295.76
130.47 67.08 101.29 291.39
129.71 64.89 102.81 295.76
130.47 67.08 101.29 291.39
129.71 64.89 102.81 295.76
130.47 67.08 101.29 291.39
129.71 64.89 102.81 295.76
130.47 67.08 101.29 291.39
129.71 64.89 102.81 295.76
130.47 67.08 101.29 291.39
