69.00 48.00 26.00 39.00
69.77 48.29 25.62 38.42
70.16 48.00 26.00 39.00
70.35 48.29 25.62 38.42
71.10 48.57 25.24 37.86
70.91 48.29 25.62 38.42
70.72 48.87 26.00 39.00
71.49 49.16 25.62 38.42
71.30 48.87 26.00 39.00
71.49 49.16 25.62 38.42
71.88 48.87 26.00 39.00
72.07 49.16 25.62 38.42
71.88 48.87 26.00 39.00
73.22 49.16 25.62 38.42
73.61 48.87 26.00 39.00
74.95 49.16 25.62 38.42
76.50 49.75 26.00 39.00
76.31 49.45 26.39 39.58
78.25 49.75 26.00 39.00
80.74 50.04 25.62 38.42
83.75 51.17 25.24 37.86
86.43 51.74 25.62 38.42
89.73 52.33 26.00 39.00
89.93 52.62 25.62 38.42
94.07 53.75 25.24 37.86
98.47 54.33 25.62 38.42
103.19 55.46 25.24 37.86
107.59 56.03 25.62 38.42
112.05 56.62 26.00 39.00
112.82 56.91 25.62 38.42
116.70 56.62 26.00 39.00
120.91 56.91 25.62 38.42
124.49 56.34 25.24 37.86
127.17 56.06 25.62 38.42
129.89 54.90 26.00 39.00
130.09 55.19 25.62 38.42
132.22 54.90 26.00 39.00
133.80 54.61 26.39 39.58
135.74 54.90 26.00 39.00
137.08 55.19 25.62 38.42
137.47 54.90 26.00 39.00
137.67 55.19 25.62 38.42
138.06 55.77 26.00 39.00
138.25 56.06 25.62 38.42
138.06 55.77 26.00 39.00
138.25 55.20 25.62 38.42
137.47 54.91 26.00 39.00
137.67 55.20 25.62 38.42
137.47 54.91 26.00 39.00
137.67 55.20 25.62 38.42
137.47 54.91 26.00 39.00
138.24 56.06 25.62 38.42
138.05 55.77 26.00 39.00
138.24 56.06 25.62 38.42
138.05 55.77 26.00 39.00
138.24 56.06 25.62 38.42
138.05 55.77 26.00 39.00
138.81 56.06 25.62 38.42
138.62 55.77 26.00 39.00
138.81 56.06 25.62 38.42
138.62 55.77 26.00 39.00
138.81 56.06 25.62 38.42
138.62 55.77 26.00 39.00
138.81 56.06 25.62 38.42
138.62 55.77 26.00 39.00
138.81 56.06 25.62 38.42
139.20 55.77 26.00 39.00
139.40 56.06 25.62 38.42
139.20 55.77 26.00 39.00
139.01 55.48 26.39 39.58
139.79 55.77 26.00 39.00
139.59 55.48 26.39 39.58
139.79 55.77 26.00 39.00
139.59 55.48 26.39 39.58
139.79 55.77 26.00 39.00
140.18 55.48 26.39 39.58
139.99 56.08 26.79 40.18
140.18 56.38 26.39 39.58
139.99 56.08 26.79 40.18
140.77 56.38 26.39 39.58
139.98 56.08 26.79 40.18
140.17 56.38 26.39 39.58
139.38 56.08 26.79 40.18
139.57 56.38 26.39 39.58
139.19 55.80 26.00 39.00
138.40 55.51 26.39 39.58
137.43 55.80 26.00 39.00
136.05 55.51 26.39 39.58
134.06 55.21 26.79 40.18
134.25 55.51 26.39 39.58
132.26 55.21 26.79 40.18
130.09 55.51 26.39 39.58
127.49 55.21 26.79 40.18
124.73 55.51 26.39 39.58
121.54 55.21 26.79 40.18
121.73 55.51 26.39 39.58
117.94 55.21 26.79 40.18
114.00 55.51 26.39 39.58
109.60 55.21 26.79 40.18
105.13 54.91 27.19 40.78
100.60 54.60 27.60 41.39
100.81 54.91 27.19 40.78
96.21 54.31 26.79 40.18
91.74 53.09 27.19 40.78
87.74 53.40 26.79 40.18
83.80 52.81 26.39 39.58
80.61 52.51 26.79 40.18
79.80 52.21 27.19 40.78
77.00 51.61 26.79 40.18
73.75 51.31 27.19 40.78
71.08 51.00 27.60 41.39
69.45 50.39 27.19 40.78
67.39 50.09 27.60 41.39
67.60 50.39 27.19 40.78
66.16 50.09 27.60 41.39
65.75 50.39 27.19 40.78
64.93 50.09 27.60 41.39
65.13 50.39 27.19 40.78
65.55 50.09 27.60 41.39
65.75 50.39 27.19 40.78
65.55 50.09 27.60 41.39
65.97 49.78 28.01 42.01
66.79 50.09 27.60 41.39
67.00 50.39 27.19 40.78
67.41 50.09 27.60 41.39
67.62 50.39 27.19 40.78
67.41 50.09 27.60 41.39
68.22 50.39 27.19 40.78
68.02 50.09 27.60 41.39
68.83 50.39 27.19 40.78
68.63 50.09 27.60 41.39
68.83 50.39 27.19 40.78
68.63 50.09 27.60 41.39
69.44 50.39 27.19 40.78
