331.00 39.00 38.00 42.00
326.25 28.19 37.44 41.38
333.14 26.67 36.89 40.77
334.54 18.95 37.44 41.38
336.47 15.60 36.89 40.77
340.81 15.00 36.34 40.17
344.28 20.62 35.80 39.57
351.66 28.77 35.27 38.99
356.21 37.34 35.80 39.57
362.79 47.24 35.27 38.99
364.61 56.13 34.75 38.41
368.70 62.35 34.24 37.84
368.20 64.30 33.73 37.28
360.28 59.78 34.24 37.84
353.73 50.87 33.73 37.28
345.79 43.74 33.23 36.73
337.23 35.95 33.73 37.28
330.07 31.43 34.24 37.84
323.59 25.13 34.75 38.41
319.38 20.47 35.27 38.99
319.64 19.90 34.75 38.41
319.38 21.36 35.27 38.99
319.11 24.61 35.80 39.57
326.98 30.61 36.34 40.17
328.36 33.05 36.89 40.77
328.09 32.74 37.44 41.38
331.21 35.26 38.00 42.00
332.65 32.08 38.57 42.63
334.64 26.75 38.00 42.00
336.08 22.61 38.57 42.63
343.18 21.99 38.00 42.00
352.69 25.08 37.44 41.38
367.01 32.69 36.89 40.77
380.99 48.14 37.44 41.38
390.07 67.59 38.00 42.00
392.87 85.51 37.44 41.38
398.10 102.25 36.89 40.77
399.19 111.55 36.34 40.17
403.87 117.64 36.89 40.77
396.89 147.92 37.44 41.38
396.61 168.31 38.00 42.00
408.63 154.72 37.44 41.38
414.69 152.28 36.89 40.77
406.86 154.76 37.44 41.38
403.18 152.57 38.00 42.00
408.94 161.80 38.57 42.63
406.90 181.83 39.15 43.27
394.14 182.49 39.74 43.92
400.17 196.14 40.33 44.58
389.79 202.38 39.74 43.92
388.58 191.06 40.33 44.58
391.55 200.25 39.74 43.92
404.12 213.17 39.15 43.27
406.14 219.22 38.57 42.63
401.47 217.93 39.15 43.27
408.67 208.70 38.57 42.63
413.21 202.43 38.00 42.00
415.17 201.81 37.44 41.38
419.14 210.91 38.00 42.00
429.22 222.06 38.57 42.63
422.80 215.92 39.15 43.27
439.50 224.84 38.57 42.63
421.06 216.68 38.00 42.00
444.82 224.41 37.44 41.38
463.27 230.68 38.00 42.00
472.49 225.59 38.57 42.63
472.20 208.80 39.15 43.27
499.50 233.07 39.74 43.92
512.94 222.73 39.15 43.27
505.46 229.73 38.57 42.63
507.44 240.40 38.00 42.00
524.50 237.93 37.44 41.38
534.43 253.61 38.00 42.00
537.23 253.92 37.44 41.38
542.91 264.90 38.00 42.00
543.48 288.46 38.57 42.63
532.67 296.86 39.15 43.27
532.38 285.72 39.74 43.92
529.37 264.42 40.33 44.58
527.23 262.06 40.94 45.25
524.13 264.80 41.55 45.92
530.44 260.28 42.17 46.61
551.22 249.31 41.55 45.92
548.78 254.72 40.94 45.25
545.68 258.49 41.55 45.92
567.10 268.59 42.17 46.61
584.04 270.36 42.81 47.31
575.93 252.79 43.45 48.02
584.50 277.55 44.10 48.74
601.37 278.98 43.45 48.02
588.27 292.05 42.81 47.31
581.13 298.15 43.45 48.02
578.83 333.82 44.10 48.74
584.52 333.46 44.76 49.47
584.85 332.73 44.10 48.74
589.53 334.58 44.76 49.47
596.77 336.04 44.10 48.74
607.47 334.57 44.76 49.47
613.24 333.07 45.43 50.22
618.59 330.12 44.76 49.47
