58.00 100.00 28.00 23.00
59.44 100.17 27.59 22.66
60.49 100.52 28.00 23.00
62.19 100.34 28.42 23.35
62.40 100.52 28.00 23.00
64.10 100.87 28.42 23.35
65.83 101.22 28.85 23.70
66.92 101.58 29.28 24.05
68.43 102.29 28.85 23.70
68.21 102.11 29.28 24.05
69.72 102.82 28.85 23.70
71.21 103.52 28.42 23.35
70.35 103.88 28.85 23.70
69.48 104.24 29.28 24.05
68.40 104.94 28.85 23.70
68.18 104.77 29.28 24.05
67.75 104.94 28.85 23.70
66.69 105.64 28.42 23.35
66.28 106.33 28.00 23.00
66.07 106.16 28.42 23.35
65.85 106.51 28.85 23.70
65.43 107.21 28.42 23.35
65.64 107.90 28.00 23.00
67.34 108.25 28.42 23.35
69.43 108.42 28.00 23.00
69.64 108.59 27.59 22.66
72.89 108.76 27.18 22.33
76.69 108.43 26.78 22.00
81.61 109.08 26.38 21.67
86.46 108.76 25.99 21.35
90.67 109.39 25.61 21.03
92.56 109.55 25.23 20.72
93.86 110.16 24.86 20.42
94.04 110.31 24.49 20.12
94.97 110.61 24.86 20.42
96.48 110.93 25.23 20.72
97.22 111.08 24.86 20.42
97.95 111.23 24.49 20.12
98.33 111.08 24.86 20.42
100.16 111.68 24.49 20.12
101.96 111.83 24.13 19.82
102.14 111.97 23.77 19.53
103.89 112.12 23.42 19.24
105.31 112.41 23.77 19.53
107.06 112.56 23.42 19.24
108.78 112.70 23.07 18.95
108.61 112.99 23.42 19.24
109.50 111.09 23.77 19.53
110.94 108.28 24.13 19.82
111.65 108.43 23.77 19.53
112.55 106.06 24.13 19.82
113.47 103.66 24.49 20.12
114.96 101.68 24.86 20.42
117.33 99.58 24.49 20.12
119.14 98.40 24.13 19.82
119.31 98.54 23.77 19.53
120.76 97.51 24.13 19.82
122.22 97.81 24.49 20.12
123.15 98.12 24.86 20.42
124.10 98.43 25.23 20.72
124.84 98.58 24.86 20.42
126.12 98.73 24.49 20.12
126.49 99.04 24.86 20.42
128.32 99.19 24.49 20.12
129.25 99.04 24.86 20.42
129.44 99.19 24.49 20.12
130.92 99.50 24.86 20.42
132.75 99.65 24.49 20.12
133.68 99.95 24.86 20.42
134.63 99.80 25.23 20.72
135.58 100.12 25.61 21.03
135.77 100.27 25.23 20.72
137.30 100.12 25.61 21.03
138.62 100.27 25.23 20.72
140.48 100.42 24.86 20.42
141.99 100.27 25.23 20.72
143.52 100.59 25.61 21.03
143.71 100.74 25.23 20.72
145.57 100.90 24.86 20.42
147.08 101.21 25.23 20.72
148.61 101.05 25.61 21.03
150.49 101.67 25.23 20.72
152.02 101.99 25.61 21.03
152.21 102.14 25.23 20.72
153.17 101.99 25.61 21.03
154.73 102.31 25.99 21.35
155.71 102.63 26.38 21.67
157.07 102.79 25.99 21.35
158.98 102.95 25.61 21.03
160.87 103.11 25.23 20.72
160.68 102.95 25.61 21.03
161.65 103.27 25.99 21.35
162.64 103.11 26.38 21.67
163.64 103.44 26.78 22.00
164.66 103.28 27.18 22.33
164.45 103.11 27.59 22.66
166.48 103.78 27.18 22.33
167.88 104.43 26.78 22.00
169.86 104.60 26.38 21.67
171.21 104.76 25.99 21.35
171.41 104.44 25.61 21.03
172.38 104.76 25.99 21.35
173.96 105.09 26.38 21.67
175.32 105.25 25.99 21.35
175.12 105.09 26.38 21.67
176.12 105.91 26.78 22.00
177.50 106.56 26.38 21.67
178.28 107.20 25.99 21.35
179.05 107.83 25.61 21.03
179.80 107.98 25.23 20.72
179.61 107.83 25.61 21.03
180.37 108.45 25.23 20.72
180.75 108.76 25.61 21.03
181.50 109.38 25.23 20.72
182.25 109.99 24.86 20.42
182.98 110.59 24.49 20.12
182.80 110.44 24.86 20.42
183.53 111.04 24.49 20.12
184.25 111.64 24.13 19.82
185.17 112.39 24.49 20.12
185.54 112.24 24.86 20.42
185.72 112.39 24.49 20.12
186.98 112.09 24.13 19.82
188.23 112.68 23.77 19.53
187.51 112.98 24.13 19.82
187.33 113.28 24.49 20.12
187.14 113.58 24.86 20.42
187.33 114.19 24.49 20.12
187.14 114.95 24.86 20.42
186.96 114.80 25.23 20.72
187.14 115.41 24.86 20.42
186.39 116.18 25.23 20.72
186.20 116.03 25.61 21.03
191.83 124.48 25.99 21.35
190.46 124.80 26.38 21.67
190.26 124.64 26.78 22.00
189.45 124.47 27.18 22.33
188.63 124.82 27.59 22.66
187.17 124.65 28.00 23.00
187.37 124.82 27.59 22.66
185.91 125.16 28.00 23.00
184.43 124.99 28.42 23.35
182.92 125.34 28.85 23.70
182.71 125.17 29.28 24.05
180.49 125.53 29.72 24.41
178.92 125.90 30.16 24.78
177.32 126.28 30.62 25.15
176.19 126.47 30.16 24.78
174.59 126.85 30.62 25.15
174.36 126.66 31.08 25.53
172.72 125.88 31.54 25.91
171.77 125.69 32.01 26.30
170.07 125.49 32.50 26.69
168.35 125.29 32.98 27.09
168.59 125.49 32.50 26.69
166.13 125.29 32.98 27.09
164.92 126.09 32.50 26.69
163.01 125.70 32.01 26.30
161.83 125.31 31.54 25.91
159.98 123.22 31.08 25.53
160.21 123.41 30.62 25.15
158.41 120.82 30.16 24.78
156.12 118.38 30.62 25.15
154.50 115.33 31.08 25.53
152.67 113.27 30.62 25.15
149.66 110.79 31.08 25.53
149.89 110.98 30.62 25.15
147.41 108.39 30.16 24.78
144.44 105.95 30.62 25.15
142.12 104.62 31.08 25.53
142.35 104.81 30.62 25.15
140.55 103.33 30.16 24.78
138.27 102.01 30.62 25.15
136.47 100.54 30.16 24.78
136.69 100.72 29.72 24.41
135.12 99.43 30.16 24.78
133.34 99.06 29.72 24.41
131.77 98.88 30.16 24.78
129.48 98.13 30.62 25.15
129.71 98.31 30.16 24.78
128.11 98.13 30.62 25.15
126.31 97.76 30.16 24.78
125.20 97.40 29.72 24.41
125.42 97.58 29.28 24.05
124.35 97.75 28.85 23.70
123.29 97.41 28.42 23.35
123.07 97.23 28.85 23.70
120.89 96.51 29.28 24.05
119.34 95.79 29.72 24.41
117.59 94.89 29.28 24.05
115.37 94.71 29.72 24.41
113.12 94.53 30.16 24.78
113.35 94.71 29.72 24.41
111.10 94.53 30.16 24.78
109.32 94.16 29.72 24.41
108.89 94.34 29.28 24.05
107.17 93.99 28.85 23.70
105.47 94.17 28.42 23.35
104.42 93.82 28.00 23.00
102.78 93.99 27.59 22.66
101.32 93.31 28.00 23.00
100.29 92.97 27.59 22.66
100.08 92.80 28.00 23.00
97.96 92.63 28.42 23.35
96.45 91.92 28.85 23.70
95.58 91.74 29.28 24.05
94.70 91.02 29.72 24.41
94.92 91.20 29.28 24.05
94.03 90.47 29.72 24.41
93.60 90.11 29.28 24.05
92.52 89.23 28.85 23.70
92.73 88.88 28.42 23.35
92.32 88.54 28.00 23.00
90.67 87.69 27.59 22.66
89.21 87.01 28.00 23.00
87.56 86.67 27.59 22.66
87.35 86.50 28.00 23.00
85.71 86.67 27.59 22.66
84.25 85.98 28.00 23.00
82.60 85.65 27.59 22.66
81.58 85.31 27.18 22.33
81.79 85.48 26.78 22.00
80.37 84.81 27.18 22.33
79.37 84.49 26.78 22.00
77.95 83.82 27.18 22.33
76.51 83.15 27.59 22.66
76.30 82.98 28.00 23.00
75.46 82.28 28.42 23.35
75.04 81.94 28.00 23.00
74.19 81.24 28.42 23.35
74.40 81.42 28.00 23.00
74.19 81.24 28.42 23.35
73.33 80.01 28.85 23.70
73.55 79.14 28.42 23.35
73.13 78.28 28.00 23.00
72.72 77.94 27.59 22.66
71.26 76.74 28.00 23.00
71.46 76.91 27.59 22.66
70.63 76.22 28.00 23.00
69.15 76.05 28.42 23.35
67.64 75.35 28.85 23.70
66.58 75.00 28.42 23.35
66.79 75.17 28.00 23.00
65.76 74.33 27.59 22.66
64.75 73.99 27.18 22.33
63.75 73.66 26.78 22.00
63.36 73.34 26.38 21.67
63.55 73.02 25.99 21.35
62.77 72.38 26.38 21.67
61.97 72.22 26.78 22.00
61.16 71.55 27.18 22.33
60.95 70.88 27.59 22.66
60.75 70.71 28.00 23.00
60.95 69.86 27.59 22.66
61.16 70.03 27.18 22.33
60.76 69.21 26.78 22.00
61.55 68.88 26.38 21.67
61.74 68.09 25.99 21.35
61.94 68.25 25.61 21.03
61.74 67.61 25.99 21.35
60.37 66.48 26.38 21.67
60.17 65.82 26.78 22.00
59.18 65.50 26.38 21.67
58.99 65.34 26.78 22.00
58.59 65.02 26.38 21.67
57.80 64.36 26.78 22.00
57.40 63.55 26.38 21.67
57.02 62.76 25.99 21.35
56.63 62.44 25.61 21.03
56.82 62.60 25.23 20.72
56.63 61.97 25.61 21.03
55.86 61.34 25.99 21.35
55.66 60.69 26.38 21.67
55.47 60.53 26.78 22.00
55.27 59.86 27.18 22.33
55.06 59.19 27.59 22.66
55.87 58.85 27.18 22.33
56.08 58.03 26.78 22.00
56.86 58.20 26.38 21.67
57.06 57.88 25.99 21.35
57.25 57.56 25.61 21.03
57.44 56.79 25.23 20.72
57.63 56.03 24.86 20.42
57.44 55.88 25.23 20.72
57.25 55.25 25.61 21.03
57.44 54.94 25.23 20.72
57.07 54.64 24.86 20.42
56.71 54.34 24.49 20.12
55.96 53.73 24.86 20.42
56.15 53.88 24.49 20.12
55.79 52.70 24.13 19.82
55.43 52.41 23.77 19.53
55.26 51.82 24.13 19.82
55.43 51.96 23.77 19.53
54.72 51.37 24.13 19.82
54.54 50.77 24.49 20.12
54.72 50.92 24.13 19.82
55.43 50.19 23.77 19.53
55.79 50.05 24.13 19.82
55.97 50.19 23.77 19.53
55.79 49.60 24.13 19.82
56.50 48.87 23.77 19.53
56.68 48.59 23.42 19.24
56.85 47.88 23.07 18.95
56.68 47.74 23.42 19.24
56.85 47.03 23.07 18.95
56.51 46.75 22.73 18.67
56.34 46.19 23.07 18.95
56.00 46.33 22.73 18.67
55.83 46.19 23.07 18.95
55.49 46.33 22.73 18.67
55.16 45.64 22.40 18.40
54.33 45.37 22.06 18.12
53.52 44.71 21.74 17.86
52.87 44.17 22.06 18.12
52.06 43.90 21.74 17.86
51.89 43.77 22.06 18.12
51.23 43.22 22.40 18.40
50.90 42.95 22.06 18.12
51.06 43.08 21.74 17.86
50.40 42.54 22.06 18.12
50.57 42.68 21.74 17.86
50.40 42.14 22.06 18.12
50.57 42.27 21.74 17.86
50.73 42.01 21.42 17.59
50.08 41.48 21.74 17.86
50.24 41.61 21.42 17.59
49.59 41.08 21.74 17.86
49.27 40.42 21.42 17.59
48.49 40.16 21.10 17.33
48.18 40.29 20.79 17.08
48.02 40.16 21.10 17.33
46.90 40.03 21.42 17.59
46.11 39.77 21.10 17.33
44.87 39.90 20.79 17.08
43.65 40.03 20.48 16.82
42.45 40.15 20.18 16.58
42.60 40.28 19.88 16.33
41.43 40.40 19.59 16.09
40.71 40.51 19.30 15.85
40.00 40.28 19.01 15.62
38.99 40.16 19.30 15.85
38.41 39.69 19.59 16.09
37.81 39.56 19.88 16.33
37.67 39.44 20.18 16.58
37.06 39.32 20.48 16.82
36.44 38.81 20.79 17.08
36.59 38.94 20.48 16.82
36.44 38.81 20.79 17.08
36.13 38.94 20.48 16.82
35.38 38.69 20.18 16.58
34.64 38.81 19.88 16.33
33.91 38.93 19.59 16.09
32.87 39.18 19.88 16.33
32.72 39.43 20.18 16.58
32.42 39.55 19.88 16.33
31.69 40.03 19.59 16.09
31.40 40.50 19.30 15.85
30.38 41.11 19.59 16.09
30.53 41.22 19.30 15.85
30.38 41.47 19.59 16.09
30.53 41.94 19.30 15.85
29.94 41.82 19.59 16.09
30.09 42.29 19.30 15.85
29.94 42.18 19.59 16.09
29.66 42.65 19.30 15.85
29.37 43.12 19.01 15.62
29.09 43.58 18.73 15.39
28.10 43.46 19.01 15.62
28.24 43.58 18.73 15.39
27.97 43.69 18.45 15.16
27.70 44.14 18.18 14.94
27.43 44.25 17.91 14.71
27.17 44.68 17.65 14.50
27.30 44.79 17.39 14.28
26.66 44.89 17.13 14.07
27.16 45.93 16.88 13.86
27.29 46.64 16.63 13.66
27.41 47.35 16.38 13.46
27.53 47.45 16.14 13.26
27.29 48.13 15.90 13.06
27.17 48.33 16.14 13.26
27.05 48.83 16.38 13.46
27.17 49.23 16.14 13.26
27.05 49.73 16.38 13.46
26.93 49.94 16.63 13.66
26.81 49.83 16.88 13.86
26.93 49.94 16.63 13.66
27.05 50.64 16.38 13.46
27.17 51.63 16.14 13.26
26.94 52.31 15.90 13.06
27.06 52.41 15.67 12.87
26.83 53.07 15.44 12.68
26.26 53.17 15.21 12.49
26.37 53.81 14.98 12.31
26.48 53.90 14.76 12.13
26.59 54.53 14.54 11.95
26.15 54.98 14.76 12.13
26.59 55.61 14.54 11.95
27.01 55.96 14.33 11.77
27.12 56.04 14.12 11.60
27.85 56.90 13.91 11.42
28.26 57.23 13.70 11.26
23.52 62.04 13.50 11.09
23.92 62.61 13.30 10.93
24.02 62.69 13.10 10.76
24.98 63.01 12.91 10.60
25.47 63.65 13.10 10.76
26.27 64.06 13.30 10.93
26.36 64.14 13.10 10.76
27.04 64.22 12.91 10.60
27.53 64.62 13.10 10.76
27.63 64.94 12.91 10.60
27.44 65.95 12.72 10.45
27.53 66.03 12.53 10.29
28.01 66.19 12.72 10.45
28.38 66.96 12.53 10.29
28.86 67.35 12.72 10.45
29.34 67.98 12.91 10.60
29.54 68.38 13.10 10.76
29.44 68.55 13.30 10.93
29.64 68.71 13.50 11.09
30.34 68.80 13.30 10.93
30.84 69.21 13.50 11.09
31.54 69.54 13.30 10.93
32.52 70.10 13.10 10.76
32.61 70.18 12.91 10.60
33.28 70.73 12.72 10.45
34.21 71.27 12.53 10.29
34.97 72.12 12.72 10.45
36.04 73.00 12.91 10.60
35.94 72.92 13.10 10.76
37.93 74.06 13.30 10.93
38.43 74.23 13.50 11.09
38.33 74.14 13.70 11.26
38.85 74.57 13.91 11.42
39.87 75.16 13.70 11.26
40.71 75.33 13.91 11.42
41.23 75.76 14.12 11.60
41.13 75.68 14.33 11.77
41.67 76.39 14.54 11.95
42.56 77.12 14.76 12.13
43.45 77.85 14.98 12.31
43.68 78.32 15.21 12.49
43.57 78.23 15.44 12.68
44.15 78.13 15.67 12.87
45.10 78.33 15.90 13.06
45.35 78.82 16.14 13.26
46.32 79.03 16.38 13.46
46.45 79.12 16.14 13.26
47.28 79.81 15.90 13.06
48.24 80.30 16.14 13.26
49.79 80.99 15.90 13.06
49.90 81.08 15.67 12.87
51.06 81.75 15.44 12.68
52.35 82.23 15.67 12.87
53.50 82.61 15.44 12.68
54.63 82.70 15.21 12.49
54.52 82.61 15.44 12.68
55.46 83.09 15.67 12.87
56.41 83.28 15.90 13.06
57.37 83.78 16.14 13.26
57.25 83.68 16.38 13.46
58.25 83.89 16.63 13.66
59.26 84.41 16.88 13.86
60.28 85.25 17.13 14.07
60.15 85.14 17.39 14.28
61.21 85.68 17.65 14.50
61.88 86.23 17.91 14.71
62.56 86.46 18.18 14.94
63.25 86.69 18.45 15.16
63.39 86.80 18.18 14.94
64.08 87.03 18.45 15.16
64.78 87.26 18.73 15.39
66.16 87.71 18.45 15.16
67.51 88.49 18.18 14.94
67.65 88.60 17.91 14.71
68.97 89.36 17.65 14.50
70.27 90.11 17.39 14.28
71.93 90.84 17.13 14.07
73.36 91.70 17.39 14.28
74.41 91.91 17.65 14.50
75.49 92.13 17.91 14.71
75.62 92.24 17.65 14.50
76.69 92.46 17.91 14.71
78.18 92.69 18.18 14.94
79.70 93.26 18.45 15.16
79.56 93.14 18.73 15.39
80.70 93.73 19.01 15.62
82.29 94.32 19.30 15.85
83.90 94.56 19.59 16.09
85.09 95.17 19.88 16.33
86.74 95.79 20.18 16.58
86.59 95.67 20.48 16.82
87.84 95.92 20.79 17.08
89.10 96.18 21.10 17.33
90.38 96.05 21.42 17.59
90.54 96.18 21.10 17.33
91.82 96.05 21.42 17.59
93.12 96.32 21.74 17.86
95.20 96.85 21.42 17.59
95.36 96.59 21.10 17.33
96.64 97.25 21.42 17.59
98.69 97.77 21.10 17.33
100.45 98.03 21.42 17.59
100.61 98.16 21.10 17.33
102.37 98.03 21.42 17.59
103.67 97.90 21.74 17.86
105.48 97.76 22.06 18.12
106.82 98.04 22.40 18.40
108.69 97.90 22.73 18.67
108.86 98.04 22.40 18.40
110.73 98.32 22.73 18.67
112.62 98.61 23.07 18.95
114.83 99.16 22.73 18.67
117.51 99.71 22.40 18.40
117.67 99.85 22.06 18.12
119.51 100.13 22.40 18.40
120.87 99.99 22.73 18.67
122.77 99.85 23.07 18.95
124.17 99.71 23.42 19.24
124.34 99.85 23.07 18.95
125.74 99.71 23.42 19.24
127.70 99.56 23.77 19.53
129.68 99.86 24.13 19.82
129.86 99.57 23.77 19.53
131.30 99.87 24.13 19.82
133.32 99.72 24.49 20.12
134.80 100.02 24.86 20.42
134.62 99.87 25.23 20.72
136.72 99.71 25.61 21.03
139.17 99.41 25.23 20.72
141.58 99.10 24.86 20.42
143.66 98.95 25.23 20.72
143.85 99.10 24.86 20.42
146.77 99.25 24.49 20.12
149.37 99.10 24.86 20.42
152.30 99.70 24.49 20.12
154.90 100.01 24.86 20.42
154.71 99.86 25.23 20.72
156.82 99.70 25.61 21.03
158.95 100.02 25.99 21.35
160.87 99.71 25.61 21.03
162.42 99.55 25.99 21.35
162.23 99.39 26.38 21.67
164.17 99.07 25.99 21.35
165.15 98.43 26.38 21.67
166.16 98.26 26.78 22.00
167.78 97.60 27.18 22.33
168.81 96.92 27.59 22.66
169.02 97.09 27.18 22.33
170.42 96.76 26.78 22.00
172.39 95.96 26.38 21.67
173.75 95.64 25.99 21.35
175.33 94.99 26.38 21.67
175.52 95.15 25.99 21.35
177.10 94.51 26.38 21.67
178.70 94.34 26.78 22.00
181.26 94.02 26.38 21.67
183.46 93.86 26.78 22.00
183.66 94.02 26.38 21.67
186.19 93.70 25.99 21.35
187.17 93.54 26.38 21.67
188.53 93.22 25.99 21.35
189.87 92.91 25.61 21.03
190.06 93.07 25.23 20.72
190.44 92.44 25.61 21.03
191.76 92.13 25.23 20.72
192.15 91.50 25.61 21.03
193.12 91.35 25.99 21.35
194.46 91.03 25.61 21.03
194.27 90.88 25.99 21.35
194.46 91.03 25.61 21.03
194.27 90.88 25.99 21.35
194.07 89.74 26.38 21.67
193.88 89.09 26.78 22.00
193.67 88.92 27.18 22.33
193.47 88.25 27.59 22.66
193.26 87.05 28.00 23.00
193.05 86.88 28.42 23.35
193.89 86.53 28.00 23.00
194.10 86.20 27.59 22.66
194.30 86.36 27.18 22.33
194.50 86.04 26.78 22.00
195.29 85.23 26.38 21.67
195.49 84.91 25.99 21.35
195.68 84.60 25.61 21.03
195.49 83.96 25.99 21.35
195.68 84.12 25.61 21.03
194.90 83.00 25.99 21.35
194.71 82.36 26.38 21.67
194.51 81.70 26.78 22.00
193.70 81.04 27.18 22.33
193.50 80.36 27.59 22.66
193.29 80.19 28.00 23.00
193.08 79.50 28.42 23.35
192.87 79.32 28.85 23.70
192.44 78.97 28.42 23.35
192.23 78.80 28.85 23.70
192.01 78.62 29.28 24.05
191.80 78.44 29.72 24.41
191.57 78.26 30.16 24.78
191.80 78.44 29.72 24.41
191.57 78.26 30.16 24.78
191.35 78.07 30.62 25.15
191.57 78.26 30.16 24.78
191.35 78.07 30.62 25.15
191.57 78.26 30.16 24.78
191.35 78.07 30.62 25.15
191.57 78.26 30.16 24.78
191.35 78.07 30.62 25.15
191.57 78.26 30.16 24.78
191.35 78.07 30.62 25.15
191.57 78.26 30.16 24.78
191.35 78.07 30.62 25.15
191.57 78.26 30.16 24.78
191.35 78.07 30.62 25.15
191.57 78.26 30.16 24.78
191.35 78.07 30.62 25.15
191.57 78.26 30.16 24.78
191.35 78.07 30.62 25.15
191.57 78.26 30.16 24.78
191.35 78.07 30.62 25.15
191.57 78.26 30.16 24.78
191.35 78.07 30.62 25.15
191.57 78.26 30.16 24.78
191.35 78.07 30.62 25.15
191.57 78.26 30.16 24.78
191.35 78.07 30.62 25.15
191.57 78.26 30.16 24.78
191.35 78.07 30.62 25.15
191.57 78.26 30.16 24.78
191.35 78.07 30.62 25.15
191.57 78.26 30.16 24.78
191.35 78.07 30.62 25.15
191.57 78.26 30.16 24.78
191.35 78.07 30.62 25.15
191.57 78.26 30.16 24.78
191.35 78.07 30.62 25.15
191.57 78.26 30.16 24.78
191.35 78.07 30.62 25.15
191.12 77.88 31.08 25.53
191.35 78.07 30.62 25.15
191.57 78.26 30.16 24.78
191.35 78.07 30.62 25.15
191.12 77.88 31.08 25.53
191.35 78.07 30.62 25.15
191.12 77.88 31.08 25.53
191.35 78.07 30.62 25.15
191.12 77.88 31.08 25.53
191.35 78.07 30.62 25.15
191.57 78.26 30.16 24.78
191.35 78.07 30.62 25.15
191.57 78.26 30.16 24.78
191.35 78.07 30.62 25.15
191.57 78.26 30.16 24.78
191.35 78.07 30.62 25.15
191.57 78.26 30.16 24.78
191.35 78.07 30.62 25.15
191.57 78.26 30.16 24.78
191.35 78.07 30.62 25.15
191.12 77.88 31.08 25.53
191.35 78.07 30.62 25.15
191.12 77.88 31.08 25.53
191.35 78.07 30.62 25.15
191.12 77.88 31.08 25.53
191.35 78.07 30.62 25.15
191.12 77.88 31.08 25.53
191.35 78.07 30.62 25.15
191.12 77.88 31.08 25.53
191.35 78.07 30.62 25.15
191.12 77.88 31.08 25.53
191.35 78.07 30.62 25.15
191.12 77.88 31.08 25.53
191.35 78.07 30.62 25.15
191.12 77.88 31.08 25.53
191.35 78.07 30.62 25.15
191.12 77.88 31.08 25.53
191.35 78.07 30.62 25.15
191.12 77.88 31.08 25.53
191.35 78.07 30.62 25.15
191.12 77.88 31.08 25.53
191.35 78.07 30.62 25.15
191.12 77.88 31.08 25.53
191.35 78.07 30.62 25.15
191.12 77.88 31.08 25.53
191.35 78.07 30.62 25.15
191.12 77.88 31.08 25.53
191.35 78.07 30.62 25.15
191.12 77.88 31.08 25.53
191.35 78.07 30.62 25.15
191.12 77.88 31.08 25.53
191.35 78.07 30.62 25.15
191.12 77.88 31.08 25.53
191.35 78.07 30.62 25.15
191.12 77.88 31.08 25.53
190.88 77.69 31.54 25.91
191.12 77.88 31.08 25.53
190.88 77.69 31.54 25.91
191.12 77.88 31.08 25.53
190.88 77.69 31.54 25.91
191.12 77.88 31.08 25.53
190.88 77.69 31.54 25.91
191.12 77.88 31.08 25.53
190.88 77.69 31.54 25.91
191.12 77.88 31.08 25.53
191.35 78.07 30.62 25.15
191.12 77.88 31.08 25.53
191.35 78.07 30.62 25.15
191.12 77.88 31.08 25.53
191.35 78.07 30.62 25.15
191.12 77.88 31.08 25.53
191.35 78.07 30.62 25.15
191.12 77.88 31.08 25.53
191.35 78.07 30.62 25.15
191.12 77.88 31.08 25.53
191.35 78.07 30.62 25.15
191.12 77.88 31.08 25.53
191.35 78.07 30.62 25.15
191.12 77.88 31.08 25.53
191.35 78.07 30.62 25.15
191.12 77.88 31.08 25.53
191.35 78.07 30.62 25.15
191.12 77.88 31.08 25.53
191.35 78.07 30.62 25.15
191.12 77.88 31.08 25.53
190.88 77.69 31.54 25.91
191.12 77.88 31.08 25.53
191.35 78.07 30.62 25.15
191.12 77.88 31.08 25.53
191.35 78.07 30.62 25.15
191.12 77.88 31.08 25.53
191.35 78.07 30.62 25.15
191.12 77.88 31.08 25.53
191.35 78.07 30.62 25.15
191.12 77.88 31.08 25.53
191.35 78.07 30.62 25.15
191.12 77.88 31.08 25.53
191.35 78.07 30.62 25.15
191.12 77.88 31.08 25.53
191.35 78.07 30.62 25.15
191.12 77.88 31.08 25.53
191.35 78.07 30.62 25.15
191.12 77.88 31.08 25.53
191.35 78.07 30.62 25.15
191.12 77.88 31.08 25.53
191.35 78.07 30.62 25.15
191.12 77.88 31.08 25.53
191.35 78.07 30.62 25.15
191.12 77.88 31.08 25.53
191.35 78.07 30.62 25.15
191.12 77.88 31.08 25.53
191.35 78.07 30.62 25.15
191.12 77.88 31.08 25.53
191.35 78.07 30.62 25.15
191.12 77.88 31.08 25.53
191.35 78.07 30.62 25.15
191.12 77.88 31.08 25.53
191.35 78.07 30.62 25.15
191.12 77.88 31.08 25.53
191.35 78.07 30.62 25.15
191.12 77.88 31.08 25.53
191.35 78.07 30.62 25.15
191.12 77.88 31.08 25.53
191.35 78.07 30.62 25.15
191.12 77.88 31.08 25.53
191.35 78.07 30.62 25.15
191.12 77.88 31.08 25.53
191.35 78.07 30.62 25.15
191.12 77.88 31.08 25.53
191.35 78.07 30.62 25.15
191.12 77.88 31.08 25.53
190.88 77.69 31.54 25.91
191.12 77.88 31.08 25.53
190.88 77.69 31.54 25.91
191.12 77.88 31.08 25.53
190.88 77.69 31.54 25.91
191.12 77.88 31.08 25.53
190.88 77.69 31.54 25.91
191.12 77.88 31.08 25.53
190.88 77.69 31.54 25.91
191.12 77.88 31.08 25.53
190.88 77.69 31.54 25.91
191.12 77.88 31.08 25.53
190.88 77.69 31.54 25.91
191.12 77.88 31.08 25.53
190.88 77.69 31.54 25.91
191.12 77.88 31.08 25.53
190.88 77.69 31.54 25.91
191.12 77.88 31.08 25.53
190.88 77.69 31.54 25.91
191.12 77.88 31.08 25.53
190.88 77.69 31.54 25.91
191.12 77.88 31.08 25.53
190.88 77.69 31.54 25.91
191.12 77.88 31.08 25.53
190.88 77.69 31.54 25.91
191.12 77.88 31.08 25.53
190.88 77.69 31.54 25.91
191.12 77.88 31.08 25.53
190.88 77.69 31.54 25.91
191.12 77.88 31.08 25.53
190.88 77.69 31.54 25.91
191.12 77.88 31.08 25.53
190.88 77.69 31.54 25.91
191.12 77.88 31.08 25.53
190.88 77.69 31.54 25.91
191.12 77.88 31.08 25.53
190.88 77.69 31.54 25.91
191.12 77.88 31.08 25.53
190.88 77.69 31.54 25.91
191.12 77.88 31.08 25.53
190.88 77.69 31.54 25.91
191.12 77.88 31.08 25.53
190.88 77.69 31.54 25.91
191.12 77.88 31.08 25.53
190.88 77.69 31.54 25.91
191.12 77.88 31.08 25.53
190.88 77.69 31.54 25.91
191.12 77.88 31.08 25.53
190.88 77.69 31.54 25.91
191.12 77.88 31.08 25.53
190.88 77.69 31.54 25.91
191.12 77.88 31.08 25.53
190.88 77.69 31.54 25.91
191.12 77.88 31.08 25.53
190.88 77.69 31.54 25.91
191.12 77.88 31.08 25.53
190.88 77.69 31.54 25.91
191.12 77.88 31.08 25.53
190.88 77.69 31.54 25.91
191.12 77.88 31.08 25.53
190.88 77.69 31.54 25.91
191.12 77.88 31.08 25.53
190.88 77.69 31.54 25.91
191.12 77.88 31.08 25.53
190.88 77.69 31.54 25.91
191.12 77.88 31.08 25.53
190.88 77.69 31.54 25.91
191.12 77.88 31.08 25.53
190.88 77.69 31.54 25.91
191.12 77.88 31.08 25.53
190.88 77.69 31.54 25.91
191.12 77.88 31.08 25.53
190.88 77.69 31.54 25.91
191.12 77.88 31.08 25.53
190.88 77.69 31.54 25.91
191.12 77.88 31.08 25.53
190.88 77.69 31.54 25.91
191.12 77.88 31.08 25.53
190.88 77.69 31.54 25.91
191.12 77.88 31.08 25.53
190.88 77.69 31.54 25.91
191.12 77.88 31.08 25.53
190.88 77.69 31.54 25.91
191.12 77.88 31.08 25.53
190.88 77.69 31.54 25.91
191.12 77.88 31.08 25.53
190.88 77.69 31.54 25.91
191.12 77.88 31.08 25.53
190.88 77.69 31.54 25.91
191.12 77.88 31.08 25.53
190.88 77.69 31.54 25.91
191.12 77.88 31.08 25.53
190.88 77.69 31.54 25.91
191.12 77.88 31.08 25.53
190.88 77.69 31.54 25.91
191.12 77.88 31.08 25.53
190.88 77.69 31.54 25.91
191.12 77.88 31.08 25.53
190.88 77.69 31.54 25.91
191.12 77.88 31.08 25.53
190.88 77.69 31.54 25.91
191.12 77.88 31.08 25.53
190.88 77.69 31.54 25.91
191.12 77.88 31.08 25.53
190.88 77.69 31.54 25.91
191.12 77.88 31.08 25.53
190.88 77.69 31.54 25.91
191.12 77.88 31.08 25.53
190.88 77.69 31.54 25.91
191.12 77.88 31.08 25.53
190.88 77.69 31.54 25.91
191.12 77.88 31.08 25.53
190.88 77.69 31.54 25.91
191.12 77.88 31.08 25.53
190.88 77.69 31.54 25.91
191.12 77.88 31.08 25.53
190.88 77.69 31.54 25.91
191.12 77.88 31.08 25.53
190.88 77.69 31.54 25.91
191.12 77.88 31.08 25.53
190.88 77.69 31.54 25.91
191.12 77.88 31.08 25.53
190.88 77.69 31.54 25.91
191.12 77.88 31.08 25.53
190.88 77.69 31.54 25.91
191.12 77.88 31.08 25.53
190.88 77.69 31.54 25.91
191.12 77.88 31.08 25.53
190.88 77.69 31.54 25.91
191.12 77.88 31.08 25.53
190.88 77.69 31.54 25.91
191.12 77.88 31.08 25.53
190.88 77.69 31.54 25.91
191.12 77.88 31.08 25.53
190.88 77.69 31.54 25.91
191.12 77.88 31.08 25.53
190.88 77.69 31.54 25.91
191.12 77.88 31.08 25.53
190.88 77.69 31.54 25.91
191.12 77.88 31.08 25.53
190.88 77.69 31.54 25.91
191.12 77.88 31.08 25.53
190.88 77.69 31.54 25.91
191.12 77.88 31.08 25.53
190.88 77.69 31.54 25.91
191.12 77.88 31.08 25.53
190.88 77.69 31.54 25.91
191.12 77.88 31.08 25.53
190.88 77.69 31.54 25.91
191.12 77.88 31.08 25.53
190.88 77.69 31.54 25.91
191.12 77.88 31.08 25.53
190.88 77.69 31.54 25.91
191.12 77.88 31.08 25.53
190.88 77.69 31.54 25.91
191.12 77.88 31.08 25.53
190.88 77.69 31.54 25.91
191.12 77.88 31.08 25.53
190.88 77.69 31.54 25.91
191.12 77.88 31.08 25.53
190.88 77.69 31.54 25.91
191.12 77.88 31.08 25.53
190.88 77.69 31.54 25.91
191.12 77.88 31.08 25.53
190.88 77.69 31.54 25.91
191.12 77.88 31.08 25.53
190.88 77.69 31.54 25.91
191.12 77.88 31.08 25.53
190.88 77.69 31.54 25.91
191.12 77.88 31.08 25.53
190.88 77.69 31.54 25.91
191.12 77.88 31.08 25.53
190.88 77.69 31.54 25.91
191.12 77.88 31.08 25.53
190.88 77.69 31.54 25.91
191.12 77.88 31.08 25.53
190.88 77.69 31.54 25.91
191.12 77.88 31.08 25.53
190.88 77.69 31.54 25.91
191.12 77.88 31.08 25.53
190.88 77.69 31.54 25.91
191.12 77.88 31.08 25.53
190.88 77.69 31.54 25.91
191.12 77.88 31.08 25.53
190.88 77.69 31.54 25.91
191.12 77.88 31.08 25.53
190.88 77.69 31.54 25.91
191.12 77.88 31.08 25.53
190.88 77.69 31.54 25.91
191.12 77.88 31.08 25.53
190.88 77.69 31.54 25.91
191.12 77.88 31.08 25.53
190.88 77.69 31.54 25.91
191.12 77.88 31.08 25.53
190.88 77.69 31.54 25.91
191.12 77.88 31.08 25.53
190.88 77.69 31.54 25.91
191.12 77.88 31.08 25.53
190.88 77.69 31.54 25.91
191.12 77.88 31.08 25.53
190.88 77.69 31.54 25.91
191.12 77.88 31.08 25.53
190.88 77.69 31.54 25.91
191.12 77.88 31.08 25.53
190.88 77.69 31.54 25.91
191.12 77.88 31.08 25.53
190.88 77.69 31.54 25.91
191.12 77.88 31.08 25.53
190.88 77.69 31.54 25.91
191.12 77.88 31.08 25.53
190.88 77.69 31.54 25.91
191.12 77.88 31.08 25.53
190.88 77.69 31.54 25.91
191.12 77.88 31.08 25.53
190.88 77.69 31.54 25.91
191.12 77.88 31.08 25.53
190.88 77.69 31.54 25.91
191.12 77.88 31.08 25.53
190.88 77.69 31.54 25.91
191.12 77.88 31.08 25.53
190.88 77.69 31.54 25.91
191.12 77.88 31.08 25.53
190.88 77.69 31.54 25.91
191.12 77.88 31.08 25.53
190.88 77.69 31.54 25.91
191.12 77.88 31.08 25.53
190.88 77.69 31.54 25.91
191.12 77.88 31.08 25.53
