276.00 161.00 73.00 74.00
278.77 160.44 74.09 75.11
280.95 161.00 73.00 74.00
283.73 160.44 74.10 75.11
287.54 159.34 73.00 74.00
290.32 158.79 74.10 75.11
294.13 159.34 73.00 74.00
296.91 158.79 74.10 75.11
302.36 161.00 73.00 74.00
303.47 160.44 74.10 75.11
307.29 161.00 73.00 74.00
308.40 160.44 74.10 75.11
310.58 157.68 73.00 74.00
311.12 153.33 71.92 72.91
313.24 145.83 70.86 71.83
313.77 141.60 69.81 70.77
315.82 139.00 68.78 69.72
316.33 139.52 67.76 68.69
316.83 143.06 66.76 67.68
315.85 146.54 65.77 66.68
315.36 149.07 66.76 67.68
315.85 151.07 65.77 66.68
313.86 152.08 66.76 67.68
314.36 152.58 65.77 66.68
313.86 152.08 66.76 67.68
312.88 154.08 65.77 66.68
312.39 155.09 66.76 67.68
310.37 157.66 67.76 68.69
310.87 159.69 66.76 67.68
310.37 160.72 67.76 68.69
309.86 161.76 68.78 69.72
310.37 162.28 67.76 68.69
308.32 163.33 68.78 69.72
308.83 163.84 67.76 68.69
308.32 163.33 68.78 69.72
308.83 162.30 67.76 68.69
306.78 161.79 68.78 69.72
305.77 163.84 67.76 68.69
305.26 163.33 68.78 69.72
303.18 165.97 69.81 70.77
302.16 168.06 68.78 69.72
301.64 169.12 69.81 70.77
301.12 170.20 70.86 71.83
303.21 172.31 69.81 70.77
302.68 171.78 70.86 71.83
303.21 172.31 69.81 70.77
303.72 174.40 68.78 69.72
303.21 172.29 69.81 70.77
303.72 172.81 68.78 69.72
304.23 173.33 67.76 68.69
303.72 174.38 68.78 69.72
303.21 173.85 69.81 70.77
302.18 174.38 68.78 69.72
302.69 176.43 67.76 68.69
302.18 175.91 68.78 69.72
301.67 175.39 69.81 70.77
302.18 175.91 68.78 69.72
301.67 176.98 69.81 70.77
302.18 177.50 68.78 69.72
301.67 178.56 69.81 70.77
301.14 179.64 70.86 71.83
301.67 181.76 69.81 70.77
302.73 181.23 70.86 71.83
303.81 180.69 71.92 72.91
304.91 178.48 73.00 74.00
305.44 175.76 71.92 72.91
306.54 173.56 73.00 74.00
305.99 171.32 74.10 75.11
306.54 173.53 73.00 74.00
305.99 174.66 74.10 75.11
305.44 179.22 75.21 76.24
305.99 186.51 74.10 75.11
305.44 192.78 75.21 76.24
305.99 196.71 74.10 75.11
306.54 198.92 73.00 74.00
304.33 196.68 74.10 75.11
303.25 197.24 73.00 74.00
301.04 196.68 74.10 75.11
300.48 197.83 75.21 76.24
298.21 200.72 76.33 77.38
297.09 203.00 75.21 76.24
294.81 205.90 76.33 77.38
294.24 207.08 77.48 78.54
291.90 208.27 78.64 79.72
291.31 211.30 79.82 80.91
288.90 210.69 81.02 82.13
289.49 211.30 79.82 80.91
288.90 207.02 81.02 82.13
287.71 205.81 79.82 80.91
287.11 201.52 81.02 82.13
287.71 200.32 79.82 80.91
287.11 197.87 81.02 82.13
287.71 198.48 79.82 80.91
287.11 196.03 81.02 82.13
285.92 196.64 79.82 80.91
285.32 194.19 81.02 82.13
287.71 194.80 79.82 80.91
287.11 192.35 81.02 82.13
287.71 192.96 79.82 80.91
288.92 192.35 81.02 82.13
289.52 194.77 79.82 80.91
290.74 194.16 81.02 82.13
291.34 194.77 79.82 80.91
290.74 194.16 81.02 82.13
291.34 194.77 79.82 80.91
293.69 193.58 78.64 79.72
293.10 192.99 79.82 80.91
292.50 192.38 81.02 82.13
293.10 191.17 79.82 80.91
294.31 190.57 81.02 82.13
294.91 191.17 79.82 80.91
295.50 191.77 78.64 79.72
294.91 191.17 79.82 80.91
295.50 189.99 78.64 79.72
294.91 189.39 79.82 80.91
295.50 189.99 78.64 79.72
294.91 189.39 79.82 80.91
294.31 188.78 81.02 82.13
294.91 189.39 79.82 80.91
295.50 189.99 78.64 79.72
294.91 189.39 79.82 80.91
295.50 189.99 78.64 79.72
294.91 189.39 79.82 80.91
294.31 188.78 81.02 82.13
294.91 187.57 79.82 80.91
294.31 186.97 81.02 82.13
294.91 189.39 79.82 80.91
294.31 188.78 81.02 82.13
294.91 189.39 79.82 80.91
294.31 188.78 81.02 82.13
294.91 189.39 79.82 80.91
294.31 186.94 81.02 82.13
294.91 187.55 79.82 80.91
295.50 188.15 78.64 79.72
294.91 185.74 79.82 80.91
294.31 185.13 81.02 82.13
294.91 183.92 79.82 80.91
294.31 183.32 81.02 82.13
294.91 182.11 79.82 80.91
294.31 181.50 81.02 82.13
294.91 182.11 79.82 80.91
294.31 179.66 81.02 82.13
294.91 180.27 79.82 80.91
292.50 177.82 81.02 82.13
293.10 178.43 79.82 80.91
292.50 177.82 81.02 82.13
293.10 176.62 79.82 80.91
292.50 174.17 81.02 82.13
291.89 173.56 82.23 83.36
292.50 174.17 81.02 82.13
291.89 173.56 82.23 83.36
292.50 174.17 81.02 82.13
293.10 174.78 79.82 80.91
292.50 174.17 81.02 82.13
291.89 173.56 82.23 83.36
292.50 174.17 81.02 82.13
293.10 176.59 79.82 80.91
292.50 175.98 81.02 82.13
293.10 178.40 79.82 80.91
293.69 180.79 78.64 79.72
293.10 180.19 79.82 80.91
292.50 179.58 81.02 82.13
293.10 182.00 79.82 80.91
293.69 182.60 78.64 79.72
293.10 182.00 79.82 80.91
293.69 182.60 78.64 79.72
294.27 181.43 77.48 78.54
294.84 182.01 76.33 77.38
292.53 179.67 77.48 78.54
293.11 180.25 76.33 77.38
292.53 177.91 77.48 78.54
293.11 178.49 76.33 77.38
291.98 179.06 75.21 76.24
291.42 178.49 76.33 77.38
291.98 179.06 75.21 76.24
292.54 181.31 74.10 75.11
290.30 182.45 75.21 76.24
290.86 183.02 74.10 75.11
290.30 184.16 75.21 76.24
290.86 184.72 74.10 75.11
290.30 185.87 75.21 76.24
290.86 188.11 74.10 75.11
291.40 190.33 73.00 74.00
291.94 190.87 71.92 72.91
292.47 193.02 70.86 71.83
291.94 192.48 71.92 72.91
292.47 193.02 70.86 71.83
291.94 192.48 71.92 72.91
292.47 193.02 70.86 71.83
291.94 192.48 71.92 72.91
292.47 193.02 70.86 71.83
293.00 191.97 69.81 70.77
292.47 189.83 70.86 71.83
294.56 188.77 69.81 70.77
295.63 188.24 70.86 71.83
295.09 186.07 71.92 72.91
297.21 186.61 70.86 71.83
298.29 186.07 71.92 72.91
298.82 188.22 70.86 71.83
299.90 187.68 71.92 72.91
302.02 189.83 70.86 71.83
301.49 190.92 71.92 72.91
303.61 191.46 70.86 71.83
304.69 192.55 71.92 72.91
305.22 194.70 70.86 71.83
306.30 194.16 71.92 72.91
306.83 194.70 70.86 71.83
304.69 194.16 71.92 72.91
305.22 194.70 70.86 71.83
304.69 194.16 71.92 72.91
302.51 193.62 73.00 74.00
303.05 192.53 71.92 72.91
300.88 191.98 73.00 74.00
299.81 192.53 71.92 72.91
299.27 190.33 73.00 74.00
299.81 190.87 71.92 72.91
299.27 188.67 73.00 74.00
298.20 189.22 71.92 72.91
297.66 187.01 73.00 74.00
297.11 183.09 74.10 75.11
296.55 180.82 75.21 76.24
295.99 176.78 76.33 77.38
293.68 174.44 77.48 78.54
293.10 172.07 78.64 79.72
293.68 170.90 77.48 78.54
293.10 170.31 78.64 79.72
292.51 169.71 79.82 80.91
291.91 169.10 81.02 82.13
291.30 168.49 82.23 83.36
291.91 170.94 81.02 82.13
293.15 170.33 82.23 83.36
292.53 169.70 83.47 84.61
293.15 168.46 82.23 83.36
292.53 167.83 83.47 84.61
293.15 166.59 82.23 83.36
292.53 164.07 83.47 84.61
291.90 159.59 84.72 85.88
291.27 156.99 85.99 87.17
290.62 154.36 87.28 88.48
289.34 153.06 85.99 87.17
286.74 152.40 87.28 88.48
286.09 151.74 88.59 89.80
284.79 150.42 87.28 88.48
284.13 149.76 88.59 89.80
283.47 149.09 89.92 91.15
282.79 148.40 91.27 92.52
281.45 147.04 89.92 91.15
280.78 146.36 91.27 92.52
281.45 147.04 89.92 91.15
282.82 146.36 91.27 92.52
282.14 145.67 92.64 93.90
282.82 146.36 91.27 92.52
282.14 145.67 92.64 93.90
282.82 146.36 91.27 92.52
284.21 145.67 92.64 93.90
283.52 144.96 94.03 95.31
282.81 144.25 95.44 96.74
283.52 144.96 94.03 95.31
282.81 144.25 95.44 96.74
283.52 147.10 94.03 95.31
282.81 146.38 95.44 96.74
282.10 147.86 96.87 98.19
282.81 148.58 95.44 96.74
283.52 151.43 94.03 95.31
284.95 152.88 95.44 96.74
285.66 155.73 94.03 95.31
286.35 156.44 92.64 93.90
285.66 157.87 94.03 95.31
288.43 160.68 92.64 93.90
289.11 163.44 91.27 92.52
289.79 166.17 89.92 91.15
290.45 166.84 88.59 89.80
291.10 167.51 87.28 88.48
290.45 166.84 88.59 89.80
289.15 165.52 87.28 88.48
289.79 166.18 85.99 87.17
289.15 167.51 87.28 88.48
289.79 168.16 85.99 87.17
288.53 168.80 84.72 85.88
287.90 168.16 85.99 87.17
288.53 168.80 84.72 85.88
287.90 168.16 85.99 87.17
288.53 168.80 84.72 85.88
287.29 169.44 83.47 84.61
286.66 166.88 84.72 85.88
287.29 167.51 83.47 84.61
286.66 164.96 84.72 85.88
289.16 165.59 83.47 84.61
289.78 164.35 82.23 83.36
289.16 163.72 83.47 84.61
289.78 164.35 82.23 83.36
290.38 163.12 81.02 82.13
289.78 162.51 82.23 83.36
290.38 161.28 81.02 82.13
289.78 160.67 82.23 83.36
289.16 158.15 83.47 84.61
287.93 158.77 82.23 83.36
287.32 156.25 83.47 84.61
286.69 155.62 84.72 85.88
285.45 156.25 83.47 84.61
282.92 155.62 84.72 85.88
282.29 154.97 85.99 87.17
281.64 154.32 87.28 88.48
279.00 151.65 88.59 89.80
278.34 150.97 89.92 91.15
279.00 151.65 88.59 89.80
278.34 150.97 89.92 91.15
277.66 148.22 91.27 92.52
276.98 147.52 92.64 93.90
276.29 146.82 94.03 95.31
273.44 146.10 95.44 96.74
272.73 145.38 96.87 98.19
272.00 144.64 98.32 99.67
271.26 143.89 99.80 101.16
270.51 143.13 101.29 102.68
267.45 140.03 102.81 104.22
266.68 139.25 104.35 105.78
267.45 137.70 102.81 104.22
266.68 134.54 104.35 105.78
267.45 135.33 102.81 104.22
266.68 134.54 104.35 105.78
265.90 133.75 105.92 107.37
269.02 134.54 104.35 105.78
269.79 135.33 102.81 104.22
269.02 132.17 104.35 105.78
270.61 131.38 105.92 107.37
271.39 132.17 104.35 105.78
274.46 132.96 102.81 104.22
273.69 129.81 104.35 105.78
272.91 131.42 105.92 107.37
273.69 132.21 104.35 105.78
274.46 132.99 102.81 104.22
275.22 133.76 101.29 102.68
274.46 132.99 102.81 104.22
273.69 132.21 104.35 105.78
276.77 135.33 102.81 104.22
277.53 136.10 101.29 102.68
276.77 137.66 102.81 104.22
277.53 138.43 101.29 102.68
278.28 141.46 99.80 101.16
279.01 144.44 98.32 99.67
279.74 145.17 96.87 98.19
279.01 144.44 98.32 99.67
279.74 147.37 96.87 98.19
279.01 146.64 98.32 99.67
279.74 149.57 96.87 98.19
281.22 151.07 98.32 99.67
281.94 151.80 96.87 98.19
282.66 154.70 95.44 96.74
283.36 155.41 94.03 95.31
286.13 158.22 92.64 93.90
286.82 160.99 91.27 92.52
287.49 163.71 89.92 91.15
288.16 164.38 88.59 89.80
290.77 167.03 87.28 88.48
291.41 169.64 85.99 87.17
290.77 168.98 87.28 88.48
291.41 169.64 85.99 87.17
290.77 170.96 87.28 88.48
291.41 171.62 85.99 87.17
290.77 170.96 87.28 88.48
291.41 169.67 85.99 87.17
290.77 170.99 87.28 88.48
291.41 171.65 85.99 87.17
292.05 172.29 84.72 85.88
292.67 172.93 83.47 84.61
293.29 173.55 82.23 83.36
292.67 174.82 83.47 84.61
292.05 176.11 84.72 85.88
292.67 178.64 83.47 84.61
293.29 181.13 82.23 83.36
293.90 183.59 81.02 82.13
294.50 186.01 79.82 80.91
293.90 185.40 81.02 82.13
294.50 187.82 79.82 80.91
293.90 189.05 81.02 82.13
294.50 191.47 79.82 80.91
293.90 192.71 81.02 82.13
296.28 195.12 79.82 80.91
296.87 197.51 78.64 79.72
296.28 198.72 79.82 80.91
296.87 202.89 78.64 79.72
295.72 205.24 77.48 78.54
296.29 205.82 76.33 77.38
295.72 207.00 77.48 78.54
296.29 207.58 76.33 77.38
295.72 207.00 77.48 78.54
294.58 207.58 76.33 77.38
294.01 207.00 77.48 78.54
296.29 205.85 76.33 77.38
295.72 205.27 77.48 78.54
295.14 204.68 78.64 79.72
295.72 205.27 77.48 78.54
296.29 205.85 76.33 77.38
298.54 206.42 75.21 76.24
299.10 208.66 74.10 75.11
298.54 209.81 75.21 76.24
299.10 212.05 74.10 75.11
299.64 212.61 73.00 74.00
300.18 214.79 71.92 72.91
300.71 215.33 70.86 71.83
300.18 214.79 71.92 72.91
299.64 210.93 73.00 74.00
299.10 207.01 74.10 75.11
296.86 204.74 75.21 76.24
294.58 204.16 76.33 77.38
292.27 203.58 77.48 78.54
291.69 201.21 78.64 79.72
289.31 200.61 79.82 80.91
289.90 199.42 78.64 79.72
289.31 198.83 79.82 80.91
288.72 198.22 81.02 82.13
288.11 195.74 82.23 83.36
286.90 194.51 81.02 82.13
286.29 192.03 82.23 83.36
285.68 189.51 83.47 84.61
285.05 185.03 84.72 85.88
282.49 180.48 85.99 87.17
281.84 175.86 87.28 88.48
281.19 171.17 88.59 89.80
280.53 168.46 89.92 91.15
279.85 163.63 91.27 92.52
279.17 158.73 92.64 93.90
278.47 151.62 94.03 95.31
275.63 146.57 95.44 96.74
274.91 141.45 96.87 98.19
271.98 138.48 98.32 99.67
271.25 133.20 99.80 101.16
270.50 130.14 101.29 102.68
267.44 127.03 102.81 104.22
266.66 123.88 104.35 105.78
267.44 120.00 102.81 104.22
266.66 116.84 104.35 105.78
265.13 117.63 102.81 104.22
264.36 116.84 104.35 105.78
265.13 119.96 102.81 104.22
265.89 120.73 101.29 102.68
267.44 122.29 102.81 104.22
266.66 123.88 104.35 105.78
267.44 127.00 102.81 104.22
268.19 130.07 101.29 102.68
269.74 131.63 102.81 104.22
270.50 134.70 101.29 102.68
269.74 136.27 102.81 104.22
270.50 139.34 101.29 102.68
269.74 140.90 102.81 104.22
270.50 143.97 101.29 102.68
272.04 145.54 102.81 104.22
272.80 148.61 101.29 102.68
274.34 150.17 102.81 104.22
275.10 153.24 101.29 102.68
278.09 158.53 99.80 101.16
277.34 160.07 101.29 102.68
276.58 163.97 102.81 104.22
278.15 165.56 104.35 105.78
278.92 168.68 102.81 104.22
279.68 171.75 101.29 102.68
278.92 173.31 102.81 104.22
279.68 174.08 101.29 102.68
278.92 175.65 102.81 104.22
281.95 176.42 101.29 102.68
282.69 177.17 99.80 101.16
281.95 176.42 101.29 102.68
282.69 177.17 99.80 101.16
281.95 176.42 101.29 102.68
282.69 177.17 99.80 101.16
281.95 176.42 101.29 102.68
283.49 175.65 102.81 104.22
282.72 174.86 104.35 105.78
284.31 174.07 105.92 107.37
283.51 173.27 107.51 108.98
282.71 172.45 109.12 110.62
284.37 171.62 110.76 112.27
285.19 172.45 109.12 110.62
284.37 171.62 110.76 112.27
283.54 168.22 112.42 113.96
284.37 169.07 110.76 112.27
283.54 168.22 112.42 113.96
284.37 169.07 110.76 112.27
283.54 168.22 112.42 113.96
281.89 169.07 110.76 112.27
281.06 168.22 112.42 113.96
281.89 171.58 110.76 112.27
281.06 170.74 112.42 113.96
280.21 169.88 114.10 115.67
281.06 173.29 112.42 113.96
280.21 172.44 114.10 115.67
279.36 168.94 115.82 117.40
280.21 169.81 114.10 115.67
281.95 168.94 115.82 117.40
282.81 167.22 114.10 115.67
281.95 163.72 115.82 117.40
281.08 162.84 117.55 119.16
280.20 161.94 119.32 120.95
279.31 161.04 121.11 122.77
275.65 160.12 122.92 124.61
276.55 161.04 121.11 122.77
275.65 157.33 122.92 124.61
271.93 156.39 124.77 126.48
268.16 155.44 126.64 128.37
269.09 153.56 124.77 126.48
268.16 152.61 126.64 128.37
269.09 153.56 124.77 126.48
270.02 151.70 122.92 124.61
269.09 150.77 124.77 126.48
270.02 151.70 122.92 124.61
269.09 150.77 124.77 126.48
270.02 151.70 122.92 124.61
270.92 155.37 121.11 122.77
270.02 154.45 122.92 124.61
270.92 155.37 121.11 122.77
272.77 154.45 122.92 124.61
273.68 155.37 121.11 122.77
272.77 157.24 122.92 124.61
271.85 156.31 124.77 126.48
270.91 158.23 126.64 128.37
271.85 159.18 124.77 126.48
270.91 158.23 126.64 128.37
267.08 157.27 128.54 130.30
268.03 158.23 126.64 128.37
268.97 159.18 124.77 126.48
268.03 155.36 126.64 128.37
266.17 156.31 124.77 126.48
267.09 157.24 122.92 124.61
263.38 153.47 124.77 126.48
264.30 154.41 122.92 124.61
265.21 152.58 121.11 122.77
261.55 151.66 122.92 124.61
262.45 149.83 121.11 122.77
261.55 148.91 122.92 124.61
262.45 147.08 121.11 122.77
261.55 143.37 122.92 124.61
262.45 141.54 121.11 122.77
263.35 139.74 119.32 120.95
262.45 138.83 121.11 122.77
260.68 139.74 119.32 120.95
264.19 137.96 117.55 119.16
263.31 137.07 119.32 120.95
262.42 136.16 121.11 122.77
263.31 137.07 119.32 120.95
264.19 135.29 117.55 119.16
263.31 134.40 119.32 120.95
264.19 135.29 117.55 119.16
263.31 134.40 119.32 120.95
266.82 135.29 117.55 119.16
267.69 136.17 115.82 117.40
266.82 132.62 117.55 119.16
267.69 133.50 115.82 117.40
268.55 131.78 114.10 115.67
267.69 130.91 115.82 117.40
266.82 130.03 117.55 119.16
265.94 129.14 119.32 120.95
266.82 130.03 117.55 119.16
265.94 131.85 119.32 120.95
266.82 132.74 117.55 119.16
267.69 136.25 115.82 117.40
266.82 135.37 117.55 119.16
267.69 136.25 115.82 117.40
266.82 135.37 117.55 119.16
267.69 136.25 115.82 117.40
266.82 135.37 117.55 119.16
267.69 136.25 115.82 117.40
266.82 135.37 117.55 119.16
267.69 136.25 115.82 117.40
268.55 137.12 114.10 115.67
267.69 136.25 115.82 117.40
268.55 137.12 114.10 115.67
267.69 136.25 115.82 117.40
271.11 137.12 114.10 115.67
270.25 136.25 115.82 117.40
271.11 137.12 114.10 115.67
270.25 136.25 115.82 117.40
269.38 135.37 117.55 119.16
270.25 136.25 115.82 117.40
272.01 132.70 117.55 119.16
272.88 133.58 115.82 117.40
272.01 132.70 117.55 119.16
273.80 131.81 119.32 120.95
275.62 130.90 121.11 122.77
276.52 131.81 119.32 120.95
278.34 130.90 121.11 122.77
280.18 129.98 122.92 124.61
279.26 126.21 124.77 126.48
282.93 129.94 122.92 124.61
283.84 130.86 121.11 122.77
285.69 129.94 122.92 124.61
286.60 130.86 121.11 122.77
288.44 129.94 122.92 124.61
289.35 130.86 121.11 122.77
288.44 127.15 122.92 124.61
289.35 128.07 121.11 122.77
291.19 127.15 122.92 124.61
292.10 128.07 121.11 122.77
293.00 128.97 119.32 120.95
292.10 128.07 121.11 122.77
290.33 128.97 119.32 120.95
289.43 128.07 121.11 122.77
290.33 128.97 119.32 120.95
291.21 129.87 117.55 119.16
290.33 128.97 119.32 120.95
291.21 129.87 117.55 119.16
292.08 130.75 115.82 117.40
288.57 129.87 117.55 119.16
287.69 128.97 119.32 120.95
288.57 129.87 117.55 119.16
286.85 130.75 115.82 117.40
285.98 129.87 117.55 119.16
286.85 130.75 115.82 117.40
283.35 129.87 117.55 119.16
284.21 130.75 115.82 117.40
280.71 129.87 117.55 119.16
279.83 126.27 119.32 120.95
276.22 125.36 121.11 122.77
274.45 126.27 119.32 120.95
275.33 127.16 117.55 119.16
271.77 126.27 119.32 120.95
270.88 125.36 121.11 122.77
269.10 128.97 119.32 120.95
265.49 128.07 121.11 122.77
266.39 128.97 119.32 120.95
262.78 130.82 121.11 122.77
261.00 131.72 119.32 120.95
260.11 130.82 121.11 122.77
258.33 134.43 119.32 120.95
254.72 133.53 121.11 122.77
253.81 132.61 122.92 124.61
252.01 136.28 121.11 122.77
248.35 135.36 122.92 124.61
249.26 139.03 121.11 122.77
247.48 139.93 119.32 120.95
248.36 143.50 117.55 119.16
249.23 144.38 115.82 117.40
245.73 143.50 117.55 119.16
246.59 144.38 115.82 117.40
245.73 143.50 117.55 119.16
246.59 144.38 115.82 117.40
245.73 143.50 117.55 119.16
246.59 141.75 115.82 117.40
245.73 140.87 117.55 119.16
246.59 141.75 115.82 117.40
247.45 145.21 114.10 115.67
248.29 146.06 112.42 113.96
247.45 145.21 114.10 115.67
250.81 146.06 112.42 113.96
249.97 145.21 114.10 115.67
250.81 146.06 112.42 113.96
249.97 145.21 114.10 115.67
253.33 146.06 112.42 113.96
254.16 146.90 110.76 112.27
255.85 143.51 112.42 113.96
260.12 142.65 114.10 115.67
263.48 143.51 112.42 113.96
269.27 144.35 110.76 112.27
270.96 146.06 112.42 113.96
276.75 146.90 110.76 112.27
280.96 148.61 112.42 113.96
284.27 149.46 110.76 112.27
288.47 151.17 112.42 113.96
291.79 154.52 110.76 112.27
293.47 153.68 112.42 113.96
295.19 152.83 114.10 115.67
296.92 151.96 115.82 117.40
298.69 151.08 117.55 119.16
297.81 150.18 119.32 120.95
299.63 149.28 121.11 122.77
298.72 145.57 122.92 124.61
299.63 146.49 121.11 122.77
298.72 145.57 122.92 124.61
297.80 144.63 124.77 126.48
296.86 140.81 126.64 128.37
297.80 141.76 124.77 126.48
294.02 137.93 126.64 128.37
293.07 136.97 128.54 130.30
294.02 137.93 126.64 128.37
293.07 136.97 128.54 130.30
294.02 137.93 126.64 128.37
293.07 136.97 128.54 130.30
294.02 140.81 126.64 128.37
293.07 139.84 128.54 130.30
289.19 138.87 130.47 132.25
285.24 137.87 132.42 134.24
281.24 133.82 134.41 136.25
277.17 129.70 136.43 138.29
276.15 125.51 138.47 140.37
274.12 126.55 136.43 138.29
275.13 127.57 134.41 136.25
274.12 123.45 136.43 138.29
275.13 121.42 134.41 136.25
279.09 122.43 132.42 134.24
278.09 118.37 134.41 136.25
279.09 119.38 132.42 134.24
278.09 118.37 134.41 136.25
280.14 117.35 136.43 138.29
281.15 118.37 134.41 136.25
283.20 117.35 136.43 138.29
284.20 115.32 134.41 136.25
283.20 114.30 136.43 138.29
282.17 113.26 138.47 140.37
283.20 114.30 136.43 138.29
281.19 115.32 134.41 136.25
282.19 116.33 132.42 134.24
281.19 115.32 134.41 136.25
280.19 114.30 136.43 138.29
281.19 115.32 134.41 136.25
282.19 119.33 132.42 134.24
281.19 118.33 134.41 136.25
280.19 117.31 136.43 138.29
279.16 116.27 138.47 140.37
283.24 120.40 136.43 138.29
282.22 119.37 138.47 140.37
286.30 123.50 136.43 138.29
285.27 122.46 138.47 140.37
286.30 126.60 136.43 138.29
287.31 127.62 134.41 136.25
286.30 129.70 136.43 138.29
287.31 130.72 134.41 136.25
288.30 131.72 132.42 134.24
287.31 130.72 134.41 136.25
288.30 131.72 132.42 134.24
284.29 127.67 134.41 136.25
285.29 128.67 132.42 134.24
286.27 129.66 130.47 132.25
285.29 128.67 132.42 134.24
286.27 132.63 130.47 132.25
285.29 131.64 132.42 134.24
284.29 130.63 134.41 136.25
285.29 131.64 132.42 134.24
284.29 130.63 134.41 136.25
283.29 129.61 136.43 138.29
281.28 130.63 134.41 136.25
280.28 129.61 136.43 138.29
279.25 128.57 138.47 140.37
277.22 126.51 136.43 138.29
276.20 125.47 138.47 140.37
275.16 124.42 140.55 142.47
273.09 125.47 138.47 140.37
274.12 126.51 136.43 138.29
273.09 125.47 138.47 140.37
272.06 124.42 140.55 142.47
273.09 125.47 138.47 140.37
271.06 126.51 136.43 138.29
270.04 122.33 138.47 140.37
269.00 121.27 140.55 142.47
266.94 119.18 138.47 140.37
264.90 120.22 136.43 138.29
263.88 119.18 138.47 140.37
261.85 117.12 136.43 138.29
262.86 118.14 134.41 136.25
261.85 117.12 136.43 138.29
259.85 118.14 134.41 136.25
258.84 117.12 136.43 138.29
259.85 118.14 134.41 136.25
258.84 114.02 136.43 138.29
259.85 115.05 134.41 136.25
258.84 114.02 136.43 138.29
259.85 115.05 134.41 136.25
258.84 114.02 136.43 138.29
259.85 111.99 134.41 136.25
258.84 110.97 136.43 138.29
262.86 111.99 134.41 136.25
261.85 110.97 136.43 138.29
262.86 111.99 134.41 136.25
263.85 116.01 132.42 134.24
264.83 117.00 130.47 132.25
265.79 117.98 128.54 130.30
264.83 117.00 130.47 132.25
265.79 120.90 128.54 130.30
264.83 119.92 130.47 132.25
265.79 123.81 128.54 130.30
264.83 122.84 130.47 132.25
263.85 121.85 132.42 134.24
262.86 120.84 134.41 136.25
261.85 119.82 136.43 138.29
262.86 123.89 134.41 136.25
263.85 124.90 132.42 134.24
261.91 128.85 130.47 132.25
260.93 127.86 132.42 134.24
259.93 126.85 134.41 136.25
260.93 130.87 132.42 134.24
259.93 129.86 134.41 136.25
257.96 130.87 132.42 134.24
258.94 134.82 130.47 132.25
257.96 133.83 132.42 134.24
256.97 132.82 134.41 136.25
255.96 134.90 136.43 138.29
253.96 135.92 134.41 136.25
254.95 139.93 132.42 134.24
253.96 138.93 134.41 136.25
254.95 139.93 132.42 134.24
255.93 143.89 130.47 132.25
254.95 139.89 132.42 134.24
255.93 140.88 130.47 132.25
254.95 139.89 132.42 134.24
253.96 138.88 134.41 136.25
256.00 137.86 136.43 138.29
254.98 136.82 138.47 140.37
253.94 132.58 140.55 142.47
254.98 133.63 138.47 140.37
253.94 129.39 140.55 142.47
254.98 130.44 138.47 140.37
253.94 126.20 140.55 142.47
252.89 125.13 142.66 144.61
253.94 123.01 140.55 142.47
252.89 121.94 142.66 144.61
253.94 119.81 140.55 142.47
256.08 118.75 142.66 144.61
257.14 116.62 140.55 142.47
256.08 112.31 142.66 144.61
257.14 113.38 140.55 142.47
258.18 111.29 138.47 140.37
257.14 110.24 140.55 142.47
256.08 109.17 142.66 144.61
257.14 107.05 140.55 142.47
256.08 105.98 142.66 144.61
257.14 107.05 140.55 142.47
258.18 108.10 138.47 140.37
257.14 107.05 140.55 142.47
258.18 104.96 138.47 140.37
257.14 103.90 140.55 142.47
258.18 104.96 138.47 140.37
257.14 103.90 140.55 142.47
256.08 99.60 142.66 144.61
257.14 100.66 140.55 142.47
256.08 99.60 142.66 144.61
255.01 95.22 144.80 146.78
256.08 96.31 142.66 144.61
255.01 95.22 144.80 146.78
256.08 96.31 142.66 144.61
255.01 95.22 144.80 146.78
253.93 94.12 146.97 148.98
252.83 93.00 149.17 151.22
250.64 94.12 146.97 148.98
249.53 93.00 149.17 151.22
251.81 91.87 151.41 153.49
252.93 93.00 149.17 151.22
251.81 91.87 151.41 153.49
252.93 93.00 149.17 151.22
251.81 91.87 151.41 153.49
252.93 93.00 149.17 151.22
255.20 91.87 151.41 153.49
256.32 93.00 149.17 151.22
257.42 94.12 146.97 148.98
256.32 93.00 149.17 151.22
257.42 94.12 146.97 148.98
256.32 93.00 149.17 151.22
255.20 91.87 151.41 153.49
256.32 93.00 149.17 151.22
254.13 90.79 146.97 148.98
253.02 89.67 149.17 151.22
254.13 90.79 146.97 148.98
253.02 86.28 149.17 151.22
254.13 87.40 146.97 148.98
255.21 85.21 144.80 146.78
256.28 83.06 142.66 144.61
255.21 81.97 144.80 146.78
256.28 79.82 142.66 144.61
257.34 80.89 140.55 142.47
256.28 76.58 142.66 144.61
257.34 77.65 140.55 142.47
259.48 76.58 142.66 144.61
260.53 77.65 140.55 142.47
261.57 78.70 138.47 140.37
260.53 77.65 140.55 142.47
261.57 81.84 138.47 140.37
260.53 80.79 140.55 142.47
261.57 81.84 138.47 140.37
262.59 82.88 136.43 138.29
258.47 81.84 138.47 140.37
257.43 80.79 140.55 142.47
256.38 82.96 142.66 144.61
257.43 84.03 140.55 142.47
256.38 86.20 142.66 144.61
257.43 87.27 140.55 142.47
258.47 91.47 138.47 140.37
257.43 90.41 140.55 142.47
258.47 94.61 138.47 140.37
257.43 93.56 140.55 142.47
261.57 97.75 138.47 140.37
262.59 101.89 136.43 138.29
261.57 104.00 138.47 140.37
260.53 102.94 140.55 142.47
261.57 104.00 138.47 140.37
260.53 102.94 140.55 142.47
259.48 101.88 142.66 144.61
260.53 102.94 140.55 142.47
259.48 105.11 142.66 144.61
258.41 104.03 144.80 146.78
259.48 105.11 142.66 144.61
258.41 100.74 144.80 146.78
256.28 101.83 142.66 144.61
255.21 100.74 144.80 146.78
256.28 101.83 142.66 144.61
255.21 97.45 144.80 146.78
254.13 96.35 146.97 148.98
255.21 97.45 144.80 146.78
254.13 93.02 146.97 148.98
255.21 94.12 144.80 146.78
257.42 93.02 146.97 148.98
258.51 94.12 144.80 146.78
259.58 91.96 142.66 144.61
261.75 90.88 144.80 146.78
260.66 86.44 146.97 148.98
261.75 87.54 144.80 146.78
262.82 88.62 142.66 144.61
261.75 87.54 144.80 146.78
266.01 91.86 142.66 144.61
267.07 92.93 140.55 142.47
266.01 95.10 142.66 144.61
267.07 96.17 140.55 142.47
265.01 100.37 138.47 140.37
266.03 104.50 136.43 138.29
265.01 103.47 138.47 140.37
263.97 105.61 140.55 142.47
265.01 106.66 138.47 140.37
263.97 108.80 140.55 142.47
265.01 109.85 138.47 140.37
267.11 111.99 140.55 142.47
266.06 110.92 142.66 144.61
267.11 115.18 140.55 142.47
266.06 114.11 142.66 144.61
264.99 113.03 144.80 146.78
266.06 114.11 142.66 144.61
264.99 113.03 144.80 146.78
266.06 114.11 142.66 144.61
267.11 115.18 140.55 142.47
268.15 116.23 138.47 140.37
270.26 115.18 140.55 142.47
269.21 114.11 142.66 144.61
270.26 115.18 140.55 142.47
272.40 114.11 142.66 144.61
271.33 113.03 144.80 146.78
272.40 114.11 142.66 144.61
271.33 113.03 144.80 146.78
275.60 114.11 142.66 144.61
274.53 113.03 144.80 146.78
273.44 115.26 146.97 148.98
272.34 114.15 149.17 151.22
274.61 113.01 151.41 153.49
275.73 114.15 149.17 151.22
274.61 113.01 151.41 153.49
273.48 111.86 153.68 155.79
272.33 110.69 155.99 158.12
274.70 109.51 158.33 160.50
275.87 110.69 155.99 158.12
274.70 105.91 158.33 160.50
273.52 104.71 160.70 162.90
278.25 105.91 158.33 160.50
277.06 101.06 160.70 162.90
278.25 102.26 158.33 160.50
277.06 101.06 160.70 162.90
278.25 98.67 158.33 160.50
277.06 97.46 160.70 162.90
278.25 95.07 158.33 160.50
277.06 93.87 160.70 162.90
278.25 91.48 158.33 160.50
277.06 86.62 160.70 162.90
278.25 87.83 158.33 160.50
277.06 82.97 160.70 162.90
278.25 84.18 158.33 160.50
277.06 79.33 160.70 162.90
278.25 80.53 158.33 160.50
279.42 81.72 155.99 158.12
278.25 76.93 158.33 160.50
279.42 78.12 155.99 158.12
278.25 76.93 158.33 160.50
279.42 78.12 155.99 158.12
278.25 76.93 158.33 160.50
279.42 74.58 155.99 158.12
274.70 73.39 158.33 160.50
275.87 74.58 155.99 158.12
274.70 73.39 158.33 160.50
273.52 72.19 160.70 162.90
274.70 73.39 158.33 160.50
269.92 72.19 160.70 162.90
271.10 73.39 158.33 160.50
269.92 68.54 160.70 162.90
271.10 73.34 158.33 160.50
272.27 74.52 155.99 158.12
271.10 73.34 158.33 160.50
269.92 72.13 160.70 162.90
271.10 73.34 158.33 160.50
269.92 72.13 160.70 162.90
271.10 73.34 158.33 160.50
269.92 72.13 160.70 162.90
271.10 73.34 158.33 160.50
272.27 74.52 155.99 158.12
271.10 73.34 158.33 160.50
272.27 74.52 155.99 158.12
267.56 69.74 158.33 160.50
268.73 70.93 155.99 158.12
267.56 69.74 158.33 160.50
272.22 74.47 155.99 158.12
271.05 73.29 158.33 160.50
272.22 78.01 155.99 158.12
271.05 76.83 158.33 160.50
272.22 81.56 155.99 158.12
271.05 80.37 158.33 160.50
272.22 81.56 155.99 158.12
273.37 82.72 153.68 155.79
274.51 83.87 151.41 153.49
273.37 82.72 153.68 155.79
274.51 83.87 151.41 153.49
278.97 85.01 149.17 151.22
283.36 82.79 146.97 148.98
284.45 83.89 144.80 146.78
288.72 84.97 142.66 144.61
289.77 86.04 140.55 142.47
293.91 87.10 138.47 140.37
294.93 88.13 136.43 138.29
293.91 83.95 138.47 140.37
292.87 82.90 140.55 142.47
297.01 83.95 138.47 140.37
298.03 84.99 136.43 138.29
302.05 86.01 134.41 136.25
301.05 84.99 136.43 138.29
302.05 86.01 134.41 136.25
303.05 87.02 132.42 134.24
306.95 88.01 130.47 132.25
305.97 87.02 132.42 134.24
306.95 88.01 130.47 132.25
310.79 88.99 128.54 130.30
309.83 90.97 130.47 132.25
310.79 91.95 128.54 130.30
311.74 92.91 126.64 128.37
310.79 91.95 128.54 130.30
311.74 95.79 126.64 128.37
310.79 94.82 128.54 130.30
309.83 93.85 130.47 132.25
310.79 94.82 128.54 130.30
311.74 95.79 126.64 128.37
310.79 97.74 128.54 130.30
311.74 98.71 126.64 128.37
312.68 99.65 124.77 126.48
313.60 103.38 122.92 124.61
314.51 104.30 121.11 122.77
315.40 107.92 119.32 120.95
316.28 111.48 117.55 119.16
317.15 112.36 115.82 117.40
315.45 115.82 114.10 115.67
314.60 114.95 115.82 117.40
315.45 115.82 114.10 115.67
316.29 119.23 112.42 113.96
312.90 118.37 114.10 115.67
313.74 119.23 112.42 113.96
312.90 120.96 114.10 115.67
313.74 121.82 112.42 113.96
310.34 120.96 114.10 115.67
311.18 124.37 112.42 113.96
307.78 126.11 114.10 115.67
308.63 126.96 112.42 113.96
307.78 128.70 114.10 115.67
306.11 129.55 112.42 113.96
305.27 128.70 114.10 115.67
306.11 132.11 112.42 113.96
304.46 132.95 110.76 112.27
303.63 132.11 112.42 113.96
301.98 132.95 110.76 112.27
302.80 136.25 109.12 110.62
301.98 135.43 110.76 112.27
300.35 138.73 109.12 110.62
299.53 137.90 110.76 112.27
297.91 141.21 109.12 110.62
298.71 142.03 107.51 108.98
297.91 141.21 109.12 110.62
298.71 142.03 107.51 108.98
297.91 141.21 109.12 110.62
297.09 137.87 110.76 112.27
296.26 137.02 112.42 113.96
297.09 137.87 110.76 112.27
296.26 137.02 112.42 113.96
295.42 136.17 114.10 115.67
297.15 135.30 115.82 117.40
296.29 134.42 117.55 119.16
298.08 133.53 119.32 120.95
297.18 129.87 121.11 122.77
299.03 128.95 122.92 124.61
298.10 128.01 124.77 126.48
297.17 127.07 126.64 128.37
299.10 126.10 128.54 130.30
298.13 122.16 130.47 132.25
297.16 118.16 132.42 134.24
296.16 114.11 134.41 136.25
295.15 109.99 136.43 138.29
294.13 105.80 138.47 140.37
293.09 104.75 140.55 142.47
292.04 100.44 142.66 144.61
294.21 99.36 144.80 146.78
293.13 94.92 146.97 148.98
292.02 93.80 149.17 151.22
290.91 92.67 151.41 153.49
289.77 88.03 153.68 155.79
288.62 86.86 155.99 158.12
287.45 82.08 158.33 160.50
285.12 83.27 155.99 158.12
283.95 78.48 158.33 160.50
282.77 73.63 160.70 162.90
283.95 74.84 158.33 160.50
279.17 73.63 160.70 162.90
277.96 68.71 163.11 165.35
276.74 67.47 165.56 167.83
277.96 68.71 163.11 165.35
273.03 67.47 165.56 167.83
271.79 66.21 168.04 170.35
273.03 71.23 165.56 167.83
271.79 69.97 168.04 170.35
273.03 74.98 165.56 167.83
271.79 73.73 168.04 170.35
270.53 72.45 170.56 172.90
271.79 77.54 168.04 170.35
270.53 76.26 170.56 172.90
271.79 77.54 168.04 170.35
270.53 72.39 170.56 172.90
269.25 71.09 173.12 175.49
270.53 72.39 170.56 172.90
265.37 71.09 173.12 175.49
266.65 72.39 170.56 172.90
267.91 73.67 168.04 170.35
266.65 72.39 170.56 172.90
264.14 73.67 168.04 170.35
262.88 72.39 170.56 172.90
257.73 71.09 173.12 175.49
259.01 72.39 170.56 172.90
260.27 73.67 168.04 170.35
259.01 72.39 170.56 172.90
256.50 73.67 168.04 170.35
255.24 72.39 170.56 172.90
256.50 73.67 168.04 170.35
255.24 72.39 170.56 172.90
253.96 71.09 173.12 175.49
255.24 72.39 170.56 172.90
253.96 71.09 173.12 175.49
252.66 65.79 175.72 178.13
253.96 67.10 173.12 175.49
252.66 65.79 175.72 178.13
253.96 63.17 173.12 175.49
251.42 64.47 170.56 172.90
250.14 63.17 173.12 175.49
248.84 57.87 175.72 178.13
250.14 55.25 173.12 175.49
251.42 56.55 170.56 172.90
250.14 51.32 173.12 175.49
251.42 52.62 170.56 172.90
250.14 47.39 173.12 175.49
251.42 48.69 170.56 172.90
250.14 47.39 173.12 175.49
248.84 46.07 175.72 178.13
250.14 47.39 173.12 175.49
251.42 48.69 170.56 172.90
250.14 43.46 173.12 175.49
248.84 42.14 175.72 178.13
246.26 43.46 173.12 175.49
247.54 44.76 170.56 172.90
246.26 39.53 173.12 175.49
244.97 38.21 175.72 178.13
242.39 35.60 173.12 175.49
241.09 30.29 175.72 178.13
239.77 24.91 178.36 180.80
237.15 26.24 175.72 178.13
238.45 23.63 173.12 175.49
237.15 22.31 175.72 178.13
235.83 16.92 178.36 180.80
234.50 15.57 181.03 183.51
239.83 16.92 178.36 180.80
241.15 18.26 175.72 178.13
239.83 16.92 178.36 180.80
238.49 15.57 181.03 183.51
237.13 14.19 183.75 186.26
238.49 15.57 181.03 183.51
239.83 16.92 178.36 180.80
238.49 15.57 181.03 183.51
237.13 14.19 183.75 186.26
239.93 8.56 186.50 189.06
241.31 9.96 183.75 186.26
242.67 11.33 181.03 183.51
245.43 9.96 183.75 186.26
246.79 11.33 181.03 183.51
245.43 9.96 183.75 186.26
246.79 11.33 181.03 183.51
245.43 9.96 183.75 186.26
246.79 11.33 181.03 183.51
245.43 9.96 183.75 186.26
248.23 4.33 186.50 189.06
249.61 5.72 183.75 186.26
248.23 4.33 186.50 189.06
249.61 5.72 183.75 186.26
248.23 4.33 186.50 189.06
246.83 2.91 189.30 191.89
245.41 1.47 192.14 194.77
246.83 2.91 189.30 191.89
248.23 4.33 186.50 189.06
249.61 5.72 183.75 186.26
248.23 4.33 186.50 189.06
249.61 5.72 183.75 186.26
248.23 0.09 186.50 189.06
249.61 1.49 183.75 186.26
252.40 -4.14 186.50 189.06
251.01 -5.56 189.30 191.89
252.40 -4.14 186.50 189.06
253.78 -2.75 183.75 186.26
252.40 -4.14 186.50 189.06
253.78 -2.75 183.75 186.26
252.40 -4.14 186.50 189.06
251.01 -5.56 189.30 191.89
249.59 -7.00 192.14 194.77
251.01 -5.56 189.30 191.89
249.59 -7.00 192.14 194.77
251.01 -5.56 189.30 191.89
252.40 -4.14 186.50 189.06
251.01 -5.56 189.30 191.89
249.59 -11.36 192.14 194.77
248.15 -12.83 195.02 197.69
253.89 -11.36 192.14 194.77
252.45 -17.25 195.02 197.69
253.89 -15.79 192.14 194.77
256.82 -17.25 195.02 197.69
255.35 -18.74 197.95 200.66
256.82 -17.25 195.02 197.69
258.26 -15.79 192.14 194.77
256.82 -17.25 195.02 197.69
258.26 -15.79 192.14 194.77
256.82 -17.25 195.02 197.69
258.26 -15.79 192.14 194.77
256.82 -17.25 195.02 197.69
258.26 -15.79 192.14 194.77
256.82 -17.25 195.02 197.69
255.35 -18.74 197.95 200.66
256.82 -17.25 195.02 197.69
258.26 -11.43 192.14 194.77
256.82 -12.89 195.02 197.69
258.26 -11.43 192.14 194.77
256.82 -12.89 195.02 197.69
255.35 -14.37 197.95 200.66
256.82 -12.89 195.02 197.69
258.26 -11.43 192.14 194.77
256.82 -12.89 195.02 197.69
258.26 -11.43 192.14 194.77
256.82 -17.32 195.02 197.69
258.26 -15.86 192.14 194.77
256.82 -17.32 195.02 197.69
258.26 -15.86 192.14 194.77
256.82 -17.32 195.02 197.69
258.26 -15.86 192.14 194.77
256.82 -17.32 195.02 197.69
258.26 -15.86 192.14 194.77
256.82 -21.75 195.02 197.69
258.26 -20.29 192.14 194.77
256.82 -21.75 195.02 197.69
258.26 -20.29 192.14 194.77
259.68 -18.85 189.30 191.89
258.26 -20.29 192.14 194.77
256.82 -21.75 195.02 197.69
258.26 -20.29 192.14 194.77
256.82 -21.75 195.02 197.69
253.95 -20.29 192.14 194.77
252.51 -21.75 195.02 197.69
253.95 -15.92 192.14 194.77
255.37 -14.48 189.30 191.89
249.65 -15.92 192.14 194.77
251.07 -14.48 189.30 191.89
249.65 -15.92 192.14 194.77
248.21 -17.38 195.02 197.69
249.65 -11.56 192.14 194.77
251.07 -10.12 189.30 191.89
252.47 -8.70 186.50 189.06
251.07 -10.12 189.30 191.89
252.47 -8.70 186.50 189.06
251.07 -10.12 189.30 191.89
249.65 -11.56 192.14 194.77
248.21 -13.02 195.02 197.69
253.95 -11.56 192.14 194.77
252.51 -13.02 195.02 197.69
253.95 -7.20 192.14 194.77
255.37 -5.76 189.30 191.89
253.95 -7.20 192.14 194.77
255.37 -5.76 189.30 191.89
256.77 -4.34 186.50 189.06
255.37 -5.76 189.30 191.89
253.95 -7.20 192.14 194.77
252.51 -8.66 195.02 197.69
253.95 -7.20 192.14 194.77
252.51 -8.66 195.02 197.69
253.95 -7.20 192.14 194.77
255.37 -5.76 189.30 191.89
253.95 -7.20 192.14 194.77
252.51 -8.66 195.02 197.69
253.95 -2.84 192.14 194.77
252.51 -4.30 195.02 197.69
253.95 -2.84 192.14 194.77
252.51 -4.30 195.02 197.69
253.95 1.53 192.14 194.77
252.51 0.07 195.02 197.69
253.95 1.53 192.14 194.77
252.51 0.07 195.02 197.69
253.95 1.53 192.14 194.77
252.51 0.07 195.02 197.69
249.65 1.53 192.14 194.77
251.07 2.97 189.30 191.89
249.65 1.53 192.14 194.77
251.07 2.97 189.30 191.89
249.65 1.53 192.14 194.77
251.07 2.97 189.30 191.89
252.47 4.38 186.50 189.06
251.07 2.97 189.30 191.89
252.47 4.38 186.50 189.06
251.07 2.97 189.30 191.89
252.47 4.38 186.50 189.06
251.07 2.97 189.30 191.89
252.47 4.38 186.50 189.06
251.07 7.27 189.30 191.89
252.47 8.68 186.50 189.06
251.07 7.27 189.30 191.89
252.47 8.68 186.50 189.06
251.07 7.27 189.30 191.89
252.47 8.68 186.50 189.06
251.07 7.27 189.30 191.89
248.29 8.68 186.50 189.06
249.67 10.08 183.75 186.26
248.29 4.45 186.50 189.06
246.89 3.03 189.30 191.89
248.29 4.45 186.50 189.06
246.89 3.03 189.30 191.89
248.29 4.45 186.50 189.06
242.65 3.03 189.30 191.89
244.05 4.45 186.50 189.06
242.65 3.03 189.30 191.89
244.05 4.45 186.50 189.06
242.65 3.03 189.30 191.89
244.05 4.45 186.50 189.06
242.65 -1.27 189.30 191.89
244.05 0.15 186.50 189.06
242.65 -1.27 189.30 191.89
241.23 -7.07 192.14 194.77
239.79 -8.53 195.02 197.69
241.23 -7.07 192.14 194.77
238.41 -5.63 189.30 191.89
236.99 -7.07 192.14 194.77
235.55 -8.53 195.02 197.69
236.99 -7.07 192.14 194.77
238.41 -5.63 189.30 191.89
235.63 0.02 186.50 189.06
234.23 -1.40 189.30 191.89
235.63 0.02 186.50 189.06
234.23 -1.40 189.30 191.89
235.63 0.02 186.50 189.06
234.23 -1.40 189.30 191.89
231.46 0.02 186.50 189.06
230.06 -1.40 189.30 191.89
228.64 -7.20 192.14 194.77
230.06 -5.76 189.30 191.89
228.64 -7.20 192.14 194.77
230.06 -5.76 189.30 191.89
228.64 -7.20 192.14 194.77
225.82 -5.76 189.30 191.89
227.22 -4.34 186.50 189.06
225.82 -5.76 189.30 191.89
224.40 -11.56 192.14 194.77
225.82 -10.12 189.30 191.89
223.04 -8.70 186.50 189.06
221.64 -10.12 189.30 191.89
223.04 -8.70 186.50 189.06
221.64 -14.42 189.30 191.89
223.04 -13.00 186.50 189.06
224.42 -11.61 183.75 186.26
221.72 -10.23 181.03 183.51
220.36 -11.61 183.75 186.26
221.72 -10.23 181.03 183.51
220.36 -15.78 183.75 186.26
221.72 -14.40 181.03 183.51
220.36 -15.78 183.75 186.26
221.72 -14.40 181.03 183.51
220.36 -15.78 183.75 186.26
221.72 -14.40 181.03 183.51
220.36 -15.78 183.75 186.26
221.72 -14.40 181.03 183.51
223.06 -9.00 178.36 180.80
225.77 -10.35 181.03 183.51
224.42 -15.90 183.75 186.26
225.77 -10.41 181.03 183.51
224.42 -11.79 183.75 186.26
229.83 -10.41 181.03 183.51
228.47 -11.79 183.75 186.26
229.83 -10.41 181.03 183.51
231.17 -9.06 178.36 180.80
233.88 -10.41 181.03 183.51
235.22 -5.01 178.36 180.80
233.88 -6.36 181.03 183.51
235.22 -5.01 178.36 180.80
237.94 -6.36 181.03 183.51
239.28 -0.96 178.36 180.80
237.94 -2.31 181.03 183.51
239.28 -0.96 178.36 180.80
241.99 -2.31 181.03 183.51
243.33 -0.96 178.36 180.80
244.65 4.37 175.72 178.13
243.33 3.03 178.36 180.80
241.99 1.68 181.03 183.51
243.33 3.03 178.36 180.80
244.65 8.36 175.72 178.13
245.95 9.67 173.12 175.49
244.65 8.36 175.72 178.13
243.33 7.02 178.36 180.80
244.65 8.36 175.72 178.13
243.33 7.02 178.36 180.80
244.65 8.36 175.72 178.13
239.34 7.02 178.36 180.80
240.65 12.35 175.72 178.13
241.95 13.66 173.12 175.49
240.65 12.35 175.72 178.13
239.34 11.01 178.36 180.80
240.65 12.35 175.72 178.13
241.95 13.66 173.12 175.49
240.65 12.35 175.72 178.13
235.34 11.01 178.36 180.80
236.66 12.35 175.72 178.13
235.34 11.01 178.36 180.80
236.66 12.35 175.72 178.13
235.34 11.01 178.36 180.80
234.00 9.66 181.03 183.51
235.34 11.01 178.36 180.80
234.00 9.66 181.03 183.51
235.34 15.06 178.36 180.80
234.00 13.71 181.03 183.51
235.34 15.06 178.36 180.80
234.00 13.71 181.03 183.51
232.65 12.33 183.75 186.26
231.27 10.93 186.50 189.06
232.65 12.33 183.75 186.26
234.00 13.71 181.03 183.51
232.65 12.33 183.75 186.26
234.00 13.71 181.03 183.51
232.65 12.33 183.75 186.26
234.00 17.82 181.03 183.51
235.34 19.17 178.36 180.80
234.00 17.82 181.03 183.51
235.34 19.17 178.36 180.80
234.00 17.82 181.03 183.51
235.34 19.17 178.36 180.80
234.00 17.82 181.03 183.51
235.34 19.17 178.36 180.80
234.00 17.82 181.03 183.51
232.65 16.44 183.75 186.26
238.06 17.82 181.03 183.51
236.70 16.44 183.75 186.26
238.06 17.82 181.03 183.51
236.70 16.44 183.75 186.26
238.06 17.82 181.03 183.51
236.70 16.44 183.75 186.26
238.06 17.82 181.03 183.51
236.70 16.44 183.75 186.26
238.06 21.93 181.03 183.51
239.40 23.28 178.36 180.80
238.06 21.93 181.03 183.51
239.40 23.28 178.36 180.80
238.06 21.93 181.03 183.51
239.40 23.28 178.36 180.80
238.06 21.93 181.03 183.51
239.40 23.28 178.36 180.80
238.06 21.93 181.03 183.51
239.40 23.28 178.36 180.80
238.06 21.93 181.03 183.51
236.70 20.55 183.75 186.26
238.06 21.93 181.03 183.51
236.70 20.55 183.75 186.26
238.06 21.93 181.03 183.51
236.70 20.55 183.75 186.26
238.06 21.93 181.03 183.51
236.70 20.55 183.75 186.26
235.32 19.15 186.50 189.06
236.70 24.72 183.75 186.26
238.06 26.10 181.03 183.51
236.70 24.72 183.75 186.26
235.32 23.33 186.50 189.06
236.70 24.72 183.75 186.26
235.32 23.33 186.50 189.06
236.70 24.72 183.75 186.26
235.32 23.33 186.50 189.06
236.70 24.72 183.75 186.26
235.32 23.33 186.50 189.06
233.92 21.91 189.30 191.89
235.32 23.33 186.50 189.06
229.68 21.91 189.30 191.89
228.26 20.47 192.14 194.77
229.68 21.91 189.30 191.89
228.26 20.47 192.14 194.77
229.68 21.91 189.30 191.89
231.08 27.56 186.50 189.06
229.68 26.14 189.30 191.89
231.08 27.56 186.50 189.06
229.68 26.14 189.30 191.89
231.08 27.56 186.50 189.06
229.68 26.14 189.30 191.89
235.26 27.56 186.50 189.06
233.86 30.44 189.30 191.89
235.26 31.86 186.50 189.06
233.86 30.44 189.30 191.89
235.26 31.86 186.50 189.06
233.86 30.44 189.30 191.89
235.26 31.86 186.50 189.06
233.86 30.44 189.30 191.89
239.44 31.86 186.50 189.06
240.82 33.26 183.75 186.26
239.44 31.86 186.50 189.06
240.82 33.26 183.75 186.26
239.44 31.86 186.50 189.06
240.82 33.26 183.75 186.26
239.44 31.86 186.50 189.06
240.82 33.26 183.75 186.26
235.26 31.86 186.50 189.06
236.64 33.26 183.75 186.26
235.26 31.86 186.50 189.06
233.86 34.74 189.30 191.89
228.14 33.30 192.14 194.77
226.70 36.27 195.02 197.69
220.80 39.28 197.95 200.66
219.32 42.34 200.92 203.67
225.23 43.84 197.95 200.66
226.70 49.75 195.02 197.69
232.44 51.22 192.14 194.77
233.86 52.65 189.30 191.89
235.26 54.07 186.50 189.06
236.64 55.47 183.75 186.26
235.26 54.07 186.50 189.06
236.64 55.47 183.75 186.26
235.26 49.84 186.50 189.06
233.86 48.42 189.30 191.89
232.44 46.98 192.14 194.77
233.86 48.42 189.30 191.89
232.44 42.62 192.14 194.77
231.00 41.16 195.02 197.69
236.75 38.25 192.14 194.77
238.17 39.69 189.30 191.89
236.75 33.89 192.14 194.77
238.17 35.33 189.30 191.89
236.75 29.53 192.14 194.77
235.30 23.64 195.02 197.69
236.75 25.10 192.14 194.77
238.17 22.24 189.30 191.89
236.75 16.44 192.14 194.77
238.17 17.88 189.30 191.89
235.39 15.06 186.50 189.06
229.75 13.64 189.30 191.89
231.15 15.06 186.50 189.06
225.51 13.64 189.30 191.89
226.91 15.06 186.50 189.06
225.51 13.64 189.30 191.89
222.73 15.06 186.50 189.06
221.33 13.64 189.30 191.89
219.91 12.20 192.14 194.77
221.33 13.64 189.30 191.89
222.73 15.06 186.50 189.06
217.09 13.64 189.30 191.89
215.67 12.20 192.14 194.77
217.09 13.64 189.30 191.89
215.67 12.20 192.14 194.77
217.09 13.64 189.30 191.89
215.67 12.20 192.14 194.77
217.09 13.64 189.30 191.89
215.67 12.20 192.14 194.77
217.09 13.64 189.30 191.89
215.67 12.20 192.14 194.77
217.09 13.64 189.30 191.89
215.67 12.20 192.14 194.77
217.09 13.64 189.30 191.89
215.67 12.20 192.14 194.77
217.09 13.64 189.30 191.89
218.49 15.06 186.50 189.06
223.98 16.46 183.75 186.26
222.60 15.06 186.50 189.06
223.98 16.46 183.75 186.26
222.60 15.06 186.50 189.06
221.20 13.64 189.30 191.89
222.60 15.06 186.50 189.06
221.20 13.64 189.30 191.89
222.60 15.06 186.50 189.06
221.20 13.64 189.30 191.89
222.60 15.06 186.50 189.06
223.98 16.46 183.75 186.26
222.60 10.83 186.50 189.06
223.98 12.22 183.75 186.26
222.60 10.83 186.50 189.06
221.20 9.41 189.30 191.89
222.60 10.83 186.50 189.06
221.20 9.41 189.30 191.89
222.60 15.06 186.50 189.06
221.20 13.64 189.30 191.89
222.60 15.06 186.50 189.06
223.98 16.46 183.75 186.26
222.60 15.06 186.50 189.06
223.98 20.63 183.75 186.26
222.60 19.23 186.50 189.06
216.96 17.82 189.30 191.89
215.54 16.38 192.14 194.77
216.96 22.11 189.30 191.89
215.54 20.67 192.14 194.77
216.96 22.11 189.30 191.89
215.54 20.67 192.14 194.77
216.96 22.11 189.30 191.89
215.54 20.67 192.14 194.77
221.20 22.11 189.30 191.89
219.79 20.67 192.14 194.77
221.20 22.11 189.30 191.89
219.79 20.67 192.14 194.77
221.20 22.11 189.30 191.89
219.79 20.67 192.14 194.77
218.34 14.79 195.02 197.69
224.09 16.25 192.14 194.77
225.51 17.69 189.30 191.89
224.09 16.25 192.14 194.77
222.65 14.79 195.02 197.69
224.09 16.25 192.14 194.77
229.75 17.69 189.30 191.89
228.33 16.25 192.14 194.77
229.75 17.69 189.30 191.89
231.15 19.10 186.50 189.06
229.75 17.69 189.30 191.89
228.33 16.25 192.14 194.77
229.75 17.69 189.30 191.89
232.63 16.25 192.14 194.77
231.19 14.79 195.02 197.69
232.63 16.25 192.14 194.77
231.19 19.21 195.02 197.69
236.94 20.67 192.14 194.77
235.50 19.21 195.02 197.69
241.24 20.67 192.14 194.77
239.80 19.21 195.02 197.69
238.34 17.73 197.95 200.66
244.17 19.21 195.02 197.69
242.71 17.73 197.95 200.66
244.17 19.21 195.02 197.69
249.91 20.67 192.14 194.77
251.33 22.11 189.30 191.89
245.61 16.31 192.14 194.77
247.03 17.75 189.30 191.89
248.43 19.17 186.50 189.06
247.03 17.75 189.30 191.89
248.43 19.17 186.50 189.06
242.79 13.45 189.30 191.89
244.19 14.87 186.50 189.06
238.55 13.45 189.30 191.89
239.95 10.64 186.50 189.06
234.31 9.22 189.30 191.89
235.71 10.64 186.50 189.06
234.31 4.92 189.30 191.89
235.71 6.34 186.50 189.06
230.07 4.92 189.30 191.89
231.47 6.34 186.50 189.06
232.84 11.91 183.75 186.26
227.29 10.51 186.50 189.06
228.67 11.91 183.75 186.26
227.29 10.51 186.50 189.06
228.67 11.91 183.75 186.26
223.11 14.74 186.50 189.06
224.49 16.14 183.75 186.26
223.11 14.74 186.50 189.06
224.49 16.14 183.75 186.26
223.11 14.74 186.50 189.06
224.49 16.14 183.75 186.26
223.11 14.74 186.50 189.06
221.71 17.63 189.30 191.89
223.11 19.04 186.50 189.06
228.61 20.44 183.75 186.26
227.23 19.04 186.50 189.06
225.83 17.63 189.30 191.89
224.41 16.19 192.14 194.77
230.07 17.63 189.30 191.89
231.47 23.28 186.50 189.06
230.07 21.86 189.30 191.89
235.65 23.28 186.50 189.06
234.25 21.86 189.30 191.89
232.83 20.42 192.14 194.77
234.25 21.86 189.30 191.89
232.83 20.42 192.14 194.77
234.25 21.86 189.30 191.89
232.83 20.42 192.14 194.77
234.25 21.86 189.30 191.89
232.83 20.42 192.14 194.77
238.49 21.86 189.30 191.89
237.07 20.42 192.14 194.77
238.49 21.86 189.30 191.89
237.07 20.42 192.14 194.77
238.49 21.86 189.30 191.89
237.07 20.42 192.14 194.77
238.49 21.86 189.30 191.89
232.76 20.42 192.14 194.77
234.18 26.16 189.30 191.89
232.76 24.72 192.14 194.77
229.94 26.16 189.30 191.89
228.52 20.36 192.14 194.77
229.94 21.80 189.30 191.89
228.52 20.36 192.14 194.77
229.94 21.80 189.30 191.89
228.52 20.36 192.14 194.77
229.94 21.80 189.30 191.89
228.52 20.36 192.14 194.77
229.94 21.80 189.30 191.89
228.52 24.72 192.14 194.77
229.94 26.16 189.30 191.89
228.52 24.72 192.14 194.77
229.94 26.16 189.30 191.89
228.52 24.72 192.14 194.77
229.94 26.16 189.30 191.89
228.52 24.72 192.14 194.77
229.94 26.16 189.30 191.89
228.52 24.72 192.14 194.77
229.94 26.16 189.30 191.89
228.52 24.72 192.14 194.77
229.94 26.16 189.30 191.89
228.52 24.72 192.14 194.77
229.94 26.16 189.30 191.89
228.52 24.72 192.14 194.77
229.94 26.16 189.30 191.89
228.52 24.72 192.14 194.77
229.94 26.16 189.30 191.89
228.52 24.72 192.14 194.77
227.08 23.26 195.02 197.69
228.52 24.72 192.14 194.77
227.08 23.26 195.02 197.69
228.52 24.72 192.14 194.77
229.94 26.16 189.30 191.89
228.52 24.72 192.14 194.77
229.94 26.16 189.30 191.89
224.22 24.72 192.14 194.77
225.64 30.46 189.30 191.89
224.22 29.02 192.14 194.77
225.64 30.46 189.30 191.89
219.92 29.02 192.14 194.77
221.33 34.76 189.30 191.89
215.61 33.32 192.14 194.77
214.17 36.28 195.02 197.69
215.61 37.74 192.14 194.77
209.80 36.28 195.02 197.69
208.34 34.80 197.95 200.66
206.85 33.30 200.92 203.67
208.34 34.80 197.95 200.66
206.85 33.30 200.92 203.67
205.35 31.77 203.93 206.72
206.85 37.86 200.92 203.67
205.35 36.33 203.93 206.72
206.85 37.86 200.92 203.67
205.35 36.33 203.93 206.72
199.18 30.08 206.99 209.82
200.71 31.63 203.93 206.72
194.55 30.08 206.99 209.82
192.99 28.51 210.09 212.97
194.55 30.08 206.99 209.82
191.51 31.63 203.93 206.72
193.01 33.16 200.92 203.67
191.51 31.63 203.93 206.72
193.01 33.16 200.92 203.67
191.51 31.63 203.93 206.72
189.98 30.08 206.99 209.82
183.72 28.51 210.09 212.97
182.14 26.91 213.24 216.17
183.72 28.51 210.09 212.97
182.14 26.91 213.24 216.17
188.42 28.51 210.09 212.97
186.85 26.91 213.24 216.17
185.25 20.37 216.44 219.41
183.63 18.73 219.69 222.70
190.10 20.37 216.44 219.41
188.47 18.73 219.69 222.70
190.10 20.37 216.44 219.41
188.47 18.73 219.69 222.70
186.83 17.06 222.99 226.04
185.15 15.36 226.33 229.43
191.82 17.06 222.99 226.04
193.47 18.73 219.69 222.70
191.82 17.06 222.99 226.04
190.15 15.36 226.33 229.43
191.82 17.06 222.99 226.04
198.39 18.73 219.69 222.70
196.74 17.06 222.99 226.04
198.39 18.73 219.69 222.70
196.74 17.06 222.99 226.04
203.31 23.72 219.69 222.70
204.93 25.36 216.44 219.41
203.31 23.72 219.69 222.70
201.66 22.05 222.99 226.04
203.31 23.72 219.69 222.70
201.66 22.05 222.99 226.04
203.31 23.72 219.69 222.70
201.66 22.05 222.99 226.04
208.23 23.72 219.69 222.70
206.58 22.05 222.99 226.04
208.23 23.72 219.69 222.70
209.86 25.36 216.44 219.41
208.23 23.72 219.69 222.70
206.58 22.05 222.99 226.04
208.23 23.72 219.69 222.70
206.58 27.11 222.99 226.04
213.15 28.78 219.69 222.70
211.51 27.11 222.99 226.04
209.83 30.55 226.33 229.43
211.51 32.25 222.99 226.04
209.83 30.55 226.33 229.43
211.51 32.25 222.99 226.04
204.76 25.41 226.33 229.43
206.44 27.11 222.99 226.04
204.76 25.41 226.33 229.43
206.44 22.05 222.99 226.04
208.08 23.72 219.69 222.70
206.44 22.05 222.99 226.04
203.16 18.73 219.69 222.70
201.52 17.06 222.99 226.04
203.16 18.73 219.69 222.70
204.79 20.37 216.44 219.41
203.16 18.73 219.69 222.70
204.79 20.37 216.44 219.41
203.16 18.73 219.69 222.70
204.79 20.37 216.44 219.41
203.16 18.73 219.69 222.70
204.79 20.37 216.44 219.41
206.39 21.99 213.24 216.17
204.79 20.37 216.44 219.41
206.39 21.99 213.24 216.17
207.96 23.59 210.09 212.97
206.39 21.99 213.24 216.17
204.79 25.29 216.44 219.41
198.24 23.64 219.69 222.70
199.87 25.29 216.44 219.41
198.24 28.63 219.69 222.70
191.60 26.96 222.99 226.04
189.93 25.27 226.33 229.43
183.08 23.54 229.72 232.87
184.78 25.27 226.33 229.43
186.45 26.96 222.99 226.04
184.78 25.27 226.33 229.43
186.45 26.96 222.99 226.04
184.78 25.27 226.33 229.43
186.45 26.96 222.99 226.04
184.78 25.27 226.33 229.43
191.45 26.96 222.99 226.04
193.10 28.63 219.69 222.70
196.44 26.96 222.99 226.04
198.09 28.63 219.69 222.70
196.44 26.96 222.99 226.04
199.84 25.27 226.33 229.43
201.51 26.96 222.99 226.04
199.84 25.27 226.33 229.43
206.51 26.96 222.99 226.04
204.84 25.27 226.33 229.43
211.50 26.96 222.99 226.04
209.83 25.27 226.33 229.43
216.50 26.96 222.99 226.04
214.83 25.27 226.33 229.43
218.27 23.54 229.72 232.87
219.97 25.27 226.33 229.43
226.64 26.96 222.99 226.04
224.97 25.27 226.33 229.43
223.27 23.54 229.72 232.87
224.97 25.27 226.33 229.43
223.27 23.54 229.72 232.87
224.97 25.27 226.33 229.43
226.64 26.96 222.99 226.04
224.97 25.27 226.33 229.43
223.27 23.54 229.72 232.87
224.97 25.27 226.33 229.43
226.64 26.96 222.99 226.04
224.97 30.40 226.33 229.43
223.27 28.68 229.72 232.87
224.97 30.40 226.33 229.43
223.27 28.68 229.72 232.87
224.97 30.40 226.33 229.43
223.27 28.68 229.72 232.87
224.97 30.40 226.33 229.43
223.27 28.68 229.72 232.87
224.97 30.40 226.33 229.43
223.27 28.68 229.72 232.87
230.04 35.54 226.33 229.43
228.34 33.82 229.72 232.87
230.04 35.54 226.33 229.43
228.34 33.82 229.72 232.87
226.62 26.78 233.17 236.36
228.34 28.53 229.72 232.87
230.04 30.25 226.33 229.43
228.34 28.53 229.72 232.87
230.04 30.25 226.33 229.43
228.34 23.31 229.72 232.87
230.04 25.03 226.33 229.43
228.34 23.31 229.72 232.87
230.04 25.03 226.33 229.43
228.34 23.31 229.72 232.87
226.62 21.57 233.17 236.36
228.34 18.10 229.72 232.87
226.62 16.35 233.17 236.36
228.34 18.10 229.72 232.87
226.62 11.05 233.17 236.36
228.34 12.80 229.72 232.87
221.39 5.76 233.17 236.36
219.64 3.99 236.67 239.91
221.39 5.76 233.17 236.36
223.12 7.51 229.72 232.87
221.39 5.76 233.17 236.36
223.12 7.51 229.72 232.87
221.39 5.76 233.17 236.36
223.12 7.51 229.72 232.87
224.81 9.23 226.33 229.43
223.12 7.51 229.72 232.87
216.17 0.47 233.17 236.36
217.89 2.21 229.72 232.87
216.17 0.47 233.17 236.36
217.89 2.21 229.72 232.87
216.17 0.47 233.17 236.36
217.89 2.21 229.72 232.87
216.17 0.47 233.17 236.36
217.89 2.21 229.72 232.87
216.17 0.47 233.17 236.36
217.89 2.21 229.72 232.87
216.17 0.47 233.17 236.36
217.89 7.43 229.72 232.87
216.17 5.68 233.17 236.36
217.89 7.43 229.72 232.87
216.17 5.68 233.17 236.36
223.04 12.64 229.72 232.87
216.09 10.90 233.17 236.36
214.34 9.13 236.67 239.91
221.32 16.19 233.17 236.36
219.57 14.42 236.67 239.91
216.09 16.19 233.17 236.36
217.81 17.94 229.72 232.87
216.09 16.19 233.17 236.36
217.81 17.94 229.72 232.87
216.09 16.19 233.17 236.36
217.81 17.94 229.72 232.87
216.09 16.19 233.17 236.36
214.34 14.42 236.67 239.91
216.09 21.49 233.17 236.36
214.34 19.71 236.67 239.91
212.57 17.92 240.22 243.51
209.04 19.71 236.67 239.91
207.27 17.92 240.22 243.51
209.04 19.71 236.67 239.91
207.27 17.92 240.22 243.51
209.04 14.34 236.67 239.91
201.89 12.54 240.22 243.51
200.08 5.18 243.82 247.16
198.26 3.32 247.48 250.87
196.40 1.44 251.19 254.63
198.26 3.32 247.48 250.87
190.77 -4.26 251.19 254.63
188.89 -6.17 254.96 258.45
190.77 -4.26 251.19 254.63
188.89 -6.17 254.96 258.45
186.98 -8.11 258.78 262.33
179.15 -10.08 262.67 266.26
177.18 -12.07 266.61 270.26
169.12 -20.24 270.60 274.31
167.09 -22.30 274.66 278.43
158.79 -24.39 278.78 282.60
156.70 -26.51 282.96 286.84
148.14 -35.18 287.21 291.14
145.99 -37.37 291.52 295.51
137.17 -46.30 295.89 299.94
134.95 -55.37 300.33 304.44
132.70 -57.65 304.83 309.01
123.48 -67.00 309.41 313.64
121.16 -76.48 314.05 318.35
118.81 -86.11 318.76 323.12
116.42 -88.53 323.54 327.97
118.81 -86.11 318.76 323.12
121.16 -90.85 314.05 318.35
123.48 -88.50 309.41 313.64
121.16 -97.98 314.05 318.35
123.48 -95.63 309.41 313.64
125.77 -86.39 304.83 309.01
123.48 -88.71 309.41 313.64
128.20 -83.93 314.05 318.35
130.52 -74.55 309.41 313.64
128.20 -76.90 314.05 318.35
125.84 -79.29 318.76 323.12
123.45 -81.71 323.54 327.97
121.02 -91.63 328.39 332.89
118.56 -94.13 333.32 337.88
116.06 -104.34 338.32 342.95
118.56 -109.38 333.32 337.88
121.02 -114.34 328.39 332.89
126.03 -116.83 333.32 337.88
128.49 -121.79 328.39 332.89
133.49 -124.29 333.32 337.88
143.31 -121.79 328.39 332.89
140.85 -131.86 333.32 337.88
150.67 -129.36 328.39 332.89
153.10 -126.90 323.54 327.97
162.63 -124.48 318.76 323.12
164.98 -122.09 314.05 318.35
167.30 -119.74 309.41 313.64
164.98 -122.09 314.05 318.35
174.23 -119.74 309.41 313.64
171.91 -122.09 314.05 318.35
174.23 -119.74 309.41 313.64
171.91 -122.09 314.05 318.35
169.56 -124.48 318.76 323.12
171.91 -122.09 314.05 318.35
174.23 -119.74 309.41 313.64
171.91 -129.22 314.05 318.35
174.23 -126.87 309.41 313.64
171.91 -129.22 314.05 318.35
