225.00 135.00 61.00 71.00
224.54 136.08 61.91 72.06
226.37 138.20 61.00 71.00
228.68 137.67 61.91 72.06
229.63 137.13 62.84 73.15
230.09 139.29 61.91 72.06
228.22 138.75 62.84 73.15
223.14 134.44 61.91 72.06
222.23 130.20 61.00 71.00
222.68 126.03 60.10 69.95
220.47 121.91 59.21 68.92
218.29 119.38 58.34 67.90
216.15 116.89 57.47 66.90
196.12 93.57 58.34 67.90
193.03 88.43 59.21 68.92
193.46 87.42 58.34 67.90
193.90 86.42 57.47 66.90
194.32 85.44 56.62 65.91
194.74 84.47 55.79 64.93
195.59 83.99 56.62 65.91
193.88 83.49 57.47 66.90
195.57 85.46 56.62 65.91
195.14 87.96 57.47 66.90
196.02 90.50 58.34 67.90
195.58 93.08 59.21 68.92
195.14 97.27 60.10 69.95
196.05 101.51 61.00 71.00
196.98 104.21 61.91 72.07
197.93 105.31 62.84 73.15
200.31 104.76 63.79 74.24
202.19 103.67 62.84 73.15
204.04 100.98 61.91 72.07
205.87 95.15 61.00 71.00
206.80 88.16 61.91 72.07
208.62 82.33 61.00 71.00
210.42 76.59 60.10 69.95
211.33 71.29 61.00 71.00
213.13 68.69 60.10 69.95
214.05 66.57 61.00 71.00
215.84 67.09 60.10 69.95
216.76 68.16 61.00 71.00
216.30 69.24 61.91 72.07
217.24 71.98 62.84 73.15
217.71 77.36 61.91 72.07
217.24 81.74 62.84 73.15
217.71 87.12 61.91 72.07
219.53 92.42 61.00 71.00
221.33 99.22 60.10 69.95
222.25 105.05 61.00 71.00
221.79 112.59 61.91 72.07
222.73 118.61 62.84 73.15
222.26 118.06 63.79 74.24
223.23 117.50 64.74 75.36
226.57 114.73 63.79 74.24
228.99 107.42 64.74 75.36
232.33 101.33 63.79 74.24
235.61 95.32 62.84 73.15
236.57 88.12 63.79 74.24
238.45 80.48 62.84 73.15
238.91 77.79 61.91 72.07
240.74 79.91 61.00 71.00
241.19 85.14 60.10 69.95
241.63 88.74 59.21 68.92
243.38 89.25 58.34 67.90
245.10 91.25 57.47 66.90
244.66 92.27 58.34 67.90
246.38 92.77 57.47 66.90
248.08 94.74 56.62 65.91
247.65 94.25 57.47 66.90
247.22 95.27 58.34 67.90
248.11 96.30 59.21 68.92
247.66 98.92 60.10 69.95
249.43 104.07 59.21 68.92
248.99 108.25 60.10 69.95
248.54 109.32 61.00 71.00
248.08 110.40 61.91 72.07
247.62 106.58 62.84 73.15
249.47 103.89 61.91 72.07
250.41 98.44 62.84 73.15
250.88 90.91 61.91 72.07
252.70 81.90 61.00 71.00
254.50 73.02 60.10 69.95
255.41 64.54 61.00 71.00
257.21 60.37 60.10 69.95
258.98 57.80 59.21 68.92
259.42 55.26 58.34 67.90
261.14 54.27 57.47 66.90
262.83 53.28 56.62 65.91
264.50 53.77 55.79 64.93
266.14 57.12 54.96 63.97
266.55 59.00 54.15 63.03
266.14 62.83 54.96 63.97
265.73 66.71 55.79 64.93
265.31 70.65 56.62 65.91
263.60 74.65 57.47 66.90
261.86 80.24 58.34 67.90
258.77 84.36 59.21 68.92
255.63 90.11 60.10 69.95
252.45 94.36 61.00 71.00
249.22 93.82 61.91 72.07
243.12 88.37 62.84 73.15
238.37 84.49 63.79 74.24
236.44 75.50 64.74 75.36
235.95 66.36 65.71 76.49
238.45 58.83 66.70 77.63
241.88 52.56 65.71 76.49
243.82 48.06 64.74 75.36
245.73 46.95 63.79 74.24
248.15 49.77 64.74 75.36
251.49 56.98 63.79 74.24
253.36 62.44 62.84 73.15
253.83 67.83 61.91 72.07
254.77 70.56 62.84 73.15
254.30 73.34 63.79 74.24
253.82 74.47 64.74 75.36
251.87 73.91 65.71 76.49
249.88 73.33 66.70 77.63
247.86 72.75 67.70 78.80
245.81 73.95 68.72 79.98
243.29 76.31 67.70 78.80
242.30 82.11 66.70 77.63
240.28 85.05 67.70 78.80
238.23 86.25 68.72 79.98
237.72 85.65 69.75 81.18
237.19 83.20 70.79 82.40
240.84 78.35 69.75 81.18
243.49 70.36 70.79 82.40
248.70 63.70 69.75 81.18
252.29 58.92 68.72 79.98
255.83 55.98 67.70 78.80
259.32 56.56 66.70 77.63
262.76 60.56 65.71 76.49
266.15 67.88 64.74 75.36
267.13 75.88 65.71 76.49
268.13 80.53 66.70 77.63
267.63 85.24 67.70 78.80
268.66 88.23 68.72 79.98
266.59 89.45 69.75 81.18
267.10 90.05 68.72 79.98
263.46 89.45 69.75 81.18
260.90 90.05 68.72 79.98
257.26 91.27 69.75 81.18
254.70 91.87 68.72 79.98
252.17 94.22 67.70 78.80
245.51 95.43 68.72 79.98
238.74 98.46 69.75 81.18
233.46 99.70 70.79 82.40
231.32 97.21 71.85 83.63
230.78 90.88 72.93 84.89
231.89 84.45 74.03 86.16
233.02 75.97 75.14 87.45
236.89 66.96 74.03 86.16
243.97 58.09 72.93 84.89
247.73 53.10 71.85 83.63
251.43 55.56 70.79 82.40
253.52 61.63 69.75 81.18
255.57 69.39 68.72 79.98
256.08 77.04 67.70 78.80
255.09 84.58 66.70 77.63
254.59 89.30 67.70 78.80
253.59 91.62 66.70 77.63
251.58 91.04 67.70 78.80
247.99 90.44 68.72 79.98
244.35 88.03 69.75 81.18
240.66 85.57 70.79 82.40
238.05 84.36 69.75 81.18
233.95 84.96 68.72 79.98
230.31 88.00 69.75 81.18
225.03 87.39 70.79 82.40
221.28 92.39 71.85 83.63
219.11 93.67 72.93 84.89
216.90 91.10 74.03 86.16
218.03 88.49 75.14 87.45
217.47 79.89 76.26 88.77
220.36 73.16 77.41 90.10
226.06 63.89 76.26 88.77
229.99 56.71 75.14 87.45
235.52 53.49 74.03 86.16
239.34 56.03 72.93 84.89
241.48 58.53 71.85 83.63
242.01 64.69 70.79 82.40
244.10 70.75 69.75 81.18
244.62 76.73 68.72 79.98
245.66 81.58 69.75 81.18
243.55 84.67 70.79 82.40
241.41 85.92 71.85 83.63
240.36 88.38 70.79 82.40
239.32 88.99 69.75 81.18
236.76 89.59 68.72 79.98
234.68 92.63 69.75 81.18
230.98 93.87 70.79 82.40
228.84 97.00 71.85 83.63
223.40 96.37 72.93 84.89
217.88 95.73 74.03 86.16
215.64 93.13 75.14 87.45
212.88 91.84 74.03 86.16
213.43 86.78 72.93 84.89
215.58 79.91 71.85 83.63
216.11 71.30 70.79 82.40
216.63 62.81 69.75 81.18
215.61 54.46 68.72 79.98
214.60 47.99 67.70 78.80
214.09 43.81 68.72 79.98
213.08 42.64 67.70 78.80
212.57 42.05 68.72 79.98
213.08 44.40 67.70 78.80
212.57 45.60 68.72 79.98
214.60 49.73 67.70 78.80
215.10 53.79 66.70 77.63
214.60 58.50 67.70 78.80
214.09 63.28 68.72 79.98
214.60 69.17 67.70 78.80
215.10 74.97 66.70 77.63
214.60 81.45 67.70 78.80
215.63 86.23 68.72 79.98
217.65 92.12 67.70 78.80
218.69 96.90 68.72 79.98
219.73 98.12 69.75 81.18
221.79 100.51 68.72 79.98
222.83 96.27 69.75 81.18
223.90 90.13 70.79 82.40
227.55 83.46 69.75 81.18
228.61 75.47 70.79 82.40
230.69 68.81 69.75 81.18
230.17 62.66 70.79 82.40
231.25 54.55 71.85 83.63
232.34 46.32 72.93 84.89
234.49 41.32 71.85 83.63
237.22 33.09 72.93 84.89
238.33 26.66 74.03 86.16
241.14 22.10 75.14 87.45
242.29 19.45 76.26 88.77
243.45 16.77 77.41 90.10
244.63 18.14 78.57 91.45
246.94 18.82 77.41 90.10
248.12 20.19 78.57 91.45
247.53 21.58 79.75 92.82
248.75 25.11 80.94 94.21
248.14 28.69 82.16 95.63
249.39 32.32 83.39 97.06
250.01 39.46 82.16 95.63
247.53 45.27 83.39 97.06
245.00 48.95 84.64 98.52
240.52 45.97 85.91 99.99
237.36 42.30 84.64 98.52
230.95 34.84 85.91 99.99
226.40 27.27 87.20 101.49
221.28 21.30 85.91 99.99
216.22 19.83 84.64 98.52
211.24 18.39 83.39 97.06
208.18 19.10 82.16 95.63
203.83 20.56 83.39 97.06
202.60 23.42 82.16 95.63
199.58 26.24 80.94 94.21
196.61 26.93 79.75 92.82
192.38 30.46 80.94 94.21
189.41 33.23 79.75 92.82
186.48 38.01 78.57 91.45
183.59 40.71 77.41 90.10
179.49 44.13 78.57 91.45
176.60 48.84 77.41 90.10
172.50 52.26 78.57 91.45
166.56 55.74 79.75 92.82
160.52 61.37 80.94 94.21
158.07 67.09 82.16 95.63
159.32 68.55 83.39 97.06
162.49 67.82 84.64 98.52
163.78 62.60 85.91 99.99
165.09 55.03 87.20 101.49
169.58 46.82 85.91 99.99
172.84 36.98 87.20 101.49
179.26 28.77 85.91 99.99
183.69 22.89 84.64 98.52
189.92 19.27 83.39 97.06
191.19 16.33 84.64 98.52
197.42 14.88 83.39 97.06
200.58 11.95 84.64 98.52
206.81 10.50 83.39 97.06
211.87 9.78 84.64 98.52
216.24 8.33 83.39 97.06
219.40 9.81 84.64 98.52
223.76 12.71 83.39 97.06
225.03 16.40 84.64 98.52
226.32 20.14 85.91 99.99
229.59 23.93 87.20 101.49
230.91 32.40 88.51 103.02
231.57 42.26 87.20 101.49
234.14 49.73 85.91 99.99
230.98 57.09 84.64 98.52
224.57 60.83 85.91 99.99
216.11 60.08 87.20 101.49
207.53 50.09 88.51 103.02
202.84 37.60 89.84 104.56
197.56 24.53 88.51 103.02
190.86 14.39 89.84 104.56
185.57 8.24 88.51 103.02
180.37 6.73 87.20 101.49
175.24 7.48 85.91 99.99
172.08 8.21 84.64 98.52
168.97 11.12 83.39 97.06
167.75 13.98 82.16 95.63
166.54 16.79 80.94 94.21
162.25 18.23 82.16 95.63
157.90 21.86 83.39 97.06
156.68 24.72 82.16 95.63
155.47 29.65 80.94 94.21
154.28 34.50 79.75 92.82
153.11 41.33 78.57 91.45
151.96 46.04 77.41 90.10
149.11 54.66 76.26 88.77
147.99 63.16 75.14 87.45
145.72 72.44 76.26 88.77
145.15 73.79 77.41 90.10
146.33 73.12 78.57 91.45
147.53 68.27 79.75 92.82
150.56 59.14 80.94 94.21
153.63 47.72 82.16 95.63
156.05 35.76 80.94 94.21
159.12 24.35 82.16 95.63
163.36 18.72 80.94 94.21
164.59 13.73 82.16 95.63
168.82 10.22 80.94 94.21
170.06 9.51 82.16 95.63
174.29 10.22 80.94 94.21
175.52 9.51 82.16 95.63
179.76 10.22 80.94 94.21
180.99 11.65 82.16 95.63
183.41 12.36 80.94 94.21
184.64 13.79 82.16 95.63
184.03 17.43 83.39 97.06
183.40 18.90 84.64 98.52
182.77 24.89 85.91 99.99
182.12 28.68 87.20 101.49
184.69 38.39 85.91 99.99
184.05 44.46 87.20 101.49
184.69 49.69 85.91 99.99
184.05 51.22 87.20 101.49
181.41 50.45 88.51 103.02
178.73 47.34 89.84 104.56
179.40 43.50 88.51 103.02
176.72 35.70 89.84 104.56
177.39 29.55 88.51 103.02
174.71 24.09 89.84 104.56
174.04 20.93 91.18 106.13
174.71 19.37 89.84 104.56
171.99 18.59 91.18 106.13
172.67 19.37 89.84 104.56
171.35 20.14 88.51 103.02
170.68 19.37 89.84 104.56
169.37 20.14 88.51 103.02
168.70 19.37 89.84 104.56
165.99 18.59 91.18 106.13
166.66 21.71 89.84 104.56
163.94 20.93 91.18 106.13
162.60 24.06 89.84 104.56
159.89 28.03 91.18 106.13
158.55 35.84 89.84 104.56
155.25 48.15 88.51 103.02
152.00 58.00 87.20 101.49
148.79 67.71 85.91 99.99
145.63 75.07 84.64 98.52
144.39 82.32 83.39 97.06
141.33 89.47 82.16 95.63
138.84 93.10 83.39 97.06
134.43 94.58 84.64 98.52
