347.00 58.00 103.00 251.00
345.49 59.85 101.48 247.29
344.73 58.00 103.00 251.00
340.94 59.85 101.48 247.29
337.87 58.00 103.00 251.00
334.09 59.85 101.48 247.29
331.02 63.62 103.00 251.00
324.96 65.48 101.48 247.29
321.23 67.30 99.98 243.64
318.21 65.48 101.48 247.29
316.72 67.30 99.98 243.64
311.42 65.48 101.48 247.29
314.41 67.30 99.98 243.64
315.15 69.10 98.50 240.04
313.71 70.88 97.04 236.49
314.42 72.63 95.61 232.99
309.36 65.58 97.04 236.49
306.42 58.43 98.50 240.04
298.97 51.17 99.98 243.64
295.94 49.35 101.48 247.29
295.18 47.49 103.00 251.00
296.75 45.61 104.55 254.77
291.21 43.70 106.11 258.59
294.34 45.61 104.55 254.77
295.93 43.70 106.11 258.59
295.14 35.88 107.70 262.47
296.78 33.91 109.32 266.40
305.90 31.91 110.96 270.40
316.52 33.91 109.32 266.40
320.67 31.91 110.96 270.40
314.79 23.74 112.62 274.45
308.82 15.44 114.31 278.57
302.77 7.02 116.03 282.75
299.26 4.89 117.77 286.99
295.70 2.74 119.54 291.30
286.65 -6.07 121.33 295.67
280.22 -8.28 123.15 300.10
276.50 -10.53 125.00 304.60
271.90 -1.56 123.15 300.10
268.18 -10.63 125.00 304.60
267.24 -12.92 126.87 309.17
266.29 -15.24 128.77 313.81
301.35 -12.92 126.87 309.17
305.08 -10.63 125.00 304.60
309.83 -5.99 126.87 309.17
305.17 -3.71 125.00 304.60
314.37 5.26 123.15 300.10
312.56 7.48 121.33 295.67
308.89 -1.46 123.15 300.10
312.52 0.76 121.33 295.67
332.16 15.99 119.54 291.30
330.40 18.15 117.77 286.99
333.87 20.27 116.03 282.75
338.28 18.15 117.77 286.99
344.35 26.60 116.03 282.75
346.11 24.48 117.77 286.99
346.98 20.27 116.03 282.75
352.96 28.60 114.31 278.57
353.81 24.51 112.62 274.45
355.52 22.45 114.31 278.57
357.27 20.36 116.03 282.75
353.76 18.24 117.77 286.99
349.43 14.03 116.03 282.75
345.92 11.91 117.77 286.99
341.59 14.03 116.03 282.75
338.09 11.91 117.77 286.99
336.36 14.03 116.03 282.75
330.21 11.91 117.77 286.99
323.28 14.03 116.03 282.75
324.14 16.12 114.31 278.57
315.49 14.03 116.03 282.75
311.98 11.91 117.77 286.99
307.65 7.69 116.03 282.75
308.51 16.02 114.31 278.57
304.31 18.08 112.62 274.45
300.90 16.02 114.31 278.57
296.70 18.08 112.62 274.45
295.05 20.11 110.96 270.40
289.17 18.08 112.62 274.45
290.00 20.11 110.96 270.40
286.65 18.08 112.62 274.45
285.80 16.02 114.31 278.57
286.65 18.08 112.62 274.45
285.80 9.78 114.31 278.57
294.21 17.99 112.62 274.45
297.53 20.02 110.96 270.40
301.75 17.99 112.62 274.45
298.34 15.93 114.31 278.57
297.48 13.84 116.03 282.75
296.61 11.72 117.77 286.99
297.48 13.84 116.03 282.75
293.97 11.72 117.77 286.99
293.09 9.57 119.54 291.30
291.34 11.72 117.77 286.99
294.81 13.84 116.03 282.75
293.94 11.72 117.77 286.99
293.05 9.57 119.54 291.30
293.94 11.72 117.77 286.99
295.73 9.57 119.54 291.30
294.83 7.38 121.33 295.67
293.92 5.16 123.15 300.10
292.12 0.76 121.33 295.67
285.69 -1.46 123.15 300.10
283.88 0.76 121.33 295.67
279.42 -3.58 119.54 291.30
277.67 -1.43 117.77 286.99
271.43 -3.58 119.54 291.30
265.10 -5.77 121.33 295.67
263.32 -3.58 119.54 291.30
259.70 -5.77 121.33 295.67
256.03 -7.98 123.15 300.10
255.11 -10.23 125.00 304.60
256.03 -7.98 123.15 300.10
259.66 -5.77 121.33 295.67
260.56 -3.58 119.54 291.30
262.38 -5.77 121.33 295.67
265.95 -3.58 119.54 291.30
269.47 -1.43 117.77 286.99
278.14 0.69 116.03 282.75
279.91 -1.43 117.77 286.99
285.98 0.69 116.03 282.75
289.40 2.78 114.31 278.57
293.74 7.03 116.03 282.75
297.15 2.87 114.31 278.57
300.52 4.93 112.62 274.45
302.24 2.87 114.31 278.57
306.58 7.12 116.03 282.75
308.35 5.00 117.77 286.99
309.22 7.12 116.03 282.75
310.98 5.00 117.77 286.99
310.10 2.85 119.54 291.30
309.20 -5.96 121.33 295.67
310.10 -3.78 119.54 291.30
310.98 -1.62 117.77 286.99
312.78 -3.78 119.54 291.30
316.30 -1.62 117.77 286.99
317.17 -5.84 116.03 282.75
316.30 -7.96 117.77 286.99
309.37 -12.17 116.03 282.75
307.67 -10.08 114.31 278.57
299.02 -18.50 116.03 282.75
295.51 -20.63 117.77 286.99
291.18 -18.50 116.03 282.75
290.31 -20.63 117.77 286.99
289.43 -22.78 119.54 291.30
292.95 -20.63 117.77 286.99
292.06 -29.30 119.54 291.30
292.95 -27.15 117.77 286.99
289.39 -35.83 119.54 291.30
291.21 -38.01 121.33 295.67
292.10 -42.35 119.54 291.30
292.99 -40.20 117.77 286.99
291.26 -38.08 116.03 282.75
289.55 -35.99 114.31 278.57
290.40 -33.93 112.62 274.45
291.23 -31.90 110.96 270.40
292.05 -29.91 109.32 266.40
295.27 -27.94 107.70 262.47
303.20 -31.79 106.11 258.59
307.23 -33.73 107.70 262.47
311.32 -41.67 109.32 266.40
309.71 -33.82 107.70 262.47
305.76 -37.67 106.11 258.59
306.54 -35.76 104.55 254.77
305.00 -33.88 103.00 251.00
305.77 -26.48 101.48 247.29
317.71 -30.11 99.98 243.64
318.45 -28.31 98.50 240.04
323.53 -26.54 97.04 236.49
327.21 -28.31 98.50 240.04
332.29 -31.84 97.04 236.49
331.56 -33.61 98.50 240.04
332.29 -31.84 97.04 236.49
331.56 -33.61 98.50 240.04
330.11 -31.84 97.04 236.49
330.83 -30.09 95.61 232.99
333.65 -28.37 94.20 229.55
336.42 -26.67 92.81 226.16
339.16 -25.00 91.43 222.82
339.83 -23.35 90.08 219.52
341.20 -25.00 91.43 222.82
340.52 -26.67 92.81 226.16
343.25 -25.00 91.43 222.82
342.57 -31.74 92.81 226.16
341.87 -33.43 94.20 229.55
342.57 -31.74 92.81 226.16
341.87 -33.43 94.20 229.55
342.57 -31.74 92.81 226.16
341.87 -33.43 94.20 229.55
342.57 -31.74 92.81 226.16
343.25 -30.07 91.43 222.82
342.57 -36.80 92.81 226.16
343.25 -35.13 91.43 222.82
343.93 -33.49 90.08 219.52
348.57 -31.86 88.75 216.28
353.14 -30.27 87.44 213.08
353.79 -28.69 86.15 209.93
351.18 -30.27 87.44 213.08
350.53 -31.86 88.75 216.28
347.27 -25.49 87.44 213.08
344.62 -27.09 88.75 216.28
343.96 -28.71 90.08 219.52
346.61 -27.09 88.75 216.28
343.93 -23.80 90.08 219.52
341.20 -25.44 91.43 222.82
340.52 -22.05 92.81 226.16
339.82 -23.74 94.20 229.55
339.12 -25.47 95.61 232.99
338.40 -27.21 97.04 236.49
335.46 -34.36 98.50 240.04
334.73 -36.16 99.98 243.64
335.46 -39.74 98.50 240.04
334.73 -41.54 99.98 243.64
335.46 -39.74 98.50 240.04
336.19 -43.26 97.04 236.49
341.19 -41.52 95.61 232.99
344.01 -39.79 94.20 229.55
348.86 -38.10 92.81 226.16
350.28 -39.79 94.20 229.55
353.85 -41.52 95.61 232.99
356.67 -39.79 94.20 229.55
358.11 -36.30 95.61 232.99
357.39 -32.75 97.04 236.49
355.96 -31.00 95.61 232.99
356.67 -34.42 94.20 229.55
361.52 -32.72 92.81 226.16
362.94 -34.42 94.20 229.55
369.87 -32.72 92.81 226.16
371.28 -34.42 94.20 229.55
376.14 -32.72 92.81 226.16
376.82 -31.05 91.43 222.82
371.45 -29.41 90.08 219.52
368.14 -27.78 88.75 216.28
357.04 -21.41 87.44 213.08
353.83 -15.14 86.15 209.93
347.30 -16.71 87.44 213.08
347.95 -10.43 86.15 209.93
344.78 -13.52 84.87 206.83
342.22 -19.77 86.15 209.93
341.57 -11.80 87.44 213.08
342.22 -5.52 86.15 209.93
333.74 -2.32 87.44 213.08
330.52 -5.45 86.15 209.93
329.88 -7.02 87.44 213.08
329.22 -8.62 88.75 216.28
324.52 -10.24 90.08 219.52
321.21 -8.62 88.75 216.28
314.03 -7.02 87.44 213.08
312.75 -5.45 86.15 209.93
310.14 -7.02 87.44 213.08
313.46 -8.62 88.75 216.28
316.83 -10.24 90.08 219.52
312.06 -6.90 91.43 222.82
303.06 -3.51 92.81 226.16
302.36 -5.20 94.20 229.55
307.22 -3.51 92.81 226.16
307.90 -1.83 91.43 222.82
307.22 -3.51 92.81 226.16
304.41 -0.06 94.20 229.55
303.71 3.44 95.61 232.99
305.16 1.69 97.04 236.49
304.43 -0.08 98.50 240.04
305.94 -1.88 99.98 243.64
307.46 -3.71 101.48 247.29
311.31 -5.57 103.00 251.00
312.88 -7.45 104.55 254.77
314.47 -9.36 106.11 258.59
316.09 -11.30 107.70 262.47
317.73 -7.30 109.32 266.40
319.40 -9.30 110.96 270.40
320.22 -7.30 109.32 266.40
319.40 -9.30 110.96 270.40
316.04 -11.33 112.62 274.45
310.08 -13.38 114.31 278.57
308.40 -11.33 112.62 274.45
304.26 -9.30 110.96 270.40
303.43 -11.33 112.62 274.45
300.02 -13.38 114.31 278.57
300.87 -11.33 112.62 274.45
299.21 -9.30 110.96 270.40
297.58 -7.30 109.32 266.40
295.98 -5.33 107.70 262.47
294.40 -3.39 106.11 258.59
288.16 -1.48 104.55 254.77
284.32 0.40 103.00 251.00
276.52 -1.48 104.55 254.77
273.36 2.40 106.11 258.59
267.74 0.46 107.70 262.47
266.93 -1.51 109.32 266.40
266.11 -3.50 110.96 270.40
267.80 -11.68 112.62 274.45
266.95 -13.74 114.31 278.57
267.80 -11.68 112.62 274.45
277.20 -13.74 114.31 278.57
281.54 -15.83 116.03 282.75
284.95 -13.74 114.31 278.57
285.80 -11.68 112.62 274.45
284.95 -7.50 114.31 278.57
284.10 -3.25 116.03 282.75
280.59 -5.38 117.77 286.99
279.71 -14.05 119.54 291.30
278.81 -16.24 121.33 295.67
275.14 -11.73 123.15 300.10
276.05 -9.52 121.33 295.67
272.38 -11.73 123.15 300.10
271.46 -13.98 125.00 304.60
270.52 -16.27 126.87 309.17
272.45 -18.59 128.77 313.81
271.49 -20.94 130.71 318.52
269.57 -18.59 128.77 313.81
265.68 -20.94 130.71 318.52
260.87 -18.59 128.77 313.81
259.91 -20.94 130.71 318.52
258.93 -23.33 132.67 323.29
259.91 -20.94 130.71 318.52
266.64 -18.59 128.77 313.81
268.60 -20.94 130.71 318.52
272.45 -18.59 128.77 313.81
273.41 -16.27 126.87 309.17
272.45 -11.56 128.77 313.81
273.41 -9.24 126.87 309.17
272.45 -11.56 128.77 313.81
268.56 -13.91 130.71 318.52
261.64 -9.06 132.67 323.29
259.69 -6.67 130.71 318.52
257.77 -4.32 128.77 313.81
255.88 -2.00 126.87 309.17
259.62 0.29 125.00 304.60
263.30 2.54 123.15 300.10
267.98 0.29 125.00 304.60
267.04 -2.00 126.87 309.17
268.97 -4.32 128.77 313.81
272.76 -2.00 126.87 309.17
279.30 0.29 125.00 304.60
280.23 9.26 123.15 300.10
273.70 7.01 125.00 304.60
274.63 9.26 123.15 300.10
276.50 7.01 125.00 304.60
275.56 4.73 126.87 309.17
276.50 7.01 125.00 304.60
277.43 9.26 123.15 300.10
275.62 18.10 121.33 295.67
271.95 15.88 123.15 300.10
268.23 13.63 125.00 304.60
267.29 18.27 126.87 309.17
262.63 20.56 125.00 304.60
260.79 22.81 123.15 300.10
261.70 31.65 121.33 295.67
260.79 29.43 123.15 300.10
259.87 27.18 125.00 304.60
258.03 36.15 123.15 300.10
258.94 38.37 121.33 295.67
255.27 36.15 123.15 300.10
254.35 33.90 125.00 304.60
253.41 31.62 126.87 309.17
252.46 29.30 128.77 313.81
248.57 26.95 130.71 318.52
244.62 24.56 132.67 323.29
240.60 14.78 134.66 328.14
236.53 12.32 136.68 333.06
235.51 2.25 138.73 338.06
231.31 7.40 140.81 343.13
233.46 4.83 142.92 348.28
235.64 2.97 145.06 352.00
237.85 2.97 147.24 352.00
236.74 2.97 149.45 352.00
241.14 13.34 147.24 346.80
243.39 10.74 149.45 352.00
247.79 13.34 147.24 346.80
246.69 10.74 149.45 352.00
247.79 13.34 147.24 346.80
252.13 15.90 145.06 341.67
260.93 13.34 147.24 346.80
263.18 10.74 149.45 352.00
274.18 13.34 147.24 346.80
276.42 10.74 149.45 352.00
282.09 10.74 151.69 352.00
280.96 10.74 153.96 352.00
276.30 10.74 156.27 352.00
275.13 10.74 158.62 352.00
279.80 13.34 156.27 346.80
284.41 15.90 153.96 341.67
286.75 13.34 156.27 346.80
285.58 10.74 158.62 352.00
283.25 13.34 156.27 346.80
280.96 15.90 153.96 341.67
278.70 18.42 151.69 336.62
279.82 20.91 149.45 331.65
278.70 18.42 151.69 336.62
277.56 8.25 153.96 341.67
283.41 5.68 156.27 346.80
288.01 8.25 153.96 341.67
285.75 10.77 151.69 336.62
281.16 8.25 153.96 341.67
280.01 5.68 156.27 346.80
284.61 8.25 153.96 341.67
283.46 5.68 156.27 346.80
288.06 8.25 153.96 341.67
248.40 13.45 156.27 346.80
246.11 16.01 153.96 341.67
247.24 18.54 151.69 336.62
251.71 21.03 149.45 331.65
243.80 18.54 151.69 336.62
244.92 21.03 149.45 331.65
243.80 18.54 151.69 336.62
251.61 21.03 149.45 331.65
250.49 11.00 151.69 336.62
251.61 13.49 149.45 331.65
249.42 23.26 147.24 326.75
244.97 20.80 149.45 331.65
237.05 18.32 151.69 336.62
234.82 20.80 149.45 331.65
229.33 23.26 147.24 326.75
224.88 20.80 149.45 331.65
219.39 23.26 147.24 326.75
213.98 25.67 145.06 321.92
208.64 28.05 142.92 317.16
206.55 30.39 140.81 312.47
199.09 28.05 142.92 317.16
196.99 30.39 140.81 312.47
192.73 35.15 142.92 317.16
191.66 32.77 145.06 321.92
190.57 30.36 147.24 326.75
189.47 27.91 149.45 331.65
187.27 30.36 147.24 326.75
186.17 27.91 149.45 331.65
181.65 25.42 151.69 336.62
176.08 27.91 149.45 331.65
171.56 17.88 151.69 336.62
172.68 20.37 149.45 331.65
171.56 17.88 151.69 336.62
176.03 20.37 149.45 331.65
174.91 25.42 151.69 336.62
176.03 27.91 149.45 331.65
177.13 30.36 147.24 326.75
172.68 27.91 149.45 331.65
171.56 17.88 151.69 336.62
169.33 27.80 149.45 331.65
170.44 30.25 147.24 326.75
171.52 32.66 145.06 321.92
172.60 35.04 142.92 317.16
170.50 37.38 140.81 312.47
180.86 39.69 138.73 307.86
186.13 37.38 140.81 312.47
197.88 35.04 142.92 317.16
200.05 32.66 145.06 321.92
195.67 30.25 147.24 326.75
194.56 27.80 149.45 331.65
192.37 30.25 147.24 326.75
191.27 27.80 149.45 331.65
192.37 30.25 147.24 326.75
187.92 27.80 149.45 331.65
185.72 30.25 147.24 326.75
186.81 32.66 145.06 321.92
184.68 35.04 142.92 317.16
183.61 32.66 145.06 321.92
184.68 35.04 142.92 317.16
183.61 32.66 145.06 321.92
184.68 35.04 142.92 317.16
185.74 37.38 140.81 312.47
187.88 35.04 142.92 317.16
186.81 32.66 145.06 321.92
194.29 35.04 142.92 317.16
198.50 37.38 140.81 312.47
205.75 39.69 138.73 307.86
209.84 41.97 136.68 303.31
215.03 39.69 138.73 307.86
222.18 41.97 136.68 303.31
224.26 39.69 138.73 307.86
226.37 37.38 140.81 312.47
228.52 35.04 142.92 317.16
229.58 37.38 140.81 312.47
234.92 35.04 142.92 317.16
