122.00 51.00 51.00 61.00
122.38 51.45 50.25 60.10
122.00 52.37 51.00 61.00
122.38 52.82 50.25 60.10
122.75 54.59 49.50 59.21
122.38 55.49 50.25 60.10
122.75 57.26 49.50 59.21
122.38 56.82 50.25 60.10
121.64 58.59 49.50 59.21
121.27 58.14 50.25 60.10
121.64 59.91 49.50 59.21
121.27 59.47 50.25 60.10
121.64 59.91 49.50 59.21
121.27 59.47 50.25 60.10
121.64 59.91 49.50 59.21
120.14 60.81 50.25 60.10
120.51 61.26 49.50 59.21
120.14 60.81 50.25 60.10
120.51 61.26 49.50 59.21
120.88 63.00 48.77 58.34
120.51 62.57 49.50 59.21
119.79 63.00 48.77 58.34
119.42 62.57 49.50 59.21
119.05 62.12 50.25 60.10
119.42 62.57 49.50 59.21
119.05 63.47 50.25 60.10
118.31 63.91 49.50 59.21
118.68 64.35 48.77 58.34
118.31 63.91 49.50 59.21
118.68 64.35 48.77 58.34
117.20 62.59 49.50 59.21
116.48 63.02 48.77 58.34
115.00 62.59 49.50 59.21
113.18 61.72 48.77 58.34
110.60 61.28 49.50 59.21
107.98 59.49 50.25 60.10
107.24 59.93 49.50 59.21
106.51 59.06 48.77 58.34
105.04 58.63 49.50 59.21
105.40 59.06 48.77 58.34
105.04 58.63 49.50 59.21
105.40 57.76 48.77 58.34
106.84 58.19 48.05 57.47
108.26 57.34 47.34 56.62
108.98 55.63 48.05 57.47
110.39 56.06 47.34 56.62
111.11 54.34 48.05 57.47
112.53 53.50 47.34 56.62
113.25 54.36 48.05 57.47
113.61 54.79 47.34 56.62
114.33 55.65 48.05 57.47
113.97 56.53 48.77 58.34
114.33 58.25 48.05 57.47
113.97 60.43 48.77 58.34
113.60 62.64 49.50 59.21
113.23 63.54 50.25 60.10
114.71 66.64 49.50 59.21
114.34 68.89 50.25 60.10
113.60 70.66 49.50 59.21
113.97 72.40 48.77 58.34
113.60 74.62 49.50 59.21
112.10 76.87 50.25 60.10
111.73 77.78 51.00 61.00
111.34 78.71 51.76 61.91
110.96 79.66 52.54 62.84
112.50 81.51 51.76 61.91
114.03 81.96 51.00 61.00
115.97 82.89 51.76 61.91
117.49 83.35 51.00 61.00
118.99 85.15 50.25 60.10
119.76 84.70 51.00 61.00
121.70 84.24 51.76 61.91
123.22 84.70 51.00 61.00
124.72 85.15 50.25 60.10
126.20 84.27 49.50 59.21
125.83 82.48 50.25 60.10
124.31 80.66 51.00 61.00
123.93 77.43 51.76 61.91
124.31 76.52 51.00 61.00
122.77 73.29 51.76 61.91
123.15 71.01 51.00 61.00
122.40 70.12 50.25 60.10
122.78 69.23 49.50 59.21
123.14 68.37 48.77 58.34
122.78 67.93 49.50 59.21
123.14 67.06 48.77 58.34
122.78 66.62 49.50 59.21
122.40 66.18 50.25 60.10
122.78 65.29 49.50 59.21
122.05 64.43 48.77 58.34
121.68 63.99 49.50 59.21
120.96 63.12 48.77 58.34
120.24 62.26 48.05 57.47
117.69 60.52 48.77 58.34
116.98 59.67 48.05 57.47
114.43 57.93 48.77 58.34
112.64 58.36 48.05 57.47
110.88 57.52 47.34 56.62
109.14 57.94 46.64 55.79
107.73 57.52 47.34 56.62
105.99 57.94 46.64 55.79
105.30 58.35 45.95 54.96
104.96 57.94 46.64 55.79
104.27 57.12 45.95 54.96
103.93 56.71 46.64 55.79
103.24 57.12 45.95 54.96
102.90 56.71 46.64 55.79
102.55 56.29 47.34 56.62
103.94 56.71 46.64 55.79
104.65 56.29 47.34 56.62
104.30 55.86 48.05 57.47
105.71 56.29 47.34 56.62
106.43 57.15 48.05 57.47
107.85 57.57 47.34 56.62
108.57 58.44 48.05 57.47
109.30 59.31 48.77 58.34
110.05 60.20 49.50 59.21
111.51 61.95 48.77 58.34
112.25 62.83 49.50 59.21
112.61 63.27 48.77 58.34
112.25 64.16 49.50 59.21
111.88 65.06 50.25 60.10
112.25 65.51 49.50 59.21
111.88 65.06 50.25 60.10
113.36 66.83 49.50 59.21
114.82 67.27 48.77 58.34
115.18 68.99 48.05 57.47
114.82 68.56 48.77 58.34
113.34 66.79 49.50 59.21
112.97 66.35 50.25 60.10
114.45 66.79 49.50 59.21
114.08 66.35 50.25 60.10
114.45 65.47 49.50 59.21
114.08 65.02 50.25 60.10
114.45 65.47 49.50 59.21
114.08 66.37 50.25 60.10
114.45 66.81 49.50 59.21
112.95 66.37 50.25 60.10
113.32 66.81 49.50 59.21
111.83 66.37 50.25 60.10
111.09 66.81 49.50 59.21
110.36 67.25 48.77 58.34
108.89 65.49 49.50 59.21
107.39 65.04 50.25 60.10
105.54 65.49 49.50 59.21
102.92 65.04 50.25 60.10
102.18 65.49 49.50 59.21
101.81 65.04 50.25 60.10
102.18 65.49 49.50 59.21
101.81 65.04 50.25 60.10
102.18 65.49 49.50 59.21
102.94 65.04 50.25 60.10
103.31 66.81 49.50 59.21
104.06 66.37 50.25 60.10
104.44 66.81 49.50 59.21
104.06 67.72 50.25 60.10
105.54 68.16 49.50 59.21
105.91 68.60 48.77 58.34
106.65 68.16 49.50 59.21
106.28 67.72 50.25 60.10
106.65 68.16 49.50 59.21
106.28 67.72 50.25 60.10
107.76 68.16 49.50 59.21
107.39 67.72 50.25 60.10
107.76 66.83 49.50 59.21
107.39 66.39 50.25 60.10
107.76 66.83 49.50 59.21
107.39 66.39 50.25 60.10
107.76 66.83 49.50 59.21
107.39 66.39 50.25 60.10
107.76 66.83 49.50 59.21
106.27 66.39 50.25 60.10
106.64 66.83 49.50 59.21
105.91 67.27 48.77 58.34
105.54 65.51 49.50 59.21
104.82 65.95 48.77 58.34
105.18 66.38 48.05 57.47
103.73 65.95 48.77 58.34
104.09 66.38 48.05 57.47
104.44 65.53 47.34 56.62
103.01 65.11 48.05 57.47
103.36 65.53 47.34 56.62
103.71 65.95 46.64 55.79
103.36 65.53 47.34 56.62
103.71 67.20 46.64 55.79
104.06 67.61 45.95 54.96
103.38 68.02 45.27 54.15
103.72 68.42 44.60 53.35
103.38 68.02 45.27 54.15
103.72 68.42 44.60 53.35
104.40 68.02 45.27 54.15
104.73 68.42 44.60 53.35
104.40 68.02 45.27 54.15
104.73 68.42 44.60 53.35
106.05 68.81 43.95 52.56
105.72 68.42 44.60 53.35
107.03 69.99 43.95 52.56
106.70 69.60 44.60 53.35
107.03 69.99 43.95 52.56
107.36 71.54 43.30 51.78
107.68 71.92 42.66 51.02
108.33 72.70 43.30 51.78
108.00 72.31 43.95 52.56
108.33 73.86 43.30 51.78
109.60 74.24 42.66 51.02
109.28 73.86 43.30 51.78
109.60 74.24 42.66 51.02
109.92 75.74 42.03 50.27
109.30 76.12 41.40 49.52
108.99 75.74 42.03 50.27
108.67 76.51 42.66 51.02
108.05 76.89 42.03 50.27
108.36 77.26 41.40 49.52
108.05 76.89 42.03 50.27
107.43 77.26 41.40 49.52
107.12 76.89 42.03 50.27
107.43 77.26 41.40 49.52
107.74 76.53 40.79 48.79
106.50 76.17 41.40 49.52
106.81 76.53 40.79 48.79
107.11 76.89 40.19 48.07
106.52 77.25 39.60 47.36
106.81 76.55 39.01 46.66
105.63 76.20 39.60 47.36
105.93 76.55 39.01 46.66
105.35 75.87 38.43 45.97
104.19 75.52 39.01 46.66
104.48 75.87 38.43 45.97
103.92 76.21 37.87 45.29
103.63 74.84 38.43 45.97
103.34 74.49 39.01 46.66
103.63 74.84 38.43 45.97
103.34 74.49 39.01 46.66
103.63 75.87 38.43 45.97
104.22 75.52 39.01 46.66
103.92 76.23 39.60 47.36
103.63 75.88 40.19 48.07
103.92 77.29 39.60 47.36
103.63 76.94 40.19 48.07
103.33 76.58 40.79 48.79
103.63 76.94 40.19 48.07
102.41 76.58 40.79 48.79
103.03 76.21 41.40 49.52
102.72 75.84 42.03 50.27
103.36 75.46 42.66 51.02
103.68 75.84 42.03 50.27
103.36 75.46 42.66 51.02
103.04 75.08 43.30 51.78
103.36 75.46 42.66 51.02
103.04 76.24 43.30 51.78
103.36 75.48 42.66 51.02
102.07 75.10 43.30 51.78
101.75 73.53 43.95 52.56
102.07 72.76 43.30 51.78
101.44 70.86 42.66 51.02
101.12 69.32 43.30 51.78
100.79 67.75 43.95 52.56
101.12 65.82 43.30 51.78
101.44 65.06 42.66 51.02
101.12 62.36 43.30 51.78
101.44 60.45 42.66 51.02
101.12 58.91 43.30 51.78
101.44 57.01 42.66 51.02
100.15 54.30 43.30 51.78
100.47 52.40 42.66 51.02
100.15 50.86 43.30 51.78
100.47 48.96 42.66 51.02
100.15 47.41 43.30 51.78
99.82 45.85 43.95 52.56
101.12 43.92 43.30 51.78
101.44 43.16 42.66 51.02
101.75 43.53 42.03 50.27
101.44 43.16 42.66 51.02
102.09 43.93 43.30 51.78
102.75 44.72 43.95 52.56
104.04 46.27 43.30 51.78
104.70 48.24 43.95 52.56
106.00 49.79 43.30 51.78
106.66 50.57 43.95 52.56
108.33 52.57 44.60 53.35
109.00 53.38 45.27 54.15
110.72 52.98 45.95 54.96
111.42 53.81 46.64 55.79
112.80 54.23 45.95 54.96
113.50 55.06 46.64 55.79
113.84 55.48 45.95 54.96
114.54 55.06 46.64 55.79
114.89 56.71 45.95 54.96
114.54 56.29 46.64 55.79
115.25 57.14 47.34 56.62
116.65 58.81 46.64 55.79
116.30 59.66 47.34 56.62
117.69 61.33 46.64 55.79
118.40 62.18 47.34 56.62
119.12 63.04 48.05 57.47
120.54 64.74 47.34 56.62
120.19 65.60 48.05 57.47
121.60 67.29 47.34 56.62
121.25 68.16 48.05 57.47
120.54 69.85 47.34 56.62
120.19 70.71 48.05 57.47
120.54 73.67 47.34 56.62
120.19 74.54 48.05 57.47
118.73 75.41 48.77 58.34
118.37 74.97 49.50 59.21
117.64 76.72 48.77 58.34
116.17 76.28 49.50 59.21
114.67 77.18 50.25 60.10
114.29 76.73 51.00 61.00
114.67 77.18 50.25 60.10
114.29 76.73 51.00 61.00
113.54 77.18 50.25 60.10
113.17 76.73 51.00 61.00
112.42 77.18 50.25 60.10
112.79 77.63 49.50 59.21
111.29 75.84 50.25 60.10
110.55 76.28 49.50 59.21
107.93 74.49 50.25 60.10
107.19 74.93 49.50 59.21
105.70 74.49 50.25 60.10
104.96 73.61 49.50 59.21
102.34 73.16 50.25 60.10
100.82 72.71 51.00 61.00
98.94 71.82 50.25 60.10
98.21 72.26 49.50 59.21
95.58 70.47 50.25 60.10
94.06 70.02 51.00 61.00
93.32 69.12 50.25 60.10
92.58 69.57 49.50 59.21
91.08 69.12 50.25 60.10
89.56 68.67 51.00 61.00
87.69 67.78 50.25 60.10
86.17 67.33 51.00 61.00
85.42 67.78 50.25 60.10
83.90 67.33 51.00 61.00
82.36 66.87 51.77 61.91
80.46 67.33 51.00 61.00
78.91 66.87 51.77 61.91
78.15 67.33 51.00 61.00
76.61 66.87 51.77 61.91
73.87 67.81 52.54 62.84
72.28 67.34 53.33 63.79
71.50 67.81 52.54 62.84
70.73 68.28 51.77 61.91
69.16 67.81 52.54 62.84
66.38 67.34 53.33 63.79
65.60 67.81 52.54 62.84
64.83 68.28 51.77 61.91
63.26 67.81 52.54 62.84
61.67 67.34 53.33 63.79
58.85 66.86 54.13 64.74
58.05 67.34 53.33 63.79
56.44 68.31 54.13 64.74
55.65 68.79 53.33 63.79
52.82 68.31 54.13 64.74
51.18 67.83 54.94 65.71
49.52 67.34 55.77 66.70
49.93 66.36 54.94 65.71
49.13 66.84 54.13 64.74
48.72 66.36 54.94 65.71
49.13 66.84 54.13 64.74
48.72 66.36 54.94 65.71
49.13 66.84 54.13 64.74
49.95 64.88 54.94 65.71
50.79 64.39 55.77 66.70
53.66 63.41 54.94 65.71
55.28 62.45 54.13 64.74
56.88 61.50 53.33 63.79
57.69 61.02 54.13 64.74
59.28 60.07 53.33 63.79
60.85 59.13 52.54 62.84
62.40 56.82 51.77 61.91
63.93 55.91 51.00 61.00
65.43 53.67 50.25 60.10
66.19 51.86 51.00 61.00
66.97 50.01 51.77 61.91
68.50 49.10 51.00 61.00
70.00 48.21 50.25 60.10
71.48 47.32 49.50 59.21
73.36 45.53 50.25 60.10
75.95 44.65 49.50 59.21
77.83 42.86 50.25 60.10
80.42 43.31 49.50 59.21
82.97 42.44 48.77 58.34
85.48 42.87 48.05 57.47
87.31 42.44 48.77 58.34
88.74 42.87 48.05 57.47
90.57 42.44 48.77 58.34
93.08 44.15 48.05 57.47
94.90 45.03 48.77 58.34
95.65 44.59 49.50 59.21
98.20 46.34 48.77 58.34
99.63 48.06 48.05 57.47
100.37 48.93 48.77 58.34
101.80 50.65 48.05 57.47
102.54 52.83 48.77 58.34
103.28 53.72 49.50 59.21
104.74 55.47 48.77 58.34
105.10 58.47 48.05 57.47
105.45 60.16 47.34 56.62
105.10 62.31 48.05 57.47
105.83 64.50 48.77 58.34
105.46 66.71 49.50 59.21
105.83 68.46 48.77 58.34
105.46 70.67 49.50 59.21
105.09 72.92 50.25 60.10
105.46 74.69 49.50 59.21
106.92 77.74 48.77 58.34
106.56 78.63 49.50 59.21
106.92 81.68 48.77 58.34
107.67 83.90 49.50 59.21
108.03 86.95 48.77 58.34
107.67 89.16 49.50 59.21
107.29 91.41 50.25 60.10
108.77 94.51 49.50 59.21
108.40 95.41 50.25 60.10
108.03 97.69 51.00 61.00
107.28 100.83 50.25 60.10
106.90 103.12 51.00 61.00
107.28 106.26 50.25 60.10
106.90 107.17 51.00 61.00
106.15 110.32 50.25 60.10
105.77 112.60 51.00 61.00
106.15 114.40 50.25 60.10
104.63 116.68 51.00 61.00
104.25 119.00 51.77 61.91
104.63 122.19 51.00 61.00
104.25 124.50 51.77 61.91
102.68 125.45 52.54 62.84
103.07 128.68 51.77 61.91
102.68 131.03 52.54 62.84
103.07 132.89 51.77 61.91
102.31 134.71 51.00 61.00
101.93 137.03 51.77 61.91
101.54 139.38 52.54 62.84
100.77 141.23 51.77 61.91
100.38 142.17 52.54 62.84
99.61 144.02 51.77 61.91
99.22 144.97 52.54 62.84
98.45 146.82 51.77 61.91
98.06 147.76 52.54 62.84
97.67 148.72 53.33 63.79
96.06 149.69 54.13 64.74
96.46 151.60 53.33 63.79
95.67 153.48 52.54 62.84
94.09 154.43 53.33 63.79
92.47 153.96 54.13 64.74
90.84 154.94 54.94 65.71
90.03 155.43 54.13 64.74
90.43 155.91 53.33 63.79
89.65 156.38 52.54 62.84
88.06 157.33 53.33 63.79
86.45 156.86 54.13 64.74
86.04 157.84 54.94 65.71
85.23 158.33 54.13 64.74
84.44 158.81 53.33 63.79
84.04 156.88 54.13 64.74
82.40 153.45 54.94 65.71
81.99 149.97 55.77 66.70
81.17 147.52 54.94 65.71
80.76 144.04 55.77 66.70
80.34 140.50 56.60 67.70
79.92 135.38 57.45 68.72
79.49 130.17 58.31 69.75
79.05 126.48 59.19 70.79
79.49 122.32 58.31 69.75
80.37 118.62 59.19 70.79
80.81 116.02 58.31 69.75
82.53 113.46 57.45 68.72
82.10 109.82 58.31 69.75
83.82 105.71 57.45 68.72
84.69 102.07 58.31 69.75
86.41 99.51 57.45 68.72
87.28 97.43 58.31 69.75
89.00 96.41 57.45 68.72
89.88 95.89 58.31 69.75
91.60 94.87 57.45 68.72
93.29 92.34 56.60 67.70
94.96 91.35 55.77 66.70
97.83 90.37 54.94 65.71
98.67 89.88 55.77 66.70
100.78 89.38 56.60 67.70
102.45 89.88 55.77 66.70
105.32 90.37 54.94 65.71
106.94 90.86 54.13 64.74
109.73 91.34 53.33 63.79
111.30 91.81 52.54 62.84
112.85 92.27 51.77 61.91
113.64 90.40 52.54 62.84
115.19 90.86 51.77 61.91
117.15 90.40 52.54 62.84
119.86 90.86 51.77 61.91
120.65 88.99 52.54 62.84
123.36 89.46 51.77 61.91
126.02 88.55 51.00 61.00
127.53 89.00 50.25 60.10
129.43 88.55 51.00 61.00
132.06 87.65 50.25 60.10
133.97 87.20 51.00 61.00
135.91 86.74 51.77 61.91
138.57 85.83 51.00 61.00
141.20 86.29 50.25 60.10
144.25 85.83 51.00 61.00
146.88 87.63 50.25 60.10
149.47 88.08 49.50 59.21
151.35 87.63 50.25 60.10
153.94 89.40 49.50 59.21
156.49 89.84 48.77 58.34
157.23 90.73 49.50 59.21
159.78 93.78 48.77 58.34
161.63 94.67 49.50 59.21
162.39 96.92 50.25 60.10
162.76 100.01 49.50 59.21
163.13 103.06 48.77 58.34
163.49 106.07 48.05 57.47
164.22 108.25 48.77 58.34
165.65 111.26 48.05 57.47
167.48 112.13 48.77 58.34
168.92 113.85 48.05 57.47
170.74 113.42 48.77 58.34
172.59 111.66 49.50 59.21
174.47 109.87 50.25 60.10
175.24 106.68 51.00 61.00
176.02 103.45 51.77 61.91
177.54 99.81 51.00 61.00
178.32 95.19 51.77 61.91
179.84 91.55 51.00 61.00
180.22 87.96 50.25 60.10
180.59 85.75 49.50 59.21
180.22 83.96 50.25 60.10
180.59 81.76 49.50 59.21
181.34 78.62 50.25 60.10
180.61 77.74 49.50 59.21
180.97 75.56 48.77 58.34
179.50 72.47 49.50 59.21
179.86 70.29 48.77 58.34
179.50 67.20 49.50 59.21
179.13 64.07 50.25 60.10
180.61 60.53 49.50 59.21
180.97 58.36 48.77 58.34
181.33 56.21 48.05 57.47
181.69 54.10 47.34 56.62
181.33 52.39 48.05 57.47
180.97 50.65 48.77 58.34
180.26 49.80 48.05 57.47
179.55 50.22 47.34 56.62
178.12 51.08 48.05 57.47
176.67 51.96 48.77 58.34
174.08 52.85 49.50 59.21
172.59 53.75 50.25 60.10
170.74 55.52 49.50 59.21
169.24 56.42 50.25 60.10
167.40 58.19 49.50 59.21
164.77 60.44 50.25 60.10
163.26 61.36 51.00 61.00
160.55 62.29 51.77 61.91
157.51 64.11 51.00 61.00
154.81 65.04 51.77 61.91
152.90 65.50 51.00 61.00
149.91 65.95 50.25 60.10
146.95 67.72 49.50 59.21
144.04 68.15 48.77 58.34
141.45 67.72 49.50 59.21
138.54 68.15 48.77 58.34
134.85 69.04 49.50 59.21
131.94 70.79 48.77 58.34
127.14 71.68 49.50 59.21
125.32 74.73 48.77 58.34
123.53 76.45 48.05 57.47
122.82 76.87 47.34 56.62
123.54 75.16 48.05 57.47
126.46 73.42 48.77 58.34
129.42 71.66 49.50 59.21
134.16 72.09 48.77 58.34
139.33 70.33 49.50 59.21
143.47 69.89 50.25 60.10
146.52 70.80 51.00 61.00
149.61 70.34 51.77 61.91
152.28 70.80 51.00 61.00
154.91 69.91 50.25 60.10
156.81 69.46 51.00 61.00
156.43 67.61 51.77 61.91
155.67 68.07 51.00 61.00
152.67 68.52 50.25 60.10
150.01 68.07 51.00 61.00
147.31 69.00 51.77 61.91
144.57 69.94 52.54 62.84
141.48 73.18 51.77 61.91
138.73 75.53 52.54 62.84
134.76 76.49 53.33 63.79
130.44 78.37 52.54 62.84
127.35 80.22 51.77 61.91
123.17 82.04 51.00 61.00
120.17 83.84 50.25 60.10
117.21 85.61 49.50 59.21
115.39 87.35 48.77 58.34
112.81 89.57 49.50 59.21
110.19 90.47 50.25 60.10
107.52 92.75 51.00 61.00
106.78 95.90 50.25 60.10
107.15 98.99 49.50 59.21
108.60 102.04 48.77 58.34
108.24 105.59 49.50 59.21
109.70 108.64 48.77 58.34
110.44 112.18 49.50 59.21
112.32 114.43 50.25 60.10
112.69 116.20 49.50 59.21
112.32 115.75 50.25 60.10
111.94 116.67 51.00 61.00
110.40 117.60 51.77 61.91
110.01 118.54 52.54 62.84
108.42 119.50 53.33 63.79
106.81 120.47 54.13 64.74
106.41 119.99 54.94 65.71
105.60 120.47 54.13 64.74
104.80 120.95 53.33 63.79
103.19 120.47 54.13 64.74
103.59 119.52 53.33 63.79
102.81 119.99 52.54 62.84
102.42 119.52 53.33 63.79
101.63 118.58 52.54 62.84
101.24 118.11 53.33 63.79
99.63 116.18 54.13 64.74
100.03 112.38 53.33 63.79
100.42 110.03 52.54 62.84
99.65 107.72 51.77 61.91
100.03 105.45 51.00 61.00
100.81 102.22 51.77 61.91
100.42 100.34 52.54 62.84
100.03 97.01 53.33 63.79
99.63 95.09 54.13 64.74
100.03 92.71 53.33 63.79
99.63 90.78 54.13 64.74
100.03 88.40 53.33 63.79
99.63 86.47 54.13 64.74
100.03 84.09 53.33 63.79
100.42 81.75 52.54 62.84
100.81 79.44 51.77 61.91
101.19 77.16 51.00 61.00
100.81 75.32 51.77 61.91
101.19 73.04 51.00 61.00
101.57 70.80 50.25 60.10
101.94 69.92 49.50 59.21
101.57 68.13 50.25 60.10
100.83 65.92 49.50 59.21
100.10 65.05 48.77 58.34
98.63 63.29 49.50 59.21
97.13 61.50 50.25 60.10
95.29 60.61 49.50 59.21
93.47 59.75 48.77 58.34
90.60 60.18 48.05 57.47
88.05 59.75 48.77 58.34
85.47 57.98 49.50 59.21
84.74 58.42 48.77 58.34
83.27 56.65 49.50 59.21
82.54 57.09 48.77 58.34
82.90 57.52 48.05 57.47
82.54 57.09 48.77 58.34
81.07 57.98 49.50 59.21
81.43 58.42 48.77 58.34
81.07 60.63 49.50 59.21
80.34 62.38 48.77 58.34
78.86 64.59 49.50 59.21
78.14 66.34 48.77 58.34
76.66 67.23 49.50 59.21
76.29 68.13 50.25 60.10
74.77 69.04 51.00 61.00
73.23 69.97 51.77 61.91
71.67 70.92 52.54 62.84
71.27 71.87 53.33 63.79
69.66 72.85 54.13 64.74
68.86 74.75 53.33 63.79
68.46 75.73 54.13 64.74
66.83 76.71 54.94 65.71
67.66 79.21 55.77 66.70
69.31 81.17 54.94 65.71
70.14 82.17 55.77 66.70
70.99 83.19 56.60 67.70
72.66 85.18 55.77 66.70
74.30 85.68 54.94 65.71
75.14 83.69 55.77 66.70
76.78 82.71 54.94 65.71
76.37 79.23 55.77 66.70
78.01 76.78 54.94 65.71
78.85 73.30 55.77 66.70
81.73 70.85 54.94 65.71
83.34 68.43 54.13 64.74
85.40 66.47 54.94 65.71
87.49 64.49 55.77 66.70
90.36 62.04 54.94 65.71
94.40 59.62 54.13 64.74
96.46 57.66 54.94 65.71
99.29 56.70 54.13 64.74
100.88 55.75 53.33 63.79
100.48 55.27 54.13 64.74
100.88 54.32 53.33 63.79
100.48 53.84 54.13 64.74
102.08 52.89 53.33 63.79
102.47 53.36 52.54 62.84
101.70 52.44 51.77 61.91
101.31 51.97 52.54 62.84
100.54 51.05 51.77 61.91
99.78 50.14 51.00 61.00
99.40 48.30 51.77 61.91
99.78 47.39 51.00 61.00
99.03 46.49 50.25 60.10
99.40 46.94 49.50 59.21
97.91 45.15 50.25 60.10
97.17 45.59 49.50 59.21
96.44 46.03 48.77 58.34
93.86 45.59 49.50 59.21
92.36 45.15 50.25 60.10
90.52 45.59 49.50 59.21
87.89 45.15 50.25 60.10
87.16 45.59 49.50 59.21
85.34 44.72 48.77 58.34
82.75 44.29 49.50 59.21
81.26 42.50 50.25 60.10
80.52 41.61 49.50 59.21
79.02 39.82 50.25 60.10
78.28 38.94 49.50 59.21
76.79 35.80 50.25 60.10
76.05 34.92 49.50 59.21
73.43 33.13 50.25 60.10
71.91 31.31 51.00 61.00
71.16 30.42 50.25 60.10
70.42 29.54 49.50 59.21
68.93 29.09 50.25 60.10
68.19 29.54 49.50 59.21
68.55 29.97 48.77 58.34
68.19 29.54 49.50 59.21
68.55 31.28 48.77 58.34
69.30 32.17 49.50 59.21
68.93 33.07 50.25 60.10
69.69 35.35 51.00 61.00
71.19 38.50 50.25 60.10
71.56 40.27 49.50 59.21
74.12 43.32 48.77 58.34
75.55 45.04 48.05 57.47
76.28 47.22 48.77 58.34
77.72 50.23 48.05 57.47
78.45 51.10 48.77 58.34
79.89 52.82 48.05 57.47
82.37 54.51 47.34 56.62
83.09 54.09 48.05 57.47
85.56 54.51 47.34 56.62
87.36 54.09 48.05 57.47
89.84 54.51 47.34 56.62
91.63 52.80 48.05 57.47
94.11 51.96 47.34 56.62
96.98 50.24 48.05 57.47
99.46 49.40 47.34 56.62
101.90 47.32 46.64 55.79
105.33 46.50 45.95 54.96
107.70 44.48 45.27 54.15
110.45 42.84 45.95 54.96
112.19 41.18 46.64 55.79
114.60 40.36 45.95 54.96
117.98 38.34 45.27 54.15
120.31 37.55 44.60 53.35
122.00 37.15 45.27 54.15
124.34 36.35 44.60 53.35
126.64 36.75 43.95 52.56
128.90 35.98 43.30 51.78
131.13 36.36 42.66 51.02
132.75 35.98 43.30 51.78
135.94 36.36 42.66 51.02
138.14 36.74 42.03 50.27
140.30 37.11 41.40 49.52
143.35 37.47 40.79 48.79
144.90 37.11 41.40 49.52
147.94 36.38 40.79 48.79
150.05 36.74 40.19 48.07
152.12 37.10 39.60 47.36
154.16 37.45 39.01 46.66
155.64 37.10 39.60 47.36
157.68 37.45 39.01 46.66
159.16 38.16 39.60 47.36
161.20 39.55 39.01 46.66
162.68 40.26 39.60 47.36
163.28 40.98 40.19 48.07
164.47 42.40 39.60 47.36
165.64 43.80 39.01 46.66
166.23 45.57 39.60 47.36
168.27 48.01 39.01 46.66
168.86 49.78 39.60 47.36
170.90 52.22 39.01 46.66
172.39 52.93 39.60 47.36
172.99 54.73 40.19 48.07
172.69 56.55 40.79 48.79
173.31 58.41 41.40 49.52
173.94 59.16 42.03 50.27
175.18 61.75 41.40 49.52
175.81 62.51 42.03 50.27
175.49 63.27 42.66 51.02
175.17 62.89 43.30 51.78
173.86 63.68 43.95 52.56
173.22 65.23 43.30 51.78
171.91 64.84 43.95 52.56
169.58 64.44 44.60 53.35
168.23 64.04 45.27 54.15
166.57 63.25 44.60 53.35
165.22 61.64 45.27 54.15
164.56 62.04 44.60 53.35
164.22 60.42 45.27 54.15
162.85 60.02 45.95 54.96
161.46 59.60 46.64 55.79
158.99 59.19 47.34 56.62
156.49 60.05 48.05 57.47
152.85 60.92 48.77 58.34
150.26 60.49 49.50 59.21
146.52 61.39 50.25 60.10
142.71 60.94 51.00 61.00
138.59 61.39 50.25 60.10
134.52 63.16 49.50 59.21
130.52 64.90 48.77 58.34
126.57 65.33 48.05 57.47
122.94 66.21 48.77 58.34
118.13 67.10 49.50 59.21
115.22 67.54 48.77 58.34
111.53 68.43 49.50 59.21
109.71 68.86 48.77 58.34
106.84 70.58 48.05 57.47
104.30 70.15 48.77 58.34
102.50 71.87 48.05 57.47
99.96 74.05 48.77 58.34
97.38 74.94 49.50 59.21
94.46 76.68 48.77 58.34
92.67 78.40 48.05 57.47
91.22 77.97 48.77 58.34
89.43 79.69 48.05 57.47
88.72 80.11 47.34 56.62
88.37 79.69 48.05 57.47
88.01 80.57 48.77 58.34
88.75 81.45 49.50 59.21
90.21 83.20 48.77 58.34
90.95 86.74 49.50 59.21
91.70 90.33 50.25 60.10
91.33 93.98 51.00 61.00
92.10 97.69 51.77 61.91
91.72 101.44 52.54 62.84
92.10 106.07 51.77 61.91
92.49 109.26 51.00 61.00
92.86 113.75 50.25 60.10
92.49 116.03 51.00 61.00
92.86 120.52 50.25 60.10
93.24 123.62 49.50 59.21
92.86 127.21 50.25 60.10
92.49 129.49 51.00 61.00
93.26 130.42 51.77 61.91
93.65 130.88 51.00 61.00
93.26 130.42 51.77 61.91
93.65 128.15 51.00 61.00
94.02 124.56 50.25 60.10
92.50 120.01 51.00 61.00
92.88 113.73 50.25 60.10
91.36 107.81 51.00 61.00
89.82 101.81 51.77 61.91
90.20 96.80 51.00 61.00
90.58 91.87 50.25 60.10
89.84 87.01 49.50 59.21
90.21 83.52 48.77 58.34
89.84 79.11 49.50 59.21
90.21 76.93 48.77 58.34
89.84 73.84 49.50 59.21
91.30 71.66 48.77 58.34
93.15 69.90 49.50 59.21
95.03 68.11 50.25 60.10
98.73 67.23 49.50 59.21
102.37 66.36 48.77 58.34
105.33 65.92 49.50 59.21
108.34 65.48 50.25 60.10
112.04 65.92 49.50 59.21
115.68 67.67 48.77 58.34
118.64 67.23 49.50 59.21
121.19 67.67 48.77 58.34
124.15 68.55 49.50 59.21
126.03 68.11 50.25 60.10
128.62 68.55 49.50 59.21
130.08 68.99 48.77 58.34
130.82 68.55 49.50 59.21
131.19 68.99 48.77 58.34
129.71 68.55 49.50 59.21
128.99 67.69 48.77 58.34
127.19 68.12 48.05 57.47
124.65 68.99 48.77 58.34
122.86 69.42 48.05 57.47
120.31 68.99 48.77 58.34
117.44 69.42 48.05 57.47
114.90 68.99 48.77 58.34
112.03 69.42 48.05 57.47
109.48 70.30 48.77 58.34
105.79 69.86 49.50 59.21
102.88 70.30 48.77 58.34
100.30 71.19 49.50 59.21
97.38 72.93 48.77 58.34
95.59 74.65 48.05 57.47
93.05 75.53 48.77 58.34
90.46 76.41 49.50 59.21
88.64 78.16 48.77 58.34
87.17 79.05 49.50 59.21
85.35 80.79 48.77 58.34
85.71 82.51 48.05 57.47
84.26 84.69 48.77 58.34
84.62 86.41 48.05 57.47
84.26 89.90 48.77 58.34
85.69 92.91 48.05 57.47
85.33 96.40 48.77 58.34
86.08 99.94 49.50 59.21
86.83 103.53 50.25 60.10
88.74 105.81 51.00 61.00
89.52 108.13 51.77 61.91
91.48 109.07 52.54 62.84
93.48 111.46 53.33 63.79
89.16 117.56 52.54 62.84
90.71 118.03 51.77 61.91
91.50 118.97 52.54 62.84
92.30 119.93 53.33 63.79
93.11 120.90 54.13 64.74
93.94 121.88 54.94 65.71
96.02 121.39 55.77 66.70
98.14 120.89 56.60 67.70
104.15 115.77 57.45 68.72
108.38 111.72 56.60 67.70
110.05 106.25 55.77 66.70
111.69 102.33 54.94 65.71
113.31 98.46 54.13 64.74
113.71 96.08 53.33 63.79
114.10 93.74 52.54 62.84
112.51 90.41 53.33 63.79
111.73 88.06 52.54 62.84
110.96 85.75 51.77 61.91
109.06 83.48 51.00 61.00
107.51 81.63 51.77 61.91
105.61 79.36 51.00 61.00
103.74 78.46 50.25 60.10
102.22 76.65 51.00 61.00
100.35 75.75 50.25 60.10
98.50 74.87 49.50 59.21
95.88 74.42 50.25 60.10
94.03 73.54 49.50 59.21
92.21 72.67 48.77 58.34
91.49 71.82 48.05 57.47
90.79 69.71 47.34 56.62
91.51 67.99 48.05 57.47
91.15 66.26 48.77 58.34
92.59 64.11 48.05 57.47
93.32 63.68 48.77 58.34
94.76 62.82 48.05 57.47
96.17 63.25 47.34 56.62
97.97 62.82 48.05 57.47
99.79 63.70 48.77 58.34
101.65 63.26 49.50 59.21
102.40 62.82 50.25 60.10
103.17 62.37 51.00 61.00
104.67 62.82 50.25 60.10
106.15 63.26 49.50 59.21
106.90 62.82 50.25 60.10
107.67 62.37 51.00 61.00
109.60 61.91 51.77 61.91
111.57 61.45 52.54 62.84
113.56 60.97 53.33 63.79
114.38 60.50 54.13 64.74
117.17 60.97 53.33 63.79
119.91 61.45 52.54 62.84
121.46 61.91 51.77 61.91
123.43 61.45 52.54 62.84
126.14 61.91 51.77 61.91
126.92 62.85 52.54 62.84
128.47 61.93 51.77 61.91
130.00 62.39 51.00 61.00
130.77 61.93 51.77 61.91
131.56 61.47 52.54 62.84
131.95 60.54 51.77 61.91
133.48 61.00 51.00 61.00
133.85 61.45 50.25 60.10
135.33 61.90 49.50 59.21
136.09 61.45 50.25 60.10
135.71 61.00 51.00 61.00
137.21 61.45 50.25 60.10
137.58 61.90 49.50 59.21
138.34 61.45 50.25 60.10
137.96 62.37 51.00 61.00
139.46 62.82 50.25 60.10
140.23 63.73 51.00 61.00
139.85 66.05 51.77 61.91
139.09 70.61 51.00 61.00
138.70 72.92 51.77 61.91
137.94 77.48 51.00 61.00
137.56 81.18 51.77 61.91
137.94 84.37 51.00 61.00
138.32 86.17 50.25 60.10
138.69 89.27 49.50 59.21
139.06 91.01 48.77 58.34
138.34 94.02 48.05 57.47
136.89 96.20 48.77 58.34
136.17 99.21 48.05 57.47
135.81 100.08 48.77 58.34
134.34 102.30 49.50 59.21
133.97 101.85 50.25 60.10
134.34 103.62 49.50 59.21
133.61 102.75 48.77 58.34
133.25 100.99 49.50 59.21
133.61 98.81 48.77 58.34
133.25 95.72 49.50 59.21
132.87 92.59 50.25 60.10
132.50 89.40 51.00 61.00
131.75 87.16 50.25 60.10
131.37 82.61 51.00 61.00
130.99 79.38 51.77 61.91
131.37 77.11 51.00 61.00
129.83 73.87 51.77 61.91
129.44 70.59 52.54 62.84
128.67 68.28 51.77 61.91
127.11 65.01 52.54 62.84
126.33 62.70 51.77 61.91
124.43 61.79 51.00 61.00
121.73 59.94 51.77 61.91
120.16 59.48 52.54 62.84
117.38 59.01 53.33 63.79
115.42 58.07 52.54 62.84
112.64 57.60 53.33 63.79
109.50 56.66 52.54 62.84
105.52 56.19 53.33 63.79
102.39 55.25 52.54 62.84
99.60 54.78 53.33 63.79
96.47 55.25 52.54 62.84
93.38 55.72 51.77 61.91
90.33 54.81 51.00 61.00
87.33 56.61 50.25 60.10
84.67 56.16 51.00 61.00
81.67 56.61 50.25 60.10
79.82 58.38 49.50 59.21
76.91 58.82 48.77 58.34
75.12 59.25 48.05 57.47
73.35 59.67 47.34 56.62
71.92 59.25 48.05 57.47
71.22 59.67 47.34 56.62
70.86 59.25 48.05 57.47
70.16 60.94 47.34 56.62
68.73 60.51 48.05 57.47
69.08 60.94 47.34 56.62
69.80 61.80 48.05 57.47
71.63 61.37 48.77 58.34
75.22 61.80 48.05 57.47
79.23 62.68 48.77 58.34
82.19 63.57 49.50 59.21
85.83 64.00 48.77 58.34
89.90 64.89 49.50 59.21
93.54 66.64 48.77 58.34
97.61 67.53 49.50 59.21
100.62 68.43 50.25 60.10
104.81 67.98 51.00 61.00
108.56 69.77 50.25 60.10
112.76 70.69 51.00 61.00
117.01 70.23 51.77 61.91
120.82 70.69 51.00 61.00
125.08 70.23 51.77 61.91
129.40 68.36 52.54 62.84
134.42 68.82 51.77 61.91
138.23 70.65 51.00 61.00
141.99 71.10 50.25 60.10
146.79 71.54 49.50 59.21
150.44 71.98 48.77 58.34
154.03 71.12 48.05 57.47
158.04 70.69 48.77 58.34
161.00 71.58 49.50 59.21
163.55 73.33 48.77 58.34
167.14 76.33 48.05 57.47
168.55 79.29 47.34 56.62
170.99 83.46 46.64 55.79
171.70 85.58 47.34 56.62
172.42 89.02 48.05 57.47
173.16 91.20 48.77 58.34
173.52 95.49 48.05 57.47
173.87 99.72 47.34 56.62
173.52 103.16 48.05 57.47
173.16 106.65 48.77 58.34
173.52 110.94 48.05 57.47
173.87 116.44 47.34 56.62
174.22 120.61 46.64 55.79
173.87 125.26 47.34 56.62
174.22 129.43 46.64 55.79
173.87 132.82 47.34 56.62
173.52 136.25 48.05 57.47
173.16 139.74 48.77 58.34
172.79 143.28 49.50 59.21
172.42 146.88 50.25 60.10
170.90 147.80 51.00 61.00
170.52 147.34 51.77 61.91
171.31 146.87 52.54 62.84
170.91 144.97 53.33 63.79
171.72 143.04 54.13 64.74
171.32 141.09 54.94 65.71
170.51 141.57 54.13 64.74
170.11 139.61 54.94 65.71
170.51 140.10 54.13 64.74
168.88 136.67 54.94 65.71
168.46 133.19 55.77 66.70
168.05 128.14 56.60 67.70
167.21 124.16 55.77 66.70
165.53 119.11 56.60 67.70
164.70 115.13 55.77 66.70
163.88 111.20 54.94 65.71
161.86 107.34 54.13 64.74
161.06 103.53 53.33 63.79
160.28 101.19 52.54 62.84
159.51 97.49 51.77 61.91
157.61 95.21 51.00 61.00
156.07 91.98 51.77 61.91
153.32 88.70 52.54 62.84
151.39 87.78 51.77 61.91
149.83 85.91 52.54 62.84
147.05 85.44 53.33 63.79
145.09 84.50 52.54 62.84
142.30 84.03 53.33 63.79
140.34 84.50 52.54 62.84
137.56 84.03 53.33 63.79
134.42 85.91 52.54 62.84
132.49 86.37 51.77 61.91
129.45 88.20 51.00 61.00
125.32 88.65 50.25 60.10
121.52 89.56 51.00 61.00
118.52 91.36 50.25 60.10
114.71 92.28 51.00 61.00
112.01 91.82 51.77 61.91
126.10 93.64 51.00 61.00
121.98 95.44 50.25 60.10
119.02 98.54 49.50 59.21
118.30 100.28 48.77 58.34
117.58 103.29 48.05 57.47
117.22 104.16 48.77 58.34
116.85 106.38 49.50 59.21
116.48 107.28 50.25 60.10
116.11 108.19 51.00 61.00
115.72 107.74 51.77 61.91
116.11 109.56 51.00 61.00
116.48 110.01 50.25 60.10
116.11 110.93 51.00 61.00
116.48 111.38 50.25 60.10
116.11 110.93 51.00 61.00
116.48 111.38 50.25 60.10
116.11 109.56 51.00 61.00
115.72 107.72 51.77 61.91
115.34 107.25 52.54 62.84
114.94 106.78 53.33 63.79
115.34 107.25 52.54 62.84
114.94 106.78 53.33 63.79
114.54 106.30 54.13 64.74
114.94 106.78 53.33 63.79
115.75 107.75 54.13 64.74
116.15 108.23 53.33 63.79
115.75 106.30 54.13 64.74
115.35 105.82 54.94 65.71
114.94 105.32 55.77 66.70
115.35 104.34 54.94 65.71
114.94 103.85 55.77 66.70
114.52 103.35 56.60 67.70
114.09 102.84 57.45 68.72
113.66 100.77 58.31 69.75
114.09 101.28 57.45 68.72
113.66 100.77 58.31 69.75
114.09 101.28 57.45 68.72
113.66 102.33 58.31 69.75
114.09 102.84 57.45 68.72
114.52 103.35 56.60 67.70
114.09 102.84 57.45 68.72
114.52 103.35 56.60 67.70
114.94 105.35 55.77 66.70
114.52 103.33 56.60 67.70
114.09 102.82 57.45 68.72
114.52 103.33 56.60 67.70
114.94 105.32 55.77 66.70
115.35 105.82 54.94 65.71
114.94 105.32 55.77 66.70
115.35 105.82 54.94 65.71
114.94 105.32 55.77 66.70
115.35 105.82 54.94 65.71
114.94 105.32 55.77 66.70
115.35 105.82 54.94 65.71
114.94 105.32 55.77 66.70
115.35 105.82 54.94 65.71
115.75 106.30 54.13 64.74
115.35 105.82 54.94 65.71
115.75 106.30 54.13 64.74
115.35 105.82 54.94 65.71
115.75 106.30 54.13 64.74
115.35 105.82 54.94 65.71
114.94 103.83 55.77 66.70
114.52 103.33 56.60 67.70
114.94 103.83 55.77 66.70
114.52 103.33 56.60 67.70
114.94 103.83 55.77 66.70
114.52 103.33 56.60 67.70
114.94 103.83 55.77 66.70
114.52 103.33 56.60 67.70
114.94 103.83 55.77 66.70
114.52 103.33 56.60 67.70
114.94 103.83 55.77 66.70
114.52 103.33 56.60 67.70
114.94 103.83 55.77 66.70
114.52 103.33 56.60 67.70
114.94 103.83 55.77 66.70
115.35 105.79 54.94 65.71
114.94 105.30 55.77 66.70
115.35 105.79 54.94 65.71
115.75 106.28 54.13 64.74
116.15 106.76 53.33 63.79
115.75 106.28 54.13 64.74
115.35 105.79 54.94 65.71
115.75 106.28 54.13 64.74
115.35 105.79 54.94 65.71
114.94 105.30 55.77 66.70
115.35 105.79 54.94 65.71
114.94 105.30 55.77 66.70
115.35 105.79 54.94 65.71
114.94 105.30 55.77 66.70
115.35 105.79 54.94 65.71
114.94 105.30 55.77 66.70
115.35 105.79 54.94 65.71
114.94 105.30 55.77 66.70
115.35 105.79 54.94 65.71
114.94 105.30 55.77 66.70
115.35 105.79 54.94 65.71
114.94 105.30 55.77 66.70
114.12 105.79 54.94 65.71
113.70 105.30 55.77 66.70
114.12 105.79 54.94 65.71
113.70 105.30 55.77 66.70
114.12 105.79 54.94 65.71
114.52 106.28 54.13 64.74
114.92 108.19 53.33 63.79
115.32 108.66 52.54 62.84
114.92 108.19 53.33 63.79
115.32 108.66 52.54 62.84
116.12 108.19 53.33 63.79
116.51 108.66 52.54 62.84
116.90 109.12 51.77 61.91
117.28 110.95 51.00 61.00
117.66 111.40 50.25 60.10
117.28 110.95 51.00 61.00
117.66 111.40 50.25 60.10
117.28 110.95 51.00 61.00
117.66 111.40 50.25 60.10
117.28 110.95 51.00 61.00
116.90 110.49 51.77 61.91
117.28 110.95 51.00 61.00
116.90 110.49 51.77 61.91
117.28 110.95 51.00 61.00
116.90 109.10 51.77 61.91
116.51 108.64 52.54 62.84
116.12 108.17 53.33 63.79
115.72 107.69 54.13 64.74
116.12 108.17 53.33 63.79
115.72 107.69 54.13 64.74
115.31 105.73 54.94 65.71
114.90 105.24 55.77 66.70
115.31 105.73 54.94 65.71
115.72 107.67 54.13 64.74
116.12 108.15 53.33 63.79
115.72 107.67 54.13 64.74
116.12 108.15 53.33 63.79
115.72 107.67 54.13 64.74
116.12 108.15 53.33 63.79
115.72 107.67 54.13 64.74
116.12 108.15 53.33 63.79
115.72 107.67 54.13 64.74
116.12 108.15 53.33 63.79
115.72 107.67 54.13 64.74
116.12 108.15 53.33 63.79
115.72 107.67 54.13 64.74
116.12 108.15 53.33 63.79
115.72 107.67 54.13 64.74
116.12 108.15 53.33 63.79
115.72 106.22 54.13 64.74
115.31 105.73 54.94 65.71
115.72 107.67 54.13 64.74
116.12 108.15 53.33 63.79
116.51 108.62 52.54 62.84
116.12 108.15 53.33 63.79
116.51 108.62 52.54 62.84
116.12 108.15 53.33 63.79
115.72 106.22 54.13 64.74
115.31 105.73 54.94 65.71
115.72 106.22 54.13 64.74
115.31 105.73 54.94 65.71
115.72 106.22 54.13 64.74
116.12 108.12 53.33 63.79
115.72 106.19 54.13 64.74
115.31 105.71 54.94 65.71
115.72 106.19 54.13 64.74
115.31 105.71 54.94 65.71
115.72 106.19 54.13 64.74
115.31 105.71 54.94 65.71
115.72 106.19 54.13 64.74
115.31 105.71 54.94 65.71
115.72 106.19 54.13 64.74
115.31 105.71 54.94 65.71
115.72 106.19 54.13 64.74
115.31 105.71 54.94 65.71
115.72 106.19 54.13 64.74
115.31 105.71 54.94 65.71
115.72 106.19 54.13 64.74
115.31 105.71 54.94 65.71
115.72 106.19 54.13 64.74
115.31 105.71 54.94 65.71
115.72 106.19 54.13 64.74
115.31 105.71 54.94 65.71
115.72 106.19 54.13 64.74
115.31 105.71 54.94 65.71
115.72 106.19 54.13 64.74
115.31 105.71 54.94 65.71
115.72 106.19 54.13 64.74
115.31 105.71 54.94 65.71
115.72 106.19 54.13 64.74
115.31 105.71 54.94 65.71
115.72 106.19 54.13 64.74
115.31 105.71 54.94 65.71
115.72 106.19 54.13 64.74
115.31 105.71 54.94 65.71
115.72 106.19 54.13 64.74
115.31 105.71 54.94 65.71
115.72 106.19 54.13 64.74
115.31 105.71 54.94 65.71
115.72 106.19 54.13 64.74
115.31 105.71 54.94 65.71
115.72 106.19 54.13 64.74
115.31 105.71 54.94 65.71
115.72 106.19 54.13 64.74
115.31 105.71 54.94 65.71
115.72 106.19 54.13 64.74
115.31 105.71 54.94 65.71
115.72 106.19 54.13 64.74
115.31 105.71 54.94 65.71
115.72 106.19 54.13 64.74
115.31 105.71 54.94 65.71
115.72 106.19 54.13 64.74
115.31 105.71 54.94 65.71
115.72 106.19 54.13 64.74
115.31 105.71 54.94 65.71
115.72 106.19 54.13 64.74
115.31 105.71 54.94 65.71
115.72 106.19 54.13 64.74
115.31 105.71 54.94 65.71
115.72 106.19 54.13 64.74
