232.00 88.00 76.00 84.00
240.95 92.33 74.88 82.76
253.07 98.42 73.77 81.54
259.22 103.37 74.88 82.76
268.04 107.63 73.77 81.54
276.72 110.04 72.68 80.33
286.89 112.40 71.61 79.14
295.32 114.73 70.55 77.97
302.07 118.75 69.51 76.82
304.70 119.92 70.55 77.97
311.45 122.22 69.51 76.82
315.03 121.09 68.48 75.69
312.96 117.08 69.51 76.82
307.70 111.27 70.55 77.97
295.95 105.36 71.61 79.14
284.01 99.37 72.68 80.33
268.59 93.29 73.77 81.54
252.95 88.97 74.88 82.76
235.36 86.47 76.00 84.00
231.33 87.75 77.14 85.26
229.00 89.05 78.30 86.54
229.58 89.69 77.14 85.26
227.25 89.05 78.30 86.54
224.88 90.36 79.47 87.84
227.22 91.01 78.30 86.54
226.63 92.33 79.47 87.84
226.04 97.66 80.66 89.15
244.44 106.19 79.47 87.84
257.30 110.72 78.30 86.54
269.97 111.36 77.14 85.26
283.43 112.66 78.30 86.54
290.92 111.39 77.14 85.26
294.89 110.14 76.00 84.00
296.05 107.60 77.14 85.26
293.22 111.99 76.00 84.00
287.46 115.18 77.14 85.26
281.62 114.54 78.30 86.54
273.91 113.89 79.47 87.84
255.25 109.24 80.66 89.15
283.99 106.54 81.87 90.49
264.76 97.63 83.10 91.85
250.91 88.59 84.35 93.23
240.69 81.53 85.61 94.63
238.10 78.67 86.90 96.04
237.45 73.58 88.20 97.49
259.51 72.15 86.90 96.04
288.92 74.98 85.61 94.63
316.00 75.68 84.35 93.23
335.24 76.37 83.10 91.85
345.03 79.08 81.87 90.49
347.44 81.74 80.66 89.15
339.13 88.30 79.47 87.84
325.69 96.71 78.30 86.54
307.26 103.08 77.14 85.26
284.00 109.35 76.00 84.00
256.05 111.82 74.88 82.76
229.95 111.20 76.00 84.00
227.65 95.30 77.14 85.26
209.53 104.35 78.30 86.54
198.26 109.60 79.47 87.84
194.05 108.94 80.66 89.15
191.62 106.25 81.87 90.49
192.86 93.22 83.10 91.85
213.02 86.27 84.35 93.23
224.82 80.79 83.10 91.85
224.19 55.04 84.35 93.23
250.41 43.74 85.61 94.63
271.18 43.03 86.90 96.04
292.26 46.68 88.20 97.49
299.62 45.95 89.52 98.95
288.77 51.95 90.87 100.43
286.02 62.62 92.23 101.94
287.43 68.81 93.61 103.47
295.24 72.74 95.02 105.02
316.13 71.95 96.44 106.59
340.25 72.74 95.02 105.02
358.98 67.17 96.44 106.59
371.42 56.68 97.89 108.19
369.98 47.93 96.44 106.59
358.29 44.70 97.89 108.19
341.98 43.89 99.36 109.82
350.27 45.57 100.85 111.46
326.59 49.80 102.36 113.14
297.89 51.52 103.90 114.83
275.85 53.27 105.45 116.56
255.88 55.05 107.04 118.30
240.14 61.14 105.45 116.56
226.95 64.58 103.90 114.83
213.96 65.43 102.36 113.14
201.56 64.58 103.90 114.83
191.33 61.11 105.45 116.56
175.82 54.25 103.90 114.83
163.23 45.56 105.45 116.56
148.05 39.38 107.04 118.30
137.51 38.49 108.64 120.08
131.12 42.03 107.04 118.30
130.32 46.52 108.64 120.08
135.92 50.06 107.04 118.30
141.43 58.77 105.45 116.56
151.52 64.77 103.90 114.83
162.55 71.75 105.45 116.56
171.35 78.82 107.04 118.30
181.59 82.31 105.45 116.56
185.60 84.08 107.04 118.30
186.39 87.57 105.45 116.56
188.00 89.34 107.04 118.30
189.63 91.15 108.64 120.08
188.03 92.03 107.04 118.30
186.46 92.91 105.45 116.56
189.57 93.77 103.90 114.83
190.33 97.15 102.36 113.14
195.61 90.50 100.85 111.46
214.16 79.02 99.36 109.82
249.98 101.64 97.89 108.19
274.46 102.44 96.44 106.59
294.33 100.88 95.02 105.02
318.10 97.02 93.61 103.47
335.32 93.22 92.23 101.94
350.25 91.72 90.87 100.43
353.70 95.53 92.23 101.94
354.38 98.54 90.87 100.43
351.63 100.07 92.23 101.94
352.31 100.82 90.87 100.43
350.98 101.56 89.52 98.95
351.64 102.29 88.20 97.49
354.24 98.71 86.90 96.04
356.80 93.06 85.61 94.63
357.43 83.32 84.35 93.23
346.89 75.78 83.10 91.85
336.82 70.91 84.35 93.23
326.60 70.21 85.61 94.63
324.01 71.66 86.90 96.04
303.60 70.94 88.20 97.49
278.87 70.20 89.52 98.95
255.81 69.46 90.87 100.43
238.60 70.99 92.23 101.94
221.14 74.86 93.61 103.47
207.66 81.14 95.02 105.02
193.99 85.13 96.44 106.59
181.93 88.27 95.02 105.02
168.26 89.87 96.44 106.59
156.57 91.50 97.89 108.19
142.17 92.30 96.44 106.59
127.98 90.73 95.02 105.02
92.71 87.56 96.44 106.59
93.42 85.99 95.02 105.02
102.51 86.77 93.61 103.47
117.66 85.25 92.23 101.94
136.66 83.75 90.87 100.43
154.57 87.57 92.23 101.94
174.85 89.12 93.61 103.47
195.43 85.99 95.02 105.02
215.01 82.13 93.61 103.47
232.23 76.05 92.23 101.94
253.26 70.05 90.87 100.43
275.99 61.93 89.52 98.95
298.39 53.92 88.20 97.49
311.76 46.54 89.52 98.95
317.20 41.30 90.87 100.43
314.45 40.55 92.23 101.94
307.47 44.42 93.61 103.47
298.25 45.99 95.02 105.02
295.38 45.21 96.44 106.59
288.08 49.25 97.89 108.19
278.44 53.36 99.36 109.82
270.92 57.53 100.85 111.46
258.70 61.77 102.36 113.14
239.31 66.06 103.90 114.83
226.32 69.44 102.36 113.14
211.27 72.78 100.85 111.46
196.75 74.47 102.36 113.14
179.69 73.63 103.90 114.83
166.71 74.47 102.36 113.14
161.28 81.34 103.90 114.83
146.00 79.66 102.36 113.14
146.76 78.00 100.85 111.46
154.18 81.28 99.36 109.82
170.26 82.09 97.89 108.19
196.24 78.82 99.36 109.82
221.09 72.36 97.89 108.19
239.10 66.00 96.44 106.59
241.94 59.73 95.02 105.02
239.06 58.94 96.44 106.59
244.92 53.29 97.89 108.19
233.06 52.48 99.36 109.82
231.60 48.45 97.89 108.19
238.80 44.47 96.44 106.59
237.39 40.55 95.02 105.02
244.38 45.96 93.61 103.47
269.86 55.86 92.23 101.94
270.54 70.11 90.87 100.43
265.20 81.94 89.52 98.95
263.88 87.04 88.20 97.49
258.70 98.51 86.90 96.04
270.85 92.87 85.61 94.63
280.93 87.30 84.35 93.23
285.27 81.82 83.10 91.85
271.21 78.44 81.87 90.49
263.15 75.70 83.10 91.85
260.64 68.75 84.35 93.23
260.01 59.57 85.61 94.63
253.53 52.41 86.90 96.04
244.97 51.69 88.20 97.49
236.29 62.04 89.52 98.95
231.55 70.30 90.87 100.43
237.06 69.54 92.23 101.94
233.67 72.55 90.87 100.43
238.36 66.64 89.52 98.95
235.07 63.00 88.20 97.49
231.83 59.42 86.90 96.04
220.96 64.37 85.61 94.63
219.70 75.51 84.35 93.23
209.48 85.41 85.61 94.63
208.84 95.46 86.90 96.04
220.04 101.29 88.20 97.49
247.46 96.12 89.52 98.95
267.14 79.63 90.87 100.43
270.59 76.60 92.23 101.94
288.77 61.93 93.61 103.47
307.22 49.39 95.02 105.02
320.51 45.53 93.61 103.47
325.33 50.86 92.23 101.94
311.76 60.61 90.87 100.43
304.89 66.71 92.23 101.94
287.42 79.85 93.61 103.47
263.30 81.43 95.02 105.02
249.33 79.88 93.61 103.47
250.02 76.08 92.23 101.94
244.59 72.34 90.87 100.43
255.29 75.29 89.52 98.95
255.95 82.58 88.20 97.49
264.39 83.30 86.90 96.04
253.53 86.13 85.61 94.63
229.53 85.42 86.90 96.04
209.12 89.06 88.20 97.49
192.41 92.77 89.52 98.95
187.67 94.27 90.87 100.43
197.32 91.24 92.23 101.94
216.32 85.24 90.87 100.43
231.03 79.33 89.52 98.95
253.42 75.70 88.20 97.49
271.59 78.57 86.90 96.04
287.58 83.52 85.61 94.63
299.55 88.39 84.35 93.23
296.45 93.20 83.10 91.85
282.39 97.93 81.87 90.49
263.12 104.59 80.66 89.15
249.47 107.22 79.47 87.84
225.39 116.54 80.66 89.15
218.86 115.23 79.47 87.84
215.94 110.07 78.30 86.54
213.58 103.52 79.47 87.84
218.40 98.86 80.66 89.15
234.30 92.11 81.87 90.49
259.75 81.15 83.10 91.85
281.80 70.02 84.35 93.23
293.59 62.48 83.10 91.85
290.54 59.10 81.87 90.49
282.48 62.54 83.10 91.85
281.85 66.03 84.35 93.23
291.78 72.89 83.10 91.85
303.40 75.59 81.87 90.49
313.96 70.80 83.10 91.85
320.07 61.34 81.87 90.49
319.46 46.26 83.10 91.85
320.07 42.89 81.87 90.49
320.68 47.55 80.66 89.15
323.05 54.11 79.47 87.84
325.39 60.57 78.30 86.54
322.52 66.94 77.14 85.26
314.57 71.34 76.00 84.00
312.28 70.71 77.14 85.26
311.70 66.19 78.30 86.54
312.89 57.67 79.47 87.84
317.72 43.03 80.66 89.15
322.61 28.18 81.87 90.49
322.00 15.15 83.10 91.85
315.71 4.02 84.35 93.23
307.40 -0.92 85.61 94.63
298.97 2.68 86.90 96.04
292.40 12.87 88.20 97.49
289.73 27.66 89.52 98.95
284.99 44.91 90.87 100.43
281.65 56.74 89.52 98.95
274.87 62.74 90.87 100.43
271.53 74.57 89.52 98.95
266.27 81.85 88.20 97.49
259.13 82.57 86.90 96.04
250.18 85.40 85.61 94.63
235.92 86.84 86.90 96.04
219.46 86.12 88.20 97.49
208.77 83.17 89.52 98.95
208.10 75.68 90.87 100.43
213.62 68.08 92.23 101.94
225.51 62.68 93.61 103.47
237.57 61.90 95.02 105.02
245.50 61.12 96.44 106.59
246.97 62.74 97.89 108.19
239.56 61.93 99.36 109.82
232.04 61.11 100.85 111.46
228.99 60.27 102.36 113.14
232.88 51.70 103.90 114.83
235.94 47.48 102.36 113.14
234.43 35.84 100.85 111.46
219.92 19.79 102.36 113.14
207.52 18.95 103.90 114.83
192.56 36.36 105.45 116.56
172.59 48.74 107.04 118.30
164.49 61.30 108.64 120.08
173.55 68.59 110.27 121.88
190.28 75.99 111.93 123.71
213.34 76.90 110.27 121.88
245.79 80.49 108.64 120.08
270.57 78.73 107.04 118.30
262.46 91.29 108.64 120.08
254.24 95.85 110.27 121.88
245.32 104.82 108.64 120.08
227.21 120.30 110.27 121.88
213.85 130.47 111.93 123.71
210.47 135.17 113.60 125.56
216.32 127.78 111.93 123.71
244.32 98.66 110.27 121.88
267.03 67.29 108.64 120.08
284.62 41.68 107.04 118.30
287.77 24.27 105.45 116.56
286.23 17.42 103.90 114.83
275.53 18.27 102.36 113.14
253.82 25.14 103.90 114.83
247.70 28.52 102.36 113.14
250.72 24.36 100.85 111.46
251.46 30.10 99.36 109.82
245.62 50.30 97.89 108.19
237.70 72.59 96.44 106.59
232.03 87.49 95.02 105.02
230.64 95.22 93.61 103.47
241.66 93.70 92.23 101.94
256.59 87.71 90.87 100.43
267.28 79.59 89.52 98.95
258.07 73.77 88.20 97.49
229.52 74.49 86.90 96.04
203.19 82.50 88.20 97.49
184.48 88.42 89.52 98.95
173.63 96.68 90.87 100.43
172.95 107.34 92.23 101.94
181.77 112.59 90.87 100.43
188.46 113.33 89.52 98.95
191.09 114.06 88.20 97.49
193.69 114.79 86.90 96.04
194.33 111.26 85.61 94.63
191.19 111.95 84.35 93.23
179.05 104.90 85.61 94.63
162.83 93.43 86.90 96.04
151.97 79.30 85.61 94.63
133.81 63.53 86.90 96.04
