196.00 51.00 139.00 194.00
197.03 52.43 136.95 191.13
196.00 51.00 139.00 194.00
194.96 49.55 141.08 196.91
196.00 46.65 139.00 194.00
194.96 45.20 141.08 196.91
190.69 43.72 143.20 199.86
191.75 45.20 141.08 196.91
190.69 43.72 143.20 199.86
191.75 45.20 141.08 196.91
190.69 43.72 143.20 199.86
191.75 45.20 141.08 196.91
187.48 43.72 143.20 199.86
186.41 42.22 145.35 202.86
185.32 36.09 147.53 205.90
180.86 34.55 149.74 208.99
181.97 36.09 147.53 205.90
179.80 37.61 145.35 202.86
178.71 36.09 147.53 205.90
177.60 34.55 149.74 208.99
176.48 28.23 151.99 212.13
171.88 26.64 154.27 215.31
173.02 28.23 151.99 212.13
171.88 26.64 154.27 215.31
170.73 25.02 156.58 218.54
171.88 26.64 154.27 215.31
173.02 28.23 151.99 212.13
175.34 26.64 154.27 215.31
174.18 25.02 156.58 218.54
173.01 23.38 158.93 221.82
174.18 29.92 156.58 218.54
173.01 23.31 158.93 221.82
175.43 21.64 161.32 225.14
177.89 14.84 163.73 228.52
180.38 7.93 166.19 231.95
185.28 14.76 163.73 228.52
191.50 13.05 166.19 231.95
194.03 11.31 168.68 235.43
200.43 4.19 171.21 238.96
206.93 2.40 173.78 242.55
212.05 9.54 171.21 238.96
214.66 7.75 173.78 242.55
223.62 4.19 171.21 238.96
230.12 -3.04 173.78 242.55
235.24 -1.24 171.21 238.96
240.28 5.79 168.68 235.43
246.69 4.03 171.21 238.96
249.30 -3.20 173.78 242.55
258.25 3.95 171.21 238.96
264.75 7.59 173.78 242.55
259.50 11.28 176.39 246.18
286.25 48.62 179.03 249.88
280.83 52.43 181.72 253.62
283.60 67.82 184.45 257.43
286.41 71.75 187.21 261.29
293.52 75.73 190.02 265.21
300.74 79.77 192.87 269.19
303.67 83.87 195.76 273.23
293.30 81.82 198.70 277.32
282.78 79.74 201.68 281.48
281.27 77.63 204.71 285.71
279.73 75.49 207.78 289.99
281.27 77.63 204.71 285.71
278.26 73.43 201.68 281.48
276.75 77.72 204.71 285.71
278.26 79.83 201.68 281.48
272.16 84.12 204.71 285.71
273.68 86.23 201.68 281.48
272.16 84.12 204.71 285.71
265.97 88.48 207.78 289.99
269.14 86.30 210.89 294.34
272.35 84.09 214.06 298.76
273.93 86.30 210.89 294.34
272.35 90.79 214.06 298.76
273.93 92.99 210.89 294.34
275.49 95.17 207.78 289.99
273.93 99.59 210.89 294.34
277.15 97.38 214.06 298.76
275.54 101.93 217.27 303.24
277.15 110.86 214.06 298.76
280.41 115.41 217.27 303.24
293.60 113.14 220.53 307.79
306.99 117.83 223.84 312.40
315.49 115.49 227.19 317.09
308.62 120.32 230.60 321.85
296.40 117.90 234.06 326.67
289.32 108.03 237.57 331.57
292.94 115.35 241.13 332.00
291.14 115.35 244.75 332.00
289.30 115.35 248.42 332.00
291.14 117.81 244.75 327.09
289.30 115.35 248.42 332.00
285.65 117.81 244.75 327.09
282.06 120.22 241.13 322.26
285.73 110.48 244.75 327.09
282.14 112.90 241.13 322.26
285.82 110.48 244.75 327.09
283.98 108.03 248.42 332.00
282.12 115.57 252.15 332.00
280.23 115.57 255.93 332.00
278.31 108.03 259.77 332.00
282.26 108.03 263.67 332.00
280.29 108.03 267.62 332.00
278.28 115.57 271.64 332.00
276.24 115.57 275.71 332.00
274.17 115.57 279.85 332.00
276.24 118.03 275.71 327.09
278.28 120.44 271.64 322.26
276.24 118.03 275.71 327.09
274.17 115.57 279.85 332.00
272.08 115.57 284.04 332.00
269.94 115.57 288.30 332.00
274.34 115.57 292.63 332.00
272.14 115.57 297.02 332.00
274.34 118.03 292.63 327.09
270.04 120.44 288.30 322.26
272.17 122.83 284.04 317.50
270.04 120.44 288.30 322.26
272.17 122.83 284.04 317.50
270.04 120.44 288.30 322.26
274.43 118.03 292.63 327.09
270.14 120.44 288.30 322.26
274.53 118.03 292.63 327.09
270.24 120.44 288.30 322.26
