130.00 132.00 31.00 115.00
129.77 131.14 31.47 116.73
130.00 132.00 31.00 115.00
129.77 131.14 31.47 116.73
129.31 132.00 31.00 115.00
129.07 131.14 31.47 116.73
128.84 127.61 31.94 118.48
128.60 126.72 32.42 120.25
128.12 127.61 31.94 118.48
127.16 126.72 32.42 120.25
126.18 125.82 32.90 122.06
126.42 126.72 32.42 120.25
125.44 125.82 32.90 122.06
125.68 126.72 32.42 120.25
125.44 125.82 32.90 122.06
124.96 124.03 32.42 120.25
124.48 124.91 31.94 118.48
123.51 121.33 32.42 120.25
123.75 122.22 31.94 118.48
123.51 121.33 32.42 120.25
123.27 120.43 32.90 122.06
123.51 121.33 32.42 120.25
123.04 122.22 31.94 118.48
123.98 123.10 31.47 116.73
123.74 122.22 31.94 118.48
123.98 123.10 31.47 116.73
123.52 121.38 31.00 115.00
123.28 120.52 31.47 116.73
123.05 119.64 31.94 118.48
122.08 118.76 32.42 120.25
121.84 117.85 32.90 122.06
121.59 116.94 33.40 123.89
121.10 117.85 32.90 122.06
120.86 116.94 33.40 123.89
121.10 115.12 32.90 122.06
121.35 116.02 32.42 120.25
121.10 115.12 32.90 122.06
121.35 116.02 32.42 120.25
120.87 114.26 31.94 118.48
121.11 115.13 31.47 116.73
120.64 113.42 31.00 115.00
120.87 114.27 30.54 113.30
121.10 112.61 30.09 111.63
121.32 113.43 29.65 109.98
121.54 114.24 29.21 108.35
121.76 115.04 28.78 106.75
122.19 114.24 29.21 108.35
122.41 115.04 28.78 106.75
122.19 114.24 29.21 108.35
122.41 112.65 28.78 106.75
122.19 111.85 29.21 108.35
121.98 111.04 29.65 109.98
121.08 107.71 30.09 111.63
121.30 108.54 29.65 109.98
121.08 107.71 30.09 111.63
121.30 108.54 29.65 109.98
120.87 109.35 29.21 108.35
121.08 110.15 28.78 106.75
120.87 109.35 29.21 108.35
120.44 107.76 28.78 106.75
120.65 108.55 28.35 105.17
120.44 107.76 28.78 106.75
120.02 106.19 28.35 105.17
119.80 105.40 28.78 106.75
120.02 106.19 28.35 105.17
120.22 106.97 27.93 103.62
120.43 107.74 27.52 102.09
120.22 106.97 27.93 103.62
121.05 107.74 27.52 102.09
121.25 108.49 27.11 100.58
121.05 107.74 27.52 102.09
120.22 104.65 27.93 103.62
120.01 103.87 28.35 105.17
120.22 104.65 27.93 103.62
119.37 103.87 28.35 105.17
119.16 103.08 28.78 106.75
119.37 103.87 28.35 105.17
119.16 103.08 28.78 106.75
119.37 103.87 28.35 105.17
119.58 102.33 27.93 103.62
119.79 103.09 27.52 102.09
118.95 102.33 27.93 103.62
119.16 100.81 27.52 102.09
118.33 100.04 27.93 103.62
118.54 100.81 27.52 102.09
118.74 99.31 27.11 100.58
118.94 100.05 26.71 99.09
118.74 99.31 27.11 100.58
118.94 100.05 26.71 99.09
119.14 100.78 26.32 97.63
118.94 100.05 26.71 99.09
119.73 100.78 26.32 97.63
119.53 100.05 26.71 99.09
118.72 99.31 27.11 100.58
118.92 97.83 26.71 99.09
118.72 97.09 27.11 100.58
118.92 97.83 26.71 99.09
118.72 97.09 27.11 100.58
118.92 97.83 26.71 99.09
118.72 97.09 27.11 100.58
118.92 97.83 26.71 99.09
119.12 98.56 26.32 97.63
119.31 97.13 25.93 96.18
118.53 96.41 26.32 97.63
118.72 97.13 25.93 96.18
118.53 94.22 26.32 97.63
118.14 94.94 25.93 96.18
117.95 94.22 26.32 97.63
118.14 94.94 25.93 96.18
118.33 95.66 25.54 94.76
118.52 96.36 25.17 93.36
118.71 97.05 24.80 91.98
118.52 96.36 25.17 93.36
118.71 94.99 24.80 91.98
118.52 94.30 25.17 93.36
118.33 93.59 25.54 94.76
118.14 92.88 25.93 96.18
117.76 91.47 25.54 94.76
117.57 92.92 25.93 96.18
117.19 91.50 25.54 94.76
117.00 90.79 25.93 96.18
116.62 91.50 25.54 94.76
116.81 92.20 25.17 93.36
116.62 91.50 25.54 94.76
115.85 90.79 25.93 96.18
115.47 89.38 25.54 94.76
115.27 88.67 25.93 96.18
114.89 89.38 25.54 94.76
115.08 87.99 25.17 93.36
115.27 88.68 24.80 91.98
115.45 89.36 24.43 90.62
115.09 90.03 24.07 89.28
115.27 90.69 23.71 87.96
115.09 90.03 24.07 89.28
115.27 90.69 23.71 87.96
115.09 90.03 24.07 89.28
114.36 87.33 24.43 90.62
114.18 86.65 24.80 91.98
113.43 85.96 25.17 93.36
113.24 85.26 25.54 94.76
112.87 85.96 25.17 93.36
112.11 85.26 25.54 94.76
112.30 85.96 25.17 93.36
111.53 85.26 25.54 94.76
111.72 85.96 25.17 93.36
110.96 85.26 25.54 94.76
111.15 85.96 25.17 93.36
110.78 84.59 24.80 91.98
110.03 83.90 25.17 93.36
110.22 82.53 24.80 91.98
109.85 83.21 24.43 90.62
110.03 83.88 24.07 89.28
109.85 83.21 24.43 90.62
110.03 83.88 24.07 89.28
109.68 84.54 23.71 87.96
109.86 85.19 23.36 86.66
110.03 85.83 23.02 85.38
109.86 85.19 23.36 86.66
109.15 84.54 23.71 87.96
109.33 83.25 23.36 86.66
109.15 82.60 23.71 87.96
108.43 81.94 24.07 89.28
108.25 81.27 24.43 90.62
107.89 81.94 24.07 89.28
107.71 81.27 24.43 90.62
107.35 81.94 24.07 89.28
107.17 81.27 24.43 90.62
106.82 81.94 24.07 89.28
106.64 81.27 24.43 90.62
106.28 79.94 24.07 89.28
105.55 79.27 24.43 90.62
105.73 79.94 24.07 89.28
105.91 78.63 23.71 87.96
105.56 79.28 23.36 86.66
105.38 78.63 23.71 87.96
105.56 79.28 23.36 86.66
105.73 79.92 23.02 85.38
105.56 79.28 23.36 86.66
105.73 79.92 23.02 85.38
105.90 80.55 22.68 84.12
105.73 79.92 23.02 85.38
105.39 78.66 22.68 84.12
105.22 78.03 23.02 85.38
105.05 77.39 23.36 86.66
104.71 78.03 23.02 85.38
104.54 77.39 23.36 86.66
104.71 78.03 23.02 85.38
104.01 79.33 23.36 86.66
103.84 78.68 23.71 87.96
104.01 77.39 23.36 86.66
103.67 78.03 23.02 85.38
103.84 76.78 22.68 84.12
103.51 75.54 22.34 82.88
103.67 76.16 22.01 81.65
103.35 74.96 21.69 80.45
103.51 75.55 21.37 79.26
102.86 74.96 21.69 80.45
102.70 76.18 22.01 81.65
102.38 76.79 21.69 80.45
102.21 76.18 22.01 81.65
102.05 77.43 22.34 82.88
101.88 76.81 22.68 84.12
101.71 76.18 23.02 85.38
101.54 75.54 23.36 86.66
101.36 74.89 23.71 87.96
100.65 76.23 24.07 89.28
100.47 75.56 24.43 90.62
100.28 74.88 24.80 91.98
100.66 74.19 25.17 93.36
100.47 73.49 25.54 94.76
100.86 74.93 25.93 96.18
100.08 72.02 26.32 97.63
99.11 72.74 25.93 96.18
99.30 71.33 25.54 94.76
98.93 69.94 25.17 93.36
99.11 70.63 24.80 91.98
99.30 69.28 24.43 90.62
99.48 69.95 24.07 89.28
99.65 70.61 23.71 87.96
99.83 71.26 23.36 86.66
100.00 71.90 23.02 85.38
100.17 70.65 22.68 84.12
100.34 71.27 22.34 82.88
100.50 70.05 22.01 81.65
100.18 70.65 21.69 80.45
100.34 69.47 21.37 79.26
99.70 68.88 21.69 80.45
99.86 69.47 21.37 79.26
99.21 68.88 21.69 80.45
99.37 69.47 21.37 79.26
99.21 68.88 21.69 80.45
98.89 69.47 21.37 79.26
98.73 68.88 21.69 80.45
98.41 69.47 21.37 79.26
98.25 68.88 21.69 80.45
98.41 69.47 21.37 79.26
98.10 68.31 21.05 78.09
98.26 67.16 20.74 76.93
98.41 67.73 20.43 75.80
98.72 67.16 20.74 76.93
98.87 67.73 20.43 75.80
99.02 68.29 20.13 74.68
98.87 69.43 20.43 75.80
99.02 68.32 20.13 74.68
99.33 67.76 20.43 75.80
99.48 68.32 20.13 74.68
99.33 67.76 20.43 75.80
99.18 65.47 20.74 76.93
99.33 66.03 20.43 75.80
99.18 65.47 20.74 76.93
99.02 64.89 21.05 78.09
98.71 65.47 20.74 76.93
98.87 66.03 20.43 75.80
98.71 65.47 20.74 76.93
98.87 66.03 20.43 75.80
98.71 65.47 20.74 76.93
99.03 64.89 21.05 78.09
99.18 63.74 20.74 76.93
99.34 64.31 20.43 75.80
99.65 63.74 20.74 76.93
99.80 64.31 20.43 75.80
99.95 63.20 20.13 74.68
100.10 63.75 19.83 73.57
100.40 64.87 20.13 74.68
100.55 65.42 19.83 73.57
100.86 64.87 20.13 74.68
101.00 65.42 19.83 73.57
100.86 64.87 20.13 74.68
101.45 63.77 19.83 73.57
101.30 63.22 20.13 74.68
101.15 62.66 20.43 75.80
101.30 61.55 20.13 74.68
101.15 60.99 20.43 75.80
101.00 60.42 20.74 76.93
100.69 60.99 20.43 75.80
100.54 62.14 20.74 76.93
100.69 61.01 20.43 75.80
100.54 60.45 20.74 76.93
100.69 61.01 20.43 75.80
100.54 60.45 20.74 76.93
100.38 59.87 21.05 78.09
100.54 58.72 20.74 76.93
100.69 59.29 20.43 75.80
100.84 59.85 20.13 74.68
100.99 60.40 19.83 73.57
100.84 59.85 20.13 74.68
100.99 60.40 19.83 73.57
101.14 60.95 19.54 72.49
100.99 60.40 19.83 73.57
100.84 59.85 20.13 74.68
100.69 59.29 20.43 75.80
100.84 58.18 20.13 74.68
100.69 57.62 20.43 75.80
100.84 58.18 20.13 74.68
100.23 57.62 20.43 75.80
100.08 57.05 20.74 76.93
100.23 57.62 20.43 75.80
100.38 58.18 20.13 74.68
100.53 58.73 19.83 73.57
100.38 58.18 20.13 74.68
100.53 57.08 19.83 73.57
99.93 56.53 20.13 74.68
99.78 55.97 20.43 75.80
99.93 56.53 20.13 74.68
99.78 55.97 20.43 75.80
99.93 56.53 20.13 74.68
100.08 57.08 19.83 73.57
99.93 56.53 20.13 74.68
100.08 57.08 19.83 73.57
100.67 57.63 19.54 72.49
100.52 57.08 19.83 73.57
100.67 57.63 19.54 72.49
100.81 56.56 19.25 71.41
100.23 56.03 19.54 72.49
100.37 54.96 19.25 71.41
100.23 54.43 19.54 72.49
100.08 53.88 19.83 73.57
99.48 53.33 20.13 74.68
99.63 53.88 19.83 73.57
99.78 54.43 19.54 72.49
99.49 54.96 19.25 71.41
99.35 54.43 19.54 72.49
99.20 53.88 19.83 73.57
98.91 54.43 19.54 72.49
99.05 53.36 19.25 71.41
98.91 52.83 19.54 72.49
98.76 52.28 19.83 73.57
98.91 52.83 19.54 72.49
99.05 53.36 19.25 71.41
98.91 52.83 19.54 72.49
99.05 53.36 19.25 71.41
99.20 53.89 18.97 70.36
99.05 53.36 19.25 71.41
99.20 53.89 18.97 70.36
99.34 52.86 18.69 69.32
99.20 52.34 18.97 70.36
99.34 52.86 18.69 69.32
99.20 52.34 18.97 70.36
99.05 51.81 19.25 71.41
98.47 51.27 19.54 72.49
98.62 51.81 19.25 71.41
98.47 51.27 19.54 72.49
98.62 51.81 19.25 71.41
98.76 52.34 18.97 70.36
98.18 51.81 19.25 71.41
98.04 51.27 19.54 72.49
98.18 50.21 19.25 71.41
98.33 50.74 18.97 70.36
98.18 50.21 19.25 71.41
98.33 50.74 18.97 70.36
98.47 49.71 18.69 69.32
98.33 50.76 18.97 70.36
98.47 51.28 18.69 69.32
98.33 50.76 18.97 70.36
98.47 51.28 18.69 69.32
98.33 50.76 18.97 70.36
98.47 51.28 18.69 69.32
98.60 50.26 18.41 68.29
98.47 49.75 18.69 69.32
98.33 49.23 18.97 70.36
98.18 48.70 19.25 71.41
98.33 49.23 18.97 70.36
98.18 48.70 19.25 71.41
98.33 49.23 18.97 70.36
98.18 48.70 19.25 71.41
97.90 49.23 18.97 70.36
98.04 49.75 18.69 69.32
97.90 49.23 18.97 70.36
98.04 48.20 18.69 69.32
97.90 47.68 18.97 70.36
97.76 47.15 19.25 71.41
97.90 47.68 18.97 70.36
97.76 47.15 19.25 71.41
97.48 47.68 18.97 70.36
98.04 48.20 18.69 69.32
98.17 48.71 18.41 68.29
98.04 48.20 18.69 69.32
98.59 48.71 18.41 68.29
98.45 48.20 18.69 69.32
98.59 48.71 18.41 68.29
98.45 46.65 18.69 69.32
98.17 47.16 18.41 68.29
98.45 46.65 18.69 69.32
98.31 46.13 18.97 70.36
98.04 46.65 18.69 69.32
97.90 46.13 18.97 70.36
98.04 46.65 18.69 69.32
98.17 47.16 18.41 68.29
98.04 46.65 18.69 69.32
98.17 47.16 18.41 68.29
97.62 46.65 18.69 69.32
97.48 46.13 18.97 70.36
97.62 45.09 18.69 69.32
97.75 45.61 18.41 68.29
97.89 46.11 18.14 67.29
98.02 46.61 17.87 66.29
97.89 46.11 18.14 67.29
98.02 46.61 17.87 66.29
98.16 47.10 17.61 65.31
98.02 46.61 17.87 66.29
98.16 47.10 17.61 65.31
98.02 46.61 17.87 66.29
98.16 45.63 17.61 65.31
97.62 45.14 17.87 66.29
97.49 44.65 18.14 67.29
96.94 44.14 18.41 68.29
97.08 44.65 18.14 67.29
96.81 45.14 17.87 66.29
96.27 44.65 18.14 67.29
96.41 45.14 17.87 66.29
96.14 45.63 17.61 65.31
96.01 45.14 17.87 66.29
95.88 44.65 18.14 67.29
95.61 43.66 17.87 66.29
95.48 43.16 18.14 67.29
95.21 43.66 17.87 66.29
95.34 44.15 17.61 65.31
95.21 43.66 17.87 66.29
94.95 44.15 17.61 65.31
95.08 44.63 17.35 64.35
95.21 45.11 17.09 63.40
95.08 44.63 17.35 64.35
94.82 43.69 17.09 63.40
94.31 43.21 17.35 64.35
94.44 43.69 17.09 63.40
94.31 43.21 17.35 64.35
94.18 42.73 17.61 65.31
93.53 43.21 17.35 64.35
93.40 42.73 17.61 65.31
93.14 43.21 17.35 64.35
93.27 43.69 17.09 63.40
93.14 43.21 17.35 64.35
92.89 43.69 17.09 63.40
92.37 43.21 17.35 64.35
92.50 42.27 17.09 63.40
91.98 41.79 17.35 64.35
92.11 42.27 17.09 63.40
91.98 41.79 17.35 64.35
92.11 42.27 17.09 63.40
91.86 42.74 16.84 62.46
91.98 43.20 16.59 61.54
91.86 42.74 16.84 62.46
91.98 43.20 16.59 61.54
91.86 42.74 16.84 62.46
91.98 41.82 16.59 61.54
91.86 41.36 16.84 62.46
91.98 41.82 16.59 61.54
91.48 41.36 16.84 62.46
91.36 40.89 17.09 63.40
91.48 41.36 16.84 62.46
90.97 40.89 17.09 63.40
91.10 41.36 16.84 62.46
91.22 41.82 16.59 61.54
91.10 41.36 16.84 62.46
91.22 41.82 16.59 61.54
90.72 41.36 16.84 62.46
90.85 40.44 16.59 61.54
90.97 40.90 16.34 60.63
90.85 40.44 16.59 61.54
90.72 39.98 16.84 62.46
90.85 40.44 16.59 61.54
90.97 40.90 16.34 60.63
90.85 40.44 16.59 61.54
90.97 40.90 16.34 60.63
91.22 40.44 16.59 61.54
91.34 40.90 16.34 60.63
91.22 40.44 16.59 61.54
91.34 39.54 16.34 60.63
91.22 39.08 16.59 61.54
91.47 38.62 16.84 62.46
91.34 38.15 17.09 63.40
91.47 38.62 16.84 62.46
91.59 39.08 16.59 61.54
91.72 39.54 16.34 60.63
91.59 39.08 16.59 61.54
91.72 39.54 16.34 60.63
91.59 39.08 16.59 61.54
91.72 39.54 16.34 60.63
91.22 37.70 16.59 61.54
91.10 37.24 16.84 62.46
91.59 37.70 16.59 61.54
91.47 37.24 16.84 62.46
91.34 36.77 17.09 63.40
91.47 37.24 16.84 62.46
91.59 37.70 16.59 61.54
91.47 37.24 16.84 62.46
91.59 37.70 16.59 61.54
91.85 37.24 16.84 62.46
92.34 37.70 16.59 61.54
92.22 37.24 16.84 62.46
92.34 36.33 16.59 61.54
92.22 37.26 16.84 62.46
92.72 36.35 16.59 61.54
92.84 36.80 16.34 60.63
92.72 36.35 16.59 61.54
92.84 36.80 16.34 60.63
92.96 37.25 16.10 59.73
92.84 36.80 16.34 60.63
92.96 37.25 16.10 59.73
92.84 36.80 16.34 60.63
