213.00 121.00 21.00 95.00
211.76 119.61 20.69 93.60
209.26 116.78 21.00 95.00
208.02 117.48 20.69 93.60
207.26 116.10 20.38 92.21
206.65 115.41 20.69 93.60
206.80 114.04 20.38 92.21
207.57 111.25 20.69 93.60
209.10 111.94 20.38 92.21
210.15 110.59 20.08 90.85
212.28 109.91 20.38 92.21
213.98 109.21 20.69 93.60
217.33 109.91 20.38 92.21
218.83 110.59 20.08 90.85
218.09 109.25 19.79 89.51
217.04 110.62 20.08 90.85
216.75 109.28 19.79 89.51
215.70 108.61 20.08 90.85
214.52 107.28 19.79 89.51
213.47 106.61 20.08 90.85
214.50 107.28 19.79 89.51
214.81 104.57 20.08 90.85
215.57 103.89 20.38 92.21
216.34 103.20 20.69 93.60
217.13 102.50 21.00 95.00
218.21 103.20 20.69 93.60
218.36 101.83 20.38 92.21
218.06 102.51 20.08 90.85
217.91 99.76 20.38 92.21
218.51 100.44 20.08 90.85
219.11 99.11 19.79 89.51
219.69 97.79 19.49 88.18
221.55 98.45 19.21 86.88
222.54 99.09 18.92 85.60
222.83 98.45 19.21 86.88
223.12 97.79 19.49 88.18
223.27 98.45 19.21 86.88
223.41 97.17 18.92 85.60
223.70 96.53 19.21 86.88
223.55 95.88 19.49 88.18
223.41 97.22 19.79 89.51
223.12 101.83 19.49 88.18
223.26 104.43 19.21 86.88
223.55 105.75 19.49 88.18
224.56 110.30 19.21 86.88
223.98 111.62 19.49 88.18
222.83 112.27 19.21 86.88
223.12 113.60 19.49 88.18
222.09 112.94 19.79 89.51
219.24 112.26 20.08 90.85
215.44 111.58 20.38 92.21
211.58 110.89 20.69 93.60
207.66 108.06 21.00 95.00
203.18 106.67 20.69 93.60
200.14 103.23 20.38 92.21
199.39 103.91 20.08 90.85
197.87 101.16 20.38 92.21
197.25 102.57 20.69 93.60
198.51 103.99 21.00 95.00
200.05 104.69 20.69 93.60
201.12 107.45 20.38 92.21
202.36 108.86 20.69 93.60
203.42 109.55 20.38 92.21
204.66 108.86 20.69 93.60
205.92 110.28 21.00 95.00
203.76 108.89 20.69 93.60
201.72 108.19 21.00 95.00
202.80 108.89 20.69 93.60
204.53 108.19 21.00 95.00
207.23 105.31 21.32 96.43
214.34 106.78 21.63 97.87
220.23 105.35 21.32 96.43
223.68 101.80 21.00 95.00
224.30 100.41 20.69 93.60
220.85 99.71 21.00 95.00
215.45 98.31 20.69 93.60
209.18 97.61 21.00 95.00
203.77 99.06 21.32 96.43
198.75 97.64 21.00 95.00
196.21 92.61 21.32 96.43
195.89 89.07 21.00 95.00
196.21 79.71 21.32 96.43
198.48 72.41 21.63 97.87
200.55 68.82 21.32 96.43
202.12 67.40 21.00 95.00
203.20 68.10 20.69 93.60
205.18 66.73 20.38 92.21
206.68 67.41 20.08 90.85
206.53 68.79 20.38 92.21
206.68 75.58 20.08 90.85
205.50 82.27 19.79 89.51
205.80 89.74 20.08 90.85
206.10 91.12 20.38 92.21
205.95 94.62 20.69 93.60
206.74 98.18 21.00 95.00
207.82 100.97 20.69 93.60
210.25 105.80 20.38 92.21
210.56 109.30 20.69 93.60
209.47 114.98 21.00 95.00
208.23 119.88 20.69 93.60
206.56 122.63 20.38 92.21
204.09 124.04 20.69 93.60
202.42 128.86 20.38 92.21
205.97 128.17 20.69 93.60
207.04 128.86 20.38 92.21
206.42 126.07 20.69 93.60
206.57 126.76 20.38 92.21
206.72 125.41 20.08 90.85
207.32 124.08 19.79 89.51
207.02 122.76 19.49 88.18
206.31 121.47 19.21 86.88
206.45 120.19 18.92 85.60
205.88 117.60 19.21 86.88
206.17 114.98 19.49 88.18
206.02 114.32 19.79 89.51
207.04 113.00 19.49 88.18
207.62 113.65 19.21 86.88
208.35 113.00 19.49 88.18
208.92 115.60 19.21 86.88
209.65 114.95 19.49 88.18
210.39 116.29 19.79 89.51
210.54 116.95 19.49 88.18
211.54 119.55 19.21 86.88
212.11 120.19 18.92 85.60
213.26 121.50 19.21 86.88
214.86 120.85 19.49 88.18
215.86 121.50 19.21 86.88
217.28 122.14 18.92 85.60
218.86 121.50 19.21 86.88
220.46 120.85 19.49 88.18
222.09 122.19 19.79 89.51
223.98 122.85 19.49 88.18
225.16 124.19 19.79 89.51
226.36 123.52 20.08 90.85
227.13 122.84 20.38 92.21
226.97 124.25 20.69 93.60
227.58 124.94 20.38 92.21
228.36 124.25 20.69 93.60
230.33 122.87 20.38 92.21
232.28 123.55 20.08 90.85
233.32 122.22 19.79 89.51
234.07 121.55 20.08 90.85
234.66 120.22 19.79 89.51
235.25 120.88 19.49 88.18
235.10 118.21 19.79 89.51
234.50 117.54 20.08 90.85
234.21 118.21 19.79 89.51
233.16 115.50 20.08 90.85
233.31 116.18 19.79 89.51
233.45 114.86 19.49 88.18
233.17 115.51 19.21 86.88
233.02 110.91 19.49 88.18
233.60 111.56 19.21 86.88
233.89 110.91 19.49 88.18
234.03 109.62 19.21 86.88
233.75 110.26 18.92 85.60
234.31 109.00 18.64 84.33
234.45 109.62 18.37 83.09
234.31 109.00 18.64 84.33
234.17 108.37 18.92 85.60
234.46 107.73 19.21 86.88
235.62 105.10 19.49 88.18
236.81 104.44 19.79 89.51
237.83 105.10 19.49 88.18
238.57 104.44 19.79 89.51
238.71 105.10 19.49 88.18
239.29 105.75 19.21 86.88
239.14 105.10 19.49 88.18
238.11 104.44 19.79 89.51
237.38 105.10 19.49 88.18
236.24 105.75 19.21 86.88
234.68 106.39 18.92 85.60
233.15 107.03 18.64 84.33
230.89 106.39 18.92 85.60
229.03 103.81 19.21 86.88
227.14 103.15 19.49 88.18
225.22 102.49 19.79 89.51
222.82 101.82 20.08 90.85
221.64 102.49 19.79 89.51
221.79 101.18 19.49 88.18
220.76 100.52 19.79 89.51
219.59 101.18 19.49 88.18
218.88 101.83 19.21 86.88
218.30 101.18 19.49 88.18
218.01 101.83 19.21 86.88
217.86 101.18 19.49 88.18
218.16 100.52 19.79 89.51
218.01 99.85 20.08 90.85
218.32 101.23 20.38 92.21
218.02 101.91 20.08 90.85
217.41 103.30 20.38 92.21
217.26 104.70 20.69 93.60
216.63 104.00 21.00 95.00
216.79 104.70 20.69 93.60
216.94 105.39 20.38 92.21
217.09 106.07 20.08 90.85
217.24 106.74 19.79 89.51
217.82 105.43 19.49 88.18
218.40 104.14 19.21 86.88
218.12 104.78 18.92 85.60
217.84 105.41 18.64 84.33
217.15 106.03 18.37 83.09
214.93 107.30 18.64 84.33
213.83 107.92 18.37 83.09
211.94 110.37 18.10 81.86
210.88 110.98 17.83 80.65
210.22 111.57 17.56 79.46
209.96 110.41 17.30 78.28
209.44 109.82 17.56 79.46
209.18 110.41 17.30 78.28
209.05 113.38 17.56 79.46
209.32 114.59 17.83 80.65
209.59 117.65 18.10 81.86
209.87 122.62 18.37 83.09
209.73 125.78 18.64 84.33
209.87 130.12 18.37 83.09
209.60 134.40 18.10 81.86
209.33 136.81 17.83 80.65
209.20 138.04 18.10 81.86
209.06 137.43 18.37 83.09
209.20 138.04 18.10 81.86
209.06 139.29 18.37 83.09
209.76 136.78 18.64 84.33
209.90 137.40 18.37 83.09
209.34 136.78 18.64 84.33
209.63 136.14 18.92 85.60
209.77 136.78 18.64 84.33
209.20 136.14 18.92 85.60
209.49 135.50 19.21 86.88
208.36 136.14 18.92 85.60
206.93 137.45 19.21 86.88
205.48 136.80 19.49 88.18
204.76 135.50 19.21 86.88
202.43 134.85 19.49 88.18
200.07 134.19 19.79 89.51
198.12 133.52 20.08 90.85
197.38 132.18 19.79 89.51
196.22 134.82 19.49 88.18
195.07 135.47 19.21 86.88
194.49 134.82 19.49 88.18
195.07 135.47 19.21 86.88
196.06 136.11 18.92 85.60
196.34 135.47 19.21 86.88
197.07 134.82 19.49 88.18
198.70 134.16 19.79 89.51
201.90 134.82 19.49 88.18
204.86 134.16 19.79 89.51
207.86 133.49 20.08 90.85
210.22 134.16 19.79 89.51
211.88 133.49 20.08 90.85
213.35 134.16 19.79 89.51
213.21 131.45 20.08 90.85
213.80 132.12 19.79 89.51
214.38 130.81 19.49 88.18
214.95 129.52 19.21 86.88
215.52 126.32 18.92 85.60
215.66 125.07 18.64 84.33
215.52 122.52 18.92 85.60
214.95 119.93 19.21 86.88
214.80 119.28 19.49 88.18
214.09 119.93 19.21 86.88
214.23 120.57 18.92 85.60
213.23 119.93 19.21 86.88
212.94 120.57 18.92 85.60
211.41 121.20 18.64 84.33
209.58 120.57 18.92 85.60
208.88 123.09 18.64 84.33
207.90 122.46 18.92 85.60
207.20 123.09 18.64 84.33
206.64 122.46 18.92 85.60
206.78 123.09 18.64 84.33
206.50 121.85 18.37 83.09
205.83 122.47 18.10 81.86
204.76 123.07 17.83 80.65
203.32 123.67 17.56 79.46
200.35 124.26 17.30 78.28
198.19 124.83 17.05 77.13
196.12 122.50 17.30 78.28
194.72 123.08 17.05 77.13
192.27 120.75 17.30 78.28
190.87 119.60 17.05 77.13
189.58 119.02 17.30 78.28
188.18 117.87 17.05 77.13
186.11 117.29 17.30 78.28
184.02 114.93 17.56 79.46
182.69 112.52 17.83 80.65
181.74 110.09 18.10 81.86
181.08 107.08 17.83 80.65
179.32 106.47 18.10 81.86
176.31 105.86 18.37 83.09
173.60 104.64 18.10 81.86
172.94 103.44 17.83 80.65
173.21 101.00 18.10 81.86
173.74 97.99 17.83 80.65
173.09 95.03 17.56 79.46
173.22 93.86 17.30 78.28
172.69 93.27 17.56 79.46
171.66 93.86 17.30 78.28
169.17 93.27 17.56 79.46
167.36 92.11 17.30 78.28
165.58 92.69 17.05 77.13
163.83 91.55 16.80 75.99
161.79 90.98 17.05 77.13
160.50 90.41 17.30 78.28
159.58 88.04 17.56 79.46
158.65 87.44 17.83 80.65
157.60 88.04 17.56 79.46
156.27 87.44 17.83 80.65
154.92 88.67 18.10 81.86
153.86 91.08 17.83 80.65
152.42 91.68 17.56 79.46
150.29 92.89 17.83 80.65
148.06 95.26 17.56 79.46
146.73 94.67 17.83 80.65
146.19 94.06 18.10 81.86
146.33 92.86 17.83 80.65
145.79 92.26 18.10 81.86
145.52 91.06 17.83 80.65
144.58 90.45 18.10 81.86
143.62 89.84 18.37 83.09
142.23 91.10 18.64 84.33
141.24 90.47 18.92 85.60
139.81 89.83 19.21 86.88
138.79 89.18 19.49 88.18
137.76 88.52 19.79 89.51
137.47 89.18 19.49 88.18
137.18 87.88 19.21 86.88
137.32 88.52 18.92 85.60
137.88 89.16 18.64 84.33
138.16 90.44 18.92 85.60
138.45 89.80 19.21 86.88
139.18 91.12 19.49 88.18
139.92 94.47 19.79 89.51
141.12 95.84 20.08 90.85
142.16 100.52 19.79 89.51
142.91 103.92 20.08 90.85
144.13 105.30 20.38 92.21
146.76 104.61 20.69 93.60
152.39 105.30 20.38 92.21
161.51 102.51 20.69 93.60
170.33 103.20 20.38 92.21
171.57 100.42 20.69 93.60
170.95 99.71 21.00 95.00
170.79 99.00 21.32 96.43
170.14 98.28 21.63 97.87
168.01 97.54 21.96 99.34
164.35 99.06 22.29 100.83
160.64 98.30 22.62 102.34
156.87 97.53 22.96 103.88
153.04 96.75 23.31 105.44
150.22 95.96 23.66 107.02
148.83 96.75 23.31 105.44
147.46 97.53 22.96 103.88
146.11 96.01 22.62 102.34
144.91 97.57 22.96 103.88
144.73 96.79 23.31 105.44
144.56 96.00 23.66 107.02
144.21 96.79 23.31 105.44
143.87 97.57 22.96 103.88
143.53 98.34 22.62 102.34
141.70 99.09 22.29 100.83
139.51 96.04 22.62 102.34
139.85 92.95 22.96 103.88
141.54 89.13 22.62 102.34
141.71 87.63 22.29 100.83
142.05 86.87 22.62 102.34
144.97 86.10 22.96 103.88
152.23 86.87 22.62 102.34
156.69 86.10 22.96 103.88
158.09 90.05 23.31 105.44
160.83 93.16 22.96 103.88
162.01 98.51 22.62 102.34
162.18 103.78 22.29 100.83
162.84 106.75 21.96 99.34
163.17 108.26 22.29 100.83
163.00 109.80 22.62 102.34
163.17 112.82 22.29 100.83
164.32 113.56 21.96 99.34
164.00 116.49 21.63 97.87
161.87 117.98 21.96 99.34
160.58 118.71 21.63 97.87
159.78 121.60 21.32 96.43
157.59 122.31 21.00 95.00
154.96 123.01 20.69 93.60
153.39 122.31 21.00 95.00
153.55 118.82 20.69 93.60
153.86 113.86 21.00 95.00
154.18 108.83 21.32 96.43
154.51 101.53 21.63 97.87
155.82 96.34 21.96 99.34
158.15 91.08 22.29 100.83
161.03 85.74 22.62 102.34
163.94 80.32 22.96 103.88
167.66 78.79 22.62 102.34
168.52 78.02 22.96 103.88
169.70 81.09 22.62 102.34
170.05 80.32 22.96 103.88
170.22 83.38 22.62 102.34
168.89 86.39 22.29 100.83
166.19 90.22 22.62 102.34
162.86 95.49 22.29 100.83
159.58 98.46 21.96 99.34
155.86 103.58 21.63 97.87
150.78 107.30 21.96 99.34
146.62 111.07 22.29 100.83
143.84 114.04 21.96 99.34
141.09 116.97 21.63 97.87
139.82 119.85 21.32 96.43
139.18 119.13 21.63 97.87
139.51 120.62 21.96 99.34
140.84 117.62 22.29 100.83
143.95 116.14 21.96 99.34
147.02 114.68 21.63 97.87
148.34 111.72 21.96 99.34
148.17 108.71 22.29 100.83
149.53 105.67 22.62 102.34
152.44 100.24 22.96 103.88
153.84 97.10 23.31 105.44
154.72 96.31 23.66 107.02
156.46 94.74 23.31 105.44
157.66 93.19 22.96 103.88
158.34 91.67 22.62 102.34
158.68 88.57 22.96 103.88
159.87 87.05 22.62 102.34
160.21 86.28 22.96 103.88
159.88 87.05 22.62 102.34
158.68 86.28 22.96 103.88
157.33 87.05 22.62 102.34
155.61 86.28 22.96 103.88
154.26 87.05 22.62 102.34
152.55 86.28 22.96 103.88
150.81 87.87 23.31 105.44
147.46 87.07 23.66 107.02
144.59 86.27 24.01 108.62
143.18 84.68 23.66 107.02
141.79 83.11 23.31 105.44
140.93 83.89 22.96 103.88
140.24 80.74 23.31 105.44
140.06 79.95 23.66 107.02
140.76 78.38 23.31 105.44
141.11 75.19 23.66 107.02
142.86 73.62 23.31 105.44
144.06 72.08 22.96 103.88
144.41 71.30 23.31 105.44
145.61 69.75 22.96 103.88
147.30 70.52 22.62 102.34
148.96 71.27 22.29 100.83
150.31 70.52 22.62 102.34
153.75 69.75 22.96 103.88
159.32 71.33 23.31 105.44
162.06 74.44 22.96 103.88
161.37 80.74 23.31 105.44
162.57 86.18 22.96 103.88
163.75 89.24 22.62 102.34
163.42 94.51 22.29 100.83
163.58 97.48 21.96 99.34
163.92 96.74 22.29 100.83
163.75 98.27 22.62 102.34
163.58 97.50 22.96 103.88
163.41 96.72 23.31 105.44
163.58 97.50 22.96 103.88
164.26 98.27 22.62 102.34
163.43 99.03 22.29 100.83
160.64 104.22 21.96 99.34
158.98 105.74 22.29 100.83
157.17 108.71 21.96 99.34
155.40 111.63 21.63 97.87
154.12 114.52 21.32 96.43
153.00 113.79 21.63 97.87
152.20 114.52 21.32 96.43
151.42 117.36 21.00 95.00
151.26 116.64 21.32 96.43
151.10 115.92 21.63 97.87
151.43 115.19 21.96 99.34
152.08 115.92 21.63 97.87
152.41 115.19 21.96 99.34
152.57 115.92 21.63 97.87
152.41 115.19 21.96 99.34
152.57 115.92 21.63 97.87
152.25 116.64 21.32 96.43
152.09 113.73 21.63 97.87
152.25 112.29 21.32 96.43
151.61 109.38 21.63 97.87
151.77 107.94 21.32 96.43
152.09 105.02 21.63 97.87
152.73 101.43 21.32 96.43
152.57 100.70 21.63 97.87
154.16 97.11 21.32 96.43
157.39 94.19 21.63 97.87
160.42 92.76 21.32 96.43
161.23 89.84 21.63 97.87
162.34 88.40 21.32 96.43
162.97 86.99 21.00 95.00
163.29 86.28 21.32 96.43
163.92 86.99 21.00 95.00
163.76 86.28 21.32 96.43
163.60 85.55 21.63 97.87
162.95 84.82 21.96 99.34
163.11 85.55 21.63 97.87
163.75 86.28 21.32 96.43
164.07 85.55 21.63 97.87
164.40 84.82 21.96 99.34
165.05 85.55 21.63 97.87
166.16 86.28 21.32 96.43
166.00 85.55 21.63 97.87
165.35 82.59 21.96 99.34
165.68 81.85 22.29 100.83
165.85 80.37 21.96 99.34
165.04 81.10 21.63 97.87
163.77 79.67 21.32 96.43
162.04 80.38 21.00 95.00
159.50 79.67 21.32 96.43
156.83 80.38 21.00 95.00
155.13 81.08 20.69 93.60
152.63 82.51 21.00 95.00
150.47 83.21 20.69 93.60
147.88 83.90 20.38 92.21
144.48 83.21 20.69 93.60
142.35 81.83 20.38 92.21
140.25 82.52 20.08 90.85
137.82 79.77 20.38 92.21
136.74 79.08 20.69 93.60
135.64 80.50 21.00 95.00
134.87 79.11 20.69 93.60
133.31 78.41 21.00 95.00
132.53 79.11 20.69 93.60
131.77 79.80 20.38 92.21
130.69 81.20 20.69 93.60
129.60 80.50 21.00 95.00
129.29 81.20 20.69 93.60
129.60 80.50 21.00 95.00
129.76 81.20 20.69 93.60
130.83 83.96 20.38 92.21
131.88 86.68 20.08 90.85
134.68 93.36 19.79 89.51
137.23 96.76 20.08 90.85
139.82 102.28 20.38 92.21
144.77 107.88 20.69 93.60
150.73 109.30 21.00 95.00
153.20 112.10 20.69 93.60
153.35 114.86 20.38 92.21
153.95 113.50 20.08 90.85
152.43 110.76 20.38 92.21
150.79 107.37 20.08 90.85
150.18 102.56 20.38 92.21
150.03 99.77 20.69 93.60
149.87 94.81 21.00 95.00
149.71 89.78 21.32 96.43
149.07 86.86 21.63 97.87
148.27 83.27 21.32 96.43
147.49 83.98 21.00 95.00
146.85 83.27 21.32 96.43
146.54 81.85 21.00 95.00
143.52 81.14 21.32 96.43
136.09 78.22 21.63 97.87
130.03 75.26 21.96 99.34
124.87 72.26 22.29 100.83
120.14 66.92 22.62 102.34
115.86 61.50 22.96 103.88
114.12 58.36 23.31 105.44
119.24 35.99 23.66 107.02
124.98 37.62 24.01 108.62
125.35 81.26 24.37 110.25
124.99 79.64 24.01 108.62
118.26 59.07 24.37 110.25
115.21 57.45 24.01 108.62
107.97 65.45 23.66 107.02
107.79 45.18 24.01 108.62
108.50 48.38 23.66 107.02
112.09 50.01 24.01 108.62
114.91 53.21 23.66 107.02
114.04 56.36 23.31 105.44
111.64 64.12 22.96 103.88
115.87 78.64 22.62 102.34
117.76 89.51 22.96 103.88
121.24 95.82 23.31 105.44
120.00 107.01 23.66 107.02
123.31 74.74 23.31 105.44
131.20 80.17 22.96 103.88
132.59 84.11 23.31 105.44
133.28 84.89 22.96 103.88
130.50 86.48 23.31 105.44
128.10 89.58 22.96 103.88
127.25 88.06 22.62 102.34
131.91 84.30 22.29 100.83
127.16 82.82 21.96 99.34
129.99 77.55 22.29 100.83
138.03 73.85 21.96 99.34
145.46 72.39 21.63 97.87
151.20 76.11 21.96 99.34
154.27 76.84 21.63 97.87
156.81 79.72 21.32 96.43
157.91 86.82 21.00 95.00
154.41 92.59 21.32 96.43
153.28 94.06 21.63 97.87
155.83 96.94 21.32 96.43
154.22 98.41 21.63 97.87
