1
345.00,219.00,574.00,219.00,574.00,371.00,345.00,371.00
346.00,219.00,574.00,219.00,574.00,371.00,346.00,371.00
346.00,219.00,576.00,219.00,576.00,372.00,346.00,372.00
346.00,215.00,575.00,215.00,575.00,367.00,346.00,367.00
346.00,214.00,575.00,214.00,575.00,366.00,346.00,366.00
346.00,212.00,574.00,212.00,574.00,364.00,346.00,364.00
345.00,211.00,574.00,211.00,574.00,362.00,345.00,362.00
345.00,209.00,573.00,209.00,573.00,361.00,345.00,361.00
345.00,209.00,575.00,209.00,575.00,361.00,345.00,361.00
346.00,209.00,576.00,209.00,576.00,361.00,346.00,361.00
347.00,208.00,577.00,208.00,577.00,360.00,347.00,360.00
347.00,206.00,577.00,206.00,577.00,359.00,347.00,359.00
347.00,206.00,577.00,206.00,577.00,358.00,347.00,358.00
348.00,206.00,577.00,206.00,577.00,358.00,348.00,358.00
347.00,203.00,576.00,203.00,576.00,355.00,347.00,355.00
348.00,203.00,576.00,203.00,576.00,355.00,348.00,355.00
348.00,203.00,577.00,203.00,577.00,355.00,348.00,355.00
347.00,200.00,576.00,200.00,576.00,352.00,347.00,352.00
347.00,200.00,576.00,200.00,576.00,352.00,347.00,352.00
349.00,200.00,577.00,200.00,577.00,352.00,349.00,352.00
348.00,201.00,578.00,201.00,578.00,353.00,348.00,353.00
349.00,200.00,579.00,200.00,579.00,352.00,349.00,352.00
349.00,200.00,579.00,200.00,579.00,352.00,349.00,352.00
348.00,200.00,577.00,200.00,577.00,351.00,348.00,351.00
348.00,210.00,576.00,210.00,576.00,362.00,348.00,362.00
350.00,213.00,578.00,213.00,578.00,365.00,350.00,365.00
351.00,222.00,579.00,222.00,579.00,374.00,351.00,374.00
350.00,222.00,578.00,222.00,578.00,374.00,350.00,374.00
351.00,225.00,579.00,225.00,579.00,377.00,351.00,377.00
350.00,226.00,578.00,226.00,578.00,377.00,350.00,377.00
350.00,228.00,578.00,228.00,578.00,380.00,350.00,380.00
345.00,227.00,574.00,227.00,574.00,379.00,345.00,379.00
352.00,226.00,580.00,226.00,580.00,378.00,352.00,378.00
346.00,226.00,575.00,226.00,575.00,378.00,346.00,378.00
321.00,225.00,550.00,225.00,550.00,377.00,321.00,377.00
317.00,222.00,545.00,222.00,545.00,374.00,317.00,374.00
331.00,222.00,560.00,222.00,560.00,374.00,331.00,374.00
343.00,221.00,572.00,221.00,572.00,373.00,343.00,373.00
339.00,220.00,568.00,220.00,568.00,372.00,339.00,372.00
334.00,220.00,562.00,220.00,562.00,372.00,334.00,372.00
334.00,221.00,564.00,221.00,564.00,374.00,334.00,374.00
334.00,221.00,563.00,221.00,563.00,373.00,334.00,373.00
333.00,219.00,562.00,219.00,562.00,370.00,333.00,370.00
334.00,218.00,562.00,218.00,562.00,370.00,334.00,370.00
332.00,218.00,560.00,218.00,560.00,370.00,332.00,370.00
332.00,218.00,561.00,218.00,561.00,369.00,332.00,369.00
332.00,219.00,561.00,219.00,561.00,371.00,332.00,371.00
322.00,219.00,550.00,219.00,550.00,370.00,322.00,370.00
320.00,218.00,550.00,218.00,550.00,370.00,320.00,370.00
317.00,217.00,547.00,217.00,547.00,370.00,317.00,370.00
313.00,217.00,543.00,217.00,543.00,370.00,313.00,370.00
308.00,217.00,538.00,217.00,538.00,369.00,308.00,369.00
304.00,216.00,535.00,216.00,535.00,369.00,304.00,369.00
300.00,216.00,528.00,216.00,528.00,368.00,300.00,368.00
298.00,217.00,527.00,217.00,527.00,369.00,298.00,369.00
292.00,215.00,522.00,215.00,522.00,367.00,292.00,367.00
289.00,214.00,518.00,214.00,518.00,366.00,289.00,366.00
285.00,213.00,514.00,213.00,514.00,365.00,285.00,365.00
282.00,212.00,511.00,212.00,511.00,364.00,282.00,364.00
278.00,210.00,507.00,210.00,507.00,362.00,278.00,362.00
276.00,208.00,505.00,208.00,505.00,360.00,276.00,360.00
272.00,207.00,501.00,207.00,501.00,359.00,272.00,359.00
270.00,205.00,498.00,205.00,498.00,356.00,270.00,356.00
270.00,205.00,500.00,205.00,500.00,358.00,270.00,358.00
273.00,204.00,501.00,204.00,501.00,355.00,273.00,355.00
275.00,203.00,503.00,203.00,503.00,355.00,275.00,355.00
280.00,203.00,508.00,203.00,508.00,354.00,280.00,354.00
283.00,202.00,512.00,202.00,512.00,354.00,283.00,354.00
282.00,200.00,511.00,200.00,511.00,351.00,282.00,351.00
281.00,198.00,510.00,198.00,510.00,351.00,281.00,351.00
280.00,199.00,509.00,199.00,509.00,351.00,280.00,351.00
278.00,199.00,506.00,199.00,506.00,351.00,278.00,351.00
277.00,199.00,506.00,199.00,506.00,351.00,277.00,351.00
277.00,197.00,506.00,197.00,506.00,349.00,277.00,349.00
275.00,197.00,503.00,197.00,503.00,348.00,275.00,348.00
274.00,197.00,504.00,197.00,504.00,350.00,274.00,350.00
273.00,197.00,502.00,197.00,502.00,349.00,273.00,349.00
271.00,195.00,501.00,195.00,501.00,348.00,271.00,348.00
268.00,192.00,497.00,192.00,497.00,345.00,268.00,345.00
268.00,188.00,497.00,188.00,497.00,340.00,268.00,340.00
268.00,184.00,495.00,184.00,495.00,335.00,268.00,335.00
269.00,181.00,497.00,181.00,497.00,333.00,269.00,333.00
268.00,178.00,496.00,178.00,496.00,329.00,268.00,329.00
267.00,175.00,495.00,175.00,495.00,326.00,267.00,326.00
268.00,175.00,494.00,175.00,494.00,325.00,268.00,325.00
267.00,172.00,493.00,172.00,493.00,323.00,267.00,323.00
267.00,171.00,493.00,171.00,493.00,321.00,267.00,321.00
279.00,169.00,500.00,169.00,500.00,316.00,279.00,316.00
285.00,168.00,506.00,168.00,506.00,315.00,285.00,315.00
282.00,167.00,504.00,167.00,504.00,315.00,282.00,315.00
279.00,166.00,502.00,166.00,502.00,313.00,279.00,313.00
281.00,166.00,500.00,166.00,500.00,312.00,281.00,312.00
281.00,166.00,497.00,166.00,497.00,310.00,281.00,310.00
282.00,168.00,497.00,168.00,497.00,311.00,282.00,311.00
284.00,173.00,499.00,173.00,499.00,316.00,284.00,316.00
284.00,174.00,500.00,174.00,500.00,317.00,284.00,317.00
287.00,178.00,500.00,178.00,500.00,319.00,287.00,319.00
289.00,186.00,505.00,186.00,505.00,329.00,289.00,329.00
291.00,196.00,505.00,196.00,505.00,338.00,291.00,338.00
292.00,207.00,507.00,207.00,507.00,349.00,292.00,349.00
293.00,213.00,507.00,213.00,507.00,356.00,293.00,356.00
295.00,224.00,510.00,224.00,510.00,367.00,295.00,367.00
295.00,232.00,510.00,232.00,510.00,374.00,295.00,374.00
296.00,235.00,510.00,235.00,510.00,377.00,296.00,377.00
299.00,243.00,514.00,243.00,514.00,386.00,299.00,386.00
304.00,252.00,521.00,252.00,521.00,395.00,304.00,395.00
306.00,257.00,521.00,257.00,521.00,399.00,306.00,399.00
308.00,260.00,524.00,260.00,524.00,404.00,308.00,404.00
310.00,262.00,526.00,262.00,526.00,406.00,310.00,406.00
317.00,265.00,532.00,265.00,532.00,407.00,317.00,407.00
319.00,270.00,534.00,270.00,534.00,412.00,319.00,412.00
321.00,275.00,537.00,275.00,537.00,418.00,321.00,418.00
322.00,276.00,537.00,276.00,537.00,419.00,322.00,419.00
325.00,283.00,543.00,283.00,543.00,427.00,325.00,427.00
332.00,284.00,549.00,284.00,549.00,428.00,332.00,428.00
337.00,285.00,554.00,285.00,554.00,429.00,337.00,429.00
339.00,288.00,557.00,288.00,557.00,433.00,339.00,433.00
340.00,289.00,560.00,289.00,560.00,435.00,340.00,435.00
341.00,289.00,563.00,289.00,563.00,437.00,341.00,437.00
340.00,288.00,561.00,288.00,561.00,435.00,340.00,435.00
340.00,290.00,563.00,290.00,563.00,438.00,340.00,438.00
340.00,288.00,563.00,288.00,563.00,436.00,340.00,436.00
343.00,288.00,566.00,288.00,566.00,436.00,343.00,436.00
342.00,286.00,566.00,286.00,566.00,434.00,342.00,434.00
341.00,284.00,565.00,284.00,565.00,432.00,341.00,432.00
340.00,282.00,565.00,282.00,565.00,431.00,340.00,431.00
339.00,281.00,564.00,281.00,564.00,430.00,339.00,430.00
338.00,279.00,565.00,279.00,565.00,430.00,338.00,430.00
337.00,277.00,564.00,277.00,564.00,428.00,337.00,428.00
334.00,274.00,564.00,274.00,564.00,427.00,334.00,427.00
337.00,275.00,567.00,275.00,567.00,427.00,337.00,427.00
337.00,274.00,567.00,274.00,567.00,427.00,337.00,427.00
338.00,277.00,568.00,277.00,568.00,430.00,338.00,430.00
337.00,279.00,568.00,279.00,568.00,432.00,337.00,432.00
338.00,282.00,568.00,282.00,568.00,436.00,338.00,436.00
337.00,281.00,569.00,281.00,569.00,436.00,337.00,436.00
335.00,280.00,569.00,280.00,569.00,435.00,335.00,435.00
335.00,281.00,569.00,281.00,569.00,436.00,335.00,436.00
334.00,278.00,568.00,278.00,568.00,434.00,334.00,434.00
336.00,279.00,571.00,279.00,571.00,434.00,336.00,434.00
337.00,279.00,571.00,279.00,571.00,434.00,337.00,434.00
336.00,280.00,571.00,280.00,571.00,436.00,336.00,436.00
335.00,278.00,571.00,278.00,571.00,435.00,335.00,435.00
333.00,276.00,569.00,276.00,569.00,432.00,333.00,432.00
337.00,277.00,572.00,277.00,572.00,433.00,337.00,433.00
339.00,274.00,575.00,274.00,575.00,430.00,339.00,430.00
339.00,270.00,576.00,270.00,576.00,427.00,339.00,427.00
341.00,266.00,576.00,266.00,576.00,422.00,341.00,422.00
349.00,264.00,583.00,264.00,583.00,420.00,349.00,420.00
356.00,273.00,591.00,273.00,591.00,429.00,356.00,429.00
356.00,289.00,592.00,289.00,592.00,445.00,356.00,445.00
359.00,293.00,594.00,293.00,594.00,449.00,359.00,449.00
358.00,292.00,593.00,292.00,593.00,448.00,358.00,448.00
359.00,297.00,593.00,297.00,593.00,452.00,359.00,452.00
357.00,298.00,592.00,298.00,592.00,454.00,357.00,454.00
355.00,299.00,590.00,299.00,590.00,455.00,355.00,455.00
353.00,300.00,590.00,300.00,590.00,457.00,353.00,457.00
349.00,298.00,584.00,298.00,584.00,454.00,349.00,454.00
361.00,298.00,598.00,298.00,598.00,455.00,361.00,455.00
372.00,298.00,609.00,298.00,609.00,455.00,372.00,455.00
368.00,296.00,605.00,296.00,605.00,454.00,368.00,454.00
363.00,294.00,600.00,294.00,600.00,452.00,363.00,452.00
363.00,295.00,600.00,295.00,600.00,453.00,363.00,453.00
351.00,294.00,588.00,294.00,588.00,451.00,351.00,451.00
343.00,292.00,580.00,292.00,580.00,449.00,343.00,449.00
349.00,292.00,585.00,292.00,585.00,448.00,349.00,448.00
362.00,287.00,598.00,287.00,598.00,444.00,362.00,444.00
366.00,285.00,600.00,285.00,600.00,440.00,366.00,440.00
354.00,276.00,587.00,276.00,587.00,431.00,354.00,431.00
343.00,267.00,578.00,267.00,578.00,423.00,343.00,423.00
338.00,254.00,572.00,254.00,572.00,410.00,338.00,410.00
336.00,244.00,570.00,244.00,570.00,400.00,336.00,400.00
333.00,240.00,566.00,240.00,566.00,395.00,333.00,395.00
329.00,245.00,562.00,245.00,562.00,399.00,329.00,399.00
327.00,245.00,560.00,245.00,560.00,399.00,327.00,399.00
326.00,240.00,558.00,240.00,558.00,394.00,326.00,394.00
328.00,235.00,559.00,235.00,559.00,388.00,328.00,388.00
342.00,215.00,573.00,215.00,573.00,368.00,342.00,368.00
343.00,191.00,574.00,191.00,574.00,344.00,343.00,344.00
346.00,164.00,575.00,164.00,575.00,316.00,346.00,316.00
353.00,145.00,581.00,145.00,581.00,297.00,353.00,297.00
358.00,128.00,586.00,128.00,586.00,280.00,358.00,280.00
366.00,105.00,593.00,105.00,593.00,256.00,366.00,256.00
363.00,99.00,589.00,99.00,589.00,249.00,363.00,249.00
362.00,112.00,587.00,112.00,587.00,261.00,362.00,261.00
373.00,111.00,597.00,111.00,597.00,260.00,373.00,260.00
391.00,102.00,615.00,102.00,615.00,251.00,391.00,251.00
388.00,85.00,612.00,85.00,612.00,233.00,388.00,233.00
369.00,66.00,592.00,66.00,592.00,214.00,369.00,214.00
359.00,58.00,581.00,58.00,581.00,205.00,359.00,205.00
360.00,43.00,583.00,43.00,583.00,191.00,360.00,191.00
366.00,30.00,587.00,30.00,587.00,177.00,366.00,177.00
368.00,21.00,589.00,21.00,589.00,168.00,368.00,168.00
368.00,26.00,589.00,26.00,589.00,172.00,368.00,172.00
355.00,35.00,576.00,35.00,576.00,182.00,355.00,182.00
353.00,44.00,573.00,44.00,573.00,190.00,353.00,190.00
356.00,46.00,573.00,46.00,573.00,190.00,356.00,190.00
358.00,45.00,576.00,45.00,576.00,189.00,358.00,189.00
358.00,37.00,575.00,37.00,575.00,181.00,358.00,181.00
358.00,42.00,574.00,42.00,574.00,186.00,358.00,186.00
361.00,45.00,576.00,45.00,576.00,188.00,361.00,188.00
366.00,50.00,581.00,50.00,581.00,192.00,366.00,192.00
370.00,61.00,583.00,61.00,583.00,203.00,370.00,203.00
375.00,82.00,588.00,82.00,588.00,223.00,375.00,223.00
381.00,103.00,592.00,103.00,592.00,243.00,381.00,243.00
386.00,123.00,597.00,123.00,597.00,263.00,386.00,263.00
390.00,142.00,601.00,142.00,601.00,282.00,390.00,282.00
380.00,159.00,589.00,159.00,589.00,297.00,380.00,297.00
392.00,176.00,601.00,176.00,601.00,314.00,392.00,314.00
406.00,176.00,615.00,176.00,615.00,314.00,406.00,314.00
405.00,172.00,613.00,172.00,613.00,310.00,405.00,310.00
388.00,171.00,597.00,171.00,597.00,309.00,388.00,309.00
368.00,173.00,576.00,173.00,576.00,311.00,368.00,311.00
367.00,176.00,576.00,176.00,576.00,315.00,367.00,315.00
378.00,174.00,587.00,174.00,587.00,312.00,378.00,312.00
380.00,170.00,586.00,170.00,586.00,306.00,380.00,306.00
369.00,178.00,575.00,178.00,575.00,315.00,369.00,315.00
360.00,186.00,566.00,186.00,566.00,323.00,360.00,323.00
358.00,188.00,564.00,188.00,564.00,324.00,358.00,324.00
350.00,194.00,554.00,194.00,554.00,330.00,350.00,330.00
347.00,201.00,551.00,201.00,551.00,337.00,347.00,337.00
343.00,207.00,547.00,207.00,547.00,343.00,343.00,343.00
343.00,211.00,546.00,211.00,546.00,346.00,343.00,346.00
345.00,214.00,548.00,214.00,548.00,349.00,345.00,349.00
350.00,218.00,553.00,218.00,553.00,352.00,350.00,352.00
358.00,217.00,559.00,217.00,559.00,351.00,358.00,351.00
360.00,212.00,561.00,212.00,561.00,346.00,360.00,346.00
362.00,209.00,561.00,209.00,561.00,342.00,362.00,342.00
364.00,208.00,564.00,208.00,564.00,341.00,364.00,341.00
366.00,209.00,564.00,209.00,564.00,341.00,366.00,341.00
366.00,217.00,561.00,217.00,561.00,347.00,366.00,347.00
367.00,221.00,565.00,221.00,565.00,352.00,367.00,352.00
369.00,222.00,567.00,222.00,567.00,352.00,369.00,352.00
370.00,224.00,567.00,224.00,567.00,355.00,370.00,355.00
370.00,232.00,565.00,232.00,565.00,361.00,370.00,361.00
360.00,237.00,554.00,237.00,554.00,366.00,360.00,366.00
353.00,242.00,546.00,242.00,546.00,370.00,353.00,370.00
360.00,249.00,552.00,249.00,552.00,377.00,360.00,377.00
363.00,253.00,555.00,253.00,555.00,380.00,363.00,380.00
362.00,255.00,555.00,255.00,555.00,382.00,362.00,382.00
362.00,261.00,552.00,261.00,552.00,388.00,362.00,388.00
362.00,268.00,551.00,268.00,551.00,393.00,362.00,393.00
360.00,268.00,549.00,268.00,549.00,393.00,360.00,393.00
361.00,270.00,549.00,270.00,549.00,394.00,361.00,394.00
364.00,275.00,550.00,275.00,550.00,398.00,364.00,398.00
366.00,272.00,552.00,272.00,552.00,395.00,366.00,395.00
369.00,272.00,554.00,272.00,554.00,395.00,369.00,395.00
370.00,273.00,555.00,273.00,555.00,396.00,370.00,396.00
372.00,272.00,555.00,272.00,555.00,394.00,372.00,394.00
373.00,274.00,554.00,274.00,554.00,394.00,373.00,394.00
374.00,277.00,556.00,277.00,556.00,397.00,374.00,397.00
374.00,278.00,555.00,278.00,555.00,398.00,374.00,398.00
376.00,281.00,556.00,281.00,556.00,400.00,376.00,400.00
372.00,275.00,551.00,275.00,551.00,394.00,372.00,394.00
362.00,273.00,542.00,273.00,542.00,392.00,362.00,392.00
354.00,270.00,535.00,270.00,535.00,389.00,354.00,389.00
356.00,262.00,535.00,262.00,535.00,380.00,356.00,380.00
364.00,249.00,542.00,249.00,542.00,367.00,364.00,367.00
361.00,243.00,538.00,243.00,538.00,360.00,361.00,360.00
350.00,237.00,527.00,237.00,527.00,355.00,350.00,355.00
345.00,234.00,521.00,234.00,521.00,350.00,345.00,350.00
355.00,220.00,529.00,220.00,529.00,336.00,355.00,336.00
353.00,215.00,525.00,215.00,525.00,329.00,353.00,329.00
356.00,210.00,527.00,210.00,527.00,324.00,356.00,324.00
357.00,204.00,528.00,204.00,528.00,317.00,357.00,317.00
357.00,199.00,527.00,199.00,527.00,312.00,357.00,312.00
358.00,194.00,528.00,194.00,528.00,307.00,358.00,307.00
358.00,187.00,525.00,187.00,525.00,298.00,358.00,298.00
358.00,182.00,526.00,182.00,526.00,294.00,358.00,294.00
360.00,181.00,528.00,181.00,528.00,292.00,360.00,292.00
362.00,180.00,530.00,180.00,530.00,291.00,362.00,291.00
365.00,181.00,532.00,181.00,532.00,292.00,365.00,292.00
366.00,179.00,532.00,179.00,532.00,290.00,366.00,290.00
367.00,179.00,532.00,179.00,532.00,289.00,367.00,289.00
368.00,180.00,532.00,180.00,532.00,289.00,368.00,289.00
367.00,178.00,531.00,178.00,531.00,287.00,367.00,287.00
365.00,178.00,529.00,178.00,529.00,288.00,365.00,288.00
364.00,178.00,527.00,178.00,527.00,286.00,364.00,286.00
361.00,179.00,524.00,179.00,524.00,287.00,361.00,287.00
360.00,182.00,522.00,182.00,522.00,289.00,360.00,289.00
358.00,180.00,521.00,180.00,521.00,287.00,358.00,287.00
350.00,180.00,513.00,180.00,513.00,288.00,350.00,288.00
343.00,180.00,506.00,180.00,506.00,288.00,343.00,288.00
338.00,179.00,500.00,179.00,500.00,287.00,338.00,287.00
333.00,178.00,495.00,178.00,495.00,286.00,333.00,286.00
331.00,181.00,493.00,181.00,493.00,288.00,331.00,288.00
327.00,180.00,488.00,180.00,488.00,287.00,327.00,287.00
324.00,181.00,485.00,181.00,485.00,287.00,324.00,287.00
322.00,178.00,484.00,178.00,484.00,285.00,322.00,285.00
311.00,180.00,471.00,180.00,471.00,287.00,311.00,287.00
310.00,181.00,471.00,181.00,471.00,287.00,310.00,287.00
306.00,182.00,465.00,182.00,465.00,288.00,306.00,288.00
304.00,181.00,465.00,181.00,465.00,288.00,304.00,288.00
301.00,182.00,461.00,182.00,461.00,287.00,301.00,287.00
297.00,182.00,456.00,182.00,456.00,287.00,297.00,287.00
293.00,184.00,450.00,184.00,450.00,288.00,293.00,288.00
287.00,185.00,443.00,185.00,443.00,289.00,287.00,289.00
287.00,188.00,441.00,188.00,441.00,290.00,287.00,290.00
290.00,189.00,444.00,189.00,444.00,291.00,290.00,291.00
297.00,190.00,450.00,190.00,450.00,292.00,297.00,292.00
303.00,192.00,456.00,192.00,456.00,293.00,303.00,293.00
311.00,194.00,462.00,194.00,462.00,294.00,311.00,294.00
316.00,192.00,466.00,192.00,466.00,292.00,316.00,292.00
316.00,193.00,465.00,193.00,465.00,292.00,316.00,292.00
310.00,192.00,459.00,192.00,459.00,290.00,310.00,290.00
306.00,192.00,453.00,192.00,453.00,289.00,306.00,289.00
303.00,192.00,449.00,192.00,449.00,289.00,303.00,289.00
298.00,191.00,443.00,191.00,443.00,287.00,298.00,287.00
294.00,191.00,438.00,191.00,438.00,287.00,294.00,287.00
290.00,188.00,433.00,188.00,433.00,283.00,290.00,283.00
289.00,188.00,431.00,188.00,431.00,282.00,289.00,282.00
285.00,186.00,427.00,186.00,427.00,280.00,285.00,280.00
289.00,185.00,431.00,185.00,431.00,279.00,289.00,279.00
296.00,186.00,437.00,186.00,437.00,279.00,296.00,279.00
297.00,184.00,436.00,184.00,436.00,276.00,297.00,276.00
298.00,182.00,436.00,182.00,436.00,274.00,298.00,274.00
300.00,180.00,437.00,180.00,437.00,270.00,300.00,270.00
306.00,179.00,442.00,179.00,442.00,269.00,306.00,269.00
311.00,177.00,445.00,177.00,445.00,266.00,311.00,266.00
318.00,175.00,452.00,175.00,452.00,264.00,318.00,264.00
324.00,174.00,456.00,174.00,456.00,262.00,324.00,262.00
326.00,173.00,458.00,173.00,458.00,260.00,326.00,260.00
333.00,174.00,464.00,174.00,464.00,261.00,333.00,261.00
343.00,173.00,473.00,173.00,473.00,259.00,343.00,259.00
350.00,172.00,480.00,172.00,480.00,258.00,350.00,258.00
351.00,171.00,481.00,171.00,481.00,257.00,351.00,257.00
357.00,170.00,486.00,170.00,486.00,255.00,357.00,255.00
358.00,169.00,486.00,169.00,486.00,254.00,358.00,254.00
357.00,169.00,483.00,169.00,483.00,252.00,357.00,252.00
357.00,169.00,482.00,169.00,482.00,252.00,357.00,252.00
354.00,167.00,478.00,167.00,478.00,249.00,354.00,249.00
353.00,165.00,475.00,165.00,475.00,246.00,353.00,246.00
353.00,165.00,473.00,165.00,473.00,245.00,353.00,245.00
352.00,164.00,472.00,164.00,472.00,243.00,352.00,243.00
353.00,163.00,472.00,163.00,472.00,242.00,353.00,242.00
353.00,163.00,471.00,163.00,471.00,241.00,353.00,241.00
353.00,163.00,470.00,163.00,470.00,240.00,353.00,240.00
354.00,162.00,469.00,162.00,469.00,238.00,354.00,238.00
354.00,163.00,468.00,163.00,468.00,238.00,354.00,238.00
353.00,163.00,466.00,163.00,466.00,237.00,353.00,237.00
353.00,163.00,464.00,163.00,464.00,237.00,353.00,237.00
353.00,164.00,463.00,164.00,463.00,237.00,353.00,237.00
350.00,164.00,460.00,164.00,460.00,237.00,350.00,237.00
350.00,166.00,459.00,166.00,459.00,238.00,350.00,238.00
349.00,166.00,457.00,166.00,457.00,238.00,349.00,238.00
350.00,168.00,456.00,168.00,456.00,238.00,350.00,238.00
347.00,171.00,453.00,171.00,453.00,241.00,347.00,241.00
346.00,172.00,450.00,172.00,450.00,241.00,346.00,241.00
347.00,173.00,450.00,173.00,450.00,241.00,347.00,241.00
346.00,176.00,448.00,176.00,448.00,243.00,346.00,243.00
344.00,178.00,445.00,178.00,445.00,245.00,344.00,245.00
344.00,179.00,443.00,179.00,443.00,245.00,344.00,245.00
341.00,181.00,440.00,181.00,440.00,247.00,341.00,247.00
338.00,181.00,437.00,181.00,437.00,247.00,338.00,247.00
337.00,183.00,434.00,183.00,434.00,248.00,337.00,248.00
337.00,185.00,433.00,185.00,433.00,249.00,337.00,249.00
332.00,187.00,429.00,187.00,429.00,251.00,332.00,251.00
331.00,191.00,426.00,191.00,426.00,254.00,331.00,254.00
329.00,192.00,423.00,192.00,423.00,254.00,329.00,254.00
328.00,195.00,421.00,195.00,421.00,257.00,328.00,257.00
326.00,201.00,419.00,201.00,419.00,262.00,326.00,262.00
324.00,200.00,417.00,200.00,417.00,261.00,324.00,261.00
324.00,204.00,414.00,204.00,414.00,264.00,324.00,264.00
324.00,206.00,413.00,206.00,413.00,265.00,324.00,265.00
321.00,208.00,411.00,208.00,411.00,267.00,321.00,267.00
320.00,211.00,410.00,211.00,410.00,270.00,320.00,270.00
320.00,214.00,407.00,214.00,407.00,272.00,320.00,272.00
318.00,215.00,404.00,215.00,404.00,273.00,318.00,273.00
319.00,219.00,405.00,219.00,405.00,276.00,319.00,276.00
320.00,222.00,404.00,222.00,404.00,277.00,320.00,277.00
317.00,223.00,401.00,223.00,401.00,279.00,317.00,279.00
316.00,228.00,399.00,228.00,399.00,283.00,316.00,283.00
314.00,233.00,397.00,233.00,397.00,288.00,314.00,288.00
311.00,238.00,393.00,238.00,393.00,292.00,311.00,292.00
311.00,243.00,392.00,243.00,392.00,296.00,311.00,296.00
310.00,248.00,391.00,248.00,391.00,301.00,310.00,301.00
311.00,252.00,391.00,252.00,391.00,304.00,311.00,304.00
310.00,256.00,388.00,256.00,388.00,308.00,310.00,308.00
309.00,260.00,387.00,260.00,387.00,311.00,309.00,311.00
311.00,263.00,388.00,263.00,388.00,314.00,311.00,314.00
313.00,267.00,388.00,267.00,388.00,317.00,313.00,317.00
312.00,270.00,387.00,270.00,387.00,320.00,312.00,320.00
310.00,274.00,385.00,274.00,385.00,323.00,310.00,323.00
311.00,277.00,385.00,277.00,385.00,326.00,311.00,326.00
310.00,280.00,384.00,280.00,384.00,329.00,310.00,329.00
307.00,284.00,381.00,284.00,381.00,333.00,307.00,333.00
300.00,288.00,373.00,288.00,373.00,336.00,300.00,336.00
291.00,290.00,363.00,290.00,363.00,338.00,291.00,338.00
284.00,293.00,357.00,293.00,357.00,341.00,284.00,341.00
281.00,296.00,353.00,296.00,353.00,344.00,281.00,344.00
276.00,298.00,348.00,298.00,348.00,346.00,276.00,346.00
269.00,302.00,340.00,302.00,340.00,349.00,269.00,349.00
265.00,304.00,335.00,304.00,335.00,350.00,265.00,350.00
262.00,306.00,333.00,306.00,333.00,353.00,262.00,353.00
258.00,307.00,329.00,307.00,329.00,354.00,258.00,354.00
257.00,310.00,328.00,310.00,328.00,357.00,257.00,357.00
256.00,312.00,327.00,312.00,327.00,358.00,256.00,358.00
253.00,315.00,324.00,315.00,324.00,362.00,253.00,362.00
251.00,316.00,321.00,316.00,321.00,362.00,251.00,362.00
252.00,318.00,321.00,318.00,321.00,364.00,252.00,364.00
253.00,320.00,321.00,320.00,321.00,365.00,253.00,365.00
255.00,322.00,322.00,322.00,322.00,367.00,255.00,367.00
255.00,323.00,322.00,323.00,322.00,368.00,255.00,368.00
255.00,325.00,321.00,325.00,321.00,369.00,255.00,369.00
257.00,327.00,323.00,327.00,323.00,371.00,257.00,371.00
260.00,329.00,326.00,329.00,326.00,372.00,260.00,372.00
263.00,331.00,328.00,331.00,328.00,374.00,263.00,374.00
263.00,332.00,327.00,332.00,327.00,375.00,263.00,375.00
263.00,335.00,327.00,335.00,327.00,378.00,263.00,378.00
263.00,335.00,327.00,335.00,327.00,378.00,263.00,378.00
264.00,337.00,328.00,337.00,328.00,379.00,264.00,379.00
267.00,338.00,331.00,338.00,331.00,381.00,267.00,381.00
266.00,339.00,330.00,339.00,330.00,381.00,266.00,381.00
265.00,341.00,328.00,341.00,328.00,383.00,265.00,383.00
265.00,342.00,329.00,342.00,329.00,384.00,265.00,384.00
268.00,343.00,330.00,343.00,330.00,384.00,268.00,384.00
265.00,344.00,327.00,344.00,327.00,385.00,265.00,385.00
265.00,344.00,328.00,344.00,328.00,386.00,265.00,386.00
264.00,345.00,326.00,345.00,326.00,385.00,264.00,385.00
266.00,345.00,327.00,345.00,327.00,386.00,266.00,386.00
268.00,348.00,328.00,348.00,328.00,387.00,268.00,387.00
268.00,347.00,328.00,347.00,328.00,387.00,268.00,387.00
270.00,348.00,330.00,348.00,330.00,388.00,270.00,388.00
274.00,349.00,333.00,349.00,333.00,388.00,274.00,388.00
279.00,349.00,338.00,349.00,338.00,388.00,279.00,388.00
282.00,350.00,341.00,350.00,341.00,389.00,282.00,389.00
284.00,350.00,343.00,350.00,343.00,389.00,284.00,389.00
285.00,351.00,345.00,351.00,345.00,390.00,285.00,390.00
289.00,353.00,348.00,353.00,348.00,392.00,289.00,392.00
294.00,354.00,352.00,354.00,352.00,393.00,294.00,393.00
291.00,354.00,349.00,354.00,349.00,392.00,291.00,392.00
289.00,355.00,347.00,355.00,347.00,393.00,289.00,393.00
287.00,354.00,345.00,354.00,345.00,392.00,287.00,392.00
288.00,353.00,345.00,353.00,345.00,391.00,288.00,391.00
287.00,350.00,344.00,350.00,344.00,388.00,287.00,388.00
288.00,347.00,345.00,347.00,345.00,384.00,288.00,384.00
288.00,346.00,344.00,346.00,344.00,383.00,288.00,383.00
285.00,341.00,342.00,341.00,342.00,379.00,285.00,379.00
285.00,338.00,342.00,338.00,342.00,375.00,285.00,375.00
285.00,336.00,341.00,336.00,341.00,372.00,285.00,372.00
287.00,330.00,342.00,330.00,342.00,366.00,287.00,366.00
286.00,326.00,341.00,326.00,341.00,362.00,286.00,362.00
281.00,323.00,335.00,323.00,335.00,359.00,281.00,359.00
277.00,321.00,331.00,321.00,331.00,356.00,277.00,356.00
276.00,318.00,330.00,318.00,330.00,353.00,276.00,353.00
278.00,316.00,332.00,316.00,332.00,351.00,278.00,351.00
278.00,314.00,332.00,314.00,332.00,349.00,278.00,349.00
276.00,313.00,329.00,313.00,329.00,348.00,276.00,348.00
276.00,311.00,329.00,311.00,329.00,346.00,276.00,346.00
277.00,308.00,329.00,308.00,329.00,343.00,277.00,343.00
279.00,306.00,331.00,306.00,331.00,341.00,279.00,341.00
279.00,305.00,331.00,305.00,331.00,339.00,279.00,339.00
276.00,304.00,326.00,304.00,326.00,337.00,276.00,337.00
271.00,302.00,322.00,302.00,322.00,335.00,271.00,335.00
271.00,301.00,321.00,301.00,321.00,334.00,271.00,334.00
272.00,299.00,322.00,299.00,322.00,332.00,272.00,332.00
274.00,298.00,324.00,298.00,324.00,330.00,274.00,330.00
275.00,298.00,324.00,298.00,324.00,331.00,275.00,331.00
273.00,295.00,322.00,295.00,322.00,328.00,273.00,328.00
273.00,294.00,322.00,294.00,322.00,327.00,273.00,327.00
276.00,293.00,325.00,293.00,325.00,325.00,276.00,325.00
278.00,291.00,327.00,291.00,327.00,323.00,278.00,323.00
279.00,291.00,328.00,291.00,328.00,323.00,279.00,323.00
277.00,291.00,326.00,291.00,326.00,323.00,277.00,323.00
278.00,290.00,326.00,290.00,326.00,322.00,278.00,322.00
281.00,290.00,328.00,290.00,328.00,321.00,281.00,321.00
281.00,289.00,327.00,289.00,327.00,319.00,281.00,319.00
283.00,288.00,329.00,288.00,329.00,318.00,283.00,318.00
283.00,287.00,328.00,287.00,328.00,317.00,283.00,317.00
278.00,286.00,323.00,286.00,323.00,316.00,278.00,316.00
275.00,284.00,321.00,284.00,321.00,314.00,275.00,314.00
271.00,284.00,316.00,284.00,316.00,313.00,271.00,313.00
267.00,282.00,312.00,282.00,312.00,312.00,267.00,312.00
266.00,280.00,311.00,280.00,311.00,310.00,266.00,310.00
265.00,277.00,310.00,277.00,310.00,307.00,265.00,307.00
266.00,276.00,311.00,276.00,311.00,306.00,266.00,306.00
266.00,275.00,310.00,275.00,310.00,304.00,266.00,304.00
267.00,273.00,311.00,273.00,311.00,302.00,267.00,302.00
268.00,272.00,312.00,272.00,312.00,301.00,268.00,301.00
267.00,270.00,312.00,270.00,312.00,299.00,267.00,299.00
270.00,269.00,314.00,269.00,314.00,297.00,270.00,297.00
270.00,267.00,314.00,267.00,314.00,296.00,270.00,296.00
273.00,265.00,316.00,265.00,316.00,294.00,273.00,294.00
274.00,263.00,318.00,263.00,318.00,291.00,274.00,291.00
278.00,261.00,321.00,261.00,321.00,290.00,278.00,290.00
281.00,260.00,324.00,260.00,324.00,288.00,281.00,288.00
284.00,258.00,328.00,258.00,328.00,287.00,284.00,287.00
289.00,257.00,332.00,257.00,332.00,285.00,289.00,285.00
292.00,255.00,335.00,255.00,335.00,284.00,292.00,284.00
297.00,254.00,339.00,254.00,339.00,281.00,297.00,281.00
298.00,251.00,340.00,251.00,340.00,279.00,298.00,279.00
303.00,250.00,345.00,250.00,345.00,278.00,303.00,278.00
306.00,249.00,348.00,249.00,348.00,277.00,306.00,277.00
308.00,248.00,350.00,248.00,350.00,276.00,308.00,276.00
312.00,248.00,354.00,248.00,354.00,276.00,312.00,276.00
316.00,248.00,358.00,248.00,358.00,276.00,316.00,276.00
321.00,249.00,363.00,249.00,363.00,277.00,321.00,277.00
325.00,251.00,367.00,251.00,367.00,279.00,325.00,279.00
329.00,253.00,370.00,253.00,370.00,280.00,329.00,280.00
334.00,253.00,375.00,253.00,375.00,279.00,334.00,279.00
339.00,255.00,379.00,255.00,379.00,281.00,339.00,281.00
342.00,257.00,382.00,257.00,382.00,283.00,342.00,283.00
343.00,257.00,383.00,257.00,383.00,283.00,343.00,283.00
345.00,258.00,385.00,258.00,385.00,284.00,345.00,284.00
346.00,257.00,386.00,257.00,386.00,284.00,346.00,284.00
348.00,258.00,388.00,258.00,388.00,284.00,348.00,284.00
350.00,259.00,389.00,259.00,389.00,285.00,350.00,285.00
349.00,260.00,388.00,260.00,388.00,285.00,349.00,285.00
350.00,260.00,389.00,260.00,389.00,285.00,350.00,285.00
349.00,260.00,388.00,260.00,388.00,285.00,349.00,285.00
349.00,259.00,388.00,259.00,388.00,285.00,349.00,285.00
350.00,260.00,388.00,260.00,388.00,285.00,350.00,285.00
351.00,262.00,388.00,262.00,388.00,287.00,351.00,287.00
352.00,263.00,390.00,263.00,390.00,287.00,352.00,287.00
352.00,265.00,390.00,265.00,390.00,290.00,352.00,290.00
355.00,266.00,392.00,266.00,392.00,291.00,355.00,291.00
357.00,267.00,394.00,267.00,394.00,292.00,357.00,292.00
359.00,268.00,396.00,268.00,396.00,293.00,359.00,293.00
359.00,267.00,397.00,267.00,397.00,292.00,359.00,292.00
361.00,267.00,398.00,267.00,398.00,291.00,361.00,291.00
362.00,266.00,399.00,266.00,399.00,291.00,362.00,291.00
363.00,267.00,400.00,267.00,400.00,291.00,363.00,291.00
362.00,265.00,398.00,265.00,398.00,289.00,362.00,289.00
363.00,265.00,399.00,265.00,399.00,288.00,363.00,288.00
366.00,264.00,400.00,264.00,400.00,287.00,366.00,287.00
368.00,263.00,402.00,263.00,402.00,286.00,368.00,286.00
365.00,262.00,400.00,262.00,400.00,284.00,365.00,284.00
366.00,261.00,400.00,261.00,400.00,283.00,366.00,283.00
367.00,261.00,401.00,261.00,401.00,283.00,367.00,283.00
369.00,259.00,403.00,259.00,403.00,281.00,369.00,281.00
371.00,258.00,404.00,258.00,404.00,280.00,371.00,280.00
371.00,256.00,405.00,256.00,405.00,279.00,371.00,279.00
373.00,256.00,407.00,256.00,407.00,278.00,373.00,278.00
376.00,256.00,409.00,256.00,409.00,277.00,376.00,277.00
377.00,254.00,410.00,254.00,410.00,276.00,377.00,276.00
379.00,253.00,411.00,253.00,411.00,274.00,379.00,274.00
380.00,253.00,412.00,253.00,412.00,273.00,380.00,273.00
381.00,251.00,412.00,251.00,412.00,272.00,381.00,272.00
381.00,250.00,413.00,250.00,413.00,271.00,381.00,271.00
380.00,250.00,412.00,250.00,412.00,271.00,380.00,271.00
380.00,249.00,411.00,249.00,411.00,270.00,380.00,270.00
378.00,249.00,409.00,249.00,409.00,269.00,378.00,269.00
375.00,250.00,406.00,250.00,406.00,270.00,375.00,270.00
370.00,251.00,401.00,251.00,401.00,271.00,370.00,271.00
367.00,251.00,398.00,251.00,398.00,272.00,367.00,272.00
364.00,251.00,394.00,251.00,394.00,271.00,364.00,271.00
360.00,251.00,391.00,251.00,391.00,271.00,360.00,271.00
356.00,252.00,387.00,252.00,387.00,272.00,356.00,272.00
353.00,252.00,383.00,252.00,383.00,271.00,353.00,271.00
351.00,252.00,380.00,252.00,380.00,271.00,351.00,271.00
350.00,253.00,380.00,253.00,380.00,272.00,350.00,272.00
348.00,252.00,378.00,252.00,378.00,272.00,348.00,272.00
348.00,252.00,378.00,252.00,378.00,272.00,348.00,272.00
347.00,254.00,377.00,254.00,377.00,273.00,347.00,273.00
347.00,254.00,377.00,254.00,377.00,273.00,347.00,273.00
348.00,255.00,377.00,255.00,377.00,274.00,348.00,274.00
350.00,256.00,379.00,256.00,379.00,275.00,350.00,275.00
350.00,256.00,379.00,256.00,379.00,275.00,350.00,275.00
353.00,258.00,382.00,258.00,382.00,277.00,353.00,277.00
353.00,257.00,382.00,257.00,382.00,276.00,353.00,276.00
354.00,260.00,383.00,260.00,383.00,279.00,354.00,279.00
356.00,260.00,385.00,260.00,385.00,279.00,356.00,279.00
358.00,258.00,387.00,258.00,387.00,277.00,358.00,277.00
360.00,258.00,389.00,258.00,389.00,277.00,360.00,277.00
361.00,256.00,389.00,256.00,389.00,274.00,361.00,274.00
363.00,254.00,391.00,254.00,391.00,273.00,363.00,273.00
364.00,244.00,392.00,244.00,392.00,263.00,364.00,263.00
365.00,239.00,393.00,239.00,393.00,258.00,365.00,258.00
368.00,236.00,396.00,236.00,396.00,255.00,368.00,255.00
370.00,234.00,398.00,234.00,398.00,253.00,370.00,253.00
373.00,236.00,401.00,236.00,401.00,254.00,373.00,254.00
377.00,232.00,405.00,232.00,405.00,250.00,377.00,250.00
381.00,230.00,409.00,230.00,409.00,248.00,381.00,248.00
384.00,228.00,412.00,228.00,412.00,246.00,384.00,246.00
387.00,226.00,415.00,226.00,415.00,244.00,387.00,244.00
392.00,225.00,419.00,225.00,419.00,243.00,392.00,243.00
395.00,223.00,423.00,223.00,423.00,242.00,395.00,242.00
399.00,223.00,427.00,223.00,427.00,241.00,399.00,241.00
402.00,222.00,430.00,222.00,430.00,240.00,402.00,240.00
406.00,221.00,433.00,221.00,433.00,239.00,406.00,239.00
409.00,222.00,437.00,222.00,437.00,240.00,409.00,240.00
412.00,221.00,439.00,221.00,439.00,239.00,412.00,239.00
413.00,221.00,440.00,221.00,440.00,239.00,413.00,239.00
413.00,221.00,440.00,221.00,440.00,238.00,413.00,238.00
414.00,221.00,441.00,221.00,441.00,239.00,414.00,239.00
413.00,221.00,440.00,221.00,440.00,239.00,413.00,239.00
413.00,221.00,440.00,221.00,440.00,238.00,413.00,238.00
412.00,220.00,439.00,220.00,439.00,238.00,412.00,238.00
413.00,220.00,440.00,220.00,440.00,237.00,413.00,237.00
413.00,219.00,440.00,219.00,440.00,237.00,413.00,237.00
412.00,220.00,439.00,220.00,439.00,237.00,412.00,237.00
412.00,218.00,438.00,218.00,438.00,235.00,412.00,235.00
412.00,217.00,438.00,217.00,438.00,235.00,412.00,235.00
413.00,217.00,439.00,217.00,439.00,234.00,413.00,234.00
413.00,216.00,439.00,216.00,439.00,233.00,413.00,233.00
415.00,216.00,441.00,216.00,441.00,233.00,415.00,233.00
417.00,215.00,443.00,215.00,443.00,232.00,417.00,232.00
418.00,213.00,444.00,213.00,444.00,230.00,418.00,230.00
421.00,211.00,447.00,211.00,447.00,228.00,421.00,228.00
423.00,210.00,448.00,210.00,448.00,227.00,423.00,227.00
426.00,209.00,452.00,209.00,452.00,226.00,426.00,226.00
428.00,207.00,454.00,207.00,454.00,224.00,428.00,224.00
431.00,203.00,457.00,203.00,457.00,220.00,431.00,220.00
435.00,200.00,461.00,200.00,461.00,217.00,435.00,217.00
437.00,198.00,463.00,198.00,463.00,215.00,437.00,215.00
441.00,198.00,466.00,198.00,466.00,214.00,441.00,214.00
444.00,195.00,469.00,195.00,469.00,212.00,444.00,212.00
448.00,188.00,473.00,188.00,473.00,205.00,448.00,205.00
452.00,187.00,477.00,187.00,477.00,203.00,452.00,203.00
439.00,181.00,464.00,181.00,464.00,197.00,439.00,197.00
431.00,178.00,457.00,178.00,457.00,194.00,431.00,194.00
433.00,176.00,459.00,176.00,459.00,192.00,433.00,192.00
434.00,174.00,459.00,174.00,459.00,190.00,434.00,190.00
433.00,172.00,458.00,172.00,458.00,188.00,433.00,188.00
428.00,171.00,453.00,171.00,453.00,187.00,428.00,187.00
422.00,171.00,447.00,171.00,447.00,187.00,422.00,187.00
414.00,169.00,439.00,169.00,439.00,185.00,414.00,185.00
408.00,167.00,433.00,167.00,433.00,183.00,408.00,183.00
403.00,168.00,427.00,168.00,427.00,184.00,403.00,184.00
404.00,165.00,428.00,165.00,428.00,182.00,404.00,182.00
396.00,163.00,421.00,163.00,421.00,179.00,396.00,179.00
387.00,161.00,412.00,161.00,412.00,178.00,387.00,178.00
379.00,161.00,403.00,161.00,403.00,177.00,379.00,177.00
372.00,162.00,397.00,162.00,397.00,178.00,372.00,178.00
364.00,160.00,388.00,160.00,388.00,176.00,364.00,176.00
365.00,159.00,389.00,159.00,389.00,175.00,365.00,175.00
376.00,161.00,399.00,161.00,399.00,176.00,376.00,176.00
381.00,159.00,405.00,159.00,405.00,174.00,381.00,174.00
390.00,158.00,414.00,158.00,414.00,174.00,390.00,174.00
407.00,160.00,431.00,160.00,431.00,175.00,407.00,175.00
410.00,160.00,433.00,160.00,433.00,176.00,410.00,176.00
398.00,158.00,421.00,158.00,421.00,173.00,398.00,173.00
360.00,158.00,383.00,158.00,383.00,173.00,360.00,173.00
356.00,159.00,379.00,159.00,379.00,174.00,356.00,174.00
346.00,159.00,369.00,159.00,369.00,174.00,346.00,174.00
350.00,157.00,373.00,157.00,373.00,172.00,350.00,172.00
356.00,157.00,379.00,157.00,379.00,172.00,356.00,172.00
356.00,156.00,379.00,156.00,379.00,171.00,356.00,171.00
359.00,155.00,382.00,155.00,382.00,170.00,359.00,170.00
369.00,154.00,392.00,154.00,392.00,169.00,369.00,169.00
380.00,153.00,402.00,153.00,402.00,168.00,380.00,168.00
384.00,153.00,407.00,153.00,407.00,168.00,384.00,168.00
390.00,152.00,412.00,152.00,412.00,167.00,390.00,167.00
389.00,151.00,412.00,151.00,412.00,166.00,389.00,166.00
383.00,150.00,406.00,150.00,406.00,165.00,383.00,165.00
377.00,150.00,400.00,150.00,400.00,165.00,377.00,165.00
370.00,149.00,393.00,149.00,393.00,164.00,370.00,164.00
365.00,149.00,388.00,149.00,388.00,163.00,365.00,163.00
360.00,149.00,382.00,149.00,382.00,164.00,360.00,164.00
354.00,148.00,377.00,148.00,377.00,162.00,354.00,162.00
350.00,148.00,372.00,148.00,372.00,163.00,350.00,163.00
343.00,151.00,366.00,151.00,366.00,165.00,343.00,165.00
338.00,151.00,360.00,151.00,360.00,166.00,338.00,166.00
334.00,152.00,357.00,152.00,357.00,167.00,334.00,167.00
329.00,154.00,352.00,154.00,352.00,169.00,329.00,169.00
332.00,154.00,355.00,154.00,355.00,168.00,332.00,168.00
334.00,154.00,356.00,154.00,356.00,169.00,334.00,169.00
337.00,155.00,359.00,155.00,359.00,170.00,337.00,170.00
338.00,154.00,361.00,154.00,361.00,169.00,338.00,169.00
341.00,155.00,364.00,155.00,364.00,170.00,341.00,170.00
345.00,153.00,368.00,153.00,368.00,168.00,345.00,168.00
349.00,150.00,372.00,150.00,372.00,165.00,349.00,165.00
356.00,148.00,378.00,148.00,378.00,163.00,356.00,163.00
362.00,148.00,384.00,148.00,384.00,163.00,362.00,163.00
369.00,144.00,392.00,144.00,392.00,159.00,369.00,159.00
375.00,144.00,398.00,144.00,398.00,158.00,375.00,158.00
380.00,142.00,402.00,142.00,402.00,157.00,380.00,157.00
382.00,143.00,405.00,143.00,405.00,158.00,382.00,158.00
382.00,146.00,405.00,146.00,405.00,160.00,382.00,160.00
388.00,145.00,411.00,145.00,411.00,159.00,388.00,159.00
391.00,143.00,413.00,143.00,413.00,158.00,391.00,158.00
396.00,143.00,419.00,143.00,419.00,158.00,396.00,158.00
397.00,144.00,420.00,144.00,420.00,159.00,397.00,159.00
402.00,144.00,425.00,144.00,425.00,159.00,402.00,159.00
405.00,145.00,428.00,145.00,428.00,160.00,405.00,160.00
406.00,143.00,429.00,143.00,429.00,158.00,406.00,158.00
405.00,144.00,428.00,144.00,428.00,159.00,405.00,159.00
403.00,144.00,427.00,144.00,427.00,159.00,403.00,159.00
403.00,142.00,426.00,142.00,426.00,157.00,403.00,157.00
401.00,141.00,424.00,141.00,424.00,156.00,401.00,156.00
398.00,140.00,421.00,140.00,421.00,155.00,398.00,155.00
396.00,140.00,419.00,140.00,419.00,156.00,396.00,156.00
395.00,139.00,418.00,139.00,418.00,155.00,395.00,155.00
392.00,139.00,416.00,139.00,416.00,154.00,392.00,154.00
391.00,138.00,415.00,138.00,415.00,153.00,391.00,153.00
390.00,137.00,414.00,137.00,414.00,152.00,390.00,152.00
389.00,137.00,412.00,137.00,412.00,152.00,389.00,152.00
388.00,137.00,411.00,137.00,411.00,152.00,388.00,152.00
386.00,137.00,410.00,137.00,410.00,152.00,386.00,152.00
384.00,137.00,407.00,137.00,407.00,152.00,384.00,152.00
382.00,138.00,405.00,138.00,405.00,153.00,382.00,153.00
378.00,138.00,402.00,138.00,402.00,153.00,378.00,153.00
377.00,139.00,401.00,139.00,401.00,154.00,377.00,154.00
375.00,140.00,398.00,140.00,398.00,156.00,375.00,156.00
372.00,143.00,396.00,143.00,396.00,158.00,372.00,158.00
371.00,144.00,395.00,144.00,395.00,159.00,371.00,159.00
369.00,146.00,393.00,146.00,393.00,161.00,369.00,161.00
367.00,146.00,390.00,146.00,390.00,162.00,367.00,162.00
365.00,148.00,389.00,148.00,389.00,163.00,365.00,163.00
362.00,148.00,386.00,148.00,386.00,163.00,362.00,163.00
359.00,149.00,383.00,149.00,383.00,164.00,359.00,164.00
354.00,149.00,378.00,149.00,378.00,165.00,354.00,165.00
350.00,148.00,374.00,148.00,374.00,164.00,350.00,164.00
344.00,148.00,368.00,148.00,368.00,164.00,344.00,164.00
342.00,149.00,366.00,149.00,366.00,164.00,342.00,164.00
339.00,148.00,363.00,148.00,363.00,164.00,339.00,164.00
338.00,149.00,362.00,149.00,362.00,164.00,338.00,164.00
