1
168.00,65.00,259.00,65.00,259.00,131.00,168.00,131.00
135.00,100.00,226.00,100.00,226.00,166.00,135.00,166.00
103.00,123.00,193.00,123.00,193.00,188.00,103.00,188.00
141.00,139.00,233.00,139.00,233.00,206.00,141.00,206.00
117.00,152.00,208.00,152.00,208.00,218.00,117.00,218.00
104.00,171.00,197.00,171.00,197.00,238.00,104.00,238.00
109.00,179.00,202.00,179.00,202.00,247.00,109.00,247.00
67.00,168.00,161.00,168.00,161.00,236.00,67.00,236.00
103.00,150.00,196.00,150.00,196.00,218.00,103.00,218.00
137.00,156.00,227.00,156.00,227.00,222.00,137.00,222.00
191.00,162.00,279.00,162.00,279.00,226.00,191.00,226.00
216.00,138.00,302.00,138.00,302.00,201.00,216.00,201.00
242.00,145.00,327.00,145.00,327.00,206.00,242.00,206.00
253.00,137.00,337.00,137.00,337.00,198.00,253.00,198.00
287.00,147.00,370.00,147.00,370.00,208.00,287.00,208.00
303.00,129.00,387.00,129.00,387.00,190.00,303.00,190.00
309.00,115.00,395.00,115.00,395.00,177.00,309.00,177.00
297.00,126.00,384.00,126.00,384.00,190.00,297.00,190.00
329.00,128.00,415.00,128.00,415.00,191.00,329.00,191.00
347.00,149.00,432.00,149.00,432.00,210.00,347.00,210.00
363.00,149.00,452.00,149.00,452.00,213.00,363.00,213.00
371.00,163.00,461.00,163.00,461.00,228.00,371.00,228.00
370.00,170.00,460.00,170.00,460.00,236.00,370.00,236.00
384.00,212.00,473.00,212.00,473.00,276.00,384.00,276.00
390.00,209.00,479.00,209.00,479.00,273.00,390.00,273.00
382.00,189.00,471.00,189.00,471.00,253.00,382.00,253.00
369.00,172.00,458.00,172.00,458.00,237.00,369.00,237.00
2
0
0
0
0
1
223.00,149.00,278.00,149.00,278.00,201.00,223.00,201.00
216.00,153.00,269.00,153.00,269.00,203.00,216.00,203.00
206.00,156.00,257.00,156.00,257.00,204.00,206.00,204.00
206.00,145.00,257.00,145.00,257.00,192.00,206.00,192.00
208.00,151.00,258.00,151.00,258.00,199.00,208.00,199.00
195.00,132.00,245.00,132.00,245.00,179.00,195.00,179.00
190.00,129.00,240.00,129.00,240.00,176.00,190.00,176.00
188.00,134.00,238.00,134.00,238.00,181.00,188.00,181.00
190.00,142.00,241.00,142.00,241.00,190.00,190.00,190.00
210.00,143.00,260.00,143.00,260.00,190.00,210.00,190.00
225.00,142.00,275.00,142.00,275.00,189.00,225.00,189.00
258.00,144.00,308.00,144.00,308.00,191.00,258.00,191.00
271.00,153.00,320.00,153.00,320.00,200.00,271.00,200.00
287.00,129.00,336.00,129.00,336.00,175.00,287.00,175.00
308.00,127.00,357.00,127.00,357.00,174.00,308.00,174.00
325.00,122.00,375.00,122.00,375.00,169.00,325.00,169.00
312.00,145.00,362.00,145.00,362.00,192.00,312.00,192.00
314.00,157.00,365.00,157.00,365.00,205.00,314.00,205.00
323.00,148.00,373.00,148.00,373.00,196.00,323.00,196.00
343.00,119.00,393.00,119.00,393.00,167.00,343.00,167.00
341.00,123.00,390.00,123.00,390.00,170.00,341.00,170.00
341.00,129.00,392.00,129.00,392.00,177.00,341.00,177.00
350.00,127.00,400.00,127.00,400.00,175.00,350.00,175.00
310.00,149.00,362.00,149.00,362.00,198.00,310.00,198.00
307.00,147.00,359.00,147.00,359.00,196.00,307.00,196.00
299.00,142.00,352.00,142.00,352.00,192.00,299.00,192.00
305.00,125.00,359.00,125.00,359.00,176.00,305.00,176.00
307.00,123.00,361.00,123.00,361.00,174.00,307.00,174.00
306.00,139.00,361.00,139.00,361.00,191.00,306.00,191.00
354.00,121.00,410.00,121.00,410.00,173.00,354.00,173.00
352.00,124.00,406.00,124.00,406.00,175.00,352.00,175.00
349.00,126.00,403.00,126.00,403.00,177.00,349.00,177.00
347.00,127.00,402.00,127.00,402.00,179.00,347.00,179.00
346.00,128.00,402.00,128.00,402.00,180.00,346.00,180.00
352.00,127.00,408.00,127.00,408.00,179.00,352.00,179.00
354.00,127.00,408.00,127.00,408.00,179.00,354.00,179.00
352.00,130.00,408.00,130.00,408.00,182.00,352.00,182.00
353.00,131.00,409.00,131.00,409.00,184.00,353.00,184.00
352.00,129.00,408.00,129.00,408.00,182.00,352.00,182.00
355.00,126.00,411.00,126.00,411.00,178.00,355.00,178.00
361.00,125.00,416.00,125.00,416.00,178.00,361.00,178.00
349.00,128.00,404.00,128.00,404.00,180.00,349.00,180.00
358.00,126.00,413.00,126.00,413.00,178.00,358.00,178.00
360.00,127.00,415.00,127.00,415.00,179.00,360.00,179.00
2
0
0
0
0
1
236.00,170.00,272.00,170.00,272.00,217.00,236.00,217.00
238.00,167.00,275.00,167.00,275.00,215.00,238.00,215.00
251.00,164.00,288.00,164.00,288.00,213.00,251.00,213.00
252.00,154.00,289.00,154.00,289.00,203.00,252.00,203.00
275.00,154.00,313.00,154.00,313.00,204.00,275.00,204.00
295.00,165.00,333.00,165.00,333.00,215.00,295.00,215.00
311.00,173.00,350.00,173.00,350.00,223.00,311.00,223.00
322.00,173.00,360.00,173.00,360.00,223.00,322.00,223.00
322.00,157.00,360.00,157.00,360.00,207.00,322.00,207.00
338.00,156.00,376.00,156.00,376.00,205.00,338.00,205.00
332.00,149.00,371.00,149.00,371.00,199.00,332.00,199.00
347.00,161.00,384.00,161.00,384.00,210.00,347.00,210.00
373.00,172.00,410.00,172.00,410.00,220.00,373.00,220.00
381.00,180.00,419.00,180.00,419.00,229.00,381.00,229.00
379.00,185.00,417.00,185.00,417.00,233.00,379.00,233.00
399.00,185.00,436.00,185.00,436.00,233.00,399.00,233.00
401.00,191.00,438.00,191.00,438.00,238.00,401.00,238.00
382.00,193.00,418.00,193.00,418.00,240.00,382.00,240.00
360.00,194.00,395.00,194.00,395.00,241.00,360.00,241.00
341.00,202.00,376.00,202.00,376.00,248.00,341.00,248.00
2
0
0
0
0
1
168.00,200.00,210.00,200.00,210.00,262.00,168.00,262.00
172.00,204.00,215.00,204.00,215.00,268.00,172.00,268.00
184.00,209.00,227.00,209.00,227.00,274.00,184.00,274.00
204.00,214.00,247.00,214.00,247.00,279.00,204.00,279.00
231.00,217.00,276.00,217.00,276.00,285.00,231.00,285.00
248.00,220.00,294.00,220.00,294.00,290.00,248.00,290.00
261.00,214.00,309.00,214.00,309.00,286.00,261.00,286.00
293.00,211.00,341.00,211.00,341.00,284.00,293.00,284.00
319.00,206.00,368.00,206.00,368.00,278.00,319.00,278.00
317.00,206.00,365.00,206.00,365.00,278.00,317.00,278.00
313.00,206.00,363.00,206.00,363.00,280.00,313.00,280.00
306.00,203.00,357.00,203.00,357.00,278.00,306.00,278.00
313.00,208.00,365.00,208.00,365.00,286.00,313.00,286.00
334.00,190.00,386.00,190.00,386.00,268.00,334.00,268.00
290.00,236.00,343.00,236.00,343.00,315.00,290.00,315.00
284.00,236.00,338.00,236.00,338.00,317.00,284.00,317.00
278.00,238.00,334.00,238.00,334.00,322.00,278.00,322.00
272.00,246.00,327.00,246.00,327.00,329.00,272.00,329.00
269.00,248.00,324.00,248.00,324.00,331.00,269.00,331.00
264.00,246.00,321.00,246.00,321.00,331.00,264.00,331.00
262.00,243.00,321.00,243.00,321.00,331.00,262.00,331.00
2
0
0
0
0
1
303.00,185.00,374.00,185.00,374.00,269.00,303.00,269.00
301.00,184.00,372.00,184.00,372.00,267.00,301.00,267.00
294.00,183.00,364.00,183.00,364.00,265.00,294.00,265.00
291.00,178.00,360.00,178.00,360.00,258.00,291.00,258.00
280.00,169.00,346.00,169.00,346.00,245.00,280.00,245.00
273.00,163.00,337.00,163.00,337.00,238.00,273.00,238.00
269.00,161.00,331.00,161.00,331.00,233.00,269.00,233.00
268.00,155.00,329.00,155.00,329.00,226.00,268.00,226.00
271.00,150.00,332.00,150.00,332.00,222.00,271.00,222.00
265.00,151.00,325.00,151.00,325.00,221.00,265.00,221.00
250.00,150.00,308.00,150.00,308.00,219.00,250.00,219.00
251.00,149.00,310.00,149.00,310.00,218.00,251.00,218.00
253.00,151.00,312.00,151.00,312.00,220.00,253.00,220.00
261.00,151.00,321.00,151.00,321.00,221.00,261.00,221.00
260.00,150.00,319.00,150.00,319.00,219.00,260.00,219.00
254.00,148.00,315.00,148.00,315.00,218.00,254.00,218.00
258.00,147.00,318.00,147.00,318.00,217.00,258.00,217.00
263.00,146.00,322.00,146.00,322.00,215.00,263.00,215.00
254.00,146.00,313.00,146.00,313.00,215.00,254.00,215.00
294.00,141.00,356.00,141.00,356.00,213.00,294.00,213.00
302.00,140.00,362.00,140.00,362.00,210.00,302.00,210.00
327.00,139.00,388.00,139.00,388.00,211.00,327.00,211.00
331.00,135.00,392.00,135.00,392.00,206.00,331.00,206.00
339.00,135.00,400.00,135.00,400.00,206.00,339.00,206.00
347.00,136.00,407.00,136.00,407.00,207.00,347.00,207.00
351.00,140.00,411.00,140.00,411.00,210.00,351.00,210.00
379.00,177.00,436.00,177.00,436.00,244.00,379.00,244.00
367.00,176.00,422.00,176.00,422.00,241.00,367.00,241.00
372.00,173.00,426.00,173.00,426.00,236.00,372.00,236.00
376.00,170.00,430.00,170.00,430.00,233.00,376.00,233.00
372.00,171.00,425.00,171.00,425.00,233.00,372.00,233.00
371.00,171.00,423.00,171.00,423.00,232.00,371.00,232.00
377.00,173.00,427.00,173.00,427.00,232.00,377.00,232.00
383.00,175.00,433.00,175.00,433.00,234.00,383.00,234.00
372.00,171.00,423.00,171.00,423.00,230.00,372.00,230.00
362.00,173.00,413.00,173.00,413.00,232.00,362.00,232.00
336.00,168.00,386.00,168.00,386.00,226.00,336.00,226.00
2
