1
263.00,92.00,331.00,92.00,331.00,128.00,263.00,128.00
263.00,95.00,333.00,95.00,333.00,131.00,263.00,131.00
264.00,97.00,332.00,97.00,332.00,133.00,264.00,133.00
265.00,100.00,333.00,100.00,333.00,134.00,265.00,134.00
265.00,101.00,332.00,101.00,332.00,136.00,265.00,136.00
265.00,104.00,331.00,104.00,331.00,139.00,265.00,139.00
264.00,106.00,330.00,106.00,330.00,140.00,264.00,140.00
262.00,106.00,329.00,106.00,329.00,141.00,262.00,141.00
260.00,107.00,328.00,107.00,328.00,143.00,260.00,143.00
259.00,108.00,327.00,108.00,327.00,144.00,259.00,144.00
259.00,108.00,326.00,108.00,326.00,143.00,259.00,143.00
259.00,109.00,326.00,109.00,326.00,144.00,259.00,144.00
258.00,109.00,326.00,109.00,326.00,144.00,258.00,144.00
257.00,109.00,325.00,109.00,325.00,144.00,257.00,144.00
257.00,109.00,324.00,109.00,324.00,144.00,257.00,144.00
257.00,110.00,324.00,110.00,324.00,145.00,257.00,145.00
256.00,110.00,324.00,110.00,324.00,146.00,256.00,146.00
255.00,110.00,323.00,110.00,323.00,146.00,255.00,146.00
254.00,110.00,322.00,110.00,322.00,146.00,254.00,146.00
252.00,110.00,321.00,110.00,321.00,146.00,252.00,146.00
251.00,110.00,320.00,110.00,320.00,146.00,251.00,146.00
249.00,109.00,319.00,109.00,319.00,146.00,249.00,146.00
248.00,109.00,318.00,109.00,318.00,145.00,248.00,145.00
247.00,109.00,317.00,109.00,317.00,145.00,247.00,145.00
245.00,108.00,314.00,108.00,314.00,144.00,245.00,144.00
243.00,108.00,313.00,108.00,313.00,144.00,243.00,144.00
242.00,107.00,312.00,107.00,312.00,144.00,242.00,144.00
240.00,106.00,311.00,106.00,311.00,143.00,240.00,143.00
238.00,106.00,310.00,106.00,310.00,143.00,238.00,143.00
236.00,105.00,308.00,105.00,308.00,143.00,236.00,143.00
234.00,106.00,307.00,106.00,307.00,143.00,234.00,143.00
233.00,105.00,306.00,105.00,306.00,143.00,233.00,143.00
232.00,107.00,306.00,107.00,306.00,145.00,232.00,145.00
231.00,107.00,304.00,107.00,304.00,146.00,231.00,146.00
230.00,108.00,304.00,108.00,304.00,147.00,230.00,147.00
229.00,110.00,303.00,110.00,303.00,149.00,229.00,149.00
227.00,111.00,303.00,111.00,303.00,151.00,227.00,151.00
227.00,113.00,304.00,113.00,304.00,153.00,227.00,153.00
226.00,113.00,304.00,113.00,304.00,153.00,226.00,153.00
226.00,113.00,305.00,113.00,305.00,155.00,226.00,155.00
227.00,114.00,307.00,114.00,307.00,156.00,227.00,156.00
228.00,114.00,309.00,114.00,309.00,157.00,228.00,157.00
230.00,117.00,311.00,117.00,311.00,159.00,230.00,159.00
230.00,117.00,313.00,117.00,313.00,160.00,230.00,160.00
232.00,119.00,315.00,119.00,315.00,163.00,232.00,163.00
233.00,121.00,316.00,121.00,316.00,164.00,233.00,164.00
235.00,122.00,318.00,122.00,318.00,165.00,235.00,165.00
236.00,122.00,318.00,122.00,318.00,165.00,236.00,165.00
238.00,124.00,319.00,124.00,319.00,167.00,238.00,167.00
240.00,125.00,321.00,125.00,321.00,167.00,240.00,167.00
241.00,125.00,322.00,125.00,322.00,168.00,241.00,168.00
242.00,125.00,323.00,125.00,323.00,168.00,242.00,168.00
244.00,126.00,323.00,126.00,323.00,167.00,244.00,167.00
246.00,126.00,324.00,126.00,324.00,167.00,246.00,167.00
246.00,126.00,325.00,126.00,325.00,167.00,246.00,167.00
247.00,125.00,326.00,125.00,326.00,166.00,247.00,166.00
248.00,124.00,328.00,124.00,328.00,166.00,248.00,166.00
249.00,124.00,329.00,124.00,329.00,166.00,249.00,166.00
250.00,124.00,330.00,124.00,330.00,166.00,250.00,166.00
251.00,125.00,331.00,125.00,331.00,167.00,251.00,167.00
252.00,126.00,333.00,126.00,333.00,168.00,252.00,168.00
252.00,127.00,333.00,127.00,333.00,169.00,252.00,169.00
253.00,129.00,334.00,129.00,334.00,171.00,253.00,171.00
253.00,129.00,333.00,129.00,333.00,171.00,253.00,171.00
254.00,129.00,334.00,129.00,334.00,171.00,254.00,171.00
255.00,130.00,334.00,130.00,334.00,171.00,255.00,171.00
255.00,130.00,334.00,130.00,334.00,172.00,255.00,172.00
255.00,132.00,334.00,132.00,334.00,173.00,255.00,173.00
255.00,132.00,335.00,132.00,335.00,174.00,255.00,174.00
255.00,133.00,334.00,133.00,334.00,174.00,255.00,174.00
256.00,133.00,334.00,133.00,334.00,174.00,256.00,174.00
255.00,132.00,334.00,132.00,334.00,173.00,255.00,173.00
255.00,131.00,333.00,131.00,333.00,172.00,255.00,172.00
254.00,131.00,332.00,131.00,332.00,172.00,254.00,172.00
255.00,131.00,332.00,131.00,332.00,172.00,255.00,172.00
255.00,130.00,332.00,130.00,332.00,171.00,255.00,171.00
255.00,130.00,332.00,130.00,332.00,171.00,255.00,171.00
254.00,130.00,331.00,130.00,331.00,170.00,254.00,170.00
252.00,129.00,329.00,129.00,329.00,169.00,252.00,169.00
253.00,129.00,329.00,129.00,329.00,169.00,253.00,169.00
253.00,129.00,329.00,129.00,329.00,169.00,253.00,169.00
253.00,129.00,328.00,129.00,328.00,168.00,253.00,168.00
254.00,129.00,329.00,129.00,329.00,169.00,254.00,169.00
253.00,129.00,328.00,129.00,328.00,168.00,253.00,168.00
254.00,129.00,329.00,129.00,329.00,168.00,254.00,168.00
253.00,129.00,329.00,129.00,329.00,168.00,253.00,168.00
254.00,129.00,329.00,129.00,329.00,168.00,254.00,168.00
254.00,129.00,330.00,129.00,330.00,168.00,254.00,168.00
254.00,128.00,329.00,128.00,329.00,168.00,254.00,168.00
255.00,128.00,330.00,128.00,330.00,168.00,255.00,168.00
254.00,128.00,330.00,128.00,330.00,167.00,254.00,167.00
255.00,128.00,330.00,128.00,330.00,168.00,255.00,168.00
255.00,129.00,330.00,129.00,330.00,168.00,255.00,168.00
256.00,129.00,330.00,129.00,330.00,168.00,256.00,168.00
254.00,128.00,328.00,128.00,328.00,167.00,254.00,167.00
254.00,129.00,328.00,129.00,328.00,167.00,254.00,167.00
253.00,128.00,327.00,128.00,327.00,166.00,253.00,166.00
253.00,127.00,327.00,127.00,327.00,166.00,253.00,166.00
253.00,125.00,327.00,125.00,327.00,164.00,253.00,164.00
252.00,125.00,327.00,125.00,327.00,164.00,252.00,164.00
252.00,123.00,326.00,123.00,326.00,162.00,252.00,162.00
252.00,122.00,326.00,122.00,326.00,161.00,252.00,161.00
252.00,120.00,326.00,120.00,326.00,159.00,252.00,159.00
253.00,119.00,326.00,119.00,326.00,158.00,253.00,158.00
254.00,119.00,327.00,119.00,327.00,157.00,254.00,157.00
255.00,118.00,328.00,118.00,328.00,156.00,255.00,156.00
255.00,118.00,328.00,118.00,328.00,156.00,255.00,156.00
256.00,118.00,329.00,118.00,329.00,157.00,256.00,157.00
257.00,119.00,330.00,119.00,330.00,157.00,257.00,157.00
258.00,119.00,330.00,119.00,330.00,157.00,258.00,157.00
261.00,120.00,332.00,120.00,332.00,157.00,261.00,157.00
264.00,121.00,335.00,121.00,335.00,158.00,264.00,158.00
265.00,121.00,336.00,121.00,336.00,157.00,265.00,157.00
267.00,121.00,337.00,121.00,337.00,158.00,267.00,158.00
269.00,123.00,338.00,123.00,338.00,159.00,269.00,159.00
270.00,123.00,339.00,123.00,339.00,159.00,270.00,159.00
272.00,124.00,340.00,124.00,340.00,159.00,272.00,159.00
274.00,125.00,342.00,125.00,342.00,160.00,274.00,160.00
276.00,125.00,343.00,125.00,343.00,160.00,276.00,160.00
277.00,126.00,344.00,126.00,344.00,161.00,277.00,161.00
277.00,129.00,344.00,129.00,344.00,164.00,277.00,164.00
277.00,131.00,345.00,131.00,345.00,165.00,277.00,165.00
258.00,140.00,325.00,140.00,325.00,175.00,258.00,175.00
281.00,123.00,349.00,123.00,349.00,158.00,281.00,158.00
282.00,122.00,350.00,122.00,350.00,158.00,282.00,158.00
282.00,120.00,350.00,120.00,350.00,156.00,282.00,156.00
2
0
0
0
0
1
218.00,101.00,264.00,101.00,264.00,143.00,218.00,143.00
217.00,101.00,264.00,101.00,264.00,144.00,217.00,144.00
215.00,102.00,261.00,102.00,261.00,145.00,215.00,145.00
213.00,103.00,260.00,103.00,260.00,145.00,213.00,145.00
211.00,103.00,257.00,103.00,257.00,145.00,211.00,145.00
210.00,104.00,256.00,104.00,256.00,146.00,210.00,146.00
207.00,104.00,254.00,104.00,254.00,147.00,207.00,147.00
206.00,104.00,252.00,104.00,252.00,147.00,206.00,147.00
204.00,105.00,251.00,105.00,251.00,147.00,204.00,147.00
203.00,106.00,249.00,106.00,249.00,147.00,203.00,147.00
203.00,106.00,248.00,106.00,248.00,148.00,203.00,148.00
201.00,107.00,246.00,107.00,246.00,148.00,201.00,148.00
199.00,107.00,245.00,107.00,245.00,148.00,199.00,148.00
198.00,107.00,242.00,107.00,242.00,148.00,198.00,148.00
197.00,108.00,242.00,108.00,242.00,148.00,197.00,148.00
195.00,108.00,240.00,108.00,240.00,149.00,195.00,149.00
194.00,109.00,239.00,109.00,239.00,150.00,194.00,150.00
193.00,110.00,238.00,110.00,238.00,151.00,193.00,151.00
192.00,113.00,237.00,113.00,237.00,154.00,192.00,154.00
191.00,115.00,236.00,115.00,236.00,156.00,191.00,156.00
189.00,116.00,234.00,116.00,234.00,156.00,189.00,156.00
189.00,116.00,233.00,116.00,233.00,157.00,189.00,157.00
188.00,116.00,233.00,116.00,233.00,157.00,188.00,157.00
186.00,116.00,231.00,116.00,231.00,157.00,186.00,157.00
186.00,117.00,231.00,117.00,231.00,158.00,186.00,158.00
185.00,117.00,229.00,117.00,229.00,158.00,185.00,158.00
184.00,118.00,229.00,118.00,229.00,159.00,184.00,159.00
183.00,117.00,227.00,117.00,227.00,158.00,183.00,158.00
183.00,117.00,228.00,117.00,228.00,157.00,183.00,157.00
183.00,116.00,227.00,116.00,227.00,157.00,183.00,157.00
182.00,115.00,226.00,115.00,226.00,156.00,182.00,156.00
182.00,114.00,225.00,114.00,225.00,154.00,182.00,154.00
181.00,114.00,225.00,114.00,225.00,154.00,181.00,154.00
180.00,114.00,224.00,114.00,224.00,154.00,180.00,154.00
178.00,113.00,221.00,113.00,221.00,153.00,178.00,153.00
176.00,111.00,219.00,111.00,219.00,150.00,176.00,150.00
174.00,109.00,218.00,109.00,218.00,149.00,174.00,149.00
173.00,109.00,217.00,109.00,217.00,148.00,173.00,148.00
172.00,107.00,215.00,107.00,215.00,147.00,172.00,147.00
170.00,105.00,213.00,105.00,213.00,145.00,170.00,145.00
169.00,104.00,212.00,104.00,212.00,144.00,169.00,144.00
167.00,103.00,211.00,103.00,211.00,143.00,167.00,143.00
166.00,103.00,209.00,103.00,209.00,142.00,166.00,142.00
165.00,101.00,208.00,101.00,208.00,140.00,165.00,140.00
164.00,100.00,207.00,100.00,207.00,139.00,164.00,139.00
162.00,99.00,205.00,99.00,205.00,138.00,162.00,138.00
161.00,98.00,203.00,98.00,203.00,136.00,161.00,136.00
160.00,97.00,202.00,97.00,202.00,136.00,160.00,136.00
159.00,97.00,200.00,97.00,200.00,135.00,159.00,135.00
158.00,97.00,199.00,97.00,199.00,134.00,158.00,134.00
157.00,96.00,198.00,96.00,198.00,133.00,157.00,133.00
156.00,96.00,197.00,96.00,197.00,133.00,156.00,133.00
156.00,96.00,196.00,96.00,196.00,132.00,156.00,132.00
155.00,95.00,195.00,95.00,195.00,132.00,155.00,132.00
155.00,94.00,194.00,94.00,194.00,130.00,155.00,130.00
152.00,94.00,191.00,94.00,191.00,130.00,152.00,130.00
150.00,95.00,190.00,95.00,190.00,131.00,150.00,131.00
149.00,95.00,189.00,95.00,189.00,131.00,149.00,131.00
149.00,94.00,189.00,94.00,189.00,131.00,149.00,131.00
148.00,94.00,188.00,94.00,188.00,131.00,148.00,131.00
148.00,93.00,187.00,93.00,187.00,129.00,148.00,129.00
147.00,93.00,187.00,93.00,187.00,129.00,147.00,129.00
147.00,93.00,186.00,93.00,186.00,129.00,147.00,129.00
146.00,93.00,185.00,93.00,185.00,128.00,146.00,128.00
146.00,93.00,185.00,93.00,185.00,129.00,146.00,129.00
145.00,93.00,184.00,93.00,184.00,129.00,145.00,129.00
145.00,94.00,184.00,94.00,184.00,130.00,145.00,130.00
145.00,95.00,184.00,95.00,184.00,130.00,145.00,130.00
145.00,95.00,184.00,95.00,184.00,130.00,145.00,130.00
144.00,94.00,183.00,94.00,183.00,130.00,144.00,130.00
143.00,95.00,182.00,95.00,182.00,131.00,143.00,131.00
143.00,96.00,182.00,96.00,182.00,131.00,143.00,131.00
143.00,96.00,181.00,96.00,181.00,132.00,143.00,132.00
142.00,96.00,181.00,96.00,181.00,131.00,142.00,131.00
142.00,98.00,180.00,98.00,180.00,133.00,142.00,133.00
141.00,98.00,179.00,98.00,179.00,132.00,141.00,132.00
142.00,99.00,179.00,99.00,179.00,133.00,142.00,133.00
142.00,99.00,179.00,99.00,179.00,133.00,142.00,133.00
143.00,99.00,180.00,99.00,180.00,133.00,143.00,133.00
142.00,99.00,179.00,99.00,179.00,133.00,142.00,133.00
147.00,97.00,184.00,97.00,184.00,131.00,147.00,131.00
146.00,97.00,183.00,97.00,183.00,131.00,146.00,131.00
145.00,97.00,183.00,97.00,183.00,131.00,145.00,131.00
144.00,98.00,181.00,98.00,181.00,132.00,144.00,132.00
141.00,98.00,178.00,98.00,178.00,132.00,141.00,132.00
141.00,98.00,179.00,98.00,179.00,132.00,141.00,132.00
141.00,98.00,178.00,98.00,178.00,131.00,141.00,131.00
142.00,99.00,178.00,99.00,178.00,132.00,142.00,132.00
142.00,99.00,178.00,99.00,178.00,132.00,142.00,132.00
142.00,99.00,178.00,99.00,178.00,132.00,142.00,132.00
141.00,98.00,177.00,98.00,177.00,131.00,141.00,131.00
141.00,98.00,177.00,98.00,177.00,131.00,141.00,131.00
142.00,99.00,177.00,99.00,177.00,131.00,142.00,131.00
142.00,99.00,178.00,99.00,178.00,131.00,142.00,131.00
143.00,99.00,178.00,99.00,178.00,131.00,143.00,131.00
144.00,99.00,180.00,99.00,180.00,131.00,144.00,131.00
144.00,98.00,180.00,98.00,180.00,130.00,144.00,130.00
144.00,99.00,179.00,99.00,179.00,131.00,144.00,131.00
144.00,99.00,179.00,99.00,179.00,131.00,144.00,131.00
143.00,98.00,178.00,98.00,178.00,130.00,143.00,130.00
142.00,98.00,177.00,98.00,177.00,130.00,142.00,130.00
143.00,99.00,178.00,99.00,178.00,130.00,143.00,130.00
141.00,98.00,176.00,98.00,176.00,130.00,141.00,130.00
142.00,98.00,176.00,98.00,176.00,129.00,142.00,129.00
141.00,97.00,176.00,97.00,176.00,129.00,141.00,129.00
141.00,97.00,175.00,97.00,175.00,129.00,141.00,129.00
141.00,98.00,175.00,98.00,175.00,130.00,141.00,130.00
139.00,98.00,174.00,98.00,174.00,129.00,139.00,129.00
139.00,97.00,173.00,97.00,173.00,129.00,139.00,129.00
138.00,97.00,173.00,97.00,173.00,129.00,138.00,129.00
138.00,99.00,173.00,99.00,173.00,130.00,138.00,130.00
138.00,99.00,172.00,99.00,172.00,130.00,138.00,130.00
137.00,98.00,171.00,98.00,171.00,129.00,137.00,129.00
136.00,97.00,170.00,97.00,170.00,129.00,136.00,129.00
136.00,97.00,170.00,97.00,170.00,128.00,136.00,128.00
136.00,97.00,170.00,97.00,170.00,128.00,136.00,128.00
136.00,96.00,169.00,96.00,169.00,127.00,136.00,127.00
135.00,95.00,169.00,95.00,169.00,126.00,135.00,126.00
135.00,94.00,169.00,94.00,169.00,125.00,135.00,125.00
135.00,93.00,169.00,93.00,169.00,124.00,135.00,124.00
134.00,93.00,168.00,93.00,168.00,124.00,134.00,124.00
134.00,91.00,168.00,91.00,168.00,122.00,134.00,122.00
134.00,91.00,168.00,91.00,168.00,122.00,134.00,122.00
134.00,91.00,168.00,91.00,168.00,122.00,134.00,122.00
134.00,90.00,168.00,90.00,168.00,121.00,134.00,121.00
135.00,90.00,169.00,90.00,169.00,121.00,135.00,121.00
135.00,89.00,168.00,89.00,168.00,120.00,135.00,120.00
135.00,89.00,168.00,89.00,168.00,119.00,135.00,119.00
135.00,88.00,168.00,88.00,168.00,118.00,135.00,118.00
135.00,88.00,168.00,88.00,168.00,118.00,135.00,118.00
136.00,88.00,169.00,88.00,169.00,118.00,136.00,118.00
136.00,87.00,168.00,87.00,168.00,117.00,136.00,117.00
135.00,87.00,168.00,87.00,168.00,117.00,135.00,117.00
135.00,87.00,168.00,87.00,168.00,117.00,135.00,117.00
136.00,87.00,169.00,87.00,169.00,117.00,136.00,117.00
136.00,86.00,169.00,86.00,169.00,117.00,136.00,117.00
135.00,85.00,168.00,85.00,168.00,115.00,135.00,115.00
135.00,85.00,168.00,85.00,168.00,115.00,135.00,115.00
135.00,85.00,168.00,85.00,168.00,115.00,135.00,115.00
135.00,85.00,168.00,85.00,168.00,115.00,135.00,115.00
136.00,85.00,168.00,85.00,168.00,115.00,136.00,115.00
136.00,85.00,169.00,85.00,169.00,115.00,136.00,115.00
135.00,84.00,168.00,84.00,168.00,114.00,135.00,114.00
136.00,84.00,168.00,84.00,168.00,114.00,136.00,114.00
136.00,84.00,169.00,84.00,169.00,114.00,136.00,114.00
136.00,84.00,169.00,84.00,169.00,114.00,136.00,114.00
136.00,84.00,169.00,84.00,169.00,114.00,136.00,114.00
136.00,84.00,169.00,84.00,169.00,114.00,136.00,114.00
136.00,84.00,169.00,84.00,169.00,114.00,136.00,114.00
137.00,84.00,170.00,84.00,170.00,114.00,137.00,114.00
137.00,83.00,170.00,83.00,170.00,114.00,137.00,114.00
137.00,84.00,172.00,84.00,172.00,115.00,137.00,115.00
137.00,83.00,171.00,83.00,171.00,115.00,137.00,115.00
138.00,84.00,172.00,84.00,172.00,116.00,138.00,116.00
138.00,84.00,172.00,84.00,172.00,115.00,138.00,115.00
138.00,84.00,173.00,84.00,173.00,116.00,138.00,116.00
138.00,85.00,174.00,85.00,174.00,117.00,138.00,117.00
139.00,85.00,174.00,85.00,174.00,117.00,139.00,117.00
139.00,85.00,174.00,85.00,174.00,118.00,139.00,118.00
139.00,86.00,175.00,86.00,175.00,118.00,139.00,118.00
139.00,86.00,175.00,86.00,175.00,119.00,139.00,119.00
140.00,87.00,176.00,87.00,176.00,120.00,140.00,120.00
140.00,87.00,176.00,87.00,176.00,120.00,140.00,120.00
140.00,87.00,176.00,87.00,176.00,120.00,140.00,120.00
140.00,87.00,176.00,87.00,176.00,120.00,140.00,120.00
141.00,88.00,177.00,88.00,177.00,121.00,141.00,121.00
141.00,88.00,177.00,88.00,177.00,121.00,141.00,121.00
141.00,88.00,177.00,88.00,177.00,120.00,141.00,120.00
141.00,88.00,177.00,88.00,177.00,120.00,141.00,120.00
142.00,89.00,177.00,89.00,177.00,121.00,142.00,121.00
142.00,89.00,177.00,89.00,177.00,121.00,142.00,121.00
142.00,89.00,177.00,89.00,177.00,121.00,142.00,121.00
142.00,89.00,177.00,89.00,177.00,121.00,142.00,121.00
142.00,90.00,177.00,90.00,177.00,122.00,142.00,122.00
142.00,90.00,177.00,90.00,177.00,122.00,142.00,122.00
142.00,91.00,177.00,91.00,177.00,123.00,142.00,123.00
142.00,91.00,176.00,91.00,176.00,123.00,142.00,123.00
141.00,92.00,176.00,92.00,176.00,123.00,141.00,123.00
141.00,92.00,175.00,92.00,175.00,124.00,141.00,124.00
140.00,92.00,175.00,92.00,175.00,124.00,140.00,124.00
139.00,92.00,174.00,92.00,174.00,124.00,139.00,124.00
138.00,93.00,173.00,93.00,173.00,125.00,138.00,125.00
137.00,92.00,172.00,92.00,172.00,124.00,137.00,124.00
137.00,92.00,172.00,92.00,172.00,124.00,137.00,124.00
137.00,91.00,172.00,91.00,172.00,123.00,137.00,123.00
137.00,90.00,172.00,90.00,172.00,122.00,137.00,122.00
138.00,90.00,173.00,90.00,173.00,122.00,138.00,122.00
139.00,90.00,174.00,90.00,174.00,122.00,139.00,122.00
141.00,90.00,175.00,90.00,175.00,122.00,141.00,122.00
143.00,90.00,177.00,90.00,177.00,122.00,143.00,122.00
144.00,90.00,178.00,90.00,178.00,121.00,144.00,121.00
146.00,90.00,180.00,90.00,180.00,121.00,146.00,121.00
147.00,90.00,181.00,90.00,181.00,121.00,147.00,121.00
149.00,91.00,182.00,91.00,182.00,121.00,149.00,121.00
150.00,90.00,183.00,90.00,183.00,120.00,150.00,120.00
152.00,90.00,185.00,90.00,185.00,120.00,152.00,120.00
154.00,90.00,186.00,90.00,186.00,120.00,154.00,120.00
155.00,90.00,187.00,90.00,187.00,120.00,155.00,120.00
155.00,89.00,188.00,89.00,188.00,118.00,155.00,118.00
157.00,89.00,189.00,89.00,189.00,118.00,157.00,118.00
158.00,88.00,190.00,88.00,190.00,117.00,158.00,117.00
159.00,87.00,191.00,87.00,191.00,116.00,159.00,116.00
160.00,86.00,192.00,86.00,192.00,115.00,160.00,115.00
162.00,85.00,194.00,85.00,194.00,114.00,162.00,114.00
165.00,85.00,197.00,85.00,197.00,114.00,165.00,114.00
168.00,84.00,199.00,84.00,199.00,113.00,168.00,113.00
170.00,84.00,201.00,84.00,201.00,113.00,170.00,113.00
172.00,84.00,203.00,84.00,203.00,112.00,172.00,112.00
175.00,83.00,206.00,83.00,206.00,112.00,175.00,112.00
177.00,83.00,208.00,83.00,208.00,111.00,177.00,111.00
179.00,81.00,210.00,81.00,210.00,109.00,179.00,109.00
182.00,82.00,213.00,82.00,213.00,109.00,182.00,109.00
184.00,81.00,215.00,81.00,215.00,109.00,184.00,109.00
199.00,89.00,230.00,89.00,230.00,116.00,199.00,116.00
201.00,90.00,231.00,90.00,231.00,118.00,201.00,118.00
201.00,91.00,232.00,91.00,232.00,119.00,201.00,119.00
202.00,92.00,233.00,92.00,233.00,120.00,202.00,120.00
202.00,92.00,233.00,92.00,233.00,121.00,202.00,121.00
202.00,94.00,234.00,94.00,234.00,122.00,202.00,122.00
202.00,94.00,233.00,94.00,233.00,123.00,202.00,123.00
203.00,96.00,234.00,96.00,234.00,125.00,203.00,125.00
203.00,97.00,234.00,97.00,234.00,125.00,203.00,125.00
203.00,97.00,234.00,97.00,234.00,126.00,203.00,126.00
203.00,98.00,234.00,98.00,234.00,127.00,203.00,127.00
203.00,100.00,234.00,100.00,234.00,128.00,203.00,128.00
203.00,101.00,234.00,101.00,234.00,130.00,203.00,130.00
204.00,102.00,235.00,102.00,235.00,130.00,204.00,130.00
203.00,103.00,234.00,103.00,234.00,131.00,203.00,131.00
204.00,105.00,234.00,105.00,234.00,133.00,204.00,133.00
203.00,105.00,234.00,105.00,234.00,133.00,203.00,133.00
204.00,107.00,234.00,107.00,234.00,135.00,204.00,135.00
203.00,107.00,233.00,107.00,233.00,135.00,203.00,135.00
203.00,109.00,233.00,109.00,233.00,136.00,203.00,136.00
203.00,111.00,233.00,111.00,233.00,138.00,203.00,138.00
201.00,111.00,231.00,111.00,231.00,138.00,201.00,138.00
201.00,112.00,231.00,112.00,231.00,139.00,201.00,139.00
201.00,113.00,230.00,113.00,230.00,140.00,201.00,140.00
199.00,114.00,228.00,114.00,228.00,140.00,199.00,140.00
199.00,115.00,228.00,115.00,228.00,141.00,199.00,141.00
198.00,115.00,227.00,115.00,227.00,142.00,198.00,142.00
197.00,116.00,226.00,116.00,226.00,143.00,197.00,143.00
196.00,116.00,225.00,116.00,225.00,143.00,196.00,143.00
195.00,117.00,224.00,117.00,224.00,143.00,195.00,143.00
195.00,118.00,223.00,118.00,223.00,144.00,195.00,144.00
194.00,119.00,223.00,119.00,223.00,145.00,194.00,145.00
194.00,119.00,222.00,119.00,222.00,145.00,194.00,145.00
193.00,120.00,221.00,120.00,221.00,146.00,193.00,146.00
192.00,120.00,220.00,120.00,220.00,146.00,192.00,146.00
191.00,120.00,220.00,120.00,220.00,146.00,191.00,146.00
190.00,120.00,218.00,120.00,218.00,146.00,190.00,146.00
190.00,121.00,218.00,121.00,218.00,146.00,190.00,146.00
189.00,121.00,216.00,121.00,216.00,146.00,189.00,146.00
188.00,122.00,216.00,122.00,216.00,147.00,188.00,147.00
188.00,122.00,215.00,122.00,215.00,146.00,188.00,146.00
186.00,121.00,213.00,121.00,213.00,146.00,186.00,146.00
186.00,121.00,213.00,121.00,213.00,146.00,186.00,146.00
186.00,121.00,212.00,121.00,212.00,145.00,186.00,145.00
185.00,121.00,211.00,121.00,211.00,145.00,185.00,145.00
184.00,121.00,211.00,121.00,211.00,145.00,184.00,145.00
184.00,120.00,211.00,120.00,211.00,144.00,184.00,144.00
184.00,119.00,211.00,119.00,211.00,144.00,184.00,144.00
183.00,119.00,210.00,119.00,210.00,143.00,183.00,143.00
183.00,118.00,210.00,118.00,210.00,143.00,183.00,143.00
182.00,117.00,209.00,117.00,209.00,141.00,182.00,141.00
182.00,117.00,209.00,117.00,209.00,141.00,182.00,141.00
181.00,116.00,209.00,116.00,209.00,140.00,181.00,140.00
181.00,115.00,208.00,115.00,208.00,140.00,181.00,140.00
181.00,114.00,208.00,114.00,208.00,139.00,181.00,139.00
180.00,114.00,208.00,114.00,208.00,139.00,180.00,139.00
179.00,114.00,207.00,114.00,207.00,139.00,179.00,139.00
179.00,113.00,206.00,113.00,206.00,138.00,179.00,138.00
178.00,112.00,205.00,112.00,205.00,137.00,178.00,137.00
177.00,112.00,204.00,112.00,204.00,137.00,177.00,137.00
176.00,111.00,203.00,111.00,203.00,136.00,176.00,136.00
175.00,111.00,202.00,111.00,202.00,136.00,175.00,136.00
173.00,110.00,201.00,110.00,201.00,135.00,173.00,135.00
172.00,110.00,200.00,110.00,200.00,135.00,172.00,135.00
171.00,110.00,199.00,110.00,199.00,135.00,171.00,135.00
169.00,109.00,197.00,109.00,197.00,134.00,169.00,134.00
168.00,108.00,195.00,108.00,195.00,134.00,168.00,134.00
166.00,108.00,194.00,108.00,194.00,133.00,166.00,133.00
165.00,108.00,193.00,108.00,193.00,133.00,165.00,133.00
164.00,107.00,192.00,107.00,192.00,133.00,164.00,133.00
163.00,107.00,191.00,107.00,191.00,132.00,163.00,132.00
162.00,107.00,190.00,107.00,190.00,133.00,162.00,133.00
160.00,106.00,188.00,106.00,188.00,132.00,160.00,132.00
159.00,106.00,187.00,106.00,187.00,131.00,159.00,131.00
159.00,106.00,187.00,106.00,187.00,131.00,159.00,131.00
158.00,105.00,186.00,105.00,186.00,131.00,158.00,131.00
158.00,104.00,186.00,104.00,186.00,130.00,158.00,130.00
157.00,103.00,185.00,103.00,185.00,128.00,157.00,128.00
156.00,102.00,185.00,102.00,185.00,127.00,156.00,127.00
156.00,101.00,184.00,101.00,184.00,127.00,156.00,127.00
156.00,101.00,184.00,101.00,184.00,126.00,156.00,126.00
156.00,100.00,184.00,100.00,184.00,126.00,156.00,126.00
155.00,100.00,184.00,100.00,184.00,125.00,155.00,125.00
156.00,99.00,184.00,99.00,184.00,124.00,156.00,124.00
155.00,98.00,184.00,98.00,184.00,124.00,155.00,124.00
155.00,98.00,184.00,98.00,184.00,124.00,155.00,124.00
155.00,98.00,183.00,98.00,183.00,123.00,155.00,123.00
155.00,98.00,183.00,98.00,183.00,123.00,155.00,123.00
155.00,98.00,183.00,98.00,183.00,123.00,155.00,123.00
155.00,98.00,184.00,98.00,184.00,124.00,155.00,124.00
155.00,98.00,183.00,98.00,183.00,123.00,155.00,123.00
156.00,98.00,184.00,98.00,184.00,124.00,156.00,124.00
156.00,98.00,184.00,98.00,184.00,124.00,156.00,124.00
156.00,98.00,183.00,98.00,183.00,124.00,156.00,124.00
155.00,98.00,183.00,98.00,183.00,124.00,155.00,124.00
154.00,99.00,182.00,99.00,182.00,124.00,154.00,124.00
153.00,99.00,181.00,99.00,181.00,124.00,153.00,124.00
152.00,100.00,180.00,100.00,180.00,125.00,152.00,125.00
151.00,100.00,178.00,100.00,178.00,125.00,151.00,125.00
149.00,100.00,177.00,100.00,177.00,125.00,149.00,125.00
148.00,101.00,176.00,101.00,176.00,126.00,148.00,126.00
147.00,101.00,175.00,101.00,175.00,127.00,147.00,127.00
145.00,102.00,173.00,102.00,173.00,127.00,145.00,127.00
144.00,102.00,172.00,102.00,172.00,128.00,144.00,128.00
143.00,103.00,170.00,103.00,170.00,128.00,143.00,128.00
141.00,102.00,169.00,102.00,169.00,128.00,141.00,128.00
140.00,103.00,168.00,103.00,168.00,128.00,140.00,128.00
139.00,103.00,166.00,103.00,166.00,128.00,139.00,128.00
138.00,103.00,166.00,103.00,166.00,129.00,138.00,129.00
136.00,104.00,164.00,104.00,164.00,129.00,136.00,129.00
135.00,104.00,163.00,104.00,163.00,130.00,135.00,130.00
133.00,104.00,162.00,104.00,162.00,130.00,133.00,130.00
132.00,104.00,161.00,104.00,161.00,130.00,132.00,130.00
132.00,105.00,160.00,105.00,160.00,131.00,132.00,131.00
131.00,106.00,159.00,106.00,159.00,132.00,131.00,132.00
130.00,106.00,159.00,106.00,159.00,132.00,130.00,132.00
129.00,106.00,157.00,106.00,157.00,132.00,129.00,132.00
128.00,106.00,156.00,106.00,156.00,132.00,128.00,132.00
127.00,106.00,155.00,106.00,155.00,132.00,127.00,132.00
126.00,105.00,155.00,105.00,155.00,131.00,126.00,131.00
125.00,105.00,154.00,105.00,154.00,131.00,125.00,131.00
124.00,104.00,153.00,104.00,153.00,130.00,124.00,130.00
123.00,103.00,152.00,103.00,152.00,129.00,123.00,129.00
122.00,103.00,151.00,103.00,151.00,129.00,122.00,129.00
121.00,103.00,150.00,103.00,150.00,129.00,121.00,129.00
120.00,102.00,149.00,102.00,149.00,128.00,120.00,128.00
119.00,101.00,148.00,101.00,148.00,127.00,119.00,127.00
118.00,101.00,147.00,101.00,147.00,127.00,118.00,127.00
118.00,101.00,146.00,101.00,146.00,127.00,118.00,127.00
117.00,100.00,146.00,100.00,146.00,127.00,117.00,127.00
116.00,100.00,145.00,100.00,145.00,126.00,116.00,126.00
115.00,100.00,144.00,100.00,144.00,126.00,115.00,126.00
114.00,100.00,143.00,100.00,143.00,126.00,114.00,126.00
113.00,100.00,142.00,100.00,142.00,126.00,113.00,126.00
113.00,100.00,142.00,100.00,142.00,126.00,113.00,126.00
112.00,100.00,141.00,100.00,141.00,126.00,112.00,126.00
111.00,101.00,139.00,101.00,139.00,127.00,111.00,127.00
109.00,101.00,138.00,101.00,138.00,126.00,109.00,126.00
108.00,101.00,136.00,101.00,136.00,127.00,108.00,127.00
106.00,101.00,134.00,101.00,134.00,127.00,106.00,127.00
106.00,102.00,133.00,102.00,133.00,127.00,106.00,127.00
103.00,101.00,131.00,101.00,131.00,127.00,103.00,127.00
102.00,102.00,129.00,102.00,129.00,127.00,102.00,127.00
100.00,102.00,128.00,102.00,128.00,127.00,100.00,127.00
98.00,102.00,126.00,102.00,126.00,128.00,98.00,128.00
97.00,103.00,125.00,103.00,125.00,128.00,97.00,128.00
96.00,103.00,124.00,103.00,124.00,129.00,96.00,129.00
94.00,103.00,122.00,103.00,122.00,129.00,94.00,129.00
92.00,103.00,120.00,103.00,120.00,129.00,92.00,129.00
91.00,103.00,119.00,103.00,119.00,129.00,91.00,129.00
90.00,103.00,117.00,103.00,117.00,129.00,90.00,129.00
88.00,103.00,116.00,103.00,116.00,128.00,88.00,128.00
87.00,103.00,115.00,103.00,115.00,128.00,87.00,128.00
85.00,103.00,113.00,103.00,113.00,128.00,85.00,128.00
84.00,102.00,112.00,102.00,112.00,128.00,84.00,128.00
82.00,102.00,111.00,102.00,111.00,128.00,82.00,128.00
80.00,102.00,109.00,102.00,109.00,127.00,80.00,127.00
79.00,101.00,107.00,101.00,107.00,127.00,79.00,127.00
78.00,101.00,106.00,101.00,106.00,127.00,78.00,127.00
76.00,101.00,104.00,101.00,104.00,127.00,76.00,127.00
74.00,102.00,103.00,102.00,103.00,128.00,74.00,128.00
72.00,102.00,100.00,102.00,100.00,128.00,72.00,128.00
71.00,102.00,99.00,102.00,99.00,128.00,71.00,128.00
69.00,103.00,98.00,103.00,98.00,129.00,69.00,129.00
67.00,103.00,96.00,103.00,96.00,129.00,67.00,129.00
65.00,104.00,93.00,104.00,93.00,129.00,65.00,129.00
63.00,104.00,91.00,104.00,91.00,130.00,63.00,130.00
62.00,104.00,90.00,104.00,90.00,130.00,62.00,130.00
60.00,105.00,88.00,105.00,88.00,131.00,60.00,131.00
58.00,106.00,86.00,106.00,86.00,131.00,58.00,131.00
56.00,106.00,84.00,106.00,84.00,132.00,56.00,132.00
53.00,107.00,82.00,107.00,82.00,133.00,53.00,133.00
53.00,108.00,81.00,108.00,81.00,134.00,53.00,134.00
51.00,109.00,79.00,109.00,79.00,134.00,51.00,134.00
50.00,109.00,78.00,109.00,78.00,135.00,50.00,135.00
49.00,109.00,77.00,109.00,77.00,135.00,49.00,135.00
48.00,109.00,75.00,109.00,75.00,135.00,48.00,135.00
47.00,109.00,74.00,109.00,74.00,135.00,47.00,135.00
45.00,108.00,73.00,108.00,73.00,134.00,45.00,134.00
44.00,108.00,72.00,108.00,72.00,134.00,44.00,134.00
42.00,107.00,70.00,107.00,70.00,132.00,42.00,132.00
41.00,106.00,69.00,106.00,69.00,131.00,41.00,131.00
40.00,105.00,68.00,105.00,68.00,131.00,40.00,131.00
39.00,104.00,67.00,104.00,67.00,130.00,39.00,130.00
38.00,103.00,66.00,103.00,66.00,129.00,38.00,129.00
38.00,103.00,66.00,103.00,66.00,129.00,38.00,129.00
38.00,103.00,66.00,103.00,66.00,129.00,38.00,129.00
37.00,103.00,66.00,103.00,66.00,129.00,37.00,129.00
38.00,104.00,67.00,104.00,67.00,130.00,38.00,130.00
39.00,104.00,67.00,104.00,67.00,131.00,39.00,131.00
39.00,105.00,68.00,105.00,68.00,131.00,39.00,131.00
39.00,107.00,68.00,107.00,68.00,133.00,39.00,133.00
38.00,107.00,68.00,107.00,68.00,134.00,38.00,134.00
38.00,109.00,68.00,109.00,68.00,136.00,38.00,136.00
39.00,110.00,68.00,110.00,68.00,137.00,39.00,137.00
38.00,112.00,68.00,112.00,68.00,139.00,38.00,139.00
37.00,113.00,67.00,113.00,67.00,140.00,37.00,140.00
38.00,114.00,68.00,114.00,68.00,142.00,38.00,142.00
39.00,116.00,69.00,116.00,69.00,144.00,39.00,144.00
39.00,117.00,69.00,117.00,69.00,145.00,39.00,145.00
40.00,120.00,70.00,120.00,70.00,148.00,40.00,148.00
39.00,122.00,70.00,122.00,70.00,150.00,39.00,150.00
39.00,124.00,69.00,124.00,69.00,152.00,39.00,152.00
38.00,125.00,69.00,125.00,69.00,154.00,38.00,154.00
38.00,128.00,69.00,128.00,69.00,157.00,38.00,157.00
37.00,131.00,69.00,131.00,69.00,159.00,37.00,159.00
37.00,133.00,68.00,133.00,68.00,161.00,37.00,161.00
35.00,135.00,66.00,135.00,66.00,163.00,35.00,163.00
34.00,138.00,65.00,138.00,65.00,166.00,34.00,166.00
31.00,140.00,63.00,140.00,63.00,168.00,31.00,168.00
30.00,142.00,62.00,142.00,62.00,170.00,30.00,170.00
28.00,143.00,60.00,143.00,60.00,172.00,28.00,172.00
27.00,146.00,58.00,146.00,58.00,174.00,27.00,174.00
25.00,147.00,56.00,147.00,56.00,175.00,25.00,175.00
23.00,148.00,53.00,148.00,53.00,176.00,23.00,176.00
21.00,150.00,52.00,150.00,52.00,178.00,21.00,178.00
20.00,152.00,51.00,152.00,51.00,180.00,20.00,180.00
20.00,154.00,50.00,154.00,50.00,182.00,20.00,182.00
19.00,155.00,49.00,155.00,49.00,183.00,19.00,183.00
18.00,157.00,48.00,157.00,48.00,185.00,18.00,185.00
18.00,158.00,49.00,158.00,49.00,186.00,18.00,186.00
18.00,160.00,48.00,160.00,48.00,187.00,18.00,187.00
18.00,161.00,48.00,161.00,48.00,189.00,18.00,189.00
18.00,161.00,49.00,161.00,49.00,189.00,18.00,189.00
19.00,161.00,50.00,161.00,50.00,189.00,19.00,189.00
20.00,161.00,51.00,161.00,51.00,189.00,20.00,189.00
21.00,160.00,51.00,160.00,51.00,188.00,21.00,188.00
22.00,160.00,52.00,160.00,52.00,188.00,22.00,188.00
22.00,160.00,53.00,160.00,53.00,187.00,22.00,187.00
24.00,159.00,54.00,159.00,54.00,187.00,24.00,187.00
24.00,159.00,55.00,159.00,55.00,187.00,24.00,187.00
26.00,159.00,56.00,159.00,56.00,186.00,26.00,186.00
27.00,158.00,57.00,158.00,57.00,186.00,27.00,186.00
28.00,159.00,58.00,159.00,58.00,186.00,28.00,186.00
29.00,159.00,59.00,159.00,59.00,186.00,29.00,186.00
30.00,159.00,60.00,159.00,60.00,186.00,30.00,186.00
30.00,158.00,60.00,158.00,60.00,185.00,30.00,185.00
30.00,158.00,60.00,158.00,60.00,185.00,30.00,185.00
32.00,159.00,62.00,159.00,62.00,186.00,32.00,186.00
32.00,158.00,62.00,158.00,62.00,186.00,32.00,186.00
33.00,158.00,63.00,158.00,63.00,185.00,33.00,185.00
34.00,158.00,64.00,158.00,64.00,186.00,34.00,186.00
35.00,159.00,65.00,159.00,65.00,186.00,35.00,186.00
36.00,159.00,66.00,159.00,66.00,186.00,36.00,186.00
37.00,159.00,68.00,159.00,68.00,186.00,37.00,186.00
38.00,159.00,69.00,159.00,69.00,187.00,38.00,187.00
39.00,158.00,69.00,158.00,69.00,186.00,39.00,186.00
41.00,159.00,71.00,159.00,71.00,186.00,41.00,186.00
42.00,158.00,73.00,158.00,73.00,186.00,42.00,186.00
43.00,158.00,74.00,158.00,74.00,186.00,43.00,186.00
44.00,158.00,75.00,158.00,75.00,186.00,44.00,186.00
45.00,158.00,76.00,158.00,76.00,186.00,45.00,186.00
47.00,157.00,78.00,157.00,78.00,186.00,47.00,186.00
49.00,158.00,80.00,158.00,80.00,186.00,49.00,186.00
51.00,157.00,82.00,157.00,82.00,186.00,51.00,186.00
53.00,157.00,84.00,157.00,84.00,186.00,53.00,186.00
55.00,158.00,86.00,158.00,86.00,186.00,55.00,186.00
57.00,158.00,88.00,158.00,88.00,186.00,57.00,186.00
60.00,158.00,91.00,158.00,91.00,187.00,60.00,187.00
61.00,158.00,93.00,158.00,93.00,187.00,61.00,187.00
64.00,159.00,95.00,159.00,95.00,187.00,64.00,187.00
66.00,159.00,98.00,159.00,98.00,187.00,66.00,187.00
69.00,158.00,100.00,158.00,100.00,187.00,69.00,187.00
71.00,158.00,102.00,158.00,102.00,186.00,71.00,186.00
74.00,158.00,105.00,158.00,105.00,186.00,74.00,186.00
76.00,158.00,107.00,158.00,107.00,186.00,76.00,186.00
78.00,159.00,108.00,159.00,108.00,186.00,78.00,186.00
80.00,158.00,110.00,158.00,110.00,185.00,80.00,185.00
81.00,158.00,111.00,158.00,111.00,185.00,81.00,185.00
83.00,158.00,113.00,158.00,113.00,186.00,83.00,186.00
84.00,159.00,114.00,159.00,114.00,186.00,84.00,186.00
85.00,159.00,115.00,159.00,115.00,186.00,85.00,186.00
87.00,159.00,117.00,159.00,117.00,186.00,87.00,186.00
88.00,158.00,117.00,158.00,117.00,186.00,88.00,186.00
89.00,158.00,118.00,158.00,118.00,185.00,89.00,185.00
90.00,158.00,119.00,158.00,119.00,185.00,90.00,185.00
90.00,158.00,120.00,158.00,120.00,185.00,90.00,185.00
91.00,158.00,121.00,158.00,121.00,185.00,91.00,185.00
92.00,158.00,122.00,158.00,122.00,185.00,92.00,185.00
93.00,158.00,123.00,158.00,123.00,185.00,93.00,185.00
94.00,159.00,124.00,159.00,124.00,186.00,94.00,186.00
94.00,158.00,123.00,158.00,123.00,185.00,94.00,185.00
95.00,159.00,124.00,159.00,124.00,186.00,95.00,186.00
95.00,159.00,125.00,159.00,125.00,186.00,95.00,186.00
96.00,159.00,126.00,159.00,126.00,186.00,96.00,186.00
96.00,159.00,127.00,159.00,127.00,186.00,96.00,186.00
99.00,159.00,130.00,159.00,130.00,187.00,99.00,187.00
104.00,160.00,135.00,160.00,135.00,188.00,104.00,188.00
111.00,162.00,142.00,162.00,142.00,190.00,111.00,190.00
117.00,163.00,149.00,163.00,149.00,192.00,117.00,192.00
123.00,164.00,155.00,164.00,155.00,193.00,123.00,193.00
129.00,166.00,161.00,166.00,161.00,195.00,129.00,195.00
136.00,168.00,169.00,168.00,169.00,198.00,136.00,198.00
142.00,170.00,175.00,170.00,175.00,200.00,142.00,200.00
147.00,171.00,180.00,171.00,180.00,201.00,147.00,201.00
153.00,172.00,186.00,172.00,186.00,202.00,153.00,202.00
159.00,174.00,192.00,174.00,192.00,204.00,159.00,204.00
165.00,175.00,198.00,175.00,198.00,205.00,165.00,205.00
172.00,175.00,205.00,175.00,205.00,206.00,172.00,206.00
176.00,176.00,209.00,176.00,209.00,206.00,176.00,206.00
182.00,177.00,215.00,177.00,215.00,207.00,182.00,207.00
188.00,178.00,221.00,178.00,221.00,208.00,188.00,208.00
194.00,178.00,227.00,178.00,227.00,209.00,194.00,209.00
199.00,178.00,232.00,178.00,232.00,209.00,199.00,209.00
204.00,179.00,237.00,179.00,237.00,209.00,204.00,209.00
209.00,180.00,242.00,180.00,242.00,210.00,209.00,210.00
215.00,180.00,248.00,180.00,248.00,210.00,215.00,210.00
219.00,180.00,253.00,180.00,253.00,211.00,219.00,211.00
224.00,180.00,257.00,180.00,257.00,211.00,224.00,211.00
229.00,181.00,262.00,181.00,262.00,211.00,229.00,211.00
234.00,181.00,267.00,181.00,267.00,211.00,234.00,211.00
238.00,181.00,271.00,181.00,271.00,211.00,238.00,211.00
242.00,181.00,275.00,181.00,275.00,211.00,242.00,211.00
247.00,181.00,280.00,181.00,280.00,211.00,247.00,211.00
252.00,181.00,284.00,181.00,284.00,211.00,252.00,211.00
256.00,181.00,289.00,181.00,289.00,211.00,256.00,211.00
260.00,181.00,294.00,181.00,294.00,212.00,260.00,212.00
265.00,181.00,298.00,181.00,298.00,212.00,265.00,212.00
268.00,181.00,301.00,181.00,301.00,211.00,268.00,211.00
273.00,181.00,306.00,181.00,306.00,212.00,273.00,212.00
276.00,181.00,310.00,181.00,310.00,212.00,276.00,212.00
280.00,181.00,314.00,181.00,314.00,212.00,280.00,212.00
284.00,181.00,317.00,181.00,317.00,212.00,284.00,212.00
288.00,181.00,321.00,181.00,321.00,212.00,288.00,212.00
292.00,182.00,326.00,182.00,326.00,213.00,292.00,213.00
296.00,182.00,330.00,182.00,330.00,213.00,296.00,213.00
299.00,181.00,333.00,181.00,333.00,212.00,299.00,212.00
303.00,182.00,337.00,182.00,337.00,213.00,303.00,213.00
307.00,183.00,341.00,183.00,341.00,213.00,307.00,213.00
310.00,183.00,344.00,183.00,344.00,213.00,310.00,213.00
314.00,182.00,347.00,182.00,347.00,213.00,314.00,213.00
319.00,183.00,352.00,183.00,352.00,213.00,319.00,213.00
323.00,182.00,356.00,182.00,356.00,212.00,323.00,212.00
326.00,182.00,359.00,182.00,359.00,212.00,326.00,212.00
330.00,181.00,363.00,181.00,363.00,211.00,330.00,211.00
333.00,179.00,366.00,179.00,366.00,209.00,333.00,209.00
