450.00 91.00 31.00 37.00
446.12 95.36 30.54 36.45
441.63 99.65 30.09 35.91
437.87 103.08 29.65 35.38
434.16 105.69 29.21 34.86
430.62 107.01 29.65 35.38
425.68 107.55 30.09 35.91
422.04 108.91 30.54 36.45
419.03 111.13 31.00 37.00
412.42 116.30 30.54 36.45
413.32 115.76 30.09 35.91
411.72 116.31 30.54 36.45
408.02 117.70 31.00 37.00
405.68 119.10 31.47 37.56
406.87 123.09 31.94 38.12
405.90 126.27 32.42 38.69
404.92 128.62 32.90 39.27
404.44 132.38 32.42 38.69
404.94 135.60 32.90 39.27
402.44 136.20 33.40 39.86
400.48 142.65 32.90 39.27
398.55 142.94 32.42 38.69
395.92 143.23 31.94 38.12
402.94 142.94 32.42 38.69
401.96 140.89 32.90 39.27
416.00 155.92 32.42 38.69
418.39 150.23 31.94 38.12
419.33 142.10 31.47 37.56
426.25 141.81 31.94 38.12
410.76 145.00 32.42 38.69
391.35 142.07 32.90 39.27
390.15 138.89 32.42 38.69
390.64 138.60 32.90 39.27
390.16 139.76 32.42 38.69
389.68 142.60 31.94 38.12
390.89 143.18 32.42 38.69
389.91 142.02 32.90 39.27
418.84 145.29 33.40 39.86
418.59 156.77 33.90 40.46
420.65 178.55 34.41 41.06
415.70 188.51 34.92 41.68
403.53 195.78 35.45 42.31
400.84 196.42 35.98 42.94
398.12 197.08 36.52 43.58
394.52 197.74 37.06 44.24
393.40 198.41 37.62 44.90
392.27 199.10 38.18 45.57
390.24 199.79 38.76 46.26
389.07 200.50 39.34 46.95
387.88 200.15 39.93 47.66
387.58 200.87 40.53 48.37
386.36 201.61 41.14 49.10
385.11 201.24 41.75 49.83
383.85 202.00 42.38 50.58
418.22 161.37 43.01 51.34
433.54 199.50 43.66 52.11
422.30 193.19 44.31 52.89
449.17 191.59 44.98 53.68
453.47 197.91 44.31 52.89
453.80 197.13 43.66 52.11
451.49 197.93 44.31 52.89
483.40 189.11 44.98 53.68
500.44 196.03 45.65 54.49
500.78 191.63 44.98 53.68
498.40 199.77 45.65 54.49
486.64 198.12 46.34 55.31
484.18 196.45 47.03 56.14
488.68 196.86 46.34 55.31
483.91 197.27 45.65 54.49
483.57 195.62 46.34 55.31
486.38 196.47 47.03 56.14
484.65 180.78 46.34 55.31
483.25 181.62 47.03 56.14
482.90 179.92 47.74 56.98
486.41 197.95 47.03 56.14
496.75 201.36 47.74 56.98
503.99 203.52 48.46 57.83
510.24 207.03 49.18 58.70
510.99 209.26 49.92 59.58
512.89 210.17 50.67 60.48
515.96 211.09 51.43 61.38
521.42 210.63 52.20 62.30
523.40 207.33 52.98 63.24
527.83 205.42 53.78 64.19
526.20 203.47 54.58 65.15
524.55 202.99 55.40 66.13
526.18 203.47 54.58 65.15
531.40 203.96 53.78 64.19
535.36 204.43 52.98 63.24
539.78 205.39 53.78 64.19
544.27 204.91 54.58 65.15
546.34 205.91 55.40 66.13
547.19 206.91 56.23 67.12
550.08 208.89 55.40 66.13
553.45 211.40 56.23 67.12
555.58 212.42 57.08 68.13
557.75 213.46 57.93 69.15
559.95 212.94 58.80 70.18
559.51 212.42 59.69 71.24
560.42 211.88 60.58 72.31
559.53 212.42 59.69 71.24
559.08 210.26 60.58 72.31
560.87 209.20 59.69 71.24
557.70 208.67 60.58 72.31
555.87 206.48 61.49 73.39
552.62 205.93 62.41 74.49
553.57 203.68 63.35 75.61
552.64 204.24 62.41 74.49
551.72 204.79 61.49 73.39
551.26 204.24 62.41 74.49
548.97 204.79 61.49 73.39
546.71 206.95 60.58 72.31
544.87 206.41 61.49 73.39
544.41 205.86 62.41 74.49
542.53 206.99 63.35 75.61
549.25 206.42 64.30 76.74
544.38 205.85 65.26 77.89
548.35 201.72 66.24 79.06
558.39 201.13 67.24 80.25
568.59 200.53 68.24 81.45
564.57 197.53 67.24 80.25
574.77 198.76 68.24 81.45
639.43 285.19 69.27 82.67
642.06 284.57 70.31 83.91
639.93 285.84 71.36 85.17
642.03 293.99 70.31 83.91
644.10 305.72 69.27 82.67
642.01 318.26 70.31 83.91
639.88 327.17 71.36 85.17
639.35 324.60 72.43 86.45
638.80 321.98 73.52 87.75
636.58 323.32 74.62 89.06
636.02 320.63 75.74 90.40
633.73 319.95 76.88 91.76
633.16 319.26 78.03 93.13
632.57 318.56 79.20 94.53
630.18 317.85 80.39 95.95
629.57 314.95 81.59 97.39
627.11 314.22 82.82 98.85
626.48 313.48 84.06 100.33
625.85 312.73 85.32 101.83
623.27 309.65 86.60 103.36
622.62 308.87 87.90 104.91
619.97 308.09 89.22 106.49
619.30 307.29 90.56 108.08
618.62 304.02 91.91 109.70
615.84 303.20 93.29 111.35
615.14 302.36 94.69 113.02
612.28 301.51 96.11 114.72
611.56 298.04 97.55 116.44
610.82 297.17 99.02 118.18
607.83 296.29 100.50 119.96
607.08 295.39 102.01 121.75
603.99 291.70 103.54 123.58
603.22 290.78 105.09 125.43
600.04 289.84 106.67 127.32
599.24 288.88 108.27 129.23
598.43 284.97 109.89 131.16
595.10 283.99 111.54 133.13
598.39 284.97 109.89 131.16
595.07 283.99 111.54 133.13
594.23 282.99 113.22 135.13
590.81 281.98 114.91 137.16
589.94 277.83 116.64 139.21
589.07 276.79 118.39 141.30
585.49 275.73 120.16 143.42
584.59 274.65 121.97 145.57
580.90 270.25 123.80 147.76
579.97 269.14 125.65 149.97
579.03 268.02 127.54 152.22
575.17 266.88 129.45 154.50
574.20 262.20 131.39 156.82
570.23 261.03 133.36 159.17
569.23 259.83 135.36 161.56
565.14 258.62 137.39 163.99
564.11 253.66 139.45 166.45
563.06 252.42 141.55 168.94
558.78 251.15 143.67 171.48
557.70 249.86 145.82 174.05
553.29 244.60 148.01 176.66
552.18 243.28 150.23 179.31
551.06 241.93 152.49 182.00
546.45 240.57 154.77 184.73
546.33 236.23 155.00 185.00
546.33 236.23 155.00 185.00
546.33 236.23 155.00 185.00
546.33 236.23 155.00 185.00
546.33 236.23 155.00 185.00
546.33 236.23 155.00 185.00
546.33 236.23 155.00 185.00
546.33 236.23 155.00 185.00
546.33 236.23 155.00 185.00
546.33 236.23 155.00 185.00
546.33 236.23 155.00 185.00
546.33 236.23 155.00 185.00
546.33 236.23 155.00 185.00
549.86 236.23 155.00 185.00
549.86 236.23 155.00 185.00
549.86 236.23 155.00 185.00
554.42 241.68 152.71 182.27
555.55 243.03 150.45 179.57
556.66 244.35 148.23 176.92
561.03 249.57 146.04 174.30
562.11 250.85 143.88 171.73
563.17 252.12 141.75 169.19
567.35 253.37 139.66 166.69
568.38 258.28 137.60 164.23
572.43 259.50 135.56 161.80
573.44 260.69 133.56 159.41
577.37 261.87 131.58 157.05
578.34 266.50 129.64 154.73
579.30 267.64 127.72 152.44
583.06 268.77 125.84 150.19
583.99 269.88 123.98 147.97
584.91 274.23 122.14 145.79
588.51 275.31 120.34 143.63
589.40 276.37 118.56 141.51
592.89 280.54 116.81 139.42
593.75 281.57 115.08 137.36
594.60 282.59 113.38 135.33
597.94 283.59 111.71 133.33
598.77 284.57 110.06 131.36
602.01 288.44 108.43 129.42
598.73 284.53 110.06 131.36
597.91 283.54 111.71 133.33
598.73 284.53 110.06 131.36
597.91 283.54 111.71 133.33
598.73 284.53 110.06 131.36
601.97 288.40 108.43 129.42
602.77 289.35 106.83 127.50
605.92 290.30 105.25 125.62
606.70 291.22 103.69 123.76
609.75 294.87 102.16 121.93
610.51 295.77 100.65 120.13
611.25 296.66 99.16 118.36
614.17 297.53 97.70 116.61
614.90 300.97 96.25 114.88
616.36 297.50 97.70 116.61
617.08 300.93 96.25 114.88
619.92 301.78 94.83 113.19
622.71 302.62 93.43 111.51
623.40 300.98 92.05 109.87
622.71 297.66 93.43 111.51
623.40 298.48 92.05 109.87
622.71 297.66 93.43 111.51
623.40 296.02 92.05 109.87
624.81 295.20 93.43 111.51
625.50 296.02 92.05 109.87
626.90 295.20 93.43 111.51
638.94 296.89 94.83 113.19
642.54 296.05 96.25 114.88
646.20 295.18 97.70 116.61
649.91 296.96 99.16 118.36
651.42 296.07 100.65 120.13
655.24 295.17 102.16 121.93
658.25 296.07 100.65 120.13
662.07 295.17 102.16 121.93
665.08 296.07 100.65 120.13
668.90 295.17 102.16 121.93
607.75 288.71 103.69 123.76
604.61 287.78 105.25 125.62
603.82 286.84 106.83 127.50
600.59 285.89 108.43 129.42
599.78 281.97 110.06 131.36
598.95 280.99 111.71 133.33
599.78 281.97 110.06 131.36
598.95 280.99 111.71 133.33
602.24 281.97 110.06 131.36
601.42 283.97 111.71 133.33
602.24 284.96 110.06 131.36
603.06 288.83 108.43 129.42
603.86 292.64 106.83 127.50
604.65 293.58 105.25 125.62
607.75 294.51 103.69 123.76
608.51 295.43 102.16 121.93
611.52 296.33 100.65 120.13
614.49 297.22 99.16 118.36
615.22 298.09 97.70 116.61
615.94 298.95 96.25 114.88
618.78 302.34 94.83 113.19
619.48 303.17 93.43 111.51
622.23 304.00 92.05 109.87
622.91 304.81 90.69 108.24
623.58 308.00 89.35 106.64
620.88 304.77 90.69 108.24
620.20 303.96 92.05 109.87
617.42 303.14 93.43 111.51
616.72 302.30 94.83 113.19
613.85 298.88 96.25 114.88
613.13 298.02 97.70 116.61
616.01 301.45 96.25 114.88
616.72 302.30 94.83 113.19
616.01 301.45 96.25 114.88
616.72 304.84 94.83 113.19
617.42 305.67 93.43 111.51
620.17 304.03 92.05 109.87
622.88 307.27 90.69 108.24
623.55 308.07 89.35 106.64
626.18 308.86 88.03 105.07
626.83 309.64 86.73 103.51
627.48 310.40 85.45 101.98
624.89 309.64 86.73 103.51
624.24 308.86 88.03 105.07
621.58 308.07 89.35 106.64
620.91 307.27 90.69 108.24
623.58 308.07 89.35 106.64
620.88 307.27 90.69 108.24
623.55 308.07 89.35 106.64
620.85 307.27 90.69 108.24
623.52 308.07 89.35 106.64
626.15 308.86 88.03 105.07
626.80 309.64 86.73 103.51
626.15 308.86 88.03 105.07
626.80 309.64 86.73 103.51
626.15 308.86 88.03 105.07
626.80 309.64 86.73 103.51
626.15 308.86 88.03 105.07
626.80 309.64 86.73 103.51
626.15 308.86 88.03 105.07
626.80 309.64 86.73 103.51
626.15 308.86 88.03 105.07
626.80 309.64 86.73 103.51
626.15 308.86 88.03 105.07
626.80 309.64 86.73 103.51
626.15 308.86 88.03 105.07
626.80 309.64 86.73 103.51
626.15 308.86 88.03 105.07
626.80 309.64 86.73 103.51
626.15 308.86 88.03 105.07
623.49 308.07 89.35 106.64
622.82 307.27 90.69 108.24
622.14 304.00 92.05 109.87
619.36 303.17 93.43 111.51
618.66 302.34 94.83 113.19
615.79 298.92 96.25 114.88
615.07 298.05 97.70 116.61
614.34 297.18 99.16 118.36
611.34 296.29 100.65 120.13
610.58 295.39 102.16 121.93
609.82 291.70 103.69 123.76
606.68 290.78 105.25 125.62
605.89 289.83 106.83 127.50
602.66 288.88 108.43 129.42
601.85 284.96 110.06 131.36
601.02 283.98 111.71 133.33
597.64 282.98 113.38 135.33
596.79 281.96 115.08 137.36
595.93 277.81 116.81 139.42
592.40 276.77 118.56 141.51
591.51 275.70 120.34 143.63
587.87 271.36 122.14 145.79
586.96 270.27 123.98 147.97
587.87 271.36 122.14 145.79
586.96 270.27 123.98 147.97
586.03 269.16 125.84 150.19
582.22 268.03 127.72 152.44
581.26 266.89 129.64 154.73
577.34 262.21 131.58 157.05
576.36 261.03 133.56 159.41
577.34 262.21 131.58 157.05
576.36 261.03 133.56 159.41
577.34 262.21 131.58 157.05
576.36 261.03 133.56 159.41
577.34 262.21 131.58 157.05
576.36 261.03 133.56 159.41
580.29 262.21 131.58 157.05
576.31 261.03 133.56 159.41
580.25 262.21 131.58 157.05
576.27 261.03 133.56 159.41
580.20 262.21 131.58 157.05
576.22 261.03 133.56 159.41
575.22 259.84 135.56 161.80
571.12 258.62 137.60 164.23
570.09 253.66 139.66 166.69
569.04 252.41 141.75 169.19
564.76 251.14 143.88 171.73
563.68 249.85 146.04 174.30
562.58 244.58 148.23 176.92
558.10 243.25 150.45 179.57
562.53 244.58 148.23 176.92
563.63 249.79 146.04 174.30
562.53 248.48 148.23 176.92
563.63 249.79 146.04 174.30
564.71 254.93 143.88 171.73
568.95 256.20 141.75 169.19
569.99 257.45 139.66 166.69
574.11 262.36 137.60 164.23
575.12 263.57 135.56 161.80
574.11 262.36 137.60 164.23
575.12 263.57 135.56 161.80
574.11 262.36 137.60 164.23
575.12 263.57 135.56 161.80
574.11 262.36 137.60 164.23
569.95 257.39 139.66 166.69
570.98 258.62 137.60 164.23
569.95 257.39 139.66 166.69
570.98 258.62 137.60 164.23
566.82 257.39 139.66 166.69
565.77 256.14 141.75 169.19
561.49 254.87 143.88 171.73
560.41 253.58 146.04 174.30
555.99 252.28 148.23 176.92
554.88 250.95 150.45 179.57
559.31 252.28 148.23 176.92
554.83 250.95 150.45 179.57
553.70 249.60 152.71 182.27
549.08 244.09 155.00 185.00
552.61 244.09 155.00 185.00
