246.00 226.00 94.00 114.00
245.30 232.92 95.41 115.71
246.00 236.33 94.00 114.00
247.43 238.07 95.41 115.71
248.14 238.92 94.00 114.00
251.71 240.66 95.41 115.71
252.41 244.07 94.00 114.00
253.84 243.21 95.41 115.71
254.55 244.07 94.00 114.00
253.84 243.21 95.41 115.71
256.65 244.07 94.00 114.00
258.09 243.21 95.41 115.71
260.90 241.51 94.00 114.00
262.33 238.07 95.41 115.71
267.25 238.92 94.00 114.00
268.68 235.47 95.41 115.71
271.49 236.33 94.00 114.00
270.78 232.88 95.41 115.71
277.81 228.63 94.00 114.00
283.51 230.37 95.41 115.71
276.29 229.50 96.84 117.45
270.59 222.59 95.41 115.71
274.22 213.83 96.84 117.45
281.34 206.92 95.41 115.71
293.64 200.79 96.84 117.45
312.73 197.24 98.29 119.21
324.30 200.75 96.84 117.45
320.75 206.81 95.41 115.71
311.35 208.57 96.84 117.45
299.25 214.62 95.41 115.71
281.18 219.01 96.84 117.45
260.63 215.46 98.29 119.21
259.19 208.45 96.84 117.45
271.68 202.23 98.29 119.21
291.92 200.48 96.84 117.45
313.22 199.60 98.29 119.21
331.30 203.11 96.84 117.45
337.18 210.24 98.29 119.21
327.06 224.28 96.84 117.45
299.91 234.08 98.29 119.21
270.12 238.60 99.77 121.00
246.64 228.82 98.29 119.21
239.19 211.66 99.77 121.00
257.55 204.54 98.29 119.21
279.16 195.52 99.77 121.00
299.71 196.41 98.29 119.21
321.32 200.94 99.77 121.00
326.46 209.84 98.29 119.21
310.08 217.08 99.77 121.00
291.00 217.97 98.29 119.21
276.86 208.95 99.77 121.00
275.39 201.83 98.29 119.21
290.30 198.23 99.77 121.00
314.50 200.07 101.26 122.81
328.66 203.69 99.77 121.00
331.60 207.25 98.29 119.21
315.22 209.07 99.77 121.00
278.17 208.16 101.26 122.81
240.58 201.66 102.78 124.65
216.39 191.57 101.26 122.81
215.63 179.48 102.78 124.65
239.07 166.65 101.26 122.81
259.03 157.35 102.78 124.65
273.40 166.53 101.26 122.81
288.76 185.15 102.78 124.65
289.52 213.58 101.26 122.81
279.09 233.46 99.77 121.00
267.00 235.31 101.26 122.81
259.33 220.42 102.78 124.65
257.83 202.09 101.26 122.81
261.67 195.58 102.78 124.65
276.04 204.76 101.26 122.81
281.26 230.06 99.77 121.00
266.90 256.66 101.26 122.81
256.93 266.91 102.78 124.65
244.08 254.07 101.26 122.81
236.41 216.85 102.78 124.65
247.33 176.24 104.33 126.52
259.61 160.42 102.78 124.65
280.78 177.85 101.26 122.81
297.18 208.57 99.77 121.00
287.35 246.18 101.26 122.81
270.22 271.48 99.77 121.00
242.26 273.32 101.26 122.81
223.08 247.27 102.78 124.65
222.31 209.49 104.33 126.52
236.89 193.67 102.78 124.65
264.87 213.85 101.26 122.81
291.74 240.85 102.78 124.65
299.30 272.03 101.26 122.81
284.73 287.86 102.78 124.65
258.27 286.03 101.26 122.81
234.49 259.98 102.78 124.65
236.05 225.04 104.33 126.52
264.45 217.60 102.78 124.65
296.97 226.77 101.26 122.81
326.14 239.81 102.78 124.65
342.78 251.74 101.26 122.81
337.41 256.40 102.78 124.65
306.42 257.32 101.26 122.81
264.21 253.61 102.78 124.65
226.05 244.17 104.33 126.52
182.58 234.59 105.89 128.42
164.66 224.20 104.33 126.52
190.76 211.18 102.78 124.65
229.72 193.24 104.33 126.52
258.12 180.21 102.78 124.65
292.40 165.11 104.33 126.52
301.10 155.53 105.89 128.42
285.53 153.64 104.33 126.52
265.77 149.82 105.89 128.42
250.19 147.93 104.33 126.52
254.16 144.11 105.89 128.42
275.97 153.56 104.33 126.52
310.77 166.99 105.89 128.42
332.58 184.94 104.33 126.52
341.29 189.75 105.89 128.42
325.71 190.70 104.33 126.52
284.60 186.87 105.89 128.42
230.85 180.07 107.48 130.35
183.61 167.24 109.09 132.30
165.16 165.30 107.48 130.35
189.67 174.89 105.89 128.42
237.03 179.77 107.48 130.35
275.77 195.11 105.89 128.42
316.28 198.89 104.33 126.52
341.59 197.95 105.89 128.42
328.35 196.06 104.33 126.52
296.73 189.36 105.89 128.42
257.42 170.88 107.48 130.35
222.40 143.23 109.09 132.30
225.62 126.69 107.48 130.35
246.80 125.71 109.09 132.30
262.05 147.12 107.48 130.35
279.45 179.73 105.89 128.42
289.58 209.02 104.33 126.52
274.24 235.09 102.78 124.65
252.43 239.82 104.33 126.52
232.67 227.36 105.89 128.42
227.06 200.12 107.48 130.35
246.83 178.07 105.89 128.42
268.65 173.35 104.33 126.52
282.10 186.79 105.89 128.42
292.23 213.24 104.33 126.52
288.39 256.06 102.78 124.65
282.95 286.30 104.33 126.52
283.72 295.61 102.78 124.65
280.61 277.67 104.33 126.52
284.57 230.70 105.89 128.42
293.41 171.34 107.48 130.35
291.83 134.91 105.89 128.42
286.22 131.02 107.48 130.35
277.53 169.38 105.89 128.42
282.99 235.52 104.33 126.52
299.87 297.88 102.78 124.65
308.45 325.29 104.33 126.52
314.78 309.95 105.89 128.42
316.40 256.44 107.48 130.35
307.70 196.99 105.89 128.42
297.28 152.23 107.48 130.35
298.07 150.32 105.89 128.42
290.06 193.15 107.48 130.35
295.59 257.40 105.89 128.42
312.74 300.86 104.33 126.52
316.70 308.54 105.89 128.42
310.47 281.15 104.33 126.52
307.31 231.30 105.89 128.42
306.52 180.70 107.48 130.35
300.20 164.40 105.89 128.42
294.59 180.96 107.48 130.35
293.01 227.95 105.89 128.42
293.79 279.91 104.33 126.52
288.27 304.85 105.89 128.42
279.70 305.80 104.33 126.52
283.66 284.71 105.89 128.42
275.65 263.31 107.48 130.35
271.70 249.89 105.89 128.42
273.31 248.93 107.48 130.35
255.13 261.40 105.89 128.42
232.67 277.95 107.48 130.35
212.11 293.30 105.89 128.42
194.47 301.10 107.48 130.35
192.89 304.94 105.89 128.42
218.58 298.13 107.48 130.35
247.84 293.34 105.89 128.42
276.66 288.62 104.33 126.52
306.71 281.92 105.89 128.42
325.18 278.04 107.48 130.35
318.86 273.25 105.89 128.42
293.99 266.45 107.48 130.35
258.97 253.61 109.09 132.30
223.66 242.91 107.48 130.35
195.98 238.97 109.09 132.30
182.34 234.11 107.48 130.35
197.37 229.32 105.89 128.42
230.28 222.52 107.48 130.35
269.02 214.85 105.89 128.42
311.56 205.13 107.48 130.35
340.82 203.21 105.89 128.42
352.06 199.33 107.48 130.35
343.37 197.42 105.89 128.42
313.69 193.53 107.48 130.35
276.53 191.62 105.89 128.42
237.21 178.98 107.48 130.35
219.30 160.22 109.09 132.30
239.37 146.60 107.48 130.35
272.77 148.58 109.09 132.30
302.47 155.40 107.48 130.35
330.99 160.35 109.09 132.30
334.20 161.33 107.48 130.35
304.07 157.39 109.09 132.30
268.53 150.38 110.73 134.29
240.02 142.48 109.09 132.30
224.32 138.48 110.73 134.29
242.25 148.36 109.09 132.30
283.98 166.86 107.48 130.35
310.06 183.66 109.09 132.30
330.12 196.32 107.48 130.35
338.03 208.79 105.89 128.42
320.38 216.59 107.48 130.35
292.72 231.93 105.89 128.42
263.03 239.73 107.48 130.35
245.12 229.86 109.09 132.30
243.52 210.40 107.48 130.35
272.04 191.64 109.09 132.30
308.95 195.54 107.48 130.35
340.58 208.01 105.89 128.42
366.27 212.88 107.48 130.35
360.58 211.91 109.09 132.30
320.46 201.20 107.48 130.35
273.22 185.41 109.09 132.30
245.14 165.95 107.48 130.35
239.44 150.15 109.09 132.30
265.91 143.14 110.73 134.29
293.61 155.99 109.09 132.30
318.49 177.41 107.48 130.35
342.12 191.25 109.09 132.30
340.52 200.98 107.48 130.35
307.94 200.01 109.09 132.30
262.48 189.99 110.73 134.29
216.34 167.61 112.39 136.30
172.05 151.09 114.07 138.34
150.24 142.96 112.39 136.30
157.06 132.64 114.07 138.34
188.12 127.55 112.39 136.30
221.19 137.59 110.73 134.29
253.09 157.95 112.39 136.30
288.64 186.03 110.73 134.29
311.45 219.62 109.09 132.30
321.89 243.96 107.48 130.35
294.20 260.76 109.09 132.30
251.67 270.50 107.48 130.35
211.77 263.59 109.09 132.30
181.19 235.53 110.73 134.29
190.43 203.99 112.39 136.30
225.98 177.92 110.73 134.29
256.12 178.92 109.09 132.30
280.11 205.00 110.73 134.29
300.47 226.73 109.09 132.30
303.69 248.15 107.48 130.35
283.13 257.74 105.89 128.42
248.64 248.02 107.48 130.35
213.62 211.48 109.09 132.30
207.84 162.36 110.73 134.29
234.70 136.93 112.39 136.30
270.26 143.95 110.73 134.29
302.84 180.51 109.09 132.30
329.31 215.61 110.73 134.29
337.46 240.31 109.09 132.30
311.78 247.13 107.48 130.35
259.66 243.19 109.09 132.30
204.27 221.14 110.73 134.29
173.23 189.60 112.39 136.30
187.72 160.69 114.07 138.34
228.84 143.39 112.39 136.30
266.88 147.41 110.73 134.29
296.26 161.66 112.39 136.30
316.93 177.71 110.73 134.29
312.86 190.56 109.09 132.30
297.16 201.60 110.73 134.29
275.99 202.59 109.09 132.30
230.52 177.53 110.73 134.29
212.07 155.15 112.39 136.30
239.34 144.84 114.07 138.34
290.53 151.96 112.39 136.30
331.04 168.01 110.73 134.29
360.42 182.27 112.39 136.30
363.73 186.28 110.73 134.29
335.21 176.12 112.39 136.30
303.80 168.10 110.73 134.29
255.13 154.88 112.39 136.30
208.30 147.66 114.07 138.34
197.07 146.62 115.79 140.42
213.25 144.56 114.07 138.34
249.34 151.69 112.39 136.30
289.38 159.97 114.07 138.34
335.54 170.15 112.39 136.30
378.14 175.32 114.07 138.34
394.08 182.45 112.39 136.30
384.99 180.45 110.73 134.29
353.95 170.28 112.39 136.30
299.45 156.87 114.07 138.34
236.35 143.25 115.79 140.42
174.93 132.62 117.52 142.53
126.52 130.52 115.79 140.42
106.94 137.76 114.07 138.34
119.05 143.01 115.79 140.42
158.23 147.15 114.07 138.34
206.91 151.22 112.39 136.30
264.79 158.25 110.73 134.29
321.86 166.40 112.39 136.30
362.37 179.44 110.73 134.29
381.68 184.54 112.39 136.30
375.07 182.54 110.73 134.29
346.55 178.48 112.39 136.30
307.38 165.06 114.07 138.34
267.94 153.87 112.39 136.30
249.21 143.55 114.07 138.34
255.09 147.62 112.39 136.30
284.91 159.00 114.07 138.34
323.51 172.23 112.39 136.30
354.11 185.27 110.73 134.29
375.94 193.42 112.39 136.30
381.73 200.45 110.73 134.29
368.31 214.71 112.39 136.30
356.74 239.78 110.73 134.29
350.22 261.51 109.09 132.30
337.01 263.53 110.73 134.29
328.62 238.10 112.39 136.30
312.45 190.59 114.07 138.34
290.84 136.08 115.79 140.42
295.24 96.72 117.52 142.53
290.92 85.19 115.79 140.42
284.11 107.92 114.07 138.34
279.92 154.74 112.39 136.30
278.27 212.90 110.73 134.29
284.99 254.63 112.39 136.30
290.78 273.69 110.73 134.29
287.43 260.47 112.39 136.30
285.78 228.39 110.73 134.29
289.99 172.43 112.39 136.30
299.37 124.92 114.07 138.34
293.32 108.16 115.79 140.42
281.40 121.59 114.07 138.34
272.18 168.41 112.39 136.30
268.05 226.57 110.73 134.29
267.22 262.20 112.39 136.30
265.57 266.21 110.73 134.29
277.32 228.57 112.39 136.30
291.81 177.96 114.07 138.34
288.36 148.62 115.79 140.42
304.55 143.46 114.07 138.34
310.43 153.64 112.39 136.30
289.14 168.11 114.07 138.34
272.36 175.24 112.39 136.30
263.85 158.72 114.07 138.34
270.78 135.67 115.79 140.42
284.41 136.70 114.07 138.34
297.84 168.26 112.39 136.30
328.44 202.35 110.73 134.29
335.16 225.77 112.39 136.30
321.11 238.81 110.73 134.29
297.62 222.54 112.39 136.30
276.33 171.93 114.07 138.34
257.32 123.71 115.79 140.42
268.40 124.75 114.07 138.34
301.97 168.52 112.39 136.30
330.08 205.62 110.73 134.29
339.32 225.98 112.39 136.30
315.35 223.98 110.73 134.29
284.31 192.45 112.39 136.30
263.03 135.64 114.07 138.34
267.36 109.44 115.79 140.42
293.76 132.17 114.07 138.34
319.78 172.88 112.39 136.30
340.46 200.96 110.73 134.29
329.56 215.22 112.39 136.30
295.49 208.00 114.07 138.34
255.73 188.09 115.79 140.42
231.04 167.44 114.07 138.34
224.99 153.82 115.79 140.42
243.74 157.95 114.07 138.34
269.76 180.35 112.39 136.30
295.39 202.41 110.73 134.29
312.18 219.72 112.39 136.30
313.89 224.90 114.07 138.34
297.11 225.92 112.39 136.30
268.16 212.50 114.07 138.34
256.42 195.21 112.39 136.30
273.46 194.18 114.07 138.34
309.55 207.42 112.39 136.30
330.22 220.46 110.73 134.29
339.46 222.50 112.39 136.30
333.51 215.28 114.07 138.34
306.66 207.15 112.39 136.30
280.26 187.53 114.07 138.34
263.48 176.34 112.39 136.30
272.86 162.92 114.07 138.34
303.91 163.95 112.39 136.30
313.29 172.22 114.07 138.34
321.69 182.40 112.39 136.30
320.85 187.58 114.07 138.34
288.96 185.55 112.39 136.30
249.79 175.23 114.07 138.34
220.40 155.32 115.79 140.42
208.48 150.16 114.07 138.34
234.50 154.23 112.39 136.30
266.88 171.80 114.07 138.34
282.82 191.15 112.39 136.30
305.98 204.18 110.73 134.29
307.66 209.28 112.39 136.30
288.65 207.28 110.73 134.29
267.68 187.96 112.39 136.30
251.51 174.54 114.07 138.34
277.53 181.67 112.39 136.30
312.46 196.14 114.07 138.34
325.89 212.43 112.39 136.30
334.16 213.43 110.73 134.29
320.74 206.32 112.39 136.30
299.46 192.90 114.07 138.34
267.48 176.14 115.79 140.42
250.45 170.98 114.07 138.34
268.91 175.05 112.39 136.30
291.07 183.33 114.07 138.34
304.50 199.62 112.39 136.30
321.54 198.59 114.07 138.34
317.35 190.46 112.39 136.30
296.06 173.94 114.07 138.34
276.77 153.59 112.39 136.30
263.15 130.88 114.07 138.34
261.47 131.90 112.39 136.30
265.74 152.57 114.07 138.34
270.07 176.69 115.79 140.42
271.84 188.41 117.52 142.53
257.59 193.82 119.28 144.66
240.05 191.70 117.52 142.53
225.35 180.17 115.79 140.42
216.59 172.73 117.52 142.53
237.08 181.38 119.28 144.66
271.45 200.03 121.07 146.83
300.82 218.96 122.89 149.04
322.25 228.01 124.73 151.27
328.68 229.13 122.89 149.04
319.37 224.62 124.73 151.27
306.53 215.73 122.89 149.04
294.43 204.44 124.73 151.27
284.34 205.56 122.89 149.04
280.63 211.22 124.73 151.27
284.30 222.35 122.89 149.04
282.50 223.45 121.07 146.83
273.33 219.01 122.89 149.04
257.97 206.96 121.07 146.83
248.80 195.84 122.89 149.04
255.13 200.23 121.07 146.83
277.40 214.28 119.28 144.66
295.49 219.77 121.07 146.83
309.75 217.62 119.28 144.66
308.00 212.30 117.52 142.53
299.10 191.79 119.28 144.66
292.78 164.39 121.07 146.83
299.02 162.24 119.28 144.66
310.43 179.27 117.52 142.53
320.24 197.64 119.28 144.66
331.65 211.48 117.52 142.53
325.42 216.89 119.28 144.66
305.54 205.94 121.07 146.83
287.73 187.58 119.28 144.66
267.86 150.32 121.07 146.83
258.69 129.19 122.89 149.04
262.31 143.44 121.07 146.83
268.55 173.69 119.28 144.66
272.06 200.30 117.52 142.53
262.56 213.94 115.79 140.42
266.95 206.50 117.52 142.53
288.57 198.12 115.79 140.42
311.39 209.83 117.52 142.53
330.42 217.18 115.79 140.42
336.38 215.12 114.07 138.34
314.78 201.50 115.79 140.42
282.32 184.48 117.52 142.53
259.85 169.81 115.79 140.42
253.71 165.56 117.52 142.53
275.33 176.05 115.79 140.42
299.18 195.68 114.07 138.34
312.61 208.92 112.39 136.30
327.10 214.09 114.07 138.34
331.43 213.05 115.79 140.42
324.62 207.89 114.07 138.34
310.80 203.71 115.79 140.42
301.43 204.75 114.07 138.34
300.58 206.86 115.79 140.42
303.99 210.99 114.07 138.34
302.31 218.12 112.39 136.30
