478.00 143.00 80.00 111.00
477.40 139.64 81.20 112.66
476.21 140.48 80.00 111.00
473.79 137.12 81.20 112.66
472.60 135.47 80.00 111.00
471.42 133.84 78.82 109.36
469.04 130.53 80.00 111.00
466.62 127.17 81.20 112.66
465.43 128.01 80.00 111.00
463.01 124.65 81.20 112.66
463.61 125.48 80.00 111.00
462.44 123.85 78.82 109.36
461.84 123.03 80.00 111.00
459.43 122.20 81.20 112.66
458.82 118.79 82.42 114.35
456.32 117.94 83.65 116.07
455.70 117.07 84.91 117.81
453.13 116.18 86.18 119.58
451.86 117.07 84.91 117.81
451.23 118.86 86.18 119.58
448.06 119.74 84.91 117.81
445.49 118.86 86.18 119.58
442.89 117.96 87.48 121.37
439.67 121.54 86.18 119.58
436.51 125.06 84.91 117.81
432.01 126.86 86.18 119.58
425.48 128.68 87.48 121.37
416.87 130.53 88.79 123.19
410.15 135.21 90.12 125.04
401.28 137.11 91.47 126.92
393.88 143.65 90.12 125.04
384.60 150.09 88.79 123.19
373.84 151.97 90.12 125.04
364.56 155.65 88.79 123.19
353.80 160.33 90.12 125.04
340.83 162.24 91.47 126.92
327.67 164.17 92.84 128.82
316.42 163.20 94.24 130.75
304.64 167.06 92.84 128.82
293.03 170.85 91.47 126.92
281.95 169.90 92.84 128.82
272.81 168.93 94.24 130.75
265.67 167.95 95.65 132.71
258.43 169.97 97.08 134.70
255.49 168.96 98.54 136.72
250.27 167.94 100.02 138.78
249.52 170.05 101.52 140.86
251.07 169.00 103.04 142.97
252.64 167.92 104.59 145.11
253.41 169.00 103.04 142.97
257.33 167.92 104.59 145.11
260.41 165.79 103.04 142.97
261.98 161.47 104.59 145.11
263.57 157.08 106.16 147.29
265.19 152.63 107.75 149.50
266.83 141.31 109.36 151.74
266.01 129.82 111.01 154.02
265.18 118.16 112.67 156.33
266.89 106.33 114.36 158.67
266.04 90.71 116.08 161.05
266.89 84.79 114.36 158.67
267.74 75.46 112.67 156.33
268.57 62.81 111.01 154.02
269.39 57.15 109.36 151.74
267.79 48.23 107.75 149.50
268.58 42.73 106.16 147.29
267.02 40.57 104.59 145.11
267.80 35.24 103.04 142.97
268.56 33.14 101.52 140.86
271.55 31.07 100.02 138.78
272.29 29.03 98.54 136.72
275.19 27.03 97.08 134.70
278.05 28.02 95.65 132.71
280.87 29.00 94.24 130.75
285.72 29.97 92.84 128.82
292.56 30.92 91.47 126.92
297.27 34.66 90.12 125.04
303.90 35.58 88.79 123.19
310.44 39.21 87.48 121.37
316.87 42.79 86.18 119.58
325.12 46.31 84.91 117.81
335.12 47.18 83.65 116.07
343.12 45.48 82.42 114.35
351.87 47.22 83.65 116.07
363.57 48.08 82.42 114.35
375.09 48.92 81.20 112.67
385.56 48.08 82.42 114.35
396.18 49.82 83.65 116.07
409.72 53.24 82.42 114.35
422.22 54.98 83.65 116.07
434.91 56.75 84.91 117.81
448.65 62.82 83.65 116.07
461.34 64.59 84.91 117.81
472.28 69.06 86.18 119.58
483.39 70.88 87.48 121.37
492.68 75.49 88.79 123.19
500.09 77.37 90.12 125.04
507.61 79.27 91.47 126.92
512.32 85.81 90.12 125.04
513.70 90.56 91.47 126.92
514.37 94.30 90.12 125.04
511.65 96.20 91.47 126.92
510.31 99.94 90.12 125.04
503.48 104.69 91.47 126.92
498.10 108.43 90.12 125.04
491.28 113.18 91.47 126.92
482.28 115.11 92.84 128.82
473.14 117.07 94.24 130.75
467.59 120.93 92.84 128.82
460.08 127.56 91.47 126.92
451.08 126.61 92.84 128.82
441.94 128.57 94.24 130.75
432.66 133.54 95.65 132.71
427.04 137.45 94.24 130.75
419.90 139.44 95.65 132.71
410.48 141.46 97.08 134.70
404.77 148.40 95.65 132.71
397.04 152.31 94.24 130.75
389.90 157.28 95.65 132.71
382.66 162.32 97.08 134.70
374.81 166.29 95.65 132.71
367.57 171.33 97.08 134.70
360.22 176.44 98.54 136.72
350.52 178.52 100.02 138.78
342.94 180.64 101.52 140.86
335.26 182.78 103.04 142.97
326.92 187.00 101.52 140.86
320.95 188.04 100.02 138.78
315.65 190.15 101.52 140.86
310.28 189.09 103.04 142.97
308.76 187.00 101.52 140.86
307.27 188.04 100.02 138.78
308.01 189.06 98.54 136.72
313.09 190.07 97.08 134.70
318.09 191.07 95.65 132.71
323.90 190.07 97.08 134.70
331.05 194.04 95.65 132.71
342.31 195.02 94.24 130.75
352.31 197.01 95.65 132.71
363.57 203.85 94.24 130.75
373.58 205.84 95.65 132.71
385.91 207.87 97.08 134.70
396.22 209.92 98.54 136.72
406.68 215.11 100.02 138.78
419.58 217.22 101.52 140.86
428.05 219.37 103.04 142.97
435.63 223.58 101.52 140.86
443.10 230.84 100.02 138.78
450.46 237.99 98.54 136.72
453.37 242.02 97.08 134.70
456.23 243.01 95.65 132.71
455.51 239.00 97.08 134.70
452.57 237.99 98.54 136.72
448.95 235.98 97.08 134.70
446.02 228.85 98.54 136.72
440.80 221.61 100.02 138.78
437.77 217.41 101.52 140.86
434.70 213.15 103.04 142.97
433.19 214.21 101.52 140.86
432.43 209.95 103.04 142.97
431.66 208.88 104.59 145.11
433.25 204.49 106.16 147.29
436.38 202.33 104.59 145.11
435.59 197.94 106.16 147.29
434.80 196.83 107.75 149.50
433.99 195.71 109.36 151.74
430.68 194.57 111.01 154.02
429.05 195.71 109.36 151.74
423.26 194.57 111.01 154.02
414.85 189.92 112.67 156.33
406.32 188.74 114.36 158.67
394.55 186.42 112.67 156.33
380.90 185.24 114.36 158.67
369.12 186.42 112.67 156.33
355.47 185.24 114.36 158.67
341.61 180.45 116.08 161.05
327.10 181.64 114.36 158.67
312.80 179.31 112.67 156.33
298.71 177.01 111.01 154.02
284.84 174.75 109.36 151.74
271.16 169.17 107.75 149.50
260.07 170.28 106.16 147.29
251.48 168.12 104.59 145.11
243.02 169.19 103.04 142.97
234.69 167.09 101.52 140.86
224.69 166.03 103.04 142.97
216.89 168.21 104.59 145.11
210.74 169.28 103.04 142.97
204.68 173.50 101.52 140.86
197.00 175.64 103.04 142.97
190.93 183.01 101.52 140.86
184.96 187.16 100.02 138.78
177.39 189.27 101.52 140.86
171.42 193.42 100.02 138.78
166.12 195.54 101.52 140.86
160.74 194.48 103.04 142.97
156.96 198.69 101.52 140.86
153.89 197.63 103.04 142.97
150.77 199.81 104.59 145.11
147.61 198.72 106.16 147.29
148.39 199.81 104.59 145.11
145.23 198.72 106.16 147.29
146.02 199.81 104.59 145.11
144.48 200.89 103.04 142.97
141.37 196.56 104.59 145.11
139.83 194.43 103.04 142.97
136.71 190.11 104.59 145.11
135.18 184.78 103.04 142.97
129.72 177.20 104.59 145.11
124.18 166.22 106.16 147.29
122.62 157.55 104.59 145.11
118.78 149.02 103.04 142.97
115.66 138.19 104.59 145.11
111.82 126.46 103.04 142.97
108.70 112.38 104.59 145.11
107.92 101.40 106.16 147.29
108.70 89.48 104.59 145.11
107.92 78.50 106.16 147.29
111.05 69.83 104.59 145.11
114.13 58.09 103.04 142.97
117.16 49.68 101.52 140.86
122.39 38.29 100.02 138.78
129.76 30.13 98.54 136.72
137.98 19.78 100.02 138.78
147.55 14.68 98.54 136.72
159.15 9.65 97.08 134.70
170.58 7.68 95.65 132.71
181.84 5.73 94.24 130.75
192.93 3.81 92.84 128.82
205.91 4.76 91.47 126.92
216.68 2.90 90.12 125.04
227.29 3.82 88.79 123.19
235.79 4.73 87.48 121.37
244.16 2.95 86.18 119.58
250.50 3.83 84.91 117.81
254.87 7.30 83.65 116.07
257.34 8.16 82.42 114.35
261.58 11.53 81.20 112.67
263.98 14.85 80.00 111.00
264.57 18.12 78.82 109.36
265.15 21.34 77.65 107.74
262.80 20.53 78.82 109.36
261.65 23.75 77.65 107.74
259.30 25.40 78.82 109.36
258.14 28.62 77.65 107.74
255.29 31.79 76.51 106.15
255.85 34.92 75.37 104.58
253.57 36.51 76.51 106.15
253.00 38.13 77.65 107.74
253.57 43.68 76.51 106.15
253.00 42.88 77.65 107.74
255.29 46.06 76.51 106.15
258.19 45.26 77.65 107.74
260.48 48.44 76.51 106.15
264.42 51.56 75.37 104.58
269.00 53.16 76.51 106.15
272.94 53.94 75.37 104.58
274.09 53.16 76.51 106.15
278.03 51.60 75.37 104.58
283.58 50.06 74.26 103.04
285.76 50.82 73.16 101.51
287.92 51.57 72.08 100.01
287.38 53.10 73.16 101.51
288.49 52.34 74.26 103.04
289.04 53.10 73.16 101.51
289.58 53.85 72.08 100.01
289.04 53.10 73.16 101.51
286.83 54.64 74.26 103.04
285.74 57.68 73.16 101.51
286.28 62.91 72.08 100.01
284.10 64.43 73.16 101.51
283.03 67.43 72.08 100.01
280.85 68.95 73.16 101.51
281.39 69.70 72.08 100.01
280.85 71.22 73.16 101.51
281.39 74.21 72.08 100.01
281.92 79.37 71.02 98.54
284.01 84.44 69.97 97.08
283.49 85.92 71.02 98.54
285.58 88.83 69.97 97.08
286.10 91.69 68.93 95.65
285.58 93.14 69.97 97.08
285.06 94.62 71.02 98.54
284.52 96.12 72.08 100.01
285.06 101.28 71.02 98.54
284.52 102.78 72.08 100.01
285.06 105.72 71.02 98.54
285.58 110.80 69.97 97.08
285.06 112.28 71.02 98.54
286.14 116.02 72.08 100.01
286.67 118.97 71.02 98.54
288.76 124.05 69.97 97.08
290.82 126.91 68.93 95.65
291.87 130.54 69.97 97.08
295.48 133.40 68.93 95.65
296.53 134.85 69.97 97.08
298.59 137.71 68.93 95.65
299.64 141.35 69.97 97.08
301.70 144.21 68.93 95.65
302.21 149.13 67.91 94.23
304.21 151.91 66.91 92.84
305.23 155.44 67.91 94.23
306.27 156.87 68.93 95.65
308.88 158.33 69.97 97.08
309.95 159.81 71.02 98.54
310.47 160.54 69.97 97.08
310.99 163.40 68.93 95.65
311.50 164.10 67.91 94.23
309.45 165.54 68.93 95.65
309.96 166.24 67.91 94.23
309.45 165.54 68.93 95.65
308.93 166.99 69.97 97.08
309.45 167.71 68.93 95.65
309.96 168.42 67.91 94.23
310.46 167.04 66.91 92.84
309.96 166.34 67.91 94.23
310.99 163.49 68.93 95.65
310.47 160.60 69.97 97.08
309.95 157.66 71.02 98.54
309.42 152.44 72.08 100.01
308.88 147.15 73.16 101.51
306.66 141.77 74.26 103.04
305.57 135.71 73.16 101.51
305.03 128.02 74.26 103.04
307.21 121.96 73.16 101.51
307.75 115.99 72.08 100.01
309.88 110.11 71.02 98.54
309.34 102.65 72.08 100.01
312.08 95.08 73.16 101.51
314.24 89.11 72.08 100.01
315.33 83.81 73.16 101.51
319.10 80.08 72.08 100.01
321.84 72.51 73.16 101.51
325.61 68.77 72.08 100.01
328.35 63.48 73.16 101.51
332.12 57.51 72.08 100.01
334.86 52.21 73.16 101.51
337.63 46.83 74.26 103.04
343.10 43.04 73.16 101.51
349.20 37.67 74.26 103.04
356.31 36.15 73.16 101.51
362.41 30.78 74.26 103.04
370.30 25.32 75.37 104.58
377.51 23.78 74.26 103.04
387.08 18.33 75.37 104.58
395.09 15.16 76.51 106.15
402.40 13.60 75.37 104.58
412.12 15.20 76.51 106.15
420.25 16.82 77.65 107.74
430.26 18.46 78.82 109.36
439.54 24.09 77.65 107.74
447.78 28.18 78.82 109.36
454.36 32.34 80.00 111.00
461.03 36.55 81.20 112.67
468.80 44.84 80.00 111.00
474.69 53.01 78.82 109.36
480.49 61.06 77.65 107.74
481.06 68.99 76.51 106.15
479.94 76.80 75.37 104.58
477.17 84.50 74.26 103.04
474.44 92.08 73.16 101.51
472.23 93.63 74.26 103.04
467.86 101.21 73.16 101.51
463.56 108.68 72.08 100.01
460.91 113.84 71.02 98.54
458.30 121.09 69.97 97.08
454.59 124.77 71.02 98.54
454.06 128.52 72.08 100.01
454.59 133.67 71.02 98.54
455.12 140.92 69.97 97.08
455.63 145.92 68.93 95.65
455.12 151.73 69.97 97.08
456.18 157.62 71.02 98.54
458.28 162.70 69.97 97.08
460.93 166.39 71.02 98.54
463.02 171.46 69.97 97.08
466.63 176.47 68.93 95.65
469.25 177.92 69.97 97.08
472.85 178.64 68.93 95.65
472.34 180.10 69.97 97.08
473.40 179.37 71.02 98.54
475.49 180.10 69.97 97.08
476.01 180.82 68.93 95.65
476.52 181.52 67.91 94.23
476.01 180.82 68.93 95.65
475.49 177.92 69.97 97.08
474.97 174.99 71.02 98.54
473.93 173.54 69.97 97.08
473.40 168.40 71.02 98.54
474.48 163.18 72.08 100.01
475.02 157.30 71.02 98.54
476.10 149.84 72.08 100.01
475.56 144.54 73.16 101.51
477.71 138.57 72.08 100.01
478.81 133.27 73.16 101.51
479.93 125.59 74.26 103.04
481.06 120.13 75.37 104.58
480.49 114.59 76.51 106.15
482.75 110.69 75.37 104.58
482.18 105.15 76.51 106.15
481.61 101.94 77.65 107.74
481.02 96.23 78.82 109.36
480.43 90.44 80.00 111.00
479.26 86.36 78.82 109.36
478.10 79.92 77.65 107.74
475.75 74.22 78.82 109.36
471.58 70.91 80.00 111.00
465.52 65.03 81.20 112.67
459.37 59.06 82.42 114.35
451.26 53.01 83.65 116.07
444.49 51.30 82.42 114.35
436.38 45.24 83.65 116.07
427.77 40.98 82.42 114.35
419.28 39.30 81.20 112.67
409.13 37.65 80.00 111.00
400.89 33.57 78.82 109.36
391.04 31.96 77.65 107.74
381.33 28.00 76.51 106.15
371.77 26.44 75.37 104.58
360.92 23.28 76.51 106.15
351.35 21.72 75.37 104.58
340.51 16.18 76.51 106.15
330.94 14.62 75.37 104.58
321.52 13.09 74.26 103.04
312.52 12.32 75.37 104.58
306.42 13.09 74.26 103.04
300.41 13.85 73.16 101.51
294.50 14.60 72.08 100.01
287.40 13.85 73.16 101.51
283.10 14.60 72.08 100.01
276.00 11.58 73.16 101.51
270.46 10.82 74.26 103.04
267.73 11.58 73.16 101.51
263.43 14.57 72.08 100.01
259.61 13.82 73.16 101.51
257.40 15.36 74.26 103.04
254.67 18.40 73.16 101.51
253.60 21.39 72.08 100.01
251.42 22.91 73.16 101.51
250.34 25.90 72.08 100.01
247.69 31.06 71.02 98.54
242.32 32.56 72.08 100.01
238.50 34.08 73.16 101.51
234.20 37.07 72.08 100.01
228.37 42.23 71.02 98.54
224.19 45.13 69.97 97.08
218.53 50.13 68.93 95.65
218.01 51.59 69.97 97.08
217.49 55.27 71.02 98.54
214.88 60.35 69.97 97.08
207.99 66.25 71.02 98.54
203.81 71.32 69.97 97.08
201.24 78.47 68.93 95.65
200.72 84.27 69.97 97.08
199.70 91.42 68.93 95.65
198.69 96.35 67.91 94.23
199.19 101.20 66.91 92.84
199.68 105.99 65.92 91.47
200.17 110.70 64.95 90.12
203.52 115.34 63.99 88.78
208.22 123.84 63.04 87.47
203.45 107.27 63.99 88.78
203.92 107.93 63.04 87.47
203.45 107.27 63.99 88.78
202.97 106.60 64.95 90.12
203.45 107.27 63.99 88.78
202.97 106.60 64.95 90.12
203.45 107.27 63.99 88.78
202.97 106.60 64.95 90.12
203.45 107.27 63.99 88.78
202.97 106.60 64.95 90.12
203.45 107.27 63.99 88.78
202.97 106.60 64.95 90.12
203.45 107.27 63.99 88.78
202.97 106.60 64.95 90.12
203.45 107.27 63.99 88.78
202.97 106.60 64.95 90.12
202.48 105.93 65.92 91.47
202.97 106.60 64.95 90.12
202.48 105.93 65.92 91.47
202.97 106.60 64.95 90.12
202.48 105.93 65.92 91.47
202.97 106.60 64.95 90.12
202.48 105.93 65.92 91.47
202.97 106.60 64.95 90.12
202.48 105.93 65.92 91.47
202.97 106.60 64.95 90.12
202.48 105.93 65.92 91.47
202.97 106.60 64.95 90.12
202.48 105.93 65.92 91.47
202.97 106.60 64.95 90.12
202.48 105.93 65.92 91.47
202.97 106.60 64.95 90.12
202.48 105.93 65.92 91.47
202.97 106.60 64.95 90.12
202.48 105.93 65.92 91.47
202.97 106.60 64.95 90.12
202.48 105.93 65.92 91.47
202.97 106.60 64.95 90.12
202.48 105.93 65.92 91.47
202.97 106.60 64.95 90.12
202.48 105.93 65.92 91.47
202.97 106.60 64.95 90.12
202.48 105.93 65.92 91.47
202.97 106.60 64.95 90.12
202.48 105.93 65.92 91.47
202.97 106.60 64.95 90.12
202.48 105.93 65.92 91.47
202.97 106.60 64.95 90.12
202.48 105.93 65.92 91.47
202.97 106.60 64.95 90.12
202.48 105.93 65.92 91.47
202.97 106.60 64.95 90.12
202.48 105.93 65.92 91.47
202.97 106.60 64.95 90.12
202.48 105.93 65.92 91.47
202.97 106.60 64.95 90.12
202.48 105.93 65.92 91.47
202.97 106.60 64.95 90.12
202.48 105.93 65.92 91.47
202.97 106.60 64.95 90.12
202.48 105.93 65.92 91.47
202.97 106.60 64.95 90.12
202.48 105.93 65.92 91.47
202.97 106.60 64.95 90.12
202.48 105.93 65.92 91.47
202.97 106.60 64.95 90.12
202.48 105.93 65.92 91.47
202.97 106.60 64.95 90.12
202.48 105.93 65.92 91.47
202.97 106.60 64.95 90.12
202.48 105.93 65.92 91.47
202.97 106.60 64.95 90.12
202.48 105.93 65.92 91.47
202.97 106.60 64.95 90.12
202.48 105.93 65.92 91.47
202.97 106.60 64.95 90.12
202.48 105.93 65.92 91.47
202.97 106.60 64.95 90.12
202.48 105.93 65.92 91.47
202.97 106.60 64.95 90.12
202.48 105.93 65.92 91.47
202.97 106.60 64.95 90.12
202.48 105.93 65.92 91.47
202.97 106.60 64.95 90.12
202.48 105.93 65.92 91.47
202.97 106.60 64.95 90.12
202.48 105.93 65.92 91.47
202.97 106.60 64.95 90.12
202.48 105.93 65.92 91.47
202.97 106.60 64.95 90.12
202.48 105.93 65.92 91.47
202.97 106.60 64.95 90.12
202.48 105.93 65.92 91.47
202.97 106.60 64.95 90.12
202.48 105.93 65.92 91.47
202.97 106.60 64.95 90.12
202.48 105.93 65.92 91.47
202.97 106.60 64.95 90.12
202.48 105.93 65.92 91.47
202.97 106.60 64.95 90.12
202.48 105.93 65.92 91.47
202.97 106.60 64.95 90.12
202.48 105.93 65.92 91.47
202.97 106.60 64.95 90.12
202.48 105.93 65.92 91.47
202.97 106.60 64.95 90.12
202.48 105.93 65.92 91.47
202.97 106.60 64.95 90.12
202.48 105.93 65.92 91.47
202.97 106.60 64.95 90.12
202.48 105.93 65.92 91.47
202.97 106.60 64.95 90.12
202.48 105.93 65.92 91.47
202.97 106.60 64.95 90.12
202.48 105.93 65.92 91.47
202.97 106.60 64.95 90.12
202.48 105.93 65.92 91.47
202.97 106.60 64.95 90.12
202.48 105.93 65.92 91.47
202.97 106.60 64.95 90.12
202.48 105.93 65.92 91.47
202.97 106.60 64.95 90.12
202.48 105.93 65.92 91.47
202.97 106.60 64.95 90.12
202.48 105.93 65.92 91.47
201.99 105.24 66.91 92.84
201.49 106.66 67.91 94.23
200.98 105.95 68.93 95.65
201.49 106.66 67.91 94.23
201.99 105.27 66.91 92.84
202.48 105.96 65.92 91.47
202.97 106.64 64.95 90.12
202.48 105.96 65.92 91.47
202.97 106.64 64.95 90.12
202.48 105.96 65.92 91.47
201.99 107.35 66.91 92.84
202.48 105.99 65.92 91.47
201.99 105.30 66.91 92.84
202.48 105.99 65.92 91.47
202.97 106.67 64.95 90.12
202.48 105.99 65.92 91.47
202.97 106.67 64.95 90.12
202.48 105.99 65.92 91.47
202.97 106.67 64.95 90.12
202.48 105.99 65.92 91.47
202.97 106.67 64.95 90.12
202.48 105.99 65.92 91.47
202.97 106.67 64.95 90.12
202.48 105.99 65.92 91.47
202.97 106.67 64.95 90.12
202.48 105.99 65.92 91.47
202.97 106.67 64.95 90.12
202.48 105.99 65.92 91.47
202.97 106.67 64.95 90.12
202.48 105.99 65.92 91.47
202.97 106.67 64.95 90.12
202.48 105.99 65.92 91.47
202.97 106.67 64.95 90.12
202.48 105.99 65.92 91.47
202.97 106.67 64.95 90.12
202.48 105.99 65.92 91.47
202.97 106.67 64.95 90.12
202.48 105.99 65.92 91.47
202.97 106.67 64.95 90.12
202.48 105.99 65.92 91.47
202.97 106.67 64.95 90.12
202.48 105.99 65.92 91.47
202.97 106.67 64.95 90.12
202.48 105.99 65.92 91.47
202.97 106.67 64.95 90.12
202.48 105.99 65.92 91.47
202.97 106.67 64.95 90.12
202.48 105.99 65.92 91.47
202.97 106.67 64.95 90.12
202.48 105.99 65.92 91.47
202.97 106.67 64.95 90.12
202.48 105.99 65.92 91.47
202.97 106.67 64.95 90.12
202.48 105.99 65.92 91.47
202.97 106.67 64.95 90.12
202.48 105.99 65.92 91.47
202.97 106.67 64.95 90.12
202.48 105.99 65.92 91.47
202.97 106.67 64.95 90.12
202.48 105.99 65.92 91.47
202.97 106.67 64.95 90.12
202.48 105.99 65.92 91.47
202.97 106.67 64.95 90.12
202.48 105.99 65.92 91.47
202.97 106.67 64.95 90.12
202.48 105.99 65.92 91.47
202.97 106.67 64.95 90.12
202.48 105.99 65.92 91.47
202.97 106.67 64.95 90.12
202.48 105.99 65.92 91.47
202.97 106.67 64.95 90.12
202.48 105.99 65.92 91.47
202.97 106.67 64.95 90.12
202.48 105.99 65.92 91.47
202.97 106.67 64.95 90.12
202.48 105.99 65.92 91.47
202.97 106.67 64.95 90.12
202.48 105.99 65.92 91.47
202.97 106.67 64.95 90.12
202.48 105.99 65.92 91.47
202.97 106.67 64.95 90.12
202.48 105.99 65.92 91.47
202.97 106.67 64.95 90.12
202.48 105.99 65.92 91.47
202.97 106.67 64.95 90.12
202.48 105.99 65.92 91.47
202.97 106.67 64.95 90.12
202.48 105.99 65.92 91.47
202.97 106.67 64.95 90.12
202.48 105.99 65.92 91.47
202.97 106.67 64.95 90.12
202.48 105.99 65.92 91.47
202.97 106.67 64.95 90.12
202.48 105.99 65.92 91.47
202.97 106.67 64.95 90.12
202.48 105.99 65.92 91.47
202.97 106.67 64.95 90.12
202.48 105.99 65.92 91.47
202.97 106.67 64.95 90.12
202.48 105.99 65.92 91.47
202.97 106.67 64.95 90.12
202.48 105.99 65.92 91.47
202.97 106.67 64.95 90.12
202.48 105.99 65.92 91.47
202.97 106.67 64.95 90.12
202.48 105.99 65.92 91.47
202.97 106.67 64.95 90.12
202.48 105.99 65.92 91.47
202.97 106.67 64.95 90.12
202.48 105.99 65.92 91.47
202.97 106.67 64.95 90.12
202.48 105.99 65.92 91.47
202.97 106.67 64.95 90.12
202.48 105.99 65.92 91.47
202.97 106.67 64.95 90.12
202.48 105.99 65.92 91.47
202.97 106.67 64.95 90.12
202.48 105.99 65.92 91.47
202.97 106.67 64.95 90.12
202.48 105.99 65.92 91.47
202.97 106.67 64.95 90.12
202.48 105.99 65.92 91.47
202.97 106.67 64.95 90.12
202.48 105.99 65.92 91.47
202.97 106.67 64.95 90.12
202.48 105.99 65.92 91.47
202.97 106.67 64.95 90.12
202.48 105.99 65.92 91.47
202.97 106.67 64.95 90.12
202.48 105.99 65.92 91.47
202.97 106.67 64.95 90.12
202.48 105.99 65.92 91.47
202.97 106.67 64.95 90.12
202.48 105.99 65.92 91.47
202.97 106.67 64.95 90.12
202.48 105.99 65.92 91.47
202.97 106.67 64.95 90.12
202.48 105.99 65.92 91.47
202.97 106.67 64.95 90.12
202.48 105.99 65.92 91.47
202.97 106.67 64.95 90.12
202.48 105.99 65.92 91.47
202.97 106.67 64.95 90.12
202.48 105.99 65.92 91.47
202.97 106.67 64.95 90.12
202.48 105.99 65.92 91.47
202.97 106.67 64.95 90.12
202.48 105.99 65.92 91.47
202.97 106.67 64.95 90.12
202.48 105.99 65.92 91.47
202.97 106.67 64.95 90.12
202.48 105.99 65.92 91.47
202.97 106.67 64.95 90.12
202.48 105.99 65.92 91.47
202.97 106.67 64.95 90.12
202.48 105.99 65.92 91.47
202.97 106.67 64.95 90.12
202.48 105.99 65.92 91.47
202.97 106.67 64.95 90.12
202.48 105.99 65.92 91.47
202.97 106.67 64.95 90.12
202.48 105.99 65.92 91.47
202.97 106.67 64.95 90.12
202.48 105.99 65.92 91.47
202.97 106.67 64.95 90.12
202.48 105.99 65.92 91.47
202.97 106.67 64.95 90.12
202.48 105.99 65.92 91.47
202.97 106.67 64.95 90.12
202.48 105.99 65.92 91.47
202.97 106.67 64.95 90.12
202.48 105.99 65.92 91.47
202.97 106.67 64.95 90.12
202.48 105.99 65.92 91.47
202.97 106.67 64.95 90.12
202.48 105.99 65.92 91.47
202.97 106.67 64.95 90.12
202.48 105.99 65.92 91.47
202.97 106.67 64.95 90.12
202.48 105.99 65.92 91.47
202.97 106.67 64.95 90.12
202.48 105.99 65.92 91.47
202.97 106.67 64.95 90.12
202.48 105.99 65.92 91.47
202.97 106.67 64.95 90.12
202.48 105.99 65.92 91.47
202.97 106.67 64.95 90.12
202.48 105.99 65.92 91.47
202.97 106.67 64.95 90.12
202.48 105.99 65.92 91.47
202.97 106.67 64.95 90.12
202.48 105.99 65.92 91.47
202.97 106.67 64.95 90.12
202.48 105.99 65.92 91.47
202.97 106.67 64.95 90.12
202.48 105.99 65.92 91.47
202.97 106.67 64.95 90.12
202.48 105.99 65.92 91.47
202.97 106.67 64.95 90.12
202.48 105.99 65.92 91.47
202.97 106.67 64.95 90.12
202.48 105.99 65.92 91.47
202.97 106.67 64.95 90.12
202.48 105.99 65.92 91.47
202.97 106.67 64.95 90.12
202.48 105.99 65.92 91.47
202.97 106.67 64.95 90.12
202.48 105.99 65.92 91.47
202.97 106.67 64.95 90.12
202.48 105.99 65.92 91.47
202.97 106.67 64.95 90.12
202.48 105.99 65.92 91.47
202.97 106.67 64.95 90.12
202.48 105.99 65.92 91.47
202.97 106.67 64.95 90.12
202.48 105.99 65.92 91.47
202.97 106.67 64.95 90.12
202.48 105.99 65.92 91.47
202.97 106.67 64.95 90.12
202.48 105.99 65.92 91.47
202.97 106.67 64.95 90.12
202.48 105.99 65.92 91.47
202.97 106.67 64.95 90.12
202.48 105.99 65.92 91.47
202.97 106.67 64.95 90.12
202.48 105.99 65.92 91.47
202.97 106.67 64.95 90.12
202.48 105.99 65.92 91.47
202.97 106.67 64.95 90.12
202.48 105.99 65.92 91.47
202.97 106.67 64.95 90.12
202.48 105.99 65.92 91.47
202.97 106.67 64.95 90.12
202.48 105.99 65.92 91.47
202.97 106.67 64.95 90.12
202.48 105.99 65.92 91.47
202.97 106.67 64.95 90.12
202.48 105.99 65.92 91.47
202.97 106.67 64.95 90.12
202.48 105.99 65.92 91.47
202.97 106.67 64.95 90.12
202.48 105.99 65.92 91.47
202.97 106.67 64.95 90.12
202.48 105.99 65.92 91.47
202.97 106.67 64.95 90.12
202.48 105.99 65.92 91.47
202.97 106.67 64.95 90.12
202.48 105.99 65.92 91.47
202.97 106.67 64.95 90.12
202.48 105.99 65.92 91.47
202.97 106.67 64.95 90.12
202.48 105.99 65.92 91.47
202.97 106.67 64.95 90.12
202.48 105.99 65.92 91.47
202.97 106.67 64.95 90.12
202.48 105.99 65.92 91.47
202.97 106.67 64.95 90.12
202.48 105.99 65.92 91.47
202.97 106.67 64.95 90.12
202.48 105.99 65.92 91.47
202.97 106.67 64.95 90.12
202.48 105.99 65.92 91.47
202.97 106.67 64.95 90.12
202.48 105.99 65.92 91.47
202.97 106.67 64.95 90.12
202.48 105.99 65.92 91.47
202.97 106.67 64.95 90.12
202.48 105.99 65.92 91.47
202.97 106.67 64.95 90.12
202.48 105.99 65.92 91.47
202.97 106.67 64.95 90.12
202.48 105.99 65.92 91.47
202.97 106.67 64.95 90.12
202.48 105.99 65.92 91.47
202.97 106.67 64.95 90.12
202.48 105.99 65.92 91.47
202.97 106.67 64.95 90.12
202.48 105.99 65.92 91.47
202.97 106.67 64.95 90.12
202.48 105.99 65.92 91.47
202.97 106.67 64.95 90.12
202.48 105.99 65.92 91.47
202.97 106.67 64.95 90.12
202.48 105.99 65.92 91.47
202.97 106.67 64.95 90.12
202.48 105.99 65.92 91.47
202.97 106.67 64.95 90.12
202.48 105.99 65.92 91.47
202.97 106.67 64.95 90.12
202.48 105.99 65.92 91.47
202.97 106.67 64.95 90.12
202.48 105.99 65.92 91.47
202.97 106.67 64.95 90.12
202.48 105.99 65.92 91.47
202.97 106.67 64.95 90.12
202.48 105.99 65.92 91.47
202.97 106.67 64.95 90.12
202.48 105.99 65.92 91.47
202.97 106.67 64.95 90.12
202.48 105.99 65.92 91.47
202.97 106.67 64.95 90.12
202.48 105.99 65.92 91.47
202.97 106.67 64.95 90.12
202.48 105.99 65.92 91.47
202.97 106.67 64.95 90.12
202.48 105.99 65.92 91.47
202.97 106.67 64.95 90.12
202.48 105.99 65.92 91.47
202.97 106.67 64.95 90.12
202.48 105.99 65.92 91.47
202.97 106.67 64.95 90.12
202.48 105.99 65.92 91.47
202.97 106.67 64.95 90.12
202.48 105.99 65.92 91.47
202.97 106.67 64.95 90.12
202.48 105.99 65.92 91.47
202.97 106.67 64.95 90.12
202.48 105.99 65.92 91.47
202.97 106.67 64.95 90.12
202.48 105.99 65.92 91.47
202.97 106.67 64.95 90.12
202.48 105.99 65.92 91.47
202.97 106.67 64.95 90.12
202.48 105.99 65.92 91.47
202.97 106.67 64.95 90.12
202.48 105.99 65.92 91.47
202.97 106.67 64.95 90.12
202.48 105.99 65.92 91.47
202.97 106.67 64.95 90.12
202.48 105.99 65.92 91.47
202.97 106.67 64.95 90.12
202.48 105.99 65.92 91.47
202.97 106.67 64.95 90.12
202.48 105.99 65.92 91.47
202.97 106.67 64.95 90.12
202.48 105.99 65.92 91.47
202.97 106.67 64.95 90.12
202.48 105.99 65.92 91.47
202.97 106.67 64.95 90.12
202.48 105.99 65.92 91.47
202.97 106.67 64.95 90.12
202.48 105.99 65.92 91.47
202.97 106.67 64.95 90.12
202.48 105.99 65.92 91.47
202.97 106.67 64.95 90.12
202.48 105.99 65.92 91.47
202.97 106.67 64.95 90.12
202.48 105.99 65.92 91.47
202.97 106.67 64.95 90.12
202.48 105.99 65.92 91.47
202.97 106.67 64.95 90.12
202.48 105.99 65.92 91.47
202.97 106.67 64.95 90.12
202.48 105.99 65.92 91.47
202.97 106.67 64.95 90.12
202.48 105.99 65.92 91.47
202.97 106.67 64.95 90.12
202.48 105.99 65.92 91.47
202.97 106.67 64.95 90.12
202.48 105.99 65.92 91.47
202.97 106.67 64.95 90.12
202.48 105.99 65.92 91.47
202.97 106.67 64.95 90.12
202.48 105.99 65.92 91.47
202.97 106.67 64.95 90.12
202.48 105.99 65.92 91.47
202.97 106.67 64.95 90.12
202.48 105.99 65.92 91.47
202.97 106.67 64.95 90.12
202.48 105.99 65.92 91.47
202.97 106.67 64.95 90.12
202.48 105.99 65.92 91.47
202.97 106.67 64.95 90.12
202.48 105.99 65.92 91.47
202.97 106.67 64.95 90.12
202.48 105.99 65.92 91.47
202.97 106.67 64.95 90.12
202.48 105.99 65.92 91.47
202.97 106.67 64.95 90.12
202.48 105.99 65.92 91.47
202.97 106.67 64.95 90.12
202.48 105.99 65.92 91.47
202.97 106.67 64.95 90.12
202.48 105.99 65.92 91.47
202.97 106.67 64.95 90.12
202.48 105.99 65.92 91.47
202.97 106.67 64.95 90.12
202.48 105.99 65.92 91.47
202.97 106.67 64.95 90.12
202.48 105.99 65.92 91.47
202.97 106.67 64.95 90.12
202.48 105.99 65.92 91.47
202.97 106.67 64.95 90.12
202.48 105.99 65.92 91.47
202.97 106.67 64.95 90.12
202.48 105.99 65.92 91.47
202.97 106.67 64.95 90.12
202.48 105.99 65.92 91.47
202.97 106.67 64.95 90.12
202.48 105.99 65.92 91.47
202.97 106.67 64.95 90.12
202.48 105.99 65.92 91.47
202.97 106.67 64.95 90.12
202.48 105.99 65.92 91.47
202.97 106.67 64.95 90.12
202.48 105.99 65.92 91.47
202.97 106.67 64.95 90.12
202.48 105.99 65.92 91.47
202.97 106.67 64.95 90.12
202.48 105.99 65.92 91.47
202.97 106.67 64.95 90.12
202.48 105.99 65.92 91.47
202.97 106.67 64.95 90.12
202.48 105.99 65.92 91.47
202.97 106.67 64.95 90.12
202.48 105.99 65.92 91.47
202.97 106.67 64.95 90.12
202.48 105.99 65.92 91.47
202.97 106.67 64.95 90.12
202.48 105.99 65.92 91.47
202.97 106.67 64.95 90.12
202.48 105.99 65.92 91.47
202.97 106.67 64.95 90.12
202.48 105.99 65.92 91.47
202.97 106.67 64.95 90.12
202.48 105.99 65.92 91.47
202.97 106.67 64.95 90.12
202.48 105.99 65.92 91.47
202.97 106.67 64.95 90.12
202.48 105.99 65.92 91.47
202.97 106.67 64.95 90.12
202.48 105.99 65.92 91.47
202.97 106.67 64.95 90.12
202.48 105.99 65.92 91.47
202.97 106.67 64.95 90.12
202.48 105.99 65.92 91.47
202.97 106.67 64.95 90.12
202.48 105.99 65.92 91.47
202.97 106.67 64.95 90.12
202.48 105.99 65.92 91.47
202.97 106.67 64.95 90.12
202.48 105.99 65.92 91.47
202.97 106.67 64.95 90.12
202.48 105.99 65.92 91.47
202.97 106.67 64.95 90.12
202.48 105.99 65.92 91.47
202.97 106.67 64.95 90.12
202.48 105.99 65.92 91.47
202.97 106.67 64.95 90.12
202.48 105.99 65.92 91.47
202.97 106.67 64.95 90.12
202.48 105.99 65.92 91.47
202.97 106.67 64.95 90.12
202.48 105.99 65.92 91.47
202.97 106.67 64.95 90.12
202.48 105.99 65.92 91.47
202.97 106.67 64.95 90.12
202.48 105.99 65.92 91.47
202.97 106.67 64.95 90.12
202.48 105.99 65.92 91.47
202.97 106.67 64.95 90.12
202.48 105.99 65.92 91.47
202.97 106.67 64.95 90.12
202.48 105.99 65.92 91.47
202.97 106.67 64.95 90.12
202.48 105.99 65.92 91.47
202.97 106.67 64.95 90.12
202.48 105.99 65.92 91.47
202.97 106.67 64.95 90.12
202.48 105.99 65.92 91.47
202.97 106.67 64.95 90.12
202.48 105.99 65.92 91.47
202.97 106.67 64.95 90.12
202.48 105.99 65.92 91.47
202.97 106.67 64.95 90.12
202.48 105.99 65.92 91.47
202.97 106.67 64.95 90.12
202.48 105.99 65.92 91.47
202.97 106.67 64.95 90.12
202.48 105.99 65.92 91.47
202.97 106.67 64.95 90.12
202.48 105.99 65.92 91.47
202.97 106.67 64.95 90.12
202.48 105.99 65.92 91.47
202.97 106.67 64.95 90.12
202.48 105.99 65.92 91.47
202.97 106.67 64.95 90.12
202.48 105.99 65.92 91.47
202.97 106.67 64.95 90.12
202.48 105.99 65.92 91.47
202.97 106.67 64.95 90.12
202.48 105.99 65.92 91.47
202.97 106.67 64.95 90.12
202.48 105.99 65.92 91.47
202.97 106.67 64.95 90.12
202.48 105.99 65.92 91.47
202.97 106.67 64.95 90.12
202.48 105.99 65.92 91.47
202.97 106.67 64.95 90.12
202.48 105.99 65.92 91.47
202.97 106.67 64.95 90.12
202.48 105.99 65.92 91.47
202.97 106.67 64.95 90.12
202.48 105.99 65.92 91.47
202.97 106.67 64.95 90.12
202.48 105.99 65.92 91.47
202.97 106.67 64.95 90.12
202.48 105.99 65.92 91.47
202.97 106.67 64.95 90.12
202.48 105.99 65.92 91.47
202.97 106.67 64.95 90.12
202.48 105.99 65.92 91.47
202.97 106.67 64.95 90.12
202.48 105.99 65.92 91.47
202.97 106.67 64.95 90.12
202.48 105.99 65.92 91.47
202.97 106.67 64.95 90.12
202.48 105.99 65.92 91.47
202.97 106.67 64.95 90.12
202.48 105.99 65.92 91.47
202.97 106.67 64.95 90.12
202.48 105.99 65.92 91.47
202.97 106.67 64.95 90.12
202.48 105.99 65.92 91.47
202.97 106.67 64.95 90.12
202.48 105.99 65.92 91.47
202.97 106.67 64.95 90.12
202.48 105.99 65.92 91.47
202.97 106.67 64.95 90.12
202.48 105.99 65.92 91.47
202.97 106.67 64.95 90.12
202.48 105.99 65.92 91.47
202.97 106.67 64.95 90.12
202.48 105.99 65.92 91.47
202.97 106.67 64.95 90.12
202.48 105.99 65.92 91.47
202.97 106.67 64.95 90.12
202.48 105.99 65.92 91.47
202.97 106.67 64.95 90.12
202.48 105.99 65.92 91.47
202.97 106.67 64.95 90.12
202.48 105.99 65.92 91.47
202.97 106.67 64.95 90.12
202.48 105.99 65.92 91.47
202.97 106.67 64.95 90.12
202.48 105.99 65.92 91.47
202.97 106.67 64.95 90.12
202.48 105.99 65.92 91.47
202.97 106.67 64.95 90.12
202.48 105.99 65.92 91.47
202.97 106.67 64.95 90.12
202.48 105.99 65.92 91.47
202.97 106.67 64.95 90.12
202.48 105.99 65.92 91.47
202.97 106.67 64.95 90.12
202.48 105.99 65.92 91.47
202.97 106.67 64.95 90.12
202.48 105.99 65.92 91.47
202.97 106.67 64.95 90.12
202.48 105.99 65.92 91.47
202.97 106.67 64.95 90.12
202.48 105.99 65.92 91.47
202.97 106.67 64.95 90.12
202.48 105.99 65.92 91.47
202.97 106.67 64.95 90.12
202.48 105.99 65.92 91.47
202.97 106.67 64.95 90.12
202.48 105.99 65.92 91.47
202.97 106.67 64.95 90.12
202.48 105.99 65.92 91.47
202.97 106.67 64.95 90.12
202.48 105.99 65.92 91.47
202.97 106.67 64.95 90.12
202.48 105.99 65.92 91.47
202.97 106.67 64.95 90.12
