23.00 88.00 66.00 55.00
23.49 88.41 65.02 54.19
23.00 86.77 66.00 55.00
23.49 88.39 65.02 54.19
25.40 88.79 64.06 53.39
24.92 88.39 65.02 54.19
22.96 89.21 66.00 55.00
23.96 88.80 66.99 55.82
24.46 87.98 66.00 55.00
23.49 88.39 65.02 54.19
23.97 88.79 64.06 53.39
24.94 87.17 65.02 54.19
24.46 86.77 66.00 55.00
24.94 85.96 65.02 54.19
25.43 85.17 64.06 53.39
25.90 84.38 63.12 52.60
25.43 82.79 64.06 53.39
26.40 82.39 65.02 54.19
25.91 81.98 66.00 55.00
26.40 82.39 65.02 54.19
26.88 82.79 64.06 53.39
27.36 83.19 63.12 52.60
29.21 83.57 62.18 51.82
29.67 83.96 61.27 51.05
30.13 85.46 60.36 50.30
31.90 84.72 59.47 49.56
31.46 84.35 60.36 50.30
31.90 84.72 59.47 49.56
33.66 85.09 58.59 48.82
33.22 84.72 59.47 49.56
33.66 85.09 58.59 48.82
34.55 84.72 59.47 49.56
34.99 85.09 58.59 48.82
36.71 85.45 57.72 48.10
37.14 85.81 56.87 47.39
37.56 85.11 56.03 46.69
39.21 85.45 55.20 46.00
38.80 84.06 56.03 46.69
40.45 83.38 55.20 46.00
40.86 82.70 54.39 45.32
40.45 81.33 55.20 46.00
41.29 79.94 56.03 46.69
41.70 80.29 55.20 46.00
42.11 81.64 54.39 45.32
42.94 81.30 55.20 46.00
43.35 83.67 54.39 45.32
42.94 84.36 55.20 46.00
43.35 85.72 54.39 45.32
44.18 85.38 55.20 46.00
44.58 86.73 54.39 45.32
44.99 87.07 53.58 44.65
45.38 86.41 52.79 43.99
45.77 86.74 52.01 43.34
46.16 85.14 51.24 42.70
46.54 86.40 50.48 42.07
46.16 86.09 51.24 42.70
46.54 86.40 50.48 42.07
47.30 87.04 51.24 42.70
47.68 87.36 50.48 42.07
48.06 89.53 49.74 41.45
48.42 89.83 49.00 40.84
48.79 90.13 48.28 40.23
48.42 89.83 49.00 40.84
48.79 90.13 48.28 40.23
49.14 90.43 47.57 39.64
48.79 90.13 48.28 40.23
49.14 89.54 47.57 39.64
48.79 88.35 48.28 40.23
49.14 88.64 47.57 39.64
50.54 88.06 46.86 39.05
50.89 88.35 46.17 38.47
51.23 87.78 45.49 37.91
51.57 87.23 44.82 37.35
52.25 87.80 45.49 37.91
52.59 86.40 44.82 37.35
52.92 86.68 44.15 36.79
52.59 87.24 44.82 37.35
53.91 87.52 44.15 36.79
53.58 86.40 44.82 37.35
53.91 85.86 44.15 36.79
53.58 85.58 44.82 37.35
53.91 85.86 44.15 36.79
53.58 84.74 44.82 37.35
54.90 84.20 44.15 36.79
54.56 83.92 44.82 37.35
54.90 84.20 44.15 36.79
55.22 85.28 43.50 36.25
54.90 85.01 44.15 36.79
56.20 85.28 43.50 36.25
55.56 85.55 42.86 35.71
55.87 85.81 42.22 35.19
56.52 84.75 42.86 35.71
56.83 85.01 42.22 35.19
56.52 83.95 42.86 35.71
56.83 84.21 42.22 35.19
56.52 83.95 42.86 35.71
56.20 83.68 43.50 36.25
55.56 83.95 42.86 35.71
56.82 84.21 42.22 35.19
56.20 84.47 41.60 34.67
56.51 84.73 40.99 34.15
56.81 84.98 40.38 33.65
57.11 85.23 39.78 33.15
56.81 84.98 40.38 33.65
57.11 85.23 39.78 33.15
55.91 83.47 40.38 33.65
56.20 82.24 39.78 33.15
56.50 81.02 39.20 32.66
56.20 78.54 39.78 33.15
56.50 77.33 39.20 32.66
56.79 77.57 38.62 32.18
56.50 77.33 39.20 32.66
56.79 76.85 38.62 32.18
57.07 77.79 38.05 31.70
55.92 77.56 38.62 32.18
55.63 78.05 39.20 32.66
55.92 79.73 38.62 32.18
54.76 80.95 39.20 32.66
55.04 82.64 38.62 32.18
55.33 83.58 38.05 31.70
54.18 84.07 38.62 32.18
54.47 84.30 38.05 31.70
54.75 85.24 37.48 31.24
55.02 84.78 36.93 30.77
54.48 84.33 36.38 30.32
54.21 82.72 36.93 30.77
54.48 82.27 36.38 30.32
54.21 80.66 36.93 30.77
54.48 80.21 36.38 30.32
53.95 80.44 35.85 29.87
52.86 80.21 36.38 30.32
53.13 81.10 35.85 29.87
52.05 80.88 36.38 30.32
52.32 81.77 35.85 29.87
52.58 81.99 35.32 29.43
52.06 82.21 34.79 28.99
51.01 82.65 35.32 29.43
50.75 81.76 35.85 29.87
50.22 81.98 35.32 29.43
50.48 82.20 34.79 28.99
49.43 81.33 35.32 29.43
49.69 81.54 34.79 28.99
49.43 80.67 35.32 29.43
48.36 80.45 35.85 29.87
47.84 80.67 35.32 29.43
48.10 80.88 34.79 28.99
47.04 80.67 35.32 29.43
46.78 80.45 35.85 29.87
45.70 80.90 36.38 30.32
45.16 81.12 35.85 29.87
44.64 82.66 35.32 29.43
44.90 82.88 34.79 28.99
44.39 83.10 34.28 28.57
44.64 83.31 33.77 28.14
43.62 82.46 34.28 28.57
43.87 81.41 33.77 28.14
43.38 80.37 33.27 27.73
42.37 78.27 33.77 28.14
41.87 78.48 33.27 27.73
40.87 78.90 33.77 28.14
40.61 78.69 34.28 28.57
40.11 80.16 33.77 28.14
40.36 80.99 33.27 27.73
39.87 81.20 32.78 27.32
38.88 81.61 33.27 27.73
39.13 81.82 32.78 27.32
38.65 82.02 32.30 26.91
38.40 81.82 32.78 27.32
37.41 81.61 33.27 27.73
37.66 81.82 32.78 27.32
37.18 82.02 32.30 26.91
36.20 81.82 32.78 27.32
36.44 82.02 32.30 26.91
35.47 81.82 32.78 27.32
34.98 82.02 32.30 26.91
35.22 82.22 31.82 26.52
35.46 82.42 31.35 26.13
35.00 83.19 30.89 25.74
34.06 82.99 31.35 26.13
34.30 83.19 30.89 25.74
33.84 83.38 30.43 25.36
34.07 83.56 29.98 24.98
33.63 84.30 29.54 24.61
32.73 84.11 29.98 24.98
32.29 84.30 29.54 24.61
31.86 84.48 29.10 24.25
31.64 84.30 29.54 24.61
31.21 84.48 29.10 24.25
30.33 84.30 29.54 24.61
30.11 84.67 29.98 24.98
29.67 85.41 29.54 24.61
28.77 85.23 29.98 24.98
29.00 85.41 29.54 24.61
28.10 85.78 29.98 24.98
27.66 87.07 29.54 24.61
27.88 86.17 29.10 24.25
27.45 86.88 28.67 23.89
26.40 87.59 28.25 23.54
26.19 87.94 28.67 23.89
26.40 87.59 28.25 23.54
25.55 87.95 28.67 23.89
24.68 88.32 29.10 24.25
23.80 88.69 29.54 24.61
24.02 87.78 29.10 24.25
23.80 88.15 29.54 24.61
23.36 87.79 29.10 24.25
23.58 87.43 28.67 23.89
23.36 86.71 29.10 24.25
22.30 86.36 28.67 23.89
22.51 84.42 28.25 23.54
22.30 84.25 28.67 23.89
22.08 82.98 29.10 24.25
21.20 82.25 29.54 24.61
21.42 81.89 29.10 24.25
21.20 81.70 29.54 24.61
20.31 81.52 29.98 24.98
20.53 82.81 29.54 24.61
20.31 83.18 29.98 24.98
19.87 83.37 29.54 24.61
20.09 84.09 29.10 24.25
20.94 84.27 28.67 23.89
20.08 83.55 29.10 24.25
20.29 83.73 28.67 23.89
20.08 84.09 29.10 24.25
20.29 83.74 28.67 23.89
19.87 83.91 28.25 23.54
20.70 83.57 27.83 23.19
20.49 82.87 28.25 23.54
20.08 82.52 27.83 23.19
20.90 82.69 27.42 22.85
20.69 82.00 27.83 23.19
20.48 81.83 28.25 23.54
20.69 82.00 27.83 23.19
20.48 82.35 28.25 23.54
20.69 83.57 27.83 23.19
19.85 84.97 28.25 23.54
19.64 85.33 28.67 23.89
19.85 86.04 28.25 23.54
19.64 86.40 28.67 23.89
19.85 86.04 28.25 23.54
19.44 85.70 27.83 23.19
20.26 85.36 27.42 22.85
20.46 84.52 27.01 22.51
19.64 84.35 27.42 22.85
20.45 84.01 27.01 22.51
20.25 83.85 27.42 22.85
20.45 85.02 27.01 22.51
20.86 85.88 27.42 22.85
21.06 86.55 27.01 22.51
20.25 86.89 27.42 22.85
20.45 86.56 27.01 22.51
20.25 85.88 27.42 22.85
20.45 85.54 27.01 22.51
20.25 84.86 27.42 22.85
20.04 84.17 27.83 23.19
20.25 83.32 27.42 22.85
21.06 83.99 27.01 22.51
20.85 84.33 27.42 22.85
21.06 85.01 27.01 22.51
21.47 85.86 27.42 22.85
21.06 86.54 27.01 22.51
21.86 87.20 26.61 22.18
21.66 87.54 27.01 22.51
21.46 86.86 27.42 22.85
22.27 87.03 27.01 22.51
22.06 86.34 27.42 22.85
22.27 86.51 27.01 22.51
23.06 86.68 26.61 22.18
23.85 86.84 26.22 21.85
24.04 86.52 25.83 21.53
23.85 86.85 26.22 21.85
24.62 87.01 25.83 21.53
23.84 86.36 26.22 21.85
24.61 86.52 25.83 21.53
24.80 86.68 25.45 21.21
24.61 86.04 25.83 21.53
25.00 85.39 26.22 21.85
25.20 85.07 25.83 21.53
25.00 83.93 26.22 21.85
25.20 83.13 25.83 21.53
25.96 82.33 25.45 21.21
26.15 82.49 25.08 20.90
26.53 82.33 25.45 21.21
26.34 82.18 25.83 21.53
26.53 83.28 25.45 21.21
26.92 84.09 25.83 21.53
27.11 84.72 25.45 21.21
27.29 85.35 25.08 20.90
27.11 85.19 25.45 21.21
27.29 84.88 25.08 20.90
27.11 84.25 25.45 21.21
27.86 83.94 25.08 20.90
27.67 84.26 25.45 21.21
28.42 84.88 25.08 20.90
28.05 85.04 24.71 20.59
27.30 85.35 25.08 20.90
28.25 85.67 25.45 21.21
28.44 85.36 25.08 20.90
28.25 85.67 25.45 21.21
29.00 85.36 25.08 20.90
29.19 85.52 24.71 20.59
29.37 85.22 24.34 20.28
30.09 85.36 23.98 19.98
29.74 85.07 23.63 19.69
30.43 85.65 23.28 19.40
30.26 85.51 23.63 19.69
29.54 85.36 23.98 19.98
29.91 85.66 24.34 20.28
30.63 85.81 23.98 19.98
29.90 85.21 24.34 20.28
29.72 85.06 24.71 20.59
29.53 84.90 25.08 20.90
29.72 84.60 24.71 20.59
30.45 83.84 24.34 20.28
30.63 83.99 23.98 19.98
30.80 83.70 23.63 19.69
31.16 84.44 23.98 19.98
30.44 83.84 24.34 20.28
30.62 84.88 23.98 19.98
31.33 85.47 23.63 19.69
30.61 85.77 23.98 19.98
30.43 86.08 24.34 20.28
31.15 86.23 23.98 19.98
30.80 86.37 23.63 19.69
31.49 87.39 23.28 19.40
30.79 87.24 23.63 19.69
30.96 87.82 23.28 19.40
30.79 87.24 23.63 19.69
30.61 87.54 23.98 19.98
30.98 87.39 24.34 20.28
31.16 87.09 23.98 19.98
30.98 86.94 24.34 20.28
30.62 87.09 23.98 19.98
31.33 86.80 23.63 19.69
31.50 86.51 23.28 19.40
31.33 86.36 23.63 19.69
31.50 86.94 23.28 19.40
32.19 87.08 22.93 19.11
32.35 87.65 22.59 18.83
32.02 87.79 22.26 18.55
31.86 88.07 22.59 18.83
31.69 87.93 22.93 19.11
32.36 88.49 22.59 18.83
32.19 88.78 22.93 19.11
32.36 88.92 22.59 18.83
32.19 88.78 22.93 19.11
32.36 88.50 22.59 18.83
32.53 88.64 22.26 18.55
32.36 88.50 22.59 18.83
32.19 88.36 22.93 19.11
32.02 88.21 23.28 19.40
32.71 88.36 22.93 19.11
32.37 88.50 22.59 18.83
33.04 88.22 22.26 18.55
33.69 88.77 21.93 18.28
33.03 88.63 22.26 18.55
33.37 88.91 22.59 18.83
33.20 88.34 22.93 19.11
33.87 88.48 22.59 18.83
34.04 88.62 22.26 18.55
34.70 87.94 21.93 18.28
34.53 86.97 22.26 18.55
34.87 86.84 22.59 18.83
35.54 86.56 22.26 18.55
36.19 87.11 21.93 18.28
36.84 87.24 21.61 18.01
37.00 86.98 21.29 17.74
37.32 87.25 21.61 18.01
37.16 87.11 21.93 18.28
37.49 86.97 22.26 18.55
37.83 86.41 22.59 18.83
38.50 86.14 22.26 18.55
39.65 86.27 21.93 18.28
40.29 86.41 21.61 18.01
40.45 86.14 21.29 17.74
41.26 86.01 21.61 18.01
41.90 86.14 21.29 17.74
42.99 86.28 20.97 17.48
43.61 86.02 20.66 17.22
43.93 85.50 20.97 17.48
45.01 86.01 20.66 17.22
45.32 85.49 20.97 17.48
45.64 85.36 21.29 17.74
46.74 85.88 20.97 17.48
47.36 86.01 20.66 17.22
48.14 85.88 20.97 17.48
47.98 85.75 21.29 17.74
48.31 85.62 21.61 18.01
50.11 85.49 21.93 18.28
50.76 84.81 21.61 18.01
51.87 84.95 21.29 17.74
52.97 85.08 20.97 17.48
53.76 84.15 21.29 17.74
55.33 84.28 20.97 17.48
55.65 84.55 21.29 17.74
56.28 85.46 20.97 17.48
57.82 86.75 20.66 17.22
58.88 89.16 20.36 16.96
59.66 89.42 20.66 17.22
60.27 90.68 20.36 16.96
61.32 90.43 20.06 16.71
62.53 89.93 20.36 16.96
63.58 88.93 20.06 16.71
63.89 88.04 20.36 16.96
65.12 87.92 20.66 17.22
65.91 87.79 20.97 17.48
67.18 88.45 21.29 17.74
67.99 89.13 21.61 18.01
68.81 89.40 21.93 18.28
69.64 90.09 22.26 18.55
70.79 89.82 21.93 18.28
72.40 89.96 21.61 18.01
72.73 89.41 21.93 18.28
74.35 87.93 21.61 18.01
75.17 86.98 21.93 18.28
76.00 86.43 22.26 18.55
77.64 86.16 21.93 18.28
78.77 86.69 21.61 18.01
79.59 86.15 21.93 18.28
80.92 86.43 22.26 18.55
82.07 86.16 21.93 18.28
83.20 86.69 21.61 18.01
84.31 86.83 21.29 17.74
85.12 86.69 21.61 18.01
86.23 87.22 21.29 17.74
87.04 87.09 21.61 18.01
88.15 87.22 21.29 17.74
88.48 87.49 21.61 18.01
89.59 87.63 21.29 17.74
90.40 87.49 21.61 18.01
91.51 87.63 21.29 17.74
91.84 87.49 21.61 18.01
92.47 87.63 21.29 17.74
93.28 87.49 21.61 18.01
93.92 87.63 21.29 17.74
94.73 87.49 21.61 18.01
95.06 87.36 21.93 18.28
95.70 87.49 21.61 18.01
96.82 87.23 21.29 17.74
97.14 87.10 21.61 18.01
97.78 86.44 21.29 17.74
98.58 86.30 21.61 18.01
99.70 86.44 21.29 17.74
100.33 86.18 20.97 17.48
100.94 86.30 20.66 17.22
101.55 86.43 20.36 16.96
102.15 86.18 20.06 16.71
102.74 86.67 19.76 16.47
103.76 86.80 19.47 16.22
104.06 87.04 19.76 16.47
103.91 87.29 20.06 16.71
104.50 87.79 19.76 16.47
104.35 87.66 20.06 16.71
104.94 87.42 19.76 16.47
105.52 87.90 19.47 16.22
105.38 87.41 19.76 16.47
105.96 87.90 19.47 16.22
106.26 88.14 19.76 16.47
106.11 88.02 20.06 16.71
105.96 89.04 20.36 16.96
106.27 88.91 20.66 17.22
106.11 88.78 20.97 17.48
106.27 88.91 20.66 17.22
106.58 88.00 20.97 17.48
106.43 87.87 21.29 17.74
106.58 87.21 20.97 17.48
106.74 86.57 20.66 17.22
106.89 86.70 20.36 16.96
107.49 86.82 20.06 16.71
107.20 86.58 19.76 16.47
107.78 87.06 19.47 16.22
107.49 87.54 19.18 15.98
107.35 87.06 19.47 16.22
107.92 87.54 19.18 15.98
107.34 87.42 19.47 16.22
107.49 87.89 19.18 15.98
106.91 88.50 19.47 16.22
107.05 88.62 19.18 15.98
106.91 89.23 19.47 16.22
106.32 89.11 19.76 16.47
106.62 89.36 20.06 16.71
106.01 89.61 20.36 16.96
105.86 89.48 20.66 17.22
106.01 89.61 20.36 16.96
105.86 89.48 20.66 17.22
105.70 89.36 20.97 17.48
105.86 89.48 20.66 17.22
105.70 89.75 20.97 17.48
105.86 89.88 20.66 17.22
106.01 90.00 20.36 16.96
106.16 90.13 20.06 16.71
105.87 90.25 19.76 16.47
106.01 90.37 19.47 16.22
105.73 89.78 19.18 15.98
105.87 89.54 18.90 15.75
105.73 89.43 19.18 15.98
105.02 88.48 18.90 15.75
105.31 88.01 19.18 15.98
104.73 87.53 19.47 16.22
104.88 87.65 19.18 15.98
104.30 87.53 19.47 16.22
104.44 88.00 19.18 15.98
104.16 88.83 18.90 15.75
103.59 88.71 19.18 15.98
103.44 89.32 19.47 16.22
102.41 89.56 19.76 16.47
101.81 89.44 20.06 16.71
101.96 89.56 19.76 16.47
101.81 89.07 20.06 16.71
101.52 89.56 19.76 16.47
101.37 89.43 20.06 16.71
101.52 89.93 19.76 16.47
101.23 90.41 19.47 16.22
101.37 89.82 19.18 15.98
101.52 89.23 18.90 15.75
101.65 89.34 18.62 15.51
102.20 88.09 18.34 15.29
101.65 87.97 18.62 15.51
102.20 87.40 18.34 15.29
102.48 87.29 18.62 15.51
102.34 87.17 18.90 15.75
102.20 87.06 19.18 15.98
102.05 86.94 19.47 16.22
102.35 87.18 19.76 16.47
102.20 86.31 20.06 16.71
102.79 86.43 19.76 16.47
102.94 86.19 19.47 16.22
103.23 85.33 19.76 16.47
103.53 85.58 20.06 16.71
104.13 85.71 19.76 16.47
104.27 86.19 19.47 16.22
104.84 86.31 19.18 15.98
105.41 86.78 18.90 15.75
105.97 86.55 18.62 15.51
106.25 86.79 18.90 15.75
106.39 86.90 18.62 15.51
106.94 87.02 18.34 15.29
107.22 87.25 18.62 15.51
107.77 86.34 18.34 15.29
108.05 86.22 18.62 15.51
107.91 85.40 18.90 15.75
108.19 85.28 19.18 15.98
108.05 85.53 19.47 16.22
107.90 85.41 19.76 16.47
108.20 85.66 20.06 16.71
108.80 85.78 19.76 16.47
109.38 86.63 19.47 16.22
109.23 86.51 19.76 16.47
109.81 86.63 19.47 16.22
109.67 86.51 19.76 16.47
109.97 86.38 20.06 16.71
110.12 86.51 19.76 16.47
110.70 85.90 19.47 16.22
111.00 86.52 19.76 16.47
110.85 86.40 20.06 16.71
111.44 86.52 19.76 16.47
110.84 86.40 20.06 16.71
111.43 85.78 19.76 16.47
111.28 86.41 20.06 16.71
111.13 85.90 20.36 16.96
111.73 86.40 20.06 16.71
111.13 85.90 20.36 16.96
111.73 86.02 20.06 16.71
111.12 85.52 20.36 16.96
111.72 85.27 20.06 16.71
111.57 85.14 20.36 16.96
111.27 84.89 20.06 16.71
111.12 85.15 20.36 16.96
111.27 85.27 20.06 16.71
111.12 85.53 20.36 16.96
110.82 85.65 20.06 16.71
111.41 86.51 19.76 16.47
110.81 86.02 20.06 16.71
110.66 85.89 20.36 16.96
110.37 86.02 20.06 16.71
110.96 85.40 19.76 16.47
111.10 85.52 19.47 16.22
110.82 85.64 19.18 15.98
110.67 85.89 19.47 16.22
110.39 86.36 19.18 15.98
110.24 86.97 19.47 16.22
109.65 87.59 19.76 16.47
109.51 87.46 20.06 16.71
110.10 87.96 19.76 16.47
110.68 87.35 19.47 16.22
110.39 87.47 19.18 15.98
110.53 87.24 18.90 15.75
110.39 87.12 19.18 15.98
110.53 87.59 18.90 15.75
110.39 87.11 19.18 15.98
110.53 87.58 18.90 15.75
110.39 87.47 19.18 15.98
110.53 87.23 18.90 15.75
109.96 87.83 19.18 15.98
109.82 87.71 19.47 16.22
109.67 86.85 19.76 16.47
108.63 87.47 20.06 16.71
108.48 87.35 20.36 16.96
108.79 86.45 20.66 17.22
108.48 86.58 20.36 16.96
107.87 86.45 20.66 17.22
108.18 86.71 20.97 17.48
108.34 86.46 20.66 17.22
108.49 86.96 20.36 16.96
108.64 87.09 20.06 16.71
109.23 86.84 19.76 16.47
108.94 86.97 19.47 16.22
109.51 87.44 19.18 15.98
109.66 87.21 18.90 15.75
109.09 87.45 19.18 15.98
109.65 87.57 18.90 15.75
108.65 87.45 19.18 15.98
108.79 87.92 18.90 15.75
108.65 87.80 19.18 15.98
108.79 88.27 18.90 15.75
108.22 88.15 19.18 15.98
108.78 87.92 18.90 15.75
108.51 88.38 18.62 15.51
108.37 87.91 18.90 15.75
108.51 88.03 18.62 15.51
107.94 87.56 18.90 15.75
108.50 87.68 18.62 15.51
108.23 87.45 18.34 15.29
107.67 87.68 18.62 15.51
107.53 87.57 18.90 15.75
107.67 87.34 18.62 15.51
107.11 87.22 18.90 15.75
106.54 86.74 19.18 15.98
106.83 86.26 19.47 16.22
106.97 86.38 19.18 15.98
106.39 86.26 19.47 16.22
106.54 86.38 19.18 15.98
106.39 86.99 19.47 16.22
106.54 87.46 19.18 15.98
105.96 87.71 19.47 16.22
106.10 88.19 19.18 15.98
105.52 88.43 19.47 16.22
105.67 88.19 19.18 15.98
106.23 87.60 18.90 15.75
105.95 87.03 18.62 15.51
105.81 85.85 18.90 15.75
105.95 85.97 18.62 15.51
105.81 85.85 18.90 15.75
106.10 86.45 19.18 15.98
105.52 86.69 19.47 16.22
105.38 86.57 19.76 16.47
105.52 87.42 19.47 16.22
104.93 86.93 19.76 16.47
104.79 86.80 20.06 16.71
104.49 86.93 19.76 16.47
104.34 86.06 20.06 16.71
104.19 85.93 20.36 16.96
104.34 86.06 20.06 16.71
104.65 85.55 20.36 16.96
104.80 85.30 20.06 16.71
104.95 85.06 19.76 16.47
104.80 85.31 20.06 16.71
104.65 84.80 20.36 16.96
104.03 85.06 20.66 17.22
104.64 85.57 20.36 16.96
104.49 85.83 20.66 17.22
103.86 87.26 20.97 17.48
103.71 87.53 21.29 17.74
104.03 88.61 21.61 18.01
104.19 88.74 21.29 17.74
104.03 88.61 21.61 18.01
104.19 88.74 21.29 17.74
104.03 88.61 21.61 18.01
104.19 88.34 21.29 17.74
104.82 88.08 20.97 17.48
105.14 87.95 21.29 17.74
105.76 87.30 20.97 17.48
105.92 87.04 20.66 17.22
105.62 86.41 20.36 16.96
106.67 86.53 20.06 16.71
106.81 86.29 19.76 16.47
107.11 85.79 20.06 16.71
106.51 85.67 20.36 16.96
107.56 85.04 20.06 16.71
107.41 84.16 20.36 16.96
108.01 84.28 20.06 16.71
108.15 83.67 19.76 16.47
108.46 83.54 20.06 16.71
108.76 83.04 20.36 16.96
109.36 83.54 20.06 16.71
109.51 83.66 19.76 16.47
109.81 83.91 20.06 16.71
110.40 84.41 19.76 16.47
110.25 84.66 20.06 16.71
110.10 84.53 20.36 16.96
110.70 84.66 20.06 16.71
111.29 84.78 19.76 16.47
111.14 84.28 20.06 16.71
111.45 85.30 20.36 16.96
111.30 85.56 20.66 17.22
111.91 86.06 20.36 16.96
112.51 86.56 20.06 16.71
112.36 86.06 20.36 16.96
112.67 85.54 20.66 17.22
112.51 85.02 20.97 17.48
112.35 84.89 21.29 17.74
112.98 85.41 20.97 17.48
113.60 85.93 20.66 17.22
114.21 86.44 20.36 16.96
114.81 86.56 20.06 16.71
115.11 86.06 20.36 16.96
115.71 86.18 20.06 16.71
116.02 85.68 20.36 16.96
116.62 85.80 20.06 16.71
117.21 85.56 19.76 16.47
117.51 85.06 20.06 16.71
117.36 85.31 20.36 16.96
117.21 84.80 20.66 17.22
117.52 85.45 20.97 17.48
117.84 85.32 21.29 17.74
118.16 85.19 21.61 18.01
118.00 84.65 21.93 18.28
117.84 84.92 22.26 18.55
118.18 83.94 22.59 18.83
118.52 83.37 22.93 19.11
118.35 83.23 23.28 19.40
118.18 83.08 23.63 19.69
118.35 83.23 23.28 19.40
118.18 82.64 23.63 19.69
118.00 82.94 23.98 19.98
117.82 82.34 24.34 20.28
117.64 82.65 24.71 20.59
117.45 82.49 25.08 20.90
117.26 82.81 25.45 21.21
117.07 82.17 25.83 21.53
117.46 82.50 26.22 21.85
117.86 81.34 26.61 22.18
117.66 81.68 27.01 22.51
117.46 81.00 27.42 22.85
117.26 80.83 27.83 23.19
117.05 80.65 28.25 23.54
116.84 80.48 28.67 23.89
116.62 79.75 29.10 24.25
116.40 79.57 29.54 24.61
116.18 79.39 29.98 24.98
115.96 79.20 30.43 25.36
115.73 79.59 30.89 25.74
115.50 79.39 31.35 26.13
115.97 79.79 31.82 26.52
115.74 79.59 32.30 26.91
116.23 80.00 32.78 27.32
115.24 79.80 33.27 27.73
114.99 79.59 33.77 28.14
113.97 78.74 34.28 28.57
114.49 78.52 34.79 28.99
114.23 77.65 35.32 29.43
113.96 77.43 35.85 29.87
113.69 77.20 36.38 30.32
114.25 76.29 36.93 30.77
113.97 76.76 37.48 31.24
114.54 75.81 38.05 31.70
114.26 76.29 38.62 32.18
113.09 76.05 39.20 32.66
111.65 76.29 38.62 32.18
111.36 76.78 39.20 32.66
111.65 77.03 38.62 32.18
111.08 77.26 38.05 31.70
110.80 77.03 38.62 32.18
110.51 76.78 39.20 32.66
111.10 76.54 39.78 33.15
109.90 77.04 40.38 33.65
110.52 76.03 40.99 34.15
110.21 76.55 41.60 34.67
109.90 76.29 42.22 35.19
109.58 76.02 42.86 35.71
109.90 76.29 42.22 35.19
109.58 76.02 42.86 35.71
108.28 76.57 43.50 36.25
107.96 76.30 44.15 36.79
107.63 76.02 44.82 37.35
107.29 76.59 45.49 37.91
105.92 77.17 46.17 38.47
105.57 76.00 46.86 39.05
104.15 76.60 47.57 39.64
103.80 75.40 48.28 40.23
102.34 74.18 49.00 40.84
100.85 72.95 49.74 41.45
100.12 72.34 49.00 40.84
98.64 72.03 49.74 41.45
98.27 71.72 50.48 42.07
96.74 71.41 51.24 42.70
95.19 72.06 52.01 43.34
93.62 71.73 52.79 43.99
92.02 72.40 53.58 44.65
90.40 72.07 54.39 45.32
88.76 71.73 55.20 46.00
87.95 72.07 54.39 45.32
86.31 71.73 55.20 46.00
84.64 72.43 56.03 46.69
82.94 72.08 56.87 47.39
81.22 71.72 57.72 48.10
79.48 71.36 58.59 48.82
77.71 72.11 59.47 49.56
75.91 71.73 60.36 50.30
74.08 71.36 61.27 51.05
71.83 71.73 60.36 50.30
70.01 71.36 61.27 51.05
68.15 72.14 62.18 51.82
66.27 71.75 63.12 52.60
64.37 71.35 64.06 53.39
60.97 70.95 65.02 54.19
59.01 70.55 66.00 55.00
57.01 70.13 66.99 55.83
54.55 70.55 66.00 55.00
52.55 70.13 66.99 55.83
50.53 69.71 67.99 56.66
48.47 68.00 69.01 57.51
46.38 67.57 70.05 58.37
42.67 67.13 71.10 59.25
40.52 66.69 72.17 60.14
38.34 66.24 73.25 61.04
34.46 67.17 74.35 61.96
32.21 66.70 75.46 62.89
29.93 66.23 76.60 63.83
25.87 67.20 77.74 64.79
23.52 66.72 78.91 65.76
21.14 66.22 80.09 66.75
18.72 65.72 81.30 67.75
14.41 65.21 82.52 68.76
11.91 64.70 83.75 69.79
9.38 64.18 85.01 70.84
6.81 65.25 86.28 71.90
2.24 64.72 87.58 72.98
-0.41 62.51 88.89 74.08
-1.71 63.06 87.58 72.98
-3.00 63.60 86.28 71.90
-4.26 64.13 85.01 70.84
-8.77 63.60 86.28 71.90
-8.13 64.13 85.01 70.84
-12.63 65.21 86.28 71.90
-13.90 65.74 85.01 70.84
-18.40 65.21 86.28 71.90
-21.01 64.67 87.58 72.98
-22.30 66.82 86.28 71.90
-26.87 66.28 87.58 72.98
-28.15 66.82 86.28 71.90
-32.72 66.28 87.58 72.98
-37.36 65.73 88.89 74.08
-7.28 74.45 87.58 72.98
-1.96 73.90 88.89 74.08
-4.65 73.35 90.23 75.19
-9.43 74.49 91.58 76.32
-8.03 73.92 92.95 77.46
-9.40 74.49 91.58 76.32
-6.70 76.74 90.23 75.19
-0.06 78.96 88.89 74.08
2.56 81.14 87.58 72.98
1.90 82.25 88.89 74.08
0.60 84.43 87.58 72.98
-2.05 85.55 88.89 74.08
-4.74 84.99 90.23 75.19
-7.47 86.14 91.58 76.32
-6.07 87.30 92.95 77.46
-4.66 88.48 94.35 78.62
-5.36 89.68 95.76 79.80
-3.91 89.08 97.20 81.00
-2.42 90.31 98.66 82.21
-3.16 93.43 100.14 83.45
-6.19 94.71 101.64 84.70
-4.64 97.92 103.16 85.97
-5.42 101.19 104.71 87.26
-8.58 104.50 106.28 88.57
-7.80 111.02 104.71 87.26
-8.58 118.30 106.28 88.57
-5.45 126.77 104.71 87.26
-4.68 135.12 103.16 85.97
-5.45 144.25 104.71 87.26
-3.86 155.50 106.28 88.57
-3.07 173.74 104.71 87.26
-2.30 184.02 103.16 85.97
-3.07 183.37 104.71 87.26
-2.30 184.02 103.16 85.97
-3.81 184.65 101.64 84.70
-2.26 184.02 103.16 85.97
-3.78 184.65 101.64 84.70
-2.23 184.02 103.16 85.97
-3.00 183.37 104.71 87.26
-2.23 184.02 103.16 85.97
-3.74 184.65 101.64 84.70
-2.20 184.02 103.16 85.97
-2.97 183.37 104.71 87.26
-2.20 184.02 103.16 85.97
-2.97 183.37 104.71 87.26
-2.20 184.02 103.16 85.97
-3.71 184.65 101.64 84.70
-2.16 184.02 103.16 85.97
-2.94 183.37 104.71 87.26
-2.16 184.02 103.16 85.97
-2.94 183.37 104.71 87.26
-2.16 185.94 103.16 85.97
-3.68 186.58 101.64 84.70
0.18 184.02 103.16 85.97
-3.61 186.55 101.64 84.70
-2.06 185.91 103.16 85.97
-3.57 186.55 101.64 84.70
-2.02 185.91 103.16 85.97
-3.54 186.55 101.64 84.70
-1.99 185.91 103.16 85.97
-2.76 185.27 104.71 87.26
-1.99 187.84 103.16 85.97
-2.76 183.28 104.71 87.26
-3.55 182.63 106.28 88.57
-2.76 185.24 104.71 87.26
-1.17 182.60 106.28 88.57
-2.73 185.21 104.71 87.26
-3.51 184.56 106.28 88.57
-1.90 183.89 107.88 89.90
-2.70 183.22 109.49 91.24
-1.90 181.88 107.88 89.90
-2.70 181.20 109.49 91.24
-1.04 180.52 111.14 92.61
-4.40 179.82 112.80 94.00
-2.68 181.26 114.50 95.41
-3.54 180.54 116.21 96.84
-2.68 181.26 114.50 95.41
-4.36 184.07 112.80 94.00
-0.08 179.09 114.50 95.41
-3.54 180.54 116.21 96.84
-2.68 181.26 114.50 95.41
-3.54 178.37 116.21 96.84
-2.68 179.09 114.50 95.41
-3.54 180.54 116.21 96.84
-2.68 181.26 114.50 95.41
-4.36 179.86 112.80 94.00
-2.64 181.29 114.50 95.41
-3.50 180.57 116.21 96.84
-4.37 179.85 117.96 98.30
-2.57 176.87 119.73 99.77
-3.47 176.13 121.52 101.27
-4.38 175.37 123.34 102.79
-3.47 176.13 121.52 101.27
-4.38 175.37 123.34 102.79
-2.50 174.60 125.19 104.33
-3.44 173.81 127.07 105.89
-2.50 176.93 125.19 104.33
-1.58 175.40 123.34 102.79
-2.50 174.63 125.19 104.33
-4.34 175.40 123.34 102.79
-2.46 172.29 125.19 104.33
-3.40 171.51 127.07 105.89
-4.35 173.12 128.98 107.48
-0.55 173.92 127.07 105.89
-4.40 173.12 128.98 107.48
-3.44 173.92 127.07 105.89
-4.40 173.12 128.98 107.48
-2.43 172.32 130.91 109.09
-4.35 173.12 128.98 107.48
-3.40 173.92 127.07 105.89
-2.46 174.70 125.19 104.33
-3.40 173.92 127.07 105.89
-2.46 174.70 125.19 104.33
-4.30 175.47 123.34 102.79
-3.39 176.23 121.52 101.27
-2.49 176.98 119.73 99.77
-3.39 176.23 121.52 101.27
-4.30 175.47 123.34 102.79
-3.39 176.23 121.52 101.27
-4.30 175.47 123.34 102.79
-2.42 174.70 125.19 104.33
-3.36 173.92 127.07 105.89
-4.31 173.12 128.98 107.48
-3.36 173.92 127.07 105.89
-2.42 174.70 125.19 104.33
-4.26 175.47 123.34 102.79
-2.38 174.70 125.19 104.33
-4.22 175.47 123.34 102.79
-3.31 178.50 121.52 101.27
-2.41 179.25 119.73 99.77
-3.31 178.50 121.52 101.27
-2.41 179.25 119.73 99.77
-3.31 176.23 121.52 101.27
-4.22 175.47 123.34 102.79
-2.34 172.36 125.19 104.33
-3.28 171.58 127.07 105.89
-2.34 172.36 125.19 104.33
-3.28 173.95 127.07 105.89
-2.34 174.74 125.19 104.33
-4.18 175.51 123.34 102.79
-2.30 174.74 125.19 104.33
-3.23 173.95 127.07 105.89
-2.30 174.74 125.19 104.33
-4.13 175.51 123.34 102.79
-3.22 176.27 121.52 101.27
-2.32 177.01 119.73 99.77
-3.22 176.27 121.52 101.27
-2.32 177.01 119.73 99.77
-3.22 176.27 121.52 101.27
-2.32 177.01 119.73 99.77
-3.22 176.27 121.52 101.27
-4.13 175.51 123.34 102.79
-2.25 172.40 125.19 104.33
-3.19 171.62 127.07 105.89
-2.25 172.40 125.19 104.33
-3.19 173.99 127.07 105.89
-4.15 173.19 128.98 107.48
-5.11 172.39 130.91 109.09
-3.12 171.57 132.88 110.73
-4.12 170.74 134.87 112.39
-3.12 171.57 132.88 110.73
-4.12 170.74 134.87 112.39
-3.12 171.57 132.88 110.73
-4.12 170.74 134.87 112.39
-3.12 171.57 132.88 110.73
-4.12 170.74 134.87 112.39
-5.13 169.90 136.89 114.08
-3.04 169.04 138.95 115.79
-4.08 168.17 141.03 117.53
-5.14 164.62 143.15 119.29
-2.96 163.72 145.29 121.08
-4.05 162.82 147.47 122.89
-2.96 163.72 145.29 121.08
-4.05 162.82 147.47 122.89
-2.96 163.72 145.29 121.08
-5.09 164.62 143.15 119.29
-2.91 163.72 145.29 121.08
