76.00 79.00 64.00 52.00
75.52 77.43 64.96 52.78
76.00 78.98 64.00 52.00
75.52 78.59 64.96 52.78
74.57 77.82 64.00 52.00
74.09 78.61 64.96 52.78
74.57 77.84 64.00 52.00
74.09 77.45 64.96 52.78
74.57 77.84 64.00 52.00
74.09 77.45 64.96 52.78
74.57 77.84 64.00 52.00
74.09 77.45 64.96 52.78
74.57 76.67 64.00 52.00
74.09 76.28 64.96 52.78
74.57 76.67 64.00 52.00
74.09 76.28 64.96 52.78
73.60 75.88 65.93 53.57
74.09 76.28 64.96 52.78
74.57 75.51 64.00 52.00
74.09 76.30 64.96 52.78
73.60 75.90 65.93 53.57
74.09 76.30 64.96 52.78
74.57 76.69 64.00 52.00
75.04 75.92 63.05 51.23
74.57 76.71 64.00 52.00
74.09 76.32 64.96 52.78
74.57 76.71 64.00 52.00
74.09 76.32 64.96 52.78
74.57 76.71 64.00 52.00
74.09 77.50 64.96 52.78
74.57 76.72 64.00 52.00
74.09 77.51 64.96 52.78
74.57 77.90 64.00 52.00
74.09 77.51 64.96 52.78
74.57 79.07 64.00 52.00
74.09 77.50 64.96 52.78
74.57 77.89 64.00 52.00
74.09 77.50 64.96 52.78
74.57 77.89 64.00 52.00
75.04 78.27 63.05 51.23
74.57 76.72 64.00 52.00
74.09 77.51 64.96 52.78
74.57 76.74 64.00 52.00
74.09 77.53 64.96 52.78
74.57 76.76 64.00 52.00
75.04 77.14 63.05 51.23
74.57 76.76 64.00 52.00
75.04 77.14 63.05 51.23
74.57 76.76 64.00 52.00
75.04 77.14 63.05 51.23
74.57 76.76 64.00 52.00
75.04 77.14 63.05 51.23
74.57 76.76 64.00 52.00
75.04 77.14 63.05 51.23
75.51 77.52 62.12 50.47
75.96 77.89 61.20 49.73
75.51 77.52 62.12 50.47
75.04 78.29 63.05 51.23
75.51 77.54 62.12 50.47
75.96 77.91 61.20 49.73
75.51 77.54 62.12 50.47
75.04 77.16 63.05 51.23
75.51 76.41 62.12 50.47
75.04 77.18 63.05 51.23
74.11 77.55 62.12 50.47
73.65 77.18 63.05 51.23
74.11 77.55 62.12 50.47
74.57 76.81 61.20 49.73
74.11 76.44 62.12 50.47
73.65 76.06 63.05 51.23
73.17 75.68 64.00 52.00
72.69 76.47 64.96 52.78
73.17 75.69 64.00 52.00
72.69 75.30 64.96 52.78
73.17 75.69 64.00 52.00
71.24 75.30 64.96 52.78
71.72 75.69 64.00 52.00
72.19 74.93 63.05 51.23
72.66 75.31 62.12 50.47
73.12 75.68 61.20 49.73
72.66 75.31 62.12 50.47
73.12 74.57 61.20 49.73
71.27 74.20 62.12 50.47
73.10 75.68 61.20 49.73
72.64 75.31 62.12 50.47
73.10 75.68 61.20 49.73
71.25 75.31 62.12 50.47
71.71 75.68 61.20 49.73
71.25 75.31 62.12 50.47
70.78 74.93 63.05 51.23
71.25 75.31 62.12 50.47
71.71 75.68 61.20 49.73
71.25 75.31 62.12 50.47
71.71 76.80 61.20 49.73
71.25 76.42 62.12 50.47
71.71 76.80 61.20 49.73
71.25 76.42 62.12 50.47
71.71 76.80 61.20 49.73
71.25 76.42 62.12 50.47
71.71 75.68 61.20 49.73
69.85 76.44 62.12 50.47
71.68 75.70 61.20 49.73
71.23 75.33 62.12 50.47
71.68 74.59 61.20 49.73
69.83 75.34 62.12 50.47
70.29 74.60 61.20 49.73
69.83 74.23 62.12 50.47
70.29 74.60 61.20 49.73
70.75 74.97 60.30 48.99
71.19 75.33 59.41 48.27
70.75 74.97 60.30 48.99
71.19 74.25 59.41 48.27
72.10 73.89 60.30 48.99
70.27 73.52 61.20 49.73
72.08 73.89 60.30 48.99
71.62 73.52 61.20 49.73
72.08 72.79 60.30 48.99
71.62 73.54 61.20 49.73
72.08 73.91 60.30 48.99
70.25 73.54 61.20 49.73
72.06 73.91 60.30 48.99
72.50 73.19 59.41 48.27
72.06 73.92 60.30 48.99
71.60 73.55 61.20 49.73
71.14 73.18 62.12 50.47
71.60 73.55 61.20 49.73
70.71 73.92 60.30 48.99
70.25 74.67 61.20 49.73
70.71 75.04 60.30 48.99
70.25 75.78 61.20 49.73
72.06 76.15 60.30 48.99
71.17 77.59 59.41 48.27
70.73 77.23 60.30 48.99
72.50 77.59 59.41 48.27
72.06 77.23 60.30 48.99
72.50 78.67 59.41 48.27
72.06 79.41 60.30 48.99
72.50 78.69 59.41 48.27
72.06 79.43 60.30 48.99
72.50 79.79 59.41 48.27
72.06 78.33 60.30 48.99
72.50 78.69 59.41 48.27
72.06 78.33 60.30 48.99
71.60 79.07 61.20 49.73
72.06 79.44 60.30 48.99
71.60 80.19 61.20 49.73
72.06 80.56 60.30 48.99
71.60 79.07 61.20 49.73
72.06 79.44 60.30 48.99
71.60 77.96 61.20 49.73
72.06 78.33 60.30 48.99
71.60 76.85 61.20 49.73
72.54 76.47 62.12 50.47
73.00 74.62 61.20 49.73
73.45 74.99 60.30 48.99
73.00 73.50 61.20 49.73
73.45 73.87 60.30 48.99
73.00 72.39 61.20 49.73
73.45 72.76 60.30 48.99
73.00 72.39 61.20 49.73
73.45 72.76 60.30 48.99
73.00 72.39 61.20 49.73
73.45 72.76 60.30 48.99
73.00 71.28 61.20 49.73
73.45 71.64 60.30 48.99
73.00 71.28 61.20 49.73
73.45 71.64 60.30 48.99
73.00 71.28 61.20 49.73
73.45 71.64 60.30 48.99
73.00 72.39 61.20 49.73
73.45 72.76 60.30 48.99
73.00 73.50 61.20 49.73
73.45 73.87 60.30 48.99
73.00 73.50 61.20 49.73
73.45 73.87 60.30 48.99
73.00 73.50 61.20 49.73
73.45 73.87 60.30 48.99
73.00 72.39 61.20 49.73
73.45 72.76 60.30 48.99
73.00 72.39 61.20 49.73
72.54 72.02 62.12 50.47
73.00 72.39 61.20 49.73
73.45 72.76 60.30 48.99
73.00 73.50 61.20 49.73
73.45 73.87 60.30 48.99
73.00 73.50 61.20 49.73
72.54 74.26 62.12 50.47
73.00 74.64 61.20 49.73
72.54 74.26 62.12 50.47
72.07 75.03 63.05 51.23
72.54 74.28 62.12 50.47
73.00 74.65 61.20 49.73
72.54 74.28 62.12 50.47
72.07 72.75 63.05 51.23
72.54 74.26 62.12 50.47
72.07 73.88 63.05 51.23
72.54 73.13 62.12 50.47
73.00 73.50 61.20 49.73
72.54 72.00 62.12 50.47
70.66 71.62 63.05 51.23
71.12 72.00 62.12 50.47
71.58 72.37 61.20 49.73
71.12 72.00 62.12 50.47
70.66 70.48 63.05 51.23
71.12 71.98 62.12 50.47
71.58 72.36 61.20 49.73
71.12 71.98 62.12 50.47
71.58 72.36 61.20 49.73
71.12 71.98 62.12 50.47
70.66 71.61 63.05 51.23
70.18 71.22 64.00 52.00
70.66 72.75 63.05 51.23
70.18 73.53 64.00 52.00
69.70 73.14 64.96 52.78
70.18 73.53 64.00 52.00
69.70 73.14 64.96 52.78
70.18 73.53 64.00 52.00
68.25 73.14 64.96 52.78
68.73 73.53 64.00 52.00
68.25 73.14 64.96 52.78
68.73 73.53 64.00 52.00
68.25 73.14 64.96 52.78
68.73 73.53 64.00 52.00
69.20 73.92 63.05 51.23
68.73 73.53 64.00 52.00
66.79 73.14 64.96 52.78
67.27 73.53 64.00 52.00
67.75 75.07 63.05 51.23
67.27 73.52 64.00 52.00
66.79 71.94 64.96 52.78
67.27 72.33 64.00 52.00
66.79 71.94 64.96 52.78
67.27 71.17 64.00 52.00
66.79 70.78 64.96 52.78
67.27 71.17 64.00 52.00
66.34 71.55 63.05 51.23
65.86 71.17 64.00 52.00
65.38 70.78 64.96 52.78
65.86 70.00 64.00 52.00
65.38 70.80 64.96 52.78
64.90 70.40 65.93 53.57
65.38 70.80 64.96 52.78
65.86 71.19 64.00 52.00
65.38 70.80 64.96 52.78
63.42 70.40 65.93 53.57
63.91 69.61 64.96 52.78
64.39 70.00 64.00 52.00
63.91 68.43 64.96 52.78
64.39 69.99 64.00 52.00
64.86 70.37 63.05 51.23
64.39 69.99 64.00 52.00
63.91 68.42 64.96 52.78
63.42 68.02 65.93 53.57
62.45 68.42 64.96 52.78
64.36 68.81 64.00 52.00
62.43 68.42 64.96 52.78
62.91 68.81 64.00 52.00
62.43 68.42 64.96 52.78
62.91 68.81 64.00 52.00
62.43 68.42 64.96 52.78
62.91 68.81 64.00 52.00
62.43 68.42 64.96 52.78
61.94 69.22 65.93 53.57
61.45 68.82 66.92 54.38
61.94 69.22 65.93 53.57
62.43 70.80 64.96 52.78
62.91 71.19 64.00 52.00
62.43 71.98 64.96 52.78
61.94 71.58 65.93 53.57
62.43 71.98 64.96 52.78
64.34 71.20 64.00 52.00
64.82 71.59 63.05 51.23
64.34 70.04 64.00 52.00
64.82 71.57 63.05 51.23
64.34 71.19 64.00 52.00
64.82 72.72 63.05 51.23
64.34 73.50 64.00 52.00
63.86 73.11 64.96 52.78
63.38 73.91 65.93 53.57
65.32 74.31 64.96 52.78
65.80 74.70 64.00 52.00
66.27 75.08 63.05 51.23
66.74 75.46 62.12 50.47
66.27 75.08 63.05 51.23
66.74 75.46 62.12 50.47
66.27 73.94 63.05 51.23
66.74 74.32 62.12 50.47
66.27 72.79 63.05 51.23
67.23 72.40 64.00 52.00
67.70 72.79 63.05 51.23
68.17 72.04 62.12 50.47
67.70 72.81 63.05 51.23
68.17 72.05 62.12 50.47
68.63 72.43 61.20 49.73
68.17 70.92 62.12 50.47
67.70 70.54 63.05 51.23
69.56 70.92 62.12 50.47
70.02 71.30 61.20 49.73
70.47 71.66 60.30 48.99
70.02 71.30 61.20 49.73
70.47 71.66 60.30 48.99
70.02 71.30 61.20 49.73
70.47 72.76 60.30 48.99
71.39 72.39 61.20 49.73
71.84 73.86 60.30 48.99
71.39 73.49 61.20 49.73
70.93 73.12 62.12 50.47
72.76 73.49 61.20 49.73
72.30 73.12 62.12 50.47
72.76 73.49 61.20 49.73
73.21 73.86 60.30 48.99
72.76 72.38 61.20 49.73
73.21 72.74 60.30 48.99
72.76 72.38 61.20 49.73
74.57 71.65 60.30 48.99
74.11 71.28 61.20 49.73
74.57 72.74 60.30 48.99
74.11 72.38 61.20 49.73
74.57 73.84 60.30 48.99
75.01 74.20 59.41 48.27
75.92 73.84 60.30 48.99
76.36 74.20 59.41 48.27
75.92 73.84 60.30 48.99
76.36 74.20 59.41 48.27
76.80 75.63 58.53 47.56
77.69 75.27 59.41 48.27
78.13 75.63 58.53 47.56
77.69 75.27 59.41 48.27
78.13 76.69 58.53 47.56
77.69 76.33 59.41 48.27
78.13 76.69 58.53 47.56
79.02 76.33 59.41 48.27
79.46 76.69 58.53 47.56
79.02 76.33 59.41 48.27
79.46 76.69 58.53 47.56
79.89 77.04 57.67 46.85
79.46 76.69 58.53 47.56
79.89 77.04 57.67 46.85
79.46 76.69 58.53 47.56
79.89 77.04 57.67 46.85
79.46 74.56 58.53 47.56
81.19 74.91 57.67 46.85
79.44 73.50 58.53 47.56
81.17 72.80 57.67 46.85
80.73 71.38 58.53 47.56
81.17 71.73 57.67 46.85
81.59 71.04 56.81 46.16
81.17 71.75 57.67 46.85
81.59 72.09 56.81 46.16
81.17 72.80 57.67 46.85
80.73 72.45 58.53 47.56
81.17 74.90 57.67 46.85
80.73 75.61 58.53 47.56
81.17 75.96 57.67 46.85
80.73 75.61 58.53 47.56
81.17 74.91 57.67 46.85
81.59 76.29 56.81 46.16
83.27 76.63 55.97 45.48
82.85 78.36 56.81 46.16
83.27 79.72 55.97 45.48
82.85 79.38 56.81 46.16
82.01 80.74 55.97 45.48
81.59 79.36 56.81 46.16
82.01 78.69 55.97 45.48
81.59 77.31 56.81 46.16
82.01 76.63 55.97 45.48
81.59 75.26 56.81 46.16
82.01 75.60 55.97 45.48
81.59 76.29 56.81 46.16
82.01 76.63 55.97 45.48
81.59 76.29 56.81 46.16
82.01 77.65 55.97 45.48
81.59 77.31 56.81 46.16
82.01 77.65 55.97 45.48
81.59 76.28 56.81 46.16
82.01 76.62 55.97 45.48
81.59 76.28 56.81 46.16
82.01 77.64 55.97 45.48
82.87 77.30 56.81 46.16
82.03 77.64 55.97 45.48
83.68 78.98 55.15 44.81
83.27 77.62 55.97 45.48
82.85 77.28 56.81 46.16
82.42 76.93 57.67 46.85
84.12 76.25 56.81 46.16
83.69 76.95 57.67 46.85
83.26 77.66 58.53 47.56
82.82 77.31 59.41 48.27
83.26 77.66 58.53 47.56
82.82 78.39 59.41 48.27
82.38 78.03 60.30 48.99
81.92 78.77 61.20 49.73
81.47 77.27 62.12 50.47
81.92 77.64 61.20 49.73
82.38 78.01 60.30 48.99
82.82 77.29 59.41 48.27
83.73 76.93 60.30 48.99
82.84 76.21 59.41 48.27
82.40 76.94 60.30 48.99
83.32 76.58 61.20 49.73
82.42 76.94 60.30 48.99
81.96 77.69 61.20 49.73
82.42 79.16 60.30 48.99
82.86 79.52 59.41 48.27
83.30 79.87 58.53 47.56
83.73 79.18 57.67 46.85
84.16 79.52 56.81 46.16
84.58 78.85 55.97 45.48
84.16 79.54 56.81 46.16
83.73 79.19 57.67 46.85
84.16 79.54 56.81 46.16
83.73 79.19 57.67 46.85
84.16 79.54 56.81 46.16
83.73 79.19 57.67 46.85
82.89 79.54 56.81 46.16
82.46 79.19 57.67 46.85
84.16 79.54 56.81 46.16
83.73 79.19 57.67 46.85
83.30 78.84 58.53 47.56
82.86 78.48 59.41 48.27
82.42 79.22 60.30 48.99
82.86 79.58 59.41 48.27
82.42 79.22 60.30 48.99
81.96 78.85 61.20 49.73
81.51 78.48 62.12 50.47
81.04 78.10 63.05 51.23
81.51 78.48 62.12 50.47
81.04 78.10 63.05 51.23
81.51 77.35 62.12 50.47
81.96 77.72 61.20 49.73
81.51 77.35 62.12 50.47
81.96 76.61 61.20 49.73
81.51 76.23 62.12 50.47
81.04 75.86 63.05 51.23
81.51 76.23 62.12 50.47
80.59 76.61 61.20 49.73
80.13 77.36 62.12 50.47
79.67 78.13 63.05 51.23
79.20 78.91 64.00 52.00
79.67 78.15 63.05 51.23
80.13 78.53 62.12 50.47
79.22 78.90 61.20 49.73
79.67 79.27 60.30 48.99
80.12 79.63 59.41 48.27
80.56 78.92 58.53 47.56
80.99 79.28 57.67 46.85
81.42 79.62 56.81 46.16
81.84 79.96 55.97 45.48
82.69 78.59 56.81 46.16
83.11 78.93 55.97 45.48
82.69 78.59 56.81 46.16
83.11 77.91 55.97 45.48
83.96 76.53 56.81 46.16
84.38 76.88 55.97 45.48
84.80 76.21 55.15 44.81
85.64 75.87 55.97 45.48
85.22 75.53 56.81 46.16
86.89 75.87 55.97 45.48
86.47 75.53 56.81 46.16
86.89 76.89 55.97 45.48
86.47 76.55 56.81 46.16
88.14 76.89 55.97 45.48
87.72 76.55 56.81 46.16
88.14 77.91 55.97 45.48
89.00 76.53 56.81 46.16
89.42 75.86 55.97 45.48
89.83 76.19 55.15 44.81
90.67 75.86 55.97 45.48
91.08 77.20 55.15 44.81
90.67 76.86 55.97 45.48
90.25 76.52 56.81 46.16
91.92 76.86 55.97 45.48
91.50 77.55 56.81 46.16
91.92 77.89 55.97 45.48
91.50 77.55 56.81 46.16
93.18 78.91 55.97 45.48
92.76 77.54 56.81 46.16
93.18 78.90 55.97 45.48
92.76 78.56 56.81 46.16
94.43 77.88 55.97 45.48
94.01 77.54 56.81 46.16
94.43 77.88 55.97 45.48
94.01 77.54 56.81 46.16
95.69 78.90 55.97 45.48
95.27 79.59 56.81 46.16
95.69 80.95 55.97 45.48
95.27 81.64 56.81 46.16
95.69 81.98 55.97 45.48
95.27 80.61 56.81 46.16
96.94 81.97 55.97 45.48
96.52 80.59 56.81 46.16
96.94 80.94 55.97 45.48
96.52 80.59 56.81 46.16
98.19 80.94 55.97 45.48
97.77 79.56 56.81 46.16
98.19 79.90 55.97 45.48
99.84 80.24 55.15 44.81
99.43 78.88 55.97 45.48
101.08 79.22 55.15 44.81
100.66 78.88 55.97 45.48
101.08 80.22 55.15 44.81
101.92 78.87 55.97 45.48
102.77 78.53 56.81 46.16
103.19 77.85 55.97 45.48
104.84 78.18 55.15 44.81
105.68 76.83 55.97 45.48
107.33 77.17 55.15 44.81
108.17 75.81 55.97 45.48
109.82 76.15 55.15 44.81
110.66 75.81 55.97 45.48
111.07 76.15 55.15 44.81
111.91 75.81 55.97 45.48
113.56 77.15 55.15 44.81
113.15 76.81 55.97 45.48
114.80 78.15 55.15 44.81
115.64 77.82 55.97 45.48
117.29 78.15 55.15 44.81
118.13 77.82 55.97 45.48
119.77 78.15 55.15 44.81
120.61 76.80 55.97 45.48
122.26 77.14 55.15 44.81
121.85 75.78 55.97 45.48
123.50 75.11 55.15 44.81
124.34 74.78 55.97 45.48
125.99 74.11 55.15 44.81
126.83 74.79 55.97 45.48
128.48 74.12 55.15 44.81
129.32 73.79 55.97 45.48
130.97 74.12 55.15 44.81
131.37 74.46 54.33 44.14
132.97 74.78 53.53 43.49
135.73 75.10 52.74 42.85
136.54 74.78 53.53 43.49
136.93 76.06 52.74 42.85
138.93 75.74 53.53 43.49
139.33 76.06 52.74 42.85
141.33 74.77 53.53 43.49
142.91 76.05 52.74 42.85
143.71 76.70 53.53 43.49
144.11 77.02 52.74 42.85
144.91 77.68 53.53 43.49
146.49 78.00 52.74 42.85
147.29 76.70 53.53 43.49
148.87 76.06 52.74 42.85
149.67 75.74 53.53 43.49
151.25 76.06 52.74 42.85
152.05 75.74 53.53 43.49
152.45 76.06 52.74 42.85
153.25 76.72 53.53 43.49
154.83 77.04 52.74 42.85
155.63 77.69 53.53 43.49
157.21 78.97 52.74 42.85
158.01 79.62 53.53 43.49
158.41 80.91 52.74 42.85
159.21 80.58 53.53 43.49
160.79 81.87 52.74 42.85
161.59 81.54 53.53 43.49
163.17 81.87 52.74 42.85
165.89 82.18 51.96 42.22
165.50 80.91 52.74 42.85
165.10 80.58 53.53 43.49
167.86 80.91 52.74 42.85
168.25 81.22 51.96 42.22
169.04 80.91 52.74 42.85
169.43 81.22 51.96 42.22
170.22 80.91 52.74 42.85
171.78 80.28 51.96 42.22
171.39 79.96 52.74 42.85
172.94 79.33 51.96 42.22
172.55 79.01 52.74 42.85
173.35 78.69 53.53 43.49
173.75 78.05 52.74 42.85
174.55 78.71 53.53 43.49
174.95 78.07 52.74 42.85
176.50 78.39 51.96 42.22
176.11 78.07 52.74 42.85
176.91 77.75 53.53 43.49
177.31 78.07 52.74 42.85
178.11 77.75 53.53 43.49
178.51 78.07 52.74 42.85
179.31 77.75 53.53 43.49
179.71 79.03 52.74 42.85
181.26 78.40 51.96 42.22
180.87 79.04 52.74 42.85
181.68 78.72 53.53 43.49
182.07 79.04 52.74 42.85
183.62 79.36 51.96 42.22
183.24 78.08 52.74 42.85
184.79 78.40 51.96 42.22
184.40 78.08 52.74 42.85
185.20 77.76 53.53 43.49
185.60 77.12 52.74 42.85
186.40 76.80 53.53 43.49
186.80 77.12 52.74 42.85
187.60 76.80 53.53 43.49
188.00 77.12 52.74 42.85
187.60 76.80 53.53 43.49
188.00 77.12 52.74 42.85
188.80 76.80 53.53 43.49
189.20 78.08 52.74 42.85
188.80 77.76 53.53 43.49
190.38 78.08 52.74 42.85
189.98 77.76 53.53 43.49
191.56 77.12 52.74 42.85
191.16 77.78 53.53 43.49
191.56 77.14 52.74 42.85
192.36 76.82 53.53 43.49
192.76 78.10 52.74 42.85
192.36 77.78 53.53 43.49
193.94 78.10 52.74 42.85
193.54 77.78 53.53 43.49
193.94 78.10 52.74 42.85
194.74 78.75 53.53 43.49
195.14 79.07 52.74 42.85
195.94 77.78 53.53 43.49
196.34 77.14 52.74 42.85
195.94 75.84 53.53 43.49
196.34 75.20 52.74 42.85
197.14 75.86 53.53 43.49
197.54 75.22 52.74 42.85
197.14 75.87 53.53 43.49
197.54 76.19 52.74 42.85
197.14 75.87 53.53 43.49
197.54 76.19 52.74 42.85
198.34 74.90 53.53 43.49
198.73 76.18 52.74 42.85
198.34 74.88 53.53 43.49
198.73 75.20 52.74 42.85
198.34 74.88 53.53 43.49
198.73 74.24 52.74 42.85
198.34 72.95 53.53 43.49
198.73 74.23 52.74 42.85
198.34 72.93 53.53 43.49
198.73 73.26 52.74 42.85
197.14 72.93 53.53 43.49
197.54 73.26 52.74 42.85
197.14 72.93 53.53 43.49
195.52 71.62 54.33 44.14
195.11 72.29 55.15 44.81
195.52 73.61 54.33 44.14
195.92 72.96 53.53 43.49
194.30 72.64 54.33 44.14
193.90 72.31 55.15 44.81
193.48 71.97 55.97 45.48
192.66 72.31 55.15 44.81
192.25 72.99 55.97 45.48
192.66 72.32 55.15 44.81
192.25 71.99 55.97 45.48
191.43 72.32 55.15 44.81
191.01 70.97 55.97 45.48
191.43 72.31 55.15 44.81
191.01 70.95 55.97 45.48
190.59 71.64 56.81 46.16
188.87 71.30 57.67 46.85
189.30 71.64 56.81 46.16
188.47 73.00 55.97 45.48
188.05 72.66 56.81 46.16
188.47 73.00 55.97 45.48
186.77 72.66 56.81 46.16
187.19 73.00 55.97 45.48
186.77 72.66 56.81 46.16
187.19 71.99 55.97 45.48
187.61 73.33 55.15 44.81
185.94 72.99 55.97 45.48
186.35 73.33 55.15 44.81
186.76 72.67 54.33 44.14
186.35 71.33 55.15 44.81
185.54 71.66 54.33 44.14
185.14 70.33 55.15 44.81
185.54 71.65 54.33 44.14
184.75 71.97 53.53 43.49
184.35 70.66 54.33 44.14
184.75 72.93 53.53 43.49
184.35 71.62 54.33 44.14
183.55 72.92 53.53 43.49
183.15 72.59 54.33 44.14
183.55 71.95 53.53 43.49
183.15 72.61 54.33 44.14
183.55 71.96 53.53 43.49
183.15 71.63 54.33 44.14
182.35 71.96 53.53 43.49
181.95 71.63 54.33 44.14
182.35 72.93 53.53 43.49
181.95 71.62 54.33 44.14
181.54 72.29 55.15 44.81
181.13 71.96 55.97 45.48
181.54 72.29 55.15 44.81
181.13 72.97 55.97 45.48
181.54 73.31 55.15 44.81
181.13 71.96 55.97 45.48
181.54 73.30 55.15 44.81
181.13 70.92 55.97 45.48
181.54 71.26 55.15 44.81
181.13 69.90 55.97 45.48
181.54 70.24 55.15 44.81
181.13 69.90 55.97 45.48
181.54 70.24 55.15 44.81
181.13 70.92 55.97 45.48
181.54 71.26 55.15 44.81
181.13 70.92 55.97 45.48
181.54 72.26 55.15 44.81
182.38 70.91 55.97 45.48
181.96 71.60 56.81 46.16
182.38 70.92 55.97 45.48
182.79 70.25 55.15 44.81
182.38 70.94 55.97 45.48
182.79 70.27 55.15 44.81
182.38 70.95 55.97 45.48
182.79 72.29 55.15 44.81
182.38 70.94 55.97 45.48
184.03 72.28 55.15 44.81
183.62 70.92 55.97 45.48
183.20 69.55 56.81 46.16
183.62 70.91 55.97 45.48
183.20 68.50 56.81 46.16
184.87 67.82 55.97 45.48
184.45 67.48 56.81 46.16
184.87 66.80 55.97 45.48
185.28 67.14 55.15 44.81
184.87 67.82 55.97 45.48
185.28 67.15 55.15 44.81
185.69 67.48 54.33 44.14
186.09 67.81 53.53 43.49
186.49 69.09 52.74 42.85
186.09 69.74 53.53 43.49
186.49 69.11 52.74 42.85
186.09 69.76 53.53 43.49
186.49 71.04 52.74 42.85
186.09 69.74 53.53 43.49
186.49 70.07 52.74 42.85
186.09 71.69 53.53 43.49
186.49 70.09 52.74 42.85
187.29 69.77 53.53 43.49
187.69 70.09 52.74 42.85
187.29 69.77 53.53 43.49
187.69 69.13 52.74 42.85
187.29 69.79 53.53 43.49
187.69 69.15 52.74 42.85
188.49 69.80 53.53 43.49
188.89 70.12 52.74 42.85
188.49 70.78 53.53 43.49
188.89 70.14 52.74 42.85
188.49 69.82 53.53 43.49
188.89 69.18 52.74 42.85
188.49 68.86 53.53 43.49
188.89 68.22 52.74 42.85
188.49 66.92 53.53 43.49
188.09 65.61 54.33 44.14
188.49 64.96 53.53 43.49
188.09 64.63 54.33 44.14
189.69 64.96 53.53 43.49
188.07 63.64 54.33 44.14
189.67 63.97 53.53 43.49
188.89 64.29 52.74 42.85
188.49 63.00 53.53 43.49
188.89 63.32 52.74 42.85
188.49 63.97 53.53 43.49
188.09 62.66 54.33 44.14
188.49 63.96 53.53 43.49
188.89 63.32 52.74 42.85
188.49 63.97 53.53 43.49
187.70 64.29 52.74 42.85
187.31 63.97 53.53 43.49
187.70 65.25 52.74 42.85
187.31 64.93 53.53 43.49
187.70 66.21 52.74 42.85
187.31 65.89 53.53 43.49
187.70 66.21 52.74 42.85
187.31 65.89 53.53 43.49
186.52 67.17 52.74 42.85
186.13 66.85 53.53 43.49
186.52 68.13 52.74 42.85
186.13 67.81 53.53 43.49
186.52 68.13 52.74 42.85
186.91 68.45 51.96 42.22
186.52 68.13 52.74 42.85
186.91 68.45 51.96 42.22
186.52 67.17 52.74 42.85
186.13 66.85 53.53 43.49
186.52 67.17 52.74 42.85
186.13 66.85 53.53 43.49
185.34 67.17 52.74 42.85
186.14 66.85 53.53 43.49
185.36 67.17 52.74 42.85
184.96 66.85 53.53 43.49
185.36 67.17 52.74 42.85
184.96 65.88 53.53 43.49
185.36 66.20 52.74 42.85
184.96 65.88 53.53 43.49
185.36 66.20 52.74 42.85
185.75 66.51 51.96 42.22
185.36 66.20 52.74 42.85
184.96 65.88 53.53 43.49
185.36 66.20 52.74 42.85
185.75 67.46 51.96 42.22
184.18 67.14 52.74 42.85
183.78 67.80 53.53 43.49
184.18 68.12 52.74 42.85
183.78 69.74 53.53 43.49
184.18 70.07 52.74 42.85
183.78 70.72 53.53 43.49
184.18 71.04 52.74 42.85
183.78 70.72 53.53 43.49
184.18 71.04 52.74 42.85
184.57 70.41 51.96 42.22
184.18 71.05 52.74 42.85
183.78 70.73 53.53 43.49
184.18 71.05 52.74 42.85
182.58 71.71 53.53 43.49
182.98 71.07 52.74 42.85
182.58 72.70 53.53 43.49
182.98 72.06 52.74 42.85
182.58 72.71 53.53 43.49
184.16 73.03 52.74 42.85
183.76 72.71 53.53 43.49
182.98 73.03 52.74 42.85
182.58 73.68 53.53 43.49
182.98 74.96 52.74 42.85
182.58 75.62 53.53 43.49
182.98 75.94 52.74 42.85
182.58 75.62 53.53 43.49
182.98 74.98 52.74 42.85
182.58 72.71 53.53 43.49
184.16 71.11 52.74 42.85
183.76 69.82 53.53 43.49
183.36 69.49 54.33 44.14
182.57 70.79 53.53 43.49
184.14 71.11 52.74 42.85
182.55 72.74 53.53 43.49
182.15 72.41 54.33 44.14
183.75 74.69 53.53 43.49
182.13 74.36 54.33 44.14
183.73 74.69 53.53 43.49
184.12 74.05 52.74 42.85
183.73 72.75 53.53 43.49
183.33 72.43 54.33 44.14
183.73 71.78 53.53 43.49
183.33 71.45 54.33 44.14
182.92 72.12 55.15 44.81
182.51 70.77 55.97 45.48
184.16 72.11 55.15 44.81
182.49 71.77 55.97 45.48
184.14 72.11 55.15 44.81
183.72 70.75 55.97 45.48
184.14 71.09 55.15 44.81
183.72 70.75 55.97 45.48
184.14 71.09 55.15 44.81
183.72 70.75 55.97 45.48
184.14 72.09 55.15 44.81
183.72 71.76 55.97 45.48
184.14 73.10 55.15 44.81
183.72 71.74 55.97 45.48
185.37 73.08 55.15 44.81
184.96 71.73 55.97 45.48
185.37 72.06 55.15 44.81
184.96 71.73 55.97 45.48
184.54 72.42 56.81 46.16
186.21 71.74 55.97 45.48
185.79 72.44 56.81 46.16
186.21 72.78 55.97 45.48
185.79 72.44 56.81 46.16
186.21 72.78 55.97 45.48
185.79 71.40 56.81 46.16
187.47 71.74 55.97 45.48
187.05 70.37 56.81 46.16
187.47 71.73 55.97 45.48
187.05 70.35 56.81 46.16
187.47 70.69 55.97 45.48
188.32 69.32 56.81 46.16
188.74 69.66 55.97 45.48
188.32 69.32 56.81 46.16
188.74 69.66 55.97 45.48
188.32 69.32 56.81 46.16
189.99 69.66 55.97 45.48
189.57 69.32 56.81 46.16
189.15 68.97 57.67 46.85
189.57 69.32 56.81 46.16
190.44 68.97 57.67 46.85
190.01 68.62 58.53 47.56
190.44 68.97 57.67 46.85
190.01 67.56 58.53 47.56
190.44 68.96 57.67 46.85
191.32 68.61 58.53 47.56
190.88 68.25 59.41 48.27
191.32 68.61 58.53 47.56
190.88 68.25 59.41 48.27
192.63 69.67 58.53 47.56
192.19 69.31 59.41 48.27
192.63 70.74 58.53 47.56
192.19 70.38 59.41 48.27
192.63 70.74 58.53 47.56
193.52 70.38 59.41 48.27
193.07 70.02 60.30 48.99
193.52 71.46 59.41 48.27
194.42 71.10 60.30 48.99
194.87 71.46 59.41 48.27
194.42 71.10 60.30 48.99
193.97 71.85 61.20 49.73
195.78 72.21 60.30 48.99
195.32 71.85 61.20 49.73
195.78 72.21 60.30 48.99
196.69 71.85 61.20 49.73
197.15 72.21 60.30 48.99
196.69 71.85 61.20 49.73
196.24 71.47 62.12 50.47
198.07 71.85 61.20 49.73
197.61 71.47 62.12 50.47
197.14 71.09 63.05 51.23
199.00 71.47 62.12 50.47
198.53 72.24 63.05 51.23
199.00 72.62 62.12 50.47
198.53 72.24 63.05 51.23
199.49 71.86 64.00 52.00
