144.00 63.00 57.00 89.00
144.42 63.66 56.16 87.68
144.00 63.00 57.00 89.00
144.42 63.66 56.16 87.68
144.00 63.00 57.00 89.00
144.42 63.66 56.16 87.68
144.00 63.00 57.00 89.00
144.42 63.66 56.16 87.68
144.00 63.00 57.00 89.00
144.42 63.66 56.16 87.68
144.00 63.00 57.00 89.00
144.42 63.66 56.16 87.68
144.00 63.00 57.00 89.00
144.42 63.66 56.16 87.68
144.00 63.00 57.00 89.00
144.42 63.66 56.16 87.68
144.00 63.00 57.00 89.00
144.42 63.66 56.16 87.68
144.00 63.00 57.00 89.00
144.42 63.66 56.16 87.68
144.00 63.00 57.00 89.00
144.42 63.66 56.16 87.68
144.00 63.00 57.00 89.00
144.42 63.66 56.16 87.68
144.00 63.00 57.00 89.00
144.42 63.66 56.16 87.68
144.00 63.00 57.00 89.00
144.42 63.66 56.16 87.68
144.00 63.00 57.00 89.00
144.42 63.66 56.16 87.68
144.00 63.00 57.00 89.00
144.42 63.66 56.16 87.68
144.00 63.00 57.00 89.00
144.42 63.66 56.16 87.68
144.00 63.00 57.00 89.00
144.42 63.66 56.16 87.68
144.84 64.31 55.33 86.39
144.42 63.66 56.16 87.68
143.60 64.31 55.33 86.39
143.18 63.66 56.16 87.68
143.60 64.31 55.33 86.39
143.18 63.66 56.16 87.68
143.60 62.37 55.33 86.39
143.18 61.72 56.16 87.68
143.60 62.37 55.33 86.39
143.18 61.72 56.16 87.68
143.60 62.37 55.33 86.39
143.18 63.69 56.16 87.68
142.76 63.03 57.00 89.00
143.18 63.69 56.16 87.68
142.76 63.03 57.00 89.00
142.33 62.36 57.86 90.33
141.90 61.68 58.72 91.69
142.33 62.36 57.86 90.34
141.90 61.68 58.72 91.69
142.33 62.36 57.86 90.34
141.90 61.68 58.72 91.69
141.46 61.00 59.60 93.07
141.90 61.68 58.72 91.69
141.46 61.00 59.60 93.07
141.90 61.68 58.72 91.69
141.46 61.00 59.60 93.07
141.90 61.68 58.72 91.69
142.33 62.36 57.86 90.34
141.90 61.68 58.72 91.69
141.46 61.00 59.60 93.07
141.01 60.30 60.50 94.46
140.56 59.59 61.41 95.88
140.10 58.87 62.33 97.32
140.56 59.59 61.41 95.88
140.10 58.87 62.33 97.32
140.56 59.59 61.41 95.88
141.01 60.30 60.50 94.46
140.56 59.59 61.41 95.88
140.10 58.87 62.33 97.32
140.56 59.59 61.41 95.88
140.10 58.87 62.33 97.32
140.56 59.59 61.41 95.88
140.10 58.87 62.33 97.32
140.56 59.59 61.41 95.88
140.10 58.87 62.33 97.32
140.56 59.59 61.41 95.88
140.10 58.87 62.33 97.32
140.56 59.59 61.41 95.88
140.10 58.87 62.33 97.32
140.56 59.59 61.41 95.88
140.10 58.87 62.33 97.32
140.56 59.59 61.41 95.88
141.01 60.30 60.50 94.46
140.56 59.59 61.41 95.88
141.01 60.30 60.50 94.46
140.56 59.59 61.41 95.88
141.01 60.30 60.50 94.46
140.56 59.59 61.41 95.88
140.10 58.87 62.33 97.32
140.56 59.59 61.41 95.88
140.10 58.87 62.33 97.32
140.56 59.59 61.41 95.88
140.10 58.87 62.33 97.32
140.56 59.59 61.41 95.88
140.10 58.87 62.33 97.32
140.56 59.59 61.41 95.88
140.10 58.87 62.33 97.32
140.56 59.59 61.41 95.88
140.10 58.87 62.33 97.32
140.56 59.59 61.41 95.88
141.01 60.30 60.50 94.46
141.46 61.00 59.60 93.07
141.01 60.30 60.50 94.46
141.46 58.91 59.60 93.07
141.01 58.21 60.50 94.46
140.56 57.51 61.41 95.88
141.01 58.21 60.50 94.46
141.46 58.91 59.60 93.07
141.01 58.21 60.50 94.46
141.46 58.91 59.60 93.07
141.01 58.21 60.50 94.46
141.46 58.91 59.60 93.07
141.01 60.33 60.50 94.46
141.46 58.94 59.60 93.07
141.01 58.24 60.50 94.46
141.46 58.94 59.60 93.07
141.01 58.24 60.50 94.46
140.12 58.94 59.60 93.07
136.97 58.24 60.50 94.46
135.14 59.68 61.41 95.88
131.88 56.79 62.33 97.32
127.17 58.27 63.26 98.78
122.38 57.53 64.21 100.26
118.60 58.27 63.26 98.78
113.48 59.00 62.33 97.32
109.82 59.72 61.41 95.88
106.21 60.43 60.50 94.46
100.25 59.72 61.41 95.88
97.00 59.00 62.33 97.32
96.53 58.27 63.26 98.78
97.00 59.00 62.33 97.32
97.46 59.72 61.41 95.88
97.00 59.00 62.33 97.32
97.46 59.72 61.41 95.88
97.00 59.00 62.33 97.32
97.46 59.72 61.41 95.88
97.00 59.00 62.33 97.32
96.53 58.27 63.26 98.78
97.00 59.00 62.33 97.32
97.46 59.72 61.41 95.88
97.91 60.43 60.50 94.46
99.69 61.12 59.60 93.07
99.25 60.43 60.50 94.46
99.69 63.21 59.60 93.07
99.25 62.51 60.50 94.46
99.69 63.21 59.60 93.07
99.25 62.51 60.50 94.46
99.69 63.21 59.60 93.07
99.25 62.51 60.50 94.46
99.69 63.21 59.60 93.07
99.25 62.51 60.50 94.46
99.69 63.21 59.60 93.07
99.25 62.51 60.50 94.46
99.69 63.21 59.60 93.07
99.25 62.51 60.50 94.46
99.69 63.21 59.60 93.07
99.25 62.51 60.50 94.46
99.69 63.21 59.60 93.07
99.25 62.51 60.50 94.46
99.69 63.21 59.60 93.07
99.25 62.51 60.50 94.46
98.79 61.80 61.41 95.88
96.94 58.90 62.33 97.32
96.02 59.62 61.41 95.88
96.47 60.33 60.50 94.46
96.92 61.03 59.60 93.07
96.47 60.33 60.50 94.46
96.92 61.03 59.60 93.07
96.47 62.45 60.50 94.46
96.92 63.14 59.60 93.07
96.47 62.45 60.50 94.46
96.92 63.14 59.60 93.07
96.47 62.45 60.50 94.46
98.26 65.23 59.60 93.07
97.81 64.53 60.50 94.46
98.26 65.23 59.60 93.07
97.81 64.53 60.50 94.46
98.26 65.23 59.60 93.07
97.81 64.53 60.50 94.46
95.98 63.82 61.41 95.88
92.73 63.10 62.33 97.32
88.01 64.59 63.26 98.78
85.68 65.32 62.33 97.32
82.38 64.59 63.26 98.78
79.03 63.85 64.21 100.26
75.63 63.09 65.17 101.76
71.80 63.85 64.21 100.26
66.60 66.80 63.26 98.78
61.81 66.06 64.21 100.26
59.45 66.80 63.26 98.78
57.54 66.06 64.21 100.26
54.14 65.31 65.17 101.76
53.18 66.06 64.21 100.26
50.82 66.80 63.26 98.78
49.90 69.71 62.33 97.32
46.59 68.98 63.26 98.78
47.06 69.71 62.33 97.32
46.59 68.98 63.26 98.78
45.66 69.71 62.33 97.32
46.13 70.43 61.41 95.88
44.27 69.71 62.33 97.32
43.80 68.98 63.26 98.78
44.27 69.71 62.33 97.32
43.80 68.98 63.26 98.78
44.27 69.71 62.33 97.32
43.80 68.98 63.26 98.78
44.27 69.71 62.33 97.32
43.80 68.98 63.26 98.78
44.27 69.71 62.33 97.32
43.80 68.98 63.26 98.78
44.27 69.71 62.33 97.32
44.73 70.43 61.41 95.88
44.27 69.71 62.33 97.32
43.80 68.98 63.26 98.78
44.27 69.71 62.33 97.32
44.73 70.43 61.41 95.88
44.27 69.71 62.33 97.32
44.73 70.43 61.41 95.88
44.27 69.71 62.33 97.32
44.73 70.43 61.41 95.88
44.27 69.71 62.33 97.32
43.80 68.98 63.26 98.78
44.27 69.71 62.33 97.32
43.80 68.98 63.26 98.78
44.27 69.71 62.33 97.32
43.80 68.98 63.26 98.78
43.33 68.24 64.21 100.26
46.64 68.98 63.26 98.78
50.48 68.24 64.21 100.26
52.91 67.49 65.17 101.76
57.71 68.24 64.21 100.26
61.61 67.49 65.17 101.76
67.84 68.24 64.21 100.26
73.99 68.98 63.26 98.78
76.39 68.24 64.21 100.26
79.70 68.98 63.26 98.78
84.35 69.71 62.33 97.32
88.94 70.43 61.41 95.88
92.67 69.71 62.33 97.32
97.25 68.28 61.41 95.88
98.19 67.56 62.33 97.32
101.40 68.28 61.41 95.88
104.57 68.99 60.50 94.46
106.35 69.69 59.60 93.07
108.10 70.37 58.72 91.69
107.66 67.60 59.60 93.07
108.10 68.29 58.72 91.69
107.66 67.60 59.60 93.07
108.10 68.29 58.72 91.69
107.66 67.60 59.60 93.07
108.10 68.29 58.72 91.69
107.66 67.60 59.60 93.07
105.47 68.29 58.72 91.69
101.03 67.60 59.60 93.07
96.51 69.02 60.50 94.46
90.56 68.31 61.41 95.88
85.91 67.59 62.33 97.32
81.19 66.86 63.26 98.78
76.40 66.12 64.21 100.26
74.04 66.86 63.26 98.78
72.13 66.12 64.21 100.26
69.77 66.86 63.26 98.78
67.86 66.12 64.21 100.26
66.91 66.86 63.26 98.78
66.44 66.12 64.21 100.26
66.91 66.86 63.26 98.78
67.38 67.59 62.33 97.32
68.33 66.86 63.26 98.78
72.17 66.12 64.21 100.26
76.90 66.86 63.26 98.78
81.55 69.77 62.33 97.32
85.34 69.04 63.26 98.78
90.62 68.30 64.21 100.26
96.76 69.04 63.26 98.78
99.16 68.30 64.21 100.26
101.60 67.55 65.17 101.76
104.96 68.30 64.21 100.26
105.43 69.04 63.26 98.78
104.96 68.30 64.21 100.26
105.43 69.04 63.26 98.78
104.96 68.30 64.21 100.26
105.43 69.04 63.26 98.78
104.96 68.30 64.21 100.26
105.43 69.04 63.26 98.78
104.50 69.77 62.33 97.32
102.21 70.49 61.41 95.88
97.56 69.77 62.33 97.32
92.84 69.04 63.26 98.78
89.12 69.77 62.33 97.32
85.46 70.49 61.41 95.88
80.81 67.59 62.33 97.32
77.14 68.31 61.41 95.88
72.49 67.59 62.33 97.32
67.78 69.07 63.26 98.78
65.45 69.80 62.33 97.32
62.15 69.07 63.26 98.78
59.82 69.80 62.33 97.32
57.94 69.07 63.26 98.78
58.41 69.80 62.33 97.32
57.94 69.07 63.26 98.78
58.41 67.62 62.33 97.32
57.94 66.89 63.26 98.78
57.47 66.15 64.21 100.26
57.94 66.89 63.26 98.78
57.47 66.15 64.21 100.26
57.94 66.89 63.26 98.78
57.47 66.15 64.21 100.26
57.94 66.89 63.26 98.78
57.47 66.15 64.21 100.26
57.94 66.89 63.26 98.78
57.47 66.15 64.21 100.26
57.94 66.89 63.26 98.78
57.47 66.15 64.21 100.26
57.94 66.89 63.26 98.78
57.47 66.15 64.21 100.26
57.94 66.89 63.26 98.78
57.47 66.15 64.21 100.26
57.94 66.89 63.26 98.78
57.47 66.15 64.21 100.26
57.94 66.89 63.26 98.78
57.47 66.15 64.21 100.26
