51.00 47.00 25.00 62.00
46.27 39.49 25.37 62.93
33.96 36.15 25.76 63.87
32.44 40.85 25.38 62.93
38.60 36.09 25.76 63.87
31.40 39.38 25.38 62.93
31.79 38.91 25.76 63.87
35.11 39.88 26.14 64.83
40.86 36.45 26.53 65.80
39.88 32.58 26.14 64.83
42.96 30.20 25.76 63.87
45.42 32.08 25.38 62.93
60.81 35.90 25.76 63.87
65.55 32.14 25.38 62.93
64.78 31.67 25.76 63.87
84.50 29.74 26.14 64.83
99.16 32.20 26.53 65.80
89.99 25.42 26.14 64.83
82.06 24.94 26.53 65.80
87.29 21.45 26.93 66.79
85.12 23.42 26.53 65.80
82.50 25.92 26.93 66.79
83.53 31.49 27.34 67.79
90.16 35.61 27.75 68.81
76.28 40.67 27.34 67.79
74.67 38.18 26.93 66.79
79.63 28.36 26.53 65.80
78.22 21.88 26.93 66.79
70.67 13.78 27.34 67.79
61.82 12.79 26.93 66.79
64.07 15.32 27.34 67.79
73.81 19.44 27.75 68.81
81.17 20.49 28.16 69.84
88.22 22.55 27.75 68.81
103.78 18.90 28.16 69.84
117.04 22.50 27.75 68.81
112.41 20.42 28.16 69.84
112.84 18.31 28.58 70.89
129.53 21.00 29.01 71.95
138.54 23.73 29.45 73.03
145.91 25.88 29.01 71.95
149.33 26.41 28.58 70.89
150.80 28.50 28.16 69.84
149.76 27.48 27.75 68.81
153.97 25.40 28.16 69.84
153.12 29.64 28.58 70.89
144.50 34.85 28.16 69.84
139.11 -0.08 27.75 68.81
132.60 -6.85 28.16 69.84
129.08 -9.42 27.75 68.81
128.67 -25.62 27.34 67.79
125.25 -37.09 26.93 66.79
109.74 12.53 27.34 67.79
117.00 18.18 27.75 68.81
120.57 19.23 28.16 69.84
121.64 26.65 28.58 70.89
110.38 27.73 29.01 71.95
110.59 29.85 28.58 70.89
101.93 24.48 29.01 71.95
101.71 19.03 29.45 73.03
123.59 15.16 29.89 74.13
136.27 14.61 30.34 75.24
129.13 20.15 29.89 74.13
130.67 28.87 29.45 73.03
128.29 34.25 29.01 71.95
128.07 35.34 29.45 73.03
132.19 40.72 29.01 71.95
142.53 51.63 29.45 73.03
140.30 57.73 29.89 74.13
123.76 55.48 30.34 75.24
126.30 44.66 30.79 76.37
121.16 44.08 31.26 77.51
109.56 50.55 31.72 78.68
99.99 37.24 31.26 77.51
96.20 41.95 31.72 78.68
108.23 48.51 32.20 79.86
118.24 58.81 32.68 81.06
126.17 61.89 33.17 82.27
135.20 60.68 32.68 81.06
148.42 66.64 32.20 79.86
135.73 56.97 32.68 81.06
144.41 50.83 33.17 82.27
157.73 48.34 33.67 83.51
166.16 47.12 33.17 82.27
171.94 46.50 33.67 83.51
182.41 45.87 34.18 84.76
181.37 49.09 34.69 86.03
177.80 45.93 34.18 84.76
178.32 47.22 34.69 86.03
176.48 40.71 35.21 87.32
184.23 46.01 35.74 88.63
194.52 23.18 36.27 89.96
197.99 21.86 35.74 88.63
191.16 20.56 35.21 87.32
190.64 17.35 34.69 86.03
181.71 17.98 34.18 84.76
177.44 27.96 33.67 83.51
182.89 32.27 33.17 82.27
175.81 34.69 32.68 81.06
157.73 35.92 33.17 82.27
146.17 33.44 33.67 83.51
150.13 34.05 33.17 82.27
147.62 22.21 33.67 83.51
142.01 8.30 34.18 84.76
154.96 17.30 34.69 86.03
163.38 20.56 35.21 87.32
162.86 21.21 34.69 86.03
170.01 23.74 34.18 84.76
177.05 33.72 33.67 83.51
180.27 30.65 33.17 82.27
182.28 33.78 33.67 83.51
180.50 36.95 34.18 84.76
174.80 40.17 34.69 86.03
160.35 45.39 35.21 87.32
148.08 40.76 35.74 88.63
134.14 49.24 35.21 87.32
130.68 44.62 35.74 88.63
129.36 43.32 35.21 87.32
128.30 46.63 35.74 88.63
134.87 45.33 35.21 87.32
152.22 44.67 35.74 88.63
160.37 47.29 35.21 87.32
156.75 44.08 34.69 86.03
152.54 41.48 35.21 87.32
153.08 24.94 35.74 88.63
154.44 18.23 36.27 89.96
158.71 18.89 35.74 88.63
162.91 21.50 35.21 87.32
162.40 27.93 34.69 86.03
158.06 32.36 34.18 84.76
155.30 31.12 33.67 83.51
150.45 32.39 34.18 84.76
155.63 37.54 34.69 86.03
166.61 30.58 34.18 84.76
150.81 29.94 34.69 86.03
143.45 27.34 35.21 87.32
155.37 14.50 34.69 86.03
147.20 15.13 34.18 84.76
152.74 13.89 33.67 83.51
150.95 22.76 34.18 84.76
