176.00 75.00 47.00 102.00
174.58 76.55 47.70 103.53
172.83 79.60 47.00 102.00
171.40 81.16 47.71 103.53
170.70 84.21 47.00 102.00
168.21 83.44 47.71 103.53
164.36 86.49 47.00 102.00
162.63 87.25 46.31 100.49
159.91 87.99 45.62 99.01
157.49 85.00 46.31 100.49
151.70 79.08 45.62 99.01
148.25 76.09 46.31 100.49
145.79 75.34 47.00 102.00
143.30 74.57 47.71 103.53
141.55 73.05 47.00 102.00
140.86 71.56 46.31 100.49
140.18 70.08 45.62 99.01
139.51 68.63 44.95 97.54
136.11 63.46 45.62 99.01
135.44 62.01 44.95 97.54
134.78 62.73 44.28 96.10
133.44 62.01 44.95 97.54
132.08 67.93 45.62 99.01
132.78 71.69 46.31 100.49
133.12 76.87 45.62 99.01
134.46 81.97 44.95 97.54
135.79 82.69 44.28 96.10
135.45 77.60 44.95 97.54
135.79 71.86 44.28 96.10
135.14 64.09 43.63 94.68
134.49 54.34 42.98 93.28
132.22 51.52 43.63 94.68
131.58 50.13 42.98 93.28
130.95 52.88 42.35 91.90
131.26 55.58 41.72 90.55
132.49 58.25 41.11 89.21
132.79 60.88 40.50 87.89
133.09 63.47 39.90 86.59
133.39 67.93 39.31 85.31
133.68 72.32 38.73 84.05
134.27 75.52 39.31 85.31
135.42 79.91 38.73 84.05
136.90 86.93 39.31 85.31
136.60 88.23 39.90 86.59
136.30 87.58 40.50 87.89
136.00 84.92 41.11 89.21
135.69 80.19 41.72 90.55
134.43 77.46 42.35 91.90
133.15 74.68 42.98 93.28
132.82 71.86 43.63 94.68
129.52 73.30 44.28 96.10
127.18 72.58 44.95 97.54
125.82 74.06 45.62 99.01
124.44 73.32 46.31 100.49
125.14 72.57 47.00 102.00
125.86 71.80 47.71 103.53
126.59 71.03 48.42 105.08
127.32 67.85 49.15 106.66
130.31 64.62 49.88 108.26
131.07 63.81 50.63 109.88
131.84 62.99 51.39 111.53
133.79 62.15 52.16 113.20
139.33 56.15 52.95 114.90
141.34 50.07 53.74 116.63
144.60 46.54 54.55 118.38
146.67 42.96 55.36 120.15
151.29 39.33 56.19 121.95
153.43 38.42 57.04 123.78
155.59 37.49 57.89 125.64
156.47 36.54 58.76 127.52
158.71 35.59 59.64 129.44
160.97 34.62 60.54 131.38
162.75 35.59 59.64 129.44
163.66 34.62 60.54 131.38
166.78 38.49 59.64 129.44
169.86 39.44 58.76 127.52
171.59 46.01 57.89 125.64
174.57 49.72 57.04 123.78
176.25 56.09 56.19 121.95
176.66 59.69 55.36 120.15
178.30 60.57 54.55 118.38
178.70 58.84 53.74 116.63
179.52 50.01 54.55 118.38
179.11 49.12 55.36 120.15
178.30 47.36 54.55 118.38
178.70 48.23 53.74 116.63
177.07 47.36 54.55 118.38
175.42 46.47 55.36 120.15
173.75 45.57 56.19 121.95
172.05 44.65 57.04 123.78
168.70 42.83 56.19 121.95
167.87 43.74 55.36 120.15
167.06 44.62 54.55 118.38
167.46 45.50 53.74 116.63
166.67 46.36 52.95 114.90
166.28 45.50 53.74 116.63
165.49 46.36 52.95 114.90
165.09 45.50 53.74 116.63
165.49 51.51 52.95 114.90
164.71 54.89 52.16 113.20
165.10 58.23 51.39 111.53
164.71 59.93 52.16 113.20
163.94 63.26 51.39 111.53
162.06 64.09 50.63 109.88
159.37 60.76 51.39 111.53
155.48 54.86 52.16 113.20
150.35 46.28 52.95 114.90
147.54 42.81 53.74 116.63
143.47 36.63 54.55 118.38
142.67 37.51 53.74 116.63
137.38 33.98 54.55 118.38
136.58 34.86 53.74 116.63
135.79 38.29 52.95 114.90
136.18 41.68 52.16 113.20
134.61 51.12 52.95 114.90
135.00 57.04 52.16 113.20
135.79 61.34 52.95 114.90
136.60 63.09 53.74 116.63
137.42 56.91 54.55 118.38
137.01 47.95 55.36 120.15
136.20 38.23 54.55 118.38
134.55 31.96 55.36 120.15
132.51 27.55 54.55 118.38
131.71 25.81 53.74 116.63
130.92 29.25 52.95 114.90
131.32 30.09 52.16 113.20
131.70 35.93 51.39 111.53
130.95 39.21 50.63 109.88
131.32 42.45 49.88 108.26
131.69 48.03 49.15 106.66
130.20 56.93 49.88 108.26
130.57 62.51 49.15 106.66
130.93 65.65 48.42 105.08
131.67 67.25 49.15 106.66
133.54 68.87 49.88 108.26
134.30 65.60 50.63 109.88
136.22 62.28 51.39 111.53
137.00 58.91 52.16 113.20
138.99 55.48 52.95 114.90
141.00 54.62 53.74 116.63
143.04 53.75 54.55 118.38
145.11 52.86 55.36 120.15
147.21 54.69 56.19 121.95
148.07 56.55 57.04 123.78
148.93 58.43 57.89 125.64
149.82 57.49 58.76 127.52
152.05 56.54 59.64 129.44
152.96 55.56 60.54 131.38
153.88 51.59 61.45 133.35
154.82 47.56 62.37 135.35
155.77 46.55 63.30 137.38
156.73 42.39 64.25 139.44
156.25 41.35 65.22 141.53
157.24 40.28 66.19 143.65
159.76 35.94 67.19 145.81
162.31 31.53 68.19 148.00
165.82 29.36 67.19 145.81
167.80 27.22 66.19 143.65
170.31 22.88 67.19 145.81
171.34 21.78 68.19 148.00
172.38 20.67 69.22 150.22
172.89 21.78 68.19 148.00
173.93 20.67 69.22 150.22
175.97 18.47 68.19 148.00
176.47 22.83 67.19 145.81
177.49 21.73 68.19 148.00
178.53 23.99 69.22 150.22
179.04 31.73 68.19 148.00
181.05 36.09 67.19 145.81
181.55 40.38 66.19 143.65
182.04 41.44 65.22 141.53
180.07 40.38 66.19 143.65
179.09 38.27 65.22 141.53
178.14 36.20 64.25 139.44
176.19 35.15 65.22 141.53
175.24 36.20 64.25 139.44
175.71 37.23 63.30 137.38
173.80 36.20 64.25 139.44
171.85 31.98 65.22 141.53
169.46 33.03 64.25 139.44
168.51 34.06 63.30 137.38
168.98 35.07 62.37 135.35
169.44 36.07 61.45 133.35
171.25 37.06 60.54 131.38
171.70 38.03 59.64 129.44
171.25 37.06 60.54 131.38
171.70 38.03 59.64 129.44
172.61 37.06 60.54 131.38
173.06 40.93 59.64 129.44
172.61 42.90 60.54 131.38
174.39 49.67 59.64 129.44
173.95 51.64 60.54 131.38
173.06 55.51 59.64 129.44
170.87 53.61 58.76 127.52
165.08 46.86 59.64 129.44
160.57 42.94 60.54 131.38
157.36 38.97 61.45 133.35
153.74 34.07 60.54 131.38
146.41 30.10 61.45 133.35
144.15 28.14 60.54 131.38
141.93 32.01 59.64 129.44
140.12 31.04 60.54 131.38
136.56 37.81 59.64 129.44
135.69 44.48 58.76 127.52
136.12 48.23 57.89 125.64
137.83 57.48 57.04 123.78
139.99 59.37 57.89 125.64
141.70 54.75 57.04 123.78
143.38 47.47 56.19 121.95
142.96 41.01 57.04 123.78
143.38 31.00 56.19 121.95
141.31 29.21 55.36 120.15
139.28 27.44 54.55 118.38
139.68 28.32 53.74 116.63
138.89 34.33 52.95 114.90
139.28 37.71 52.16 113.20
138.89 39.44 52.95 114.90
139.28 45.36 52.16 113.20
137.71 52.23 52.95 114.90
136.93 58.15 52.16 113.20
136.16 61.49 51.39 111.53
135.41 67.23 50.63 109.88
135.03 71.40 51.39 111.53
134.64 70.57 52.16 113.20
133.07 69.72 52.95 114.90
