83.00 200.00 35.00 131.00
83.53 199.02 35.52 132.96
85.36 197.07 35.00 131.00
90.26 198.03 34.48 129.06
97.05 197.07 35.00 131.00
102.72 198.03 34.48 129.06
106.02 201.84 33.97 127.16
108.08 200.88 34.48 129.06
111.74 199.91 35.00 131.00
114.32 200.88 34.48 129.06
116.41 202.85 35.00 131.00
117.74 201.87 35.52 132.96
120.36 199.91 35.00 131.00
122.16 200.88 34.48 129.06
126.22 201.84 33.97 127.16
129.05 200.88 34.48 129.06
133.50 199.91 35.00 131.00
138.81 198.93 35.52 132.96
142.99 199.91 35.00 131.00
146.71 198.93 35.52 132.96
150.10 199.91 35.00 131.00
153.82 198.93 35.52 132.96
155.65 199.91 35.00 131.00
159.37 198.93 35.52 132.96
163.14 197.93 36.06 134.96
165.79 195.95 35.52 132.96
169.98 196.94 35.00 131.00
172.90 195.95 35.52 132.96
176.29 196.94 35.00 131.00
180.41 197.90 34.48 129.06
183.29 196.94 35.00 131.00
185.42 195.95 35.52 132.96
187.57 194.96 36.06 134.96
189.43 192.97 35.52 132.96
192.40 191.98 36.06 134.96
196.64 192.97 35.52 132.96
200.41 191.98 36.06 134.96
205.88 190.97 36.60 136.98
210.60 189.94 37.15 139.04
216.61 190.97 36.60 136.98
221.33 189.94 37.15 139.04
226.52 190.97 36.60 136.98
229.58 186.82 37.15 139.04
233.13 187.85 36.60 136.98
236.63 188.86 36.06 134.96
240.88 189.86 35.52 132.96
243.04 188.86 36.06 134.96
248.87 189.86 35.52 132.96
253.05 190.84 35.00 131.00
259.49 191.81 34.48 129.06
263.94 190.84 35.00 131.00
268.45 189.86 35.52 132.96
273.42 190.84 35.00 131.00
278.31 191.81 34.48 129.06
282.75 190.84 35.00 131.00
287.27 189.86 35.52 132.96
291.04 188.86 36.06 134.96
296.51 190.92 36.60 136.98
301.62 191.93 36.06 134.96
307.09 190.92 36.60 136.98
312.21 191.93 36.06 134.96
317.25 192.93 35.52 132.96
322.22 193.91 35.00 131.00
325.93 189.95 35.52 132.96
330.11 190.93 35.00 131.00
334.24 191.90 34.48 129.06
339.06 192.85 33.97 127.16
344.21 194.79 34.48 129.06
348.65 193.82 35.00 131.00
353.17 195.82 35.52 132.96
358.92 196.80 35.00 131.00
362.63 195.82 35.52 132.96
365.60 194.82 36.06 134.96
368.61 193.81 36.60 136.98
372.11 194.82 36.06 134.96
375.12 193.81 36.60 136.98
378.17 192.78 37.15 139.04
383.36 193.81 36.60 136.98
387.67 194.82 36.06 134.96
391.50 193.81 36.60 136.98
395.00 194.82 36.06 134.96
397.66 195.82 35.52 132.96
395.77 194.82 36.06 134.96
394.68 190.74 36.60 136.98
392.74 189.71 37.15 139.04
394.66 193.81 36.60 136.98
390.89 194.82 36.06 134.96
387.97 195.82 35.52 132.96
384.48 194.82 36.06 134.96
381.75 190.74 36.60 136.98
378.79 194.78 36.06 134.96
376.88 193.76 36.60 136.98
374.94 192.74 37.15 139.04
371.93 193.76 36.60 136.98
369.16 195.85 37.15 139.04
366.35 197.97 37.70 141.12
364.13 199.01 37.15 139.04
363.59 196.97 36.60 136.98
365.47 201.01 36.06 134.96
366.84 200.00 36.60 136.98
367.92 201.01 36.06 134.96
369.78 202.00 35.53 132.96
369.51 201.01 36.06 134.96
369.78 199.03 35.53 132.96
369.51 201.05 36.06 134.96
369.24 200.04 36.60 136.98
368.13 199.01 37.15 139.04
366.77 200.04 36.60 136.98
367.33 202.13 37.15 139.04
366.78 203.15 36.60 136.98
366.51 202.13 37.15 139.04
367.60 203.15 36.60 136.98
368.68 204.17 36.06 134.96
370.05 203.15 36.60 136.98
371.93 201.14 36.06 134.96
371.66 200.13 36.60 136.98
372.22 202.22 37.15 139.04
372.50 203.25 36.60 136.98
374.38 204.26 36.06 134.96
375.44 208.23 35.53 132.96
376.79 210.26 36.06 134.96
377.86 211.26 35.53 132.96
377.33 212.24 35.00 131.00
379.46 211.26 35.53 132.96
383.64 212.24 35.00 131.00
388.95 211.26 35.53 132.96
394.34 207.24 36.06 134.96
400.62 206.22 36.60 136.98
407.84 205.20 37.15 139.04
416.31 209.29 36.60 136.98
424.36 208.27 37.15 139.04
435.29 206.22 36.60 136.98
443.64 207.24 36.06 134.96
451.86 205.26 35.53 132.96
459.67 204.26 36.06 134.96
465.51 205.26 35.53 132.96
469.28 204.26 36.06 134.96
471.47 203.25 36.60 136.98
474.52 202.22 37.15 139.04
478.08 203.25 36.60 136.98
480.77 204.26 36.06 134.96
483.43 208.23 35.53 132.96
488.39 209.22 35.00 131.00
493.28 210.18 34.48 129.06
497.34 211.14 33.97 127.16
499.41 210.18 34.48 129.06
503.47 211.14 33.97 127.16
507.07 210.18 34.48 129.06
510.74 209.22 35.00 131.00
513.66 208.23 35.53 132.96
517.05 209.22 35.00 131.00
517.59 208.23 35.53 132.96
513.28 207.24 36.06 134.96
518.32 208.23 35.53 132.96
513.10 206.28 35.00 131.00
504.08 205.30 35.53 132.96
495.74 204.30 36.06 134.96
488.09 203.29 36.60 136.98
479.49 202.26 37.15 139.04
472.39 206.36 36.60 136.98
466.20 204.35 36.06 134.96
462.49 205.34 35.53 132.96
458.99 204.35 36.06 134.96
457.90 203.33 36.60 136.98
457.36 201.32 36.06 134.96
457.91 200.31 36.60 136.98
458.99 198.30 36.06 134.96
459.54 197.29 36.60 136.98
458.43 196.26 37.15 139.04
456.47 198.38 37.70 141.12
454.47 197.32 38.27 143.24
451.57 196.25 38.84 145.39
448.63 195.16 39.43 147.57
446.31 196.25 38.84 145.39
443.37 191.85 39.43 147.57
441.28 190.74 40.02 149.78
440.07 189.62 40.62 152.03
438.58 190.74 40.02 149.78
436.46 189.62 40.62 152.03
433.17 194.10 40.02 149.78
429.94 195.21 39.43 147.57
425.88 193.04 38.84 145.39
422.74 194.11 38.27 143.24
418.97 193.04 38.84 145.39
417.54 194.11 38.27 143.24
413.60 192.01 37.70 141.12
410.75 190.95 38.27 143.24
411.03 195.17 37.70 141.12
409.89 194.11 38.27 143.24
407.64 192.01 37.70 141.12
402.92 193.05 37.15 139.04
399.27 192.01 37.70 141.12
396.22 193.05 37.15 139.04
393.21 194.08 36.60 136.98
391.06 195.09 36.06 134.96
388.33 194.08 36.60 136.98
386.39 193.05 37.15 139.04
385.03 197.15 36.60 136.98
383.92 196.12 37.15 139.04
381.11 195.08 37.70 141.12
378.25 194.02 38.27 143.24
375.16 191.92 37.70 141.12
373.16 190.86 38.27 143.24
370.26 189.79 38.84 145.39
369.69 190.86 38.27 143.24
369.13 191.92 37.70 141.12
368.85 190.86 38.27 143.24
368.28 195.08 37.70 141.12
367.14 194.02 38.27 143.24
366.86 192.95 38.84 145.39
365.43 194.02 38.27 143.24
364.02 195.08 37.70 141.12
362.88 190.81 38.27 143.24
361.73 189.74 38.84 145.39
360.30 190.81 38.27 143.24
358.89 191.87 37.70 141.12
357.51 192.91 37.15 139.04
355.54 191.87 37.70 141.12
353.54 187.60 38.27 143.24
351.29 188.66 37.70 141.12
348.44 187.60 38.27 143.24
346.41 186.53 38.84 145.39
345.84 187.60 38.27 143.24
345.28 188.66 37.70 141.12
344.72 189.71 37.15 139.04
343.36 190.73 36.60 136.98
341.42 189.71 37.15 139.04
339.23 190.73 36.60 136.98
336.46 189.71 37.15 139.04
333.65 188.66 37.70 141.12
331.43 189.71 37.15 139.04
328.62 188.66 37.70 141.12
327.24 189.71 37.15 139.04
325.87 190.73 36.60 136.98
324.53 191.75 36.06 134.96
324.00 192.74 35.53 132.97
322.92 191.75 36.06 134.96
321.01 190.73 36.60 136.98
320.47 188.72 36.06 134.96
319.15 189.72 35.53 132.97
317.27 185.70 36.06 134.96
314.35 183.72 35.53 132.97
313.28 182.72 36.06 134.96
311.37 178.64 36.60 136.98
309.43 177.61 37.15 139.04
305.77 176.57 37.70 141.12
301.89 177.61 37.15 139.04
298.07 178.64 36.60 136.98
294.30 179.65 36.06 134.96
289.11 181.71 36.60 136.98
284.53 182.72 36.06 134.96
280.82 183.72 35.53 132.97
