123.00 87.00 132.00 176.00
122.01 85.68 133.98 178.64
125.96 87.00 132.00 176.00
124.97 85.68 133.98 178.64
123.96 84.34 135.99 181.32
126.03 82.98 138.03 184.04
127.05 84.34 135.99 181.32
129.13 82.98 138.03 184.04
130.15 84.34 135.99 181.32
129.13 82.98 138.03 184.04
130.15 84.34 135.99 181.32
132.22 82.98 138.03 184.04
133.24 84.34 135.99 181.32
137.24 85.68 133.98 178.64
136.24 84.34 135.99 181.32
137.24 85.68 133.98 178.64
139.28 84.34 135.99 181.32
140.29 85.68 133.98 178.64
142.33 84.34 135.99 181.32
143.34 81.68 133.98 178.64
142.33 80.34 135.99 181.32
143.34 81.68 133.98 178.64
142.33 80.34 135.99 181.32
140.33 81.68 133.98 178.64
136.28 80.34 135.99 181.32
132.17 78.98 138.03 184.04
133.19 80.34 135.99 181.32
129.08 78.98 138.03 184.04
128.04 77.60 140.10 186.80
129.08 78.98 138.03 184.04
128.04 77.60 140.10 186.80
129.08 78.98 138.03 184.04
130.10 80.34 135.99 181.32
129.08 78.98 138.03 184.04
131.18 77.60 140.10 186.80
132.22 78.98 138.03 184.04
131.18 81.78 140.10 186.80
132.22 83.16 138.03 184.04
134.32 81.78 140.10 186.80
135.36 83.16 138.03 184.04
134.32 81.78 140.10 186.80
135.36 83.16 138.03 184.04
134.32 81.78 140.10 186.80
136.46 80.38 142.20 189.60
137.51 81.78 140.10 186.80
136.46 80.38 142.20 189.60
137.51 81.78 140.10 186.80
136.46 80.38 142.20 189.60
140.64 81.78 140.10 186.80
139.59 80.38 142.20 189.60
140.64 77.60 140.10 186.80
142.78 76.20 142.20 189.60
143.83 77.60 140.10 186.80
142.78 76.20 142.20 189.60
146.97 77.60 140.10 186.80
145.92 76.20 142.20 189.60
146.97 77.60 140.10 186.80
145.92 76.20 142.20 189.60
146.97 77.60 140.10 186.80
145.92 76.20 142.20 189.60
146.97 77.60 140.10 186.80
148.00 78.98 138.03 184.04
146.97 77.60 140.10 186.80
142.73 76.20 142.20 189.60
143.78 77.60 140.10 186.80
144.82 78.98 138.03 184.04
143.78 77.60 140.10 186.80
139.55 76.20 142.20 189.60
140.60 77.60 140.10 186.80
139.55 76.20 142.20 189.60
140.60 77.60 140.10 186.80
139.55 76.20 142.20 189.60
140.60 77.60 140.10 186.80
139.55 76.20 142.20 189.60
140.60 77.60 140.10 186.80
142.73 76.20 142.20 189.60
141.67 74.78 144.33 192.45
142.73 76.20 142.20 189.60
141.67 74.78 144.33 192.45
142.73 76.20 142.20 189.60
143.78 77.60 140.10 186.80
145.92 76.20 142.20 189.60
144.85 74.78 144.33 192.45
145.92 76.20 142.20 189.60
148.08 74.78 144.33 192.45
149.15 76.20 142.20 189.60
148.08 79.09 144.33 192.45
149.15 80.51 142.20 189.60
148.08 79.09 144.33 192.45
149.15 80.51 142.20 189.60
151.32 79.09 144.33 192.45
150.23 77.64 146.50 195.33
151.32 79.09 144.33 192.45
152.38 80.51 142.20 189.60
151.32 79.09 144.33 192.45
152.38 80.51 142.20 189.60
151.32 79.09 144.33 192.45
152.38 80.51 142.20 189.60
151.32 79.09 144.33 192.45
152.38 80.51 142.20 189.60
151.32 79.09 144.33 192.45
152.38 80.51 142.20 189.60
151.32 79.09 144.33 192.45
152.38 80.51 142.20 189.60
151.32 79.09 144.33 192.45
152.38 80.51 142.20 189.60
151.32 79.09 144.33 192.45
152.38 80.51 142.20 189.60
151.32 79.09 144.33 192.45
152.38 80.51 142.20 189.60
154.55 79.09 144.33 192.45
155.62 80.51 142.20 189.60
156.67 77.72 140.10 186.80
155.62 76.32 142.20 189.60
159.81 77.72 140.10 186.80
158.76 76.32 142.20 189.60
162.94 77.72 140.10 186.80
167.07 79.11 138.03 184.04
169.17 77.72 140.10 186.80
173.30 79.11 138.03 184.04
175.40 77.72 140.10 186.80
179.53 74.98 138.03 184.04
183.60 76.34 135.99 181.32
188.76 74.98 138.03 184.04
192.83 72.28 135.99 181.32
194.90 70.92 138.03 184.04
198.97 72.28 135.99 181.32
205.97 73.62 133.98 178.64
208.01 68.22 135.99 181.32
212.02 69.56 133.98 178.64
217.11 68.22 135.99 181.32
221.11 65.56 133.98 178.64
223.15 64.22 135.99 181.32
230.16 65.56 133.98 178.64
232.20 64.22 135.99 181.32
239.21 65.56 133.98 178.64
241.25 64.22 135.99 181.32
245.26 65.56 133.98 178.64
252.16 66.88 132.00 176.00
254.17 65.56 133.98 178.64
258.12 66.88 132.00 176.00
263.13 69.56 133.98 178.64
265.17 68.22 135.99 181.32
269.18 69.56 133.98 178.64
271.22 68.22 135.99 181.32
278.23 69.56 133.98 178.64
285.13 74.82 132.00 176.00
290.14 73.50 133.98 178.64
297.05 74.82 132.00 176.00
300.94 76.12 130.05 173.40
305.87 74.82 132.00 176.00
310.89 73.50 133.98 178.64
320.75 74.82 132.00 176.00
327.55 76.12 130.05 173.40
332.49 74.82 132.00 176.00
340.50 73.50 133.98 178.64
347.40 74.82 132.00 176.00
352.42 73.50 133.98 178.64
362.28 74.82 132.00 176.00
367.29 69.50 133.98 178.64
369.33 68.16 135.99 181.32
376.34 69.50 133.98 178.64
381.42 68.16 135.99 181.32
388.43 69.50 133.98 178.64
393.52 68.16 135.99 181.32
397.52 69.50 133.98 178.64
401.47 70.82 132.00 176.00
403.48 69.50 133.98 178.64
405.52 68.16 135.99 181.32
409.53 69.50 133.98 178.64
408.53 68.16 135.99 181.32
412.53 73.50 133.98 178.64
411.53 72.16 135.99 181.32
415.53 77.50 133.98 178.64
414.53 76.16 135.99 181.32
418.53 77.50 133.98 178.64
417.53 80.23 135.99 181.32
418.53 81.56 133.98 178.64
419.52 82.88 132.00 176.00
415.53 81.56 133.98 178.64
414.53 80.23 135.99 181.32
412.53 81.56 133.98 178.64
411.53 80.23 135.99 181.32
409.53 81.56 133.98 178.64
405.48 80.23 135.99 181.32
403.48 81.56 133.98 178.64
402.48 80.23 135.99 181.32
400.48 81.56 133.98 178.64
399.48 80.23 135.99 181.32
397.48 81.56 133.98 178.64
396.48 80.23 135.99 181.32
394.48 81.56 133.98 178.64
393.47 80.23 135.99 181.32
391.48 81.56 133.98 178.64
390.47 80.23 135.99 181.32
391.48 81.56 133.98 178.64
390.47 80.23 135.99 181.32
386.36 82.99 138.03 184.04
387.38 84.35 135.99 181.32
388.39 85.69 133.98 178.64
387.38 88.41 135.99 181.32
388.39 89.75 133.98 178.64
384.34 92.47 135.99 181.32
382.34 97.81 133.98 178.64
378.29 100.53 135.99 181.32
374.18 103.30 138.03 184.04
370.00 110.28 140.10 186.80
362.58 113.13 142.20 189.60
363.63 114.53 140.10 186.80
358.48 115.91 138.03 184.04
359.50 121.33 135.99 181.32
358.48 124.10 138.03 184.04
359.50 125.46 135.99 181.32
360.51 130.80 133.98 178.64
356.46 129.46 135.99 181.32
357.46 134.80 133.98 178.64
353.41 133.46 135.99 181.32
354.42 138.80 133.98 178.64
355.41 140.12 132.00 176.00
356.38 141.42 130.05 173.40
352.45 144.06 132.00 176.00
353.42 145.36 130.05 173.40
352.45 148.01 132.00 176.00
353.42 149.31 130.05 173.40
352.45 151.95 132.00 176.00
353.42 153.25 130.05 173.40
352.45 155.89 132.00 176.00
353.42 157.19 130.05 173.40
352.45 159.83 132.00 176.00
353.42 161.13 130.05 173.40
355.41 159.83 132.00 176.00
356.38 165.02 130.05 173.40
355.41 163.72 132.00 176.00
356.38 165.02 130.05 173.40
355.41 163.72 132.00 176.00
354.42 162.40 133.98 178.64
355.41 167.66 132.00 176.00
356.38 168.96 130.05 173.40
352.45 167.66 132.00 176.00
353.42 168.96 130.05 173.40
352.45 167.66 132.00 176.00
353.42 168.96 130.05 173.40
349.49 167.66 132.00 176.00
350.47 168.96 130.05 173.40
349.49 167.66 132.00 176.00
345.50 166.34 133.98 178.64
346.49 163.72 132.00 176.00
347.47 165.02 130.05 173.40
346.49 163.72 132.00 176.00
342.50 158.39 133.98 178.64
343.49 159.71 132.00 176.00
342.50 158.39 133.98 178.64
343.49 155.77 132.00 176.00
339.50 154.45 133.98 178.64
338.49 153.11 135.99 181.32
334.38 151.75 138.03 184.04
335.40 149.05 135.99 181.32
333.41 150.39 133.98 178.64
329.35 149.05 135.99 181.32
328.33 147.69 138.03 184.04
326.31 149.05 135.99 181.32
322.20 151.81 138.03 184.04
318.02 150.43 140.10 186.80
315.97 151.81 138.03 184.04
308.66 150.43 140.10 186.80
304.42 153.28 142.20 189.60
302.33 154.68 140.10 186.80
298.10 153.28 142.20 189.60
296.01 158.86 140.10 186.80
291.77 157.46 142.20 189.60
289.68 158.86 140.10 186.80
285.45 157.46 142.20 189.60
281.15 156.04 144.33 192.45
279.03 157.46 142.20 189.60
274.73 156.04 144.33 192.45
269.43 157.46 142.20 189.60
265.13 151.73 144.33 192.45
257.48 150.29 146.50 195.33
249.72 148.82 148.70 198.26
247.54 150.29 146.50 195.33
239.78 144.38 148.70 198.26
235.28 142.89 150.93 201.24
233.07 139.94 148.70 198.26
228.57 138.45 150.93 201.24
226.35 135.50 148.70 198.26
221.86 134.01 150.93 201.24
217.29 127.93 153.19 204.26
215.05 124.93 150.93 201.24
210.48 123.42 153.19 204.26
208.23 120.42 150.93 201.24
203.67 118.91 153.19 204.26
202.52 112.74 155.49 207.32
200.24 114.27 153.19 204.26
199.09 108.09 155.49 207.32
196.81 109.62 153.19 204.26
195.66 108.09 155.49 207.32
190.96 106.54 157.82 210.43
189.77 100.18 160.19 213.59
187.42 101.75 157.82 210.43
186.24 100.18 160.19 213.59
183.89 101.75 157.82 210.43
182.70 100.18 160.19 213.59
180.35 101.75 157.82 210.43
179.17 100.18 160.19 213.59
176.82 101.75 157.82 210.43
172.04 100.18 160.19 213.59
173.23 101.75 157.82 210.43
170.91 98.66 155.49 207.32
169.74 97.11 157.82 210.43
167.43 98.66 155.49 207.32
168.58 100.20 153.19 204.26
163.95 94.02 155.49 207.32
165.09 95.55 153.19 204.26
160.46 94.02 155.49 207.32
161.61 95.55 153.19 204.26
162.74 92.55 150.93 201.24
158.18 91.04 153.19 204.26
159.31 92.55 150.93 201.24
154.75 91.04 153.19 204.26
155.88 88.05 150.93 201.24
151.32 86.54 153.19 204.26
152.45 88.05 150.93 201.24
151.32 86.54 153.19 204.26
152.45 88.05 150.93 201.24
147.89 81.96 153.19 204.26
149.02 83.47 150.93 201.24
147.89 81.96 153.19 204.26
149.02 83.47 150.93 201.24
150.13 80.52 148.70 198.26
145.64 79.03 150.93 201.24
146.75 80.52 148.70 198.26
145.64 74.52 150.93 201.24
146.75 76.01 148.70 198.26
145.64 74.52 150.93 201.24
146.75 80.45 148.70 198.26
145.64 78.96 150.93 201.24
143.42 80.45 148.70 198.26
144.52 81.92 146.50 195.33
143.42 84.89 148.70 198.26
144.52 86.36 146.50 195.33
143.42 84.89 148.70 198.26
144.52 86.36 146.50 195.33
143.42 84.89 148.70 198.26
147.80 86.36 146.50 195.33
146.70 84.89 148.70 198.26
147.80 86.36 146.50 195.33
150.03 89.33 148.70 198.26
152.30 87.85 150.93 201.24
153.41 89.33 148.70 198.26
155.68 87.85 150.93 201.24
160.13 89.33 148.70 198.26
159.01 92.35 150.93 201.24
161.31 90.84 153.19 204.26
165.82 92.35 150.93 201.24
166.94 93.84 148.70 198.26
165.82 92.35 150.93 201.24
170.27 93.84 148.70 198.26
169.15 96.86 150.93 201.24
168.02 95.35 153.19 204.26
166.87 93.82 155.49 207.32
168.02 95.35 153.19 204.26
169.15 96.86 150.93 201.24
170.27 98.35 148.70 198.26
169.15 96.86 150.93 201.24
168.02 95.35 153.19 204.26
169.15 96.86 150.93 201.24
170.27 93.91 148.70 198.26
169.15 92.42 150.93 201.24
166.94 93.91 148.70 198.26
165.82 92.42 150.93 201.24
166.94 89.47 148.70 198.26
165.82 87.98 150.93 201.24
166.94 89.47 148.70 198.26
168.04 86.56 146.50 195.33
166.94 85.09 148.70 198.26
168.04 86.56 146.50 195.33
170.27 85.09 148.70 198.26
171.37 86.56 146.50 195.33
170.27 85.09 148.70 198.26
174.65 86.56 146.50 195.33
175.73 88.00 144.33 192.45
177.93 86.56 146.50 195.33
182.25 88.00 144.33 192.45
184.45 86.56 146.50 195.33
185.53 88.00 144.33 192.45
184.45 90.93 146.50 195.33
186.68 89.47 148.70 198.26
187.78 90.93 146.50 195.33
186.68 89.47 148.70 198.26
187.78 90.93 146.50 195.33
186.68 89.47 148.70 198.26
187.78 95.31 146.50 195.33
186.68 93.84 148.70 198.26
187.78 95.31 146.50 195.33
192.09 96.75 144.33 192.45
191.01 95.31 146.50 195.33
189.91 93.84 148.70 198.26
191.01 95.31 146.50 195.33
192.09 96.75 144.33 192.45
191.01 95.31 146.50 195.33
189.91 93.84 148.70 198.26
187.73 95.31 146.50 195.33
188.81 96.75 144.33 192.45
187.73 95.31 146.50 195.33
188.81 96.75 144.33 192.45
187.73 95.31 146.50 195.33
188.81 96.75 144.33 192.45
189.88 98.17 142.20 189.60
188.81 96.75 144.33 192.45
189.88 98.17 142.20 189.60
188.81 96.75 144.33 192.45
189.88 98.17 142.20 189.60
190.93 99.57 140.10 186.80
189.88 98.17 142.20 189.60
194.07 99.57 140.10 186.80
193.01 98.17 142.20 189.60
194.07 95.39 140.10 186.80
193.01 93.99 142.20 189.60
194.07 95.39 140.10 186.80
193.01 93.99 142.20 189.60
194.07 95.39 140.10 186.80
193.01 93.99 142.20 189.60
194.07 95.39 140.10 186.80
193.01 93.99 142.20 189.60
194.07 95.39 140.10 186.80
193.01 93.99 142.20 189.60
194.07 95.39 140.10 186.80
193.01 93.99 142.20 189.60
191.95 96.88 144.33 192.45
193.01 98.30 142.20 189.60
191.95 96.88 144.33 192.45
193.01 98.30 142.20 189.60
191.95 96.88 144.33 192.45
193.01 98.30 142.20 189.60
191.95 96.88 144.33 192.45
193.01 98.30 142.20 189.60
194.07 99.70 140.10 186.80
193.01 98.30 142.20 189.60
194.07 99.70 140.10 186.80
193.01 98.30 142.20 189.60
194.07 99.70 140.10 186.80
193.01 98.30 142.20 189.60
194.07 99.70 140.10 186.80
193.01 98.30 142.20 189.60
194.07 99.70 140.10 186.80
193.01 102.55 142.20 189.60
194.07 103.95 140.10 186.80
193.01 102.55 142.20 189.60
194.07 103.95 140.10 186.80
193.01 102.55 142.20 189.60
191.95 101.12 144.33 192.45
193.01 102.55 142.20 189.60
194.07 103.95 140.10 186.80
193.01 102.55 142.20 189.60
191.95 101.12 144.33 192.45
193.01 102.55 142.20 189.60
194.07 103.95 140.10 186.80
193.01 102.55 142.20 189.60
191.95 101.12 144.33 192.45
193.01 102.55 142.20 189.60
191.95 101.12 144.33 192.45
193.01 102.55 142.20 189.60
194.07 103.95 140.10 186.80
193.01 102.55 142.20 189.60
191.95 101.12 144.33 192.45
196.20 102.55 142.20 189.60
197.25 103.95 140.10 186.80
196.20 102.55 142.20 189.60
195.13 101.12 144.33 192.45
196.20 102.55 142.20 189.60
195.13 101.12 144.33 192.45
196.20 102.55 142.20 189.60
197.25 103.95 140.10 186.80
196.20 106.79 142.20 189.60
198.37 105.37 144.33 192.45
199.43 106.79 142.20 189.60
198.37 105.37 144.33 192.45
202.62 106.79 142.20 189.60
203.67 108.19 140.10 186.80
202.62 106.79 142.20 189.60
201.55 105.37 144.33 192.45
202.62 106.79 142.20 189.60
201.55 105.37 144.33 192.45
205.80 106.79 142.20 189.60
206.85 108.19 140.10 186.80
208.99 106.79 142.20 189.60
210.04 108.19 140.10 186.80
212.17 106.79 142.20 189.60
211.11 105.37 144.33 192.45
215.36 106.79 142.20 189.60
217.53 105.37 144.33 192.45
221.78 106.79 142.20 189.60
223.94 105.37 144.33 192.45
225.01 106.79 142.20 189.60
227.18 105.37 144.33 192.45
231.43 106.79 142.20 189.60
232.48 108.19 140.10 186.80
234.62 106.79 142.20 189.60
236.78 109.68 144.33 192.45
237.85 111.10 142.20 189.60
236.78 109.68 144.33 192.45
241.03 111.10 142.20 189.60
239.97 109.68 144.33 192.45
244.22 111.10 142.20 189.60
243.15 109.68 144.33 192.45
247.40 111.10 142.20 189.60
249.57 109.68 144.33 192.45
250.64 111.10 142.20 189.60
252.80 109.68 144.33 192.45
253.87 111.10 142.20 189.60
252.80 109.68 144.33 192.45
257.06 106.86 142.20 189.60
259.22 105.43 144.33 192.45
260.29 106.86 142.20 189.60
262.46 105.43 144.33 192.45
263.52 102.61 142.20 189.60
265.69 101.19 144.33 192.45
266.75 102.61 142.20 189.60
268.92 101.19 144.33 192.45
271.12 99.74 146.50 195.33
272.20 101.19 144.33 192.45
276.45 102.61 142.20 189.60
275.39 96.88 144.33 192.45
277.59 95.43 146.50 195.33
281.90 96.88 144.33 192.45
280.82 95.43 146.50 195.33
285.14 92.57 144.33 192.45
287.34 91.12 146.50 195.33
291.65 92.57 144.33 192.45
293.85 91.12 146.50 195.33
292.75 85.22 148.70 198.26
297.13 86.68 146.50 195.33
299.36 85.22 148.70 198.26
301.63 83.73 150.93 201.24
300.50 82.22 153.19 204.26
305.01 83.73 150.93 201.24
303.88 82.22 153.19 204.26
306.21 80.69 155.49 207.32
307.36 77.64 153.19 204.26
309.69 76.11 155.49 207.32
308.53 74.56 157.82 210.43
307.35 72.98 160.19 213.59
308.53 79.27 157.82 210.43
307.35 77.69 160.19 213.59
302.50 76.09 162.59 216.79
301.28 79.39 165.03 220.04
296.29 77.74 167.51 223.34
291.23 81.15 170.02 226.69
292.48 82.82 167.51 223.34
287.42 86.22 170.02 226.69
282.28 84.52 172.57 230.09
277.06 88.03 175.16 233.54
275.75 86.28 177.78 237.05
270.37 84.50 180.45 240.60
267.72 86.28 177.78 237.05
262.35 89.89 180.45 240.60
259.70 96.98 177.78 237.05
254.32 95.20 180.45 240.60
251.67 102.29 177.78 237.05
249.06 104.04 175.16 233.54
247.75 107.60 177.78 237.05
242.37 105.82 180.45 240.60
241.02 104.01 183.16 244.21
235.48 102.18 185.91 247.87
229.86 94.69 188.69 251.59
224.16 87.08 191.52 255.37
221.35 83.33 188.69 251.59
222.74 74.09 185.91 247.87
217.12 60.96 188.69 251.59
218.51 51.71 185.91 247.87
212.89 32.94 188.69 251.59
214.29 18.15 185.91 247.87
211.56 9.04 183.16 244.21
210.18 -3.90 185.91 247.87
207.45 -13.01 183.16 244.21
201.92 -20.39 185.91 247.87
203.29 -24.03 183.16 244.21
204.64 -22.23 180.45 240.60
201.99 -25.76 177.78 237.05
199.38 -24.01 175.16 233.54
198.07 -25.76 177.78 237.05
199.38 -18.78 175.16 233.54
196.81 -11.90 172.57 230.09
198.09 -5.12 170.02 226.69
195.59 -3.44 167.51 223.34
196.83 3.14 165.03 220.04
194.41 9.62 162.59 216.79
195.61 11.22 160.19 213.59
196.79 12.80 157.82 210.43
194.48 19.00 155.49 207.32
195.62 20.53 153.19 204.26
190.99 19.00 155.49 207.32
192.14 20.53 153.19 204.26
193.27 22.04 150.93 201.24
191.06 27.97 148.70 198.26
192.16 29.43 146.50 195.33
187.73 27.97 148.70 198.26
185.54 29.43 146.50 195.33
183.39 30.88 144.33 192.45
184.46 32.30 142.20 189.60
180.16 35.19 144.33 192.45
178.04 36.61 142.20 189.60
173.74 39.50 144.33 192.45
169.38 42.43 146.50 195.33
167.23 43.87 144.33 192.45
166.15 46.80 146.50 195.33
161.72 45.34 148.70 198.26
162.81 46.80 146.50 195.33
163.90 48.25 144.33 192.45
162.81 51.18 146.50 195.33
158.38 49.72 148.70 198.26
157.27 52.74 150.93 201.24
158.38 58.66 148.70 198.26
157.27 61.68 150.93 201.24
152.71 64.75 153.19 204.26
153.84 66.26 150.93 201.24
149.27 69.33 153.19 204.26
150.41 75.34 150.93 201.24
145.84 78.41 153.19 204.26
146.98 79.92 150.93 201.24
148.09 85.85 148.70 198.26
146.98 84.36 150.93 201.24
148.09 90.29 148.70 198.26
146.98 88.80 150.93 201.24
151.42 90.29 148.70 198.26
155.80 91.75 146.50 195.33
158.03 94.73 148.70 198.26
162.41 96.19 146.50 195.33
166.73 97.64 144.33 192.45
165.65 96.19 146.50 195.33
169.96 101.95 144.33 192.45
172.16 100.50 146.50 195.33
176.48 106.26 144.33 192.45
177.54 107.68 142.20 189.60
176.48 101.95 144.33 192.45
172.11 100.50 146.50 195.33
173.20 97.64 144.33 192.45
174.26 99.06 142.20 189.60
175.31 96.28 140.10 186.80
174.26 90.63 142.20 189.60
172.17 87.84 140.10 186.80
173.21 85.10 138.03 184.04
169.04 79.54 140.10 186.80
164.80 78.14 142.20 189.60
160.50 76.71 144.33 192.45
161.57 78.14 142.20 189.60
159.48 79.54 140.10 186.80
158.43 82.38 142.20 189.60
154.13 80.96 144.33 192.45
155.20 82.38 142.20 189.60
154.13 80.96 144.33 192.45
155.20 86.63 142.20 189.60
159.38 88.03 140.10 186.80
161.52 86.63 142.20 189.60
168.85 88.03 140.10 186.80
170.98 86.63 142.20 189.60
176.38 85.21 144.33 192.45
180.63 86.63 142.20 189.60
182.80 85.21 144.33 192.45
181.72 83.77 146.50 195.33
180.62 82.30 148.70 198.26
182.88 76.31 150.93 201.24
181.75 74.80 153.19 204.26
180.60 73.26 155.49 207.32
175.90 67.00 157.82 210.43
171.13 65.42 160.19 213.59
169.93 58.96 162.59 216.79
165.01 57.33 165.03 220.04
163.77 55.68 167.51 223.34
165.01 57.33 165.03 220.04
160.02 60.69 167.51 223.34
158.77 59.01 170.02 226.69
153.63 57.31 172.57 230.09
152.33 55.59 175.16 233.54
151.02 53.83 177.78 237.05
153.73 52.06 180.45 240.60
156.48 50.25 183.16 244.21
159.27 48.42 185.91 247.87
164.74 50.25 183.16 244.21
167.53 42.87 185.91 247.87
170.37 41.01 188.69 251.59
173.24 39.12 191.52 255.37
183.11 41.01 188.69 251.59
185.98 39.12 191.52 255.37
188.90 37.21 194.40 259.20
187.44 35.26 197.31 263.08
185.96 33.29 200.27 267.03
187.44 35.26 197.31 263.08
185.96 33.29 200.27 267.03
179.91 31.29 203.28 271.04
176.92 27.31 200.27 267.03
169.56 29.28 197.31 263.08
163.60 27.31 200.27 267.03
157.54 19.23 203.28 271.04
154.56 27.22 200.27 267.03
148.50 25.22 203.28 271.04
142.36 23.18 206.33 275.10
143.88 31.29 203.28 271.04
137.74 29.25 206.33 275.10
139.26 37.36 203.28 271.04
137.74 35.32 206.33 275.10
136.19 33.26 209.42 279.23
137.74 35.32 206.33 275.10
143.81 37.36 203.28 271.04
142.29 41.49 206.33 275.10
148.37 43.52 203.28 271.04
154.36 45.52 200.27 267.03
164.68 53.39 197.31 263.08
174.84 55.33 194.40 259.20
186.64 53.39 197.31 263.08
196.81 55.33 194.40 259.20
206.83 62.97 191.52 255.37
214.10 61.05 194.40 259.20
224.12 62.97 191.52 255.37
233.99 59.22 188.69 251.59
239.54 61.08 185.91 247.87
245.02 57.44 183.16 244.21
243.65 55.61 185.91 247.87
249.12 51.97 183.16 244.21
247.75 44.59 185.91 247.87
246.36 42.73 188.69 251.59
247.75 44.59 185.91 247.87
245.02 46.42 183.16 244.21
243.65 50.14 185.91 247.87
245.02 57.44 183.16 244.21
242.33 64.63 180.45 240.60
243.66 71.72 177.78 237.05
241.06 78.70 175.16 233.54
238.48 85.58 172.57 230.09
235.95 87.28 170.02 226.69
233.45 93.96 167.51 223.34
234.69 95.61 165.03 220.04
232.27 102.09 162.59 216.79
233.47 103.70 160.19 213.59
234.65 109.99 157.82 210.43
239.30 111.54 155.49 207.32
241.67 109.99 157.82 210.43
249.81 111.54 155.49 207.32
257.82 117.65 153.19 204.26
265.71 119.16 150.93 201.24
276.82 120.65 148.70 198.26
285.85 123.67 150.93 201.24
295.01 122.16 153.19 204.26
302.90 128.18 150.93 201.24
314.01 129.66 148.70 198.26
323.04 128.18 150.93 201.24
328.77 131.24 153.19 204.26
340.04 132.75 150.93 201.24
347.82 138.68 148.70 198.26
352.20 144.52 146.50 195.33
359.75 145.96 144.33 192.45
367.18 151.63 142.20 189.60
374.51 153.03 140.10 186.80
376.65 155.88 142.20 189.60
378.81 154.46 144.33 192.45
383.06 155.88 142.20 189.60
390.39 161.46 140.10 186.80
394.52 162.84 138.03 184.04
398.59 168.27 135.99 181.32
405.59 173.61 133.98 178.64
409.54 174.93 132.00 176.00
416.34 180.11 130.05 173.40
417.30 181.39 128.13 170.84
419.25 180.11 130.05 173.40
418.28 182.75 132.00 176.00
417.29 181.43 133.98 178.64
418.28 182.75 132.00 176.00
416.34 184.05 130.05 173.40
414.43 185.34 128.13 170.84
410.56 180.17 130.05 173.40
408.65 181.45 128.13 170.84
407.69 180.17 130.05 173.40
405.78 181.45 128.13 170.84
401.90 180.17 130.05 173.40
400.00 181.45 128.13 170.84
398.11 182.71 126.23 168.31
394.30 181.45 128.13 170.84
392.42 182.71 126.23 168.31
388.60 181.45 128.13 170.84
387.64 180.17 130.05 173.40
383.71 178.87 132.00 176.00
384.68 180.17 130.05 173.40
380.75 178.87 132.00 176.00
381.73 180.17 130.05 173.40
382.69 181.45 128.13 170.84
381.73 180.17 130.05 173.40
379.82 181.45 128.13 170.84
380.76 182.71 126.23 168.31
379.82 181.45 128.13 170.84
378.86 184.05 130.05 173.40
376.95 185.34 128.13 170.84
375.99 184.05 130.05 173.40
374.08 185.34 128.13 170.84
375.02 186.60 126.23 168.31
373.17 187.84 124.37 165.82
371.34 189.07 122.53 163.37
367.64 187.84 124.37 165.82
363.88 186.60 126.23 168.31
362.03 187.84 124.37 165.82
358.27 186.60 126.23 168.31
359.20 187.84 124.37 165.82
357.37 189.07 122.53 163.37
355.57 190.27 120.72 160.96
354.67 189.07 122.53 163.37
350.96 187.84 124.37 165.82
349.14 185.41 122.53 163.37
350.04 186.61 120.72 160.96
349.14 185.41 122.53 163.37
347.34 186.61 120.72 160.96
346.43 185.41 122.53 163.37
345.51 184.18 124.37 165.82
343.69 185.41 122.53 163.37
344.59 186.61 120.72 160.96
343.69 185.41 122.53 163.37
344.59 186.61 120.72 160.96
340.94 185.41 122.53 163.37
340.03 184.18 124.37 165.82
340.94 185.41 122.53 163.37
341.85 186.61 120.72 160.96
340.94 185.41 122.53 163.37
340.03 184.18 124.37 165.82
340.94 185.41 122.53 163.37
339.15 186.61 120.72 160.96
338.24 185.41 122.53 163.37
339.15 186.61 120.72 160.96
335.50 185.41 122.53 163.37
336.40 186.61 120.72 160.96
332.75 185.41 122.53 163.37
331.83 184.18 124.37 165.82
330.01 181.75 122.53 163.37
326.30 180.52 124.37 165.82
319.71 179.28 126.23 168.31
315.07 176.81 124.37 165.82
310.50 178.03 122.53 163.37
304.01 176.81 124.37 165.82
297.43 175.56 126.23 168.31
292.79 176.81 124.37 165.82
285.47 178.03 122.53 163.37
278.98 176.81 124.37 165.82
277.15 178.03 122.53 163.37
270.66 176.81 124.37 165.82
264.08 175.56 126.23 168.31
262.22 176.81 124.37 165.82
258.46 175.56 126.23 168.31
256.61 176.81 124.37 165.82
255.68 175.56 126.23 168.31
253.82 176.81 124.37 165.82
254.74 174.37 122.53 163.37
253.82 173.15 124.37 165.82
252.89 171.90 126.23 168.31
251.94 170.64 128.13 170.84
250.98 169.36 130.05 173.40
249.07 166.82 128.13 170.84
248.11 165.53 130.05 173.40
247.14 160.29 132.00 176.00
248.11 157.71 130.05 173.40
247.14 152.46 132.00 176.00
243.15 147.14 133.98 178.64
241.18 148.46 132.00 176.00
240.19 143.14 133.98 178.64
236.14 141.80 135.99 181.32
231.14 139.14 133.98 178.64
227.09 137.80 135.99 181.32
222.98 132.32 138.03 184.04
217.91 129.62 135.99 181.32
215.91 130.96 133.98 178.64
211.86 125.55 135.99 181.32
207.75 124.19 138.03 184.04
202.67 125.55 135.99 181.32
198.56 124.19 138.03 184.04
199.58 125.55 135.99 181.32
195.47 128.32 138.03 184.04
191.30 126.94 140.10 186.80
187.06 125.54 142.20 189.60
185.99 124.11 144.33 192.45
181.63 122.67 146.50 195.33
179.48 124.11 144.33 192.45
175.12 122.67 146.50 195.33
170.69 116.76 148.70 198.26
168.50 118.23 146.50 195.33
164.07 112.32 148.70 198.26
159.58 110.84 150.93 201.24
158.45 104.75 153.19 204.26
156.20 106.26 150.93 201.24
153.98 103.31 148.70 198.26
152.87 101.82 150.93 201.24
151.73 95.74 153.19 204.26
156.25 97.24 150.93 201.24
158.55 95.74 153.19 204.26
166.44 92.74 150.93 201.24
172.17 95.80 153.19 204.26
177.99 94.27 155.49 207.32
187.43 92.72 157.82 210.43
200.60 86.35 160.19 213.59
210.32 79.90 162.59 216.79
220.19 78.27 165.03 220.04
228.70 75.04 162.59 216.79
234.87 68.48 165.03 220.04
236.09 70.11 162.59 216.79
234.87 68.48 165.03 220.04
236.09 65.25 162.59 216.79
234.87 63.63 165.03 220.04
232.45 65.25 162.59 216.79
227.53 63.63 165.03 220.04
222.54 56.98 167.51 223.34
217.48 55.30 170.02 226.69
208.47 53.60 172.57 230.09
203.25 51.87 175.16 233.54
193.97 50.12 177.78 237.05
192.64 48.35 180.45 240.60
191.29 52.01 183.16 244.21
189.91 50.18 185.91 247.87
188.52 48.32 188.69 251.59
187.10 52.15 191.52 255.37
192.75 54.04 188.69 251.59
191.33 57.87 191.52 255.37
194.25 55.96 194.40 259.20
192.79 59.91 197.31 263.08
191.31 57.93 200.27 267.03
189.81 55.93 203.28 271.04
188.28 53.90 206.33 275.10
182.05 51.84 209.42 279.23
183.59 47.74 206.33 275.10
182.05 45.67 209.42 279.23
185.24 43.58 212.56 283.42
186.81 45.67 209.42 279.23
185.24 43.58 212.56 283.42
186.81 45.67 209.42 279.23
185.24 43.58 212.56 283.42
188.48 35.01 215.75 287.67
191.76 32.85 218.99 291.98
190.12 30.66 222.27 296.36
191.76 32.85 218.99 291.98
193.38 41.45 215.75 287.67
194.97 43.58 212.56 283.42
201.24 51.93 209.42 279.23
207.41 60.15 206.33 275.10
215.24 58.09 209.42 279.23
226.03 66.32 206.33 275.10
236.66 74.42 203.28 271.04
247.14 82.40 200.27 267.03
257.46 90.27 197.31 263.08
276.33 98.02 194.40 259.20
290.64 105.66 191.52 255.37
304.73 113.18 188.69 251.59
322.79 120.59 185.91 247.87
338.30 124.37 188.69 251.59
349.75 122.48 191.52 255.37
359.62 130.00 188.69 251.59
369.35 131.86 185.91 247.87
378.93 139.16 183.16 244.21
381.72 142.88 185.91 247.87
387.19 150.19 183.16 244.21
392.59 151.99 180.45 240.60
397.90 159.08 177.78 237.05
399.22 166.06 175.16 233.54
401.89 169.62 177.78 237.05
403.20 176.60 175.16 233.54
405.87 180.16 177.78 237.05
407.18 187.14 175.16 233.54
401.89 190.70 177.78 237.05
403.20 197.68 175.16 233.54
397.90 201.24 177.78 237.05
391.37 213.46 175.16 233.54
388.80 220.34 172.57 230.09
382.46 227.12 170.02 226.69
379.96 238.80 167.51 223.34
373.81 245.38 165.03 220.04
367.74 256.71 162.59 216.79
361.77 267.88 160.19 213.59
356.92 275.99 162.59 216.79
348.31 279.30 165.03 220.04
342.24 290.64 162.59 216.79
337.33 298.87 165.03 220.04
334.91 305.35 162.59 216.79
332.52 311.74 160.19 213.59
333.70 318.03 157.82 210.43
334.87 324.23 155.49 207.32
336.02 325.76 153.19 204.26
337.15 331.77 150.93 201.24
339.45 330.27 153.19 204.26
340.58 331.77 150.93 201.24
345.03 333.26 148.70 198.26
349.41 330.35 146.50 195.33
353.72 331.79 144.33 192.45
361.16 328.97 142.20 189.60
365.35 322.00 140.10 186.80
369.48 315.14 138.03 184.04
373.54 308.37 135.99 181.32
377.55 301.71 133.98 178.64
381.50 295.15 132.00 176.00
382.47 288.68 130.05 173.40
383.43 282.31 128.13 170.84
387.21 279.80 126.23 168.31
388.14 277.33 124.37 165.82
389.06 274.89 122.53 163.37
389.96 272.49 120.72 160.96
390.86 270.13 118.94 158.58
389.11 271.30 117.18 156.24
389.98 269.01 115.45 153.93
390.83 270.15 113.74 151.65
391.67 271.27 112.06 149.41
392.50 272.37 110.40 147.20
393.31 270.21 108.77 145.03
394.12 271.28 107.16 142.89
394.91 272.34 105.58 140.77
395.69 273.38 104.02 138.69
396.46 274.40 102.48 136.64
398.02 270.27 104.02 138.69
398.79 271.30 102.48 136.64
397.28 269.29 100.97 134.62
396.53 265.22 102.48 136.64
397.28 266.23 100.97 134.62
398.03 264.25 99.48 132.63
395.02 260.24 100.97 134.62
394.26 259.23 102.48 136.64
391.17 255.10 104.02 138.69
389.64 256.13 102.48 136.64
388.13 254.12 100.97 134.62
385.08 253.11 102.48 136.64
381.98 248.98 104.02 138.69
378.16 250.00 102.48 136.64
374.39 248.00 100.97 134.62
371.34 246.99 102.48 136.64
369.84 248.00 100.97 134.62
368.35 246.02 99.48 132.63
365.35 245.03 100.97 134.62
363.86 243.05 99.48 132.63
360.86 242.06 100.97 134.62
359.37 240.08 99.48 132.63
358.63 239.09 100.97 134.62
357.15 237.11 99.48 132.63
356.40 236.11 100.97 134.62
357.15 234.14 99.48 132.63
356.40 233.14 100.97 134.62
359.37 231.17 99.48 132.63
358.63 230.17 100.97 134.62
361.60 231.17 99.48 132.63
360.86 227.16 100.97 134.62
361.60 225.18 99.48 132.63
363.12 224.19 100.97 134.62
363.86 222.21 99.48 132.63
363.12 221.22 100.97 134.62
362.36 217.14 102.48 136.64
363.12 215.14 100.97 134.62
362.36 214.13 102.48 136.64
363.12 212.12 100.97 134.62
362.36 208.05 102.48 136.64
360.86 206.05 100.97 134.62
357.80 205.04 102.48 136.64
357.03 200.91 104.02 138.69
355.51 201.93 102.48 136.64
354.00 199.92 100.97 134.62
350.95 198.91 102.48 136.64
351.71 196.91 100.97 134.62
350.23 197.90 99.48 132.63
349.48 193.89 100.97 134.62
346.43 192.88 102.48 136.64
347.18 190.88 100.97 134.62
344.13 186.81 102.48 136.64
344.89 187.82 100.97 134.62
341.84 183.75 102.48 136.64
342.59 184.76 100.97 134.62
341.84 180.69 102.48 136.64
340.33 181.70 100.97 134.62
339.57 177.62 102.48 136.64
338.07 178.63 100.97 134.62
335.02 177.62 102.48 136.64
333.51 175.62 100.97 134.62
330.46 174.61 102.48 136.64
327.36 173.58 104.02 138.69
323.54 174.61 102.48 136.64
320.44 173.58 104.02 138.69
316.62 171.55 102.48 136.64
313.52 170.52 104.02 138.69
310.37 169.48 105.58 140.77
306.49 170.52 104.02 138.69
304.97 171.55 102.48 136.64
301.87 170.52 104.02 138.69
298.04 171.55 102.48 136.64
294.95 170.52 104.02 138.69
293.42 168.49 102.48 136.64
289.65 169.50 100.97 134.62
286.60 168.49 102.48 136.64
283.50 164.36 104.02 138.69
279.68 165.38 102.48 136.64
276.58 164.36 104.02 138.69
272.76 165.38 102.48 136.64
271.25 163.37 100.97 134.62
265.90 162.37 102.48 136.64
262.81 164.45 104.02 138.69
258.98 165.47 102.48 136.64
255.88 164.45 104.02 138.69
252.06 165.47 102.48 136.64
248.96 164.45 104.02 138.69
247.44 165.47 102.48 136.64
242.01 164.45 104.02 138.69
238.86 163.41 105.58 140.77
237.31 164.45 104.02 138.69
235.79 162.41 102.48 136.64
232.69 161.39 104.02 138.69
229.54 160.35 105.58 140.77
226.35 159.29 107.16 142.89
224.78 157.19 105.58 140.77
225.56 158.23 104.02 138.69
222.41 157.19 105.58 140.77
219.22 156.14 107.16 142.89
220.01 157.19 105.58 140.77
216.82 156.14 107.16 142.89
215.24 154.04 105.58 140.77
216.03 155.08 104.02 138.69
215.24 154.04 105.58 140.77
214.45 152.98 107.16 142.89
215.24 154.04 105.58 140.77
214.45 152.98 107.16 142.89
216.09 151.91 108.77 145.03
217.74 150.82 110.40 147.20
219.43 149.72 112.06 149.41
222.73 150.82 110.40 147.20
224.41 149.72 112.06 149.41
226.12 148.60 113.74 151.65
227.85 150.91 115.45 153.93
231.25 152.05 113.74 151.65
235.57 150.91 115.45 153.93
237.33 149.76 117.18 156.24
236.45 148.58 118.94 158.58
239.95 146.26 117.18 156.24
239.07 145.08 118.94 158.58
238.18 143.89 120.72 160.96
237.28 142.69 122.53 163.37
238.18 143.89 120.72 160.96
241.74 145.08 118.94 158.58
240.85 143.89 120.72 160.96
237.20 142.69 122.53 163.37
233.49 141.46 124.37 165.82
232.56 136.45 126.23 168.31
230.70 130.26 124.37 165.82
228.88 127.83 122.53 163.37
227.08 121.83 120.72 160.96
223.43 116.96 122.53 163.37
219.73 115.73 124.37 165.82
217.90 113.30 122.53 163.37
214.19 112.07 124.37 165.82
210.43 110.83 126.23 168.31
203.75 117.22 128.13 170.84
