310.00 102.00 39.00 50.00
307.93 100.49 39.58 50.75
307.35 99.74 39.00 50.00
305.29 97.09 39.58 50.75
304.09 96.71 40.18 51.51
302.61 94.82 39.58 50.75
302.03 95.20 39.00 50.00
300.60 94.46 38.42 49.26
298.56 91.85 39.00 50.00
297.38 90.34 39.58 50.75
296.80 89.60 39.00 50.00
295.62 89.22 39.58 50.75
295.04 88.48 39.00 50.00
293.86 86.96 39.58 50.75
292.41 86.22 39.00 50.00
292.70 85.48 38.42 49.26
291.54 85.12 39.00 50.00
290.96 84.38 38.42 49.26
289.80 82.89 39.00 50.00
289.23 83.26 38.42 49.26
288.07 82.89 39.00 50.00
286.89 81.38 39.58 50.75
286.31 81.76 39.00 50.00
285.13 81.38 39.58 50.75
283.67 81.76 39.00 50.00
282.49 81.38 39.58 50.75
281.04 81.76 39.00 50.00
278.97 81.38 39.58 50.75
278.39 81.76 39.00 50.00
276.33 81.38 39.58 50.75
275.13 79.85 40.18 51.51
272.77 80.23 39.58 50.75
270.67 79.85 40.18 51.51
268.54 79.46 40.78 52.28
267.04 79.85 40.18 51.51
264.91 79.46 40.78 52.28
264.32 79.85 40.18 51.51
262.19 79.46 40.78 52.28
260.03 79.07 41.39 53.07
259.42 80.63 40.78 52.28
257.26 80.24 41.39 53.07
255.74 81.80 40.78 52.28
255.14 82.19 40.18 51.51
253.01 81.80 40.78 52.28
251.78 82.60 41.39 53.07
250.26 82.99 40.78 52.28
249.02 82.60 41.39 53.07
248.42 82.99 40.78 52.28
248.72 83.38 40.18 51.51
248.42 82.99 40.78 52.28
248.72 82.22 40.18 51.51
249.90 81.47 39.58 50.75
250.50 79.93 40.18 51.51
252.57 78.04 39.58 50.75
254.61 77.29 39.00 50.00
258.34 74.35 38.42 49.26
259.80 71.74 39.00 50.00
263.53 68.80 38.42 49.26
267.61 65.07 39.00 50.00
270.48 63.24 38.42 49.26
275.01 60.34 37.86 48.53
277.79 58.56 37.30 47.82
281.75 56.02 37.86 48.53
285.77 53.45 38.42 49.26
288.11 53.08 39.00 50.00
291.36 50.43 39.58 50.75
293.40 49.69 39.00 50.00
296.66 48.18 39.58 50.75
300.44 47.43 39.00 50.00
302.45 47.80 38.42 49.26
304.78 46.31 39.00 50.00
308.04 43.66 39.58 50.75
308.64 42.13 40.18 51.51
311.60 41.37 39.58 50.75
314.00 39.84 40.18 51.51
314.61 39.45 40.78 52.28
316.16 37.87 41.39 53.07
317.38 37.09 40.78 52.28
318.93 34.32 41.39 53.07
319.56 32.72 42.01 53.86
319.87 31.93 41.39 53.07
321.44 30.32 42.01 53.86
321.75 29.53 41.39 53.07
321.44 26.72 42.01 53.86
321.75 25.93 41.39 53.07
321.44 25.53 42.01 53.86
320.83 24.74 41.39 53.07
321.13 25.13 40.78 52.28
319.90 24.74 41.39 53.07
320.21 25.13 40.78 52.28
318.97 24.74 41.39 53.07
318.36 26.30 40.78 52.28
318.06 25.91 41.39 53.07
318.36 26.30 40.78 52.28
317.13 27.10 41.39 53.07
317.44 27.49 40.78 52.28
317.13 27.10 41.39 53.07
316.52 28.66 40.78 52.28
315.02 30.20 40.18 51.51
314.72 30.99 40.78 52.28
314.12 32.53 40.18 51.51
313.82 32.14 40.78 52.28
313.22 34.84 40.18 51.51
313.52 35.22 39.58 50.75
312.32 35.99 40.18 51.51
312.62 36.37 39.58 50.75
312.04 37.87 39.00 50.00
312.33 38.24 38.42 49.26
312.61 38.60 37.86 48.53
312.33 38.24 38.42 49.26
313.79 36.75 39.00 50.00
314.08 37.12 38.42 49.26
316.06 37.48 37.86 48.53
316.34 36.77 37.30 47.82
318.26 38.18 36.75 47.11
319.34 38.52 36.20 46.41
321.21 38.87 35.67 45.73
321.75 38.52 36.20 46.41
323.12 38.18 36.75 47.11
324.52 37.82 37.30 47.82
325.93 38.55 37.86 48.53
326.51 38.19 38.42 49.26
327.10 38.94 39.00 50.00
329.11 40.41 38.42 49.26
330.24 41.86 37.86 48.53
332.19 44.36 37.30 47.82
332.76 45.09 37.86 48.53
333.87 45.45 37.30 47.82
333.59 47.27 37.86 48.53
333.87 48.70 37.30 47.82
333.59 48.34 37.86 48.53
333.31 49.08 38.42 49.26
332.74 50.53 37.86 48.53
331.60 51.27 38.42 49.26
330.44 50.90 39.00 50.00
329.26 51.66 39.58 50.75
326.26 51.28 40.18 51.51
325.05 50.89 40.78 52.28
324.45 51.28 40.18 51.51
322.09 51.66 39.58 50.75
320.89 50.12 40.18 51.51
318.76 49.74 40.78 52.28
318.16 50.12 40.18 51.51
314.91 50.51 39.58 50.75
312.81 50.12 40.18 51.51
311.60 49.74 40.78 52.28
309.20 50.12 40.18 51.51
308.61 50.51 39.58 50.75
307.41 48.97 40.18 51.51
305.29 48.58 40.78 52.28
298.39 44.36 40.18 51.51
297.80 43.60 39.58 50.75
296.34 43.97 39.00 50.00
295.77 43.24 38.42 49.26
295.21 43.60 37.86 48.53
295.49 43.96 37.30 47.82
294.94 43.26 36.75 47.11
293.59 42.57 36.20 46.41
293.06 42.91 35.67 45.73
291.98 41.53 36.20 46.41
291.45 41.87 35.67 45.73
289.56 41.53 36.20 46.41
288.46 41.18 36.75 47.11
287.92 41.53 36.20 46.41
286.83 41.18 36.75 47.11
286.29 41.53 36.20 46.41
284.96 41.87 35.67 45.73
284.69 41.53 36.20 46.41
283.60 42.24 36.75 47.11
283.06 42.58 36.20 46.41
282.53 43.95 35.67 45.73
282.26 43.61 36.20 46.41
281.99 43.26 36.75 47.11
282.26 44.65 36.20 46.41
282.53 44.99 35.67 45.73
283.07 44.65 36.20 46.41
283.34 46.02 35.67 45.73
283.88 44.63 36.20 46.41
284.95 46.00 35.67 45.73
285.49 45.66 36.20 46.41
286.04 45.31 36.75 47.11
287.94 45.66 36.20 46.41
288.49 45.31 36.75 47.11
289.57 45.66 36.20 46.41
291.77 46.36 36.75 47.11
293.66 46.71 36.20 46.41
295.04 47.42 36.75 47.11
296.12 47.77 36.20 46.41
297.49 48.48 36.75 47.11
301.01 49.86 36.20 46.41
302.38 49.51 36.75 47.11
304.28 50.90 36.20 46.41
306.14 51.25 35.67 45.73
307.98 52.59 35.14 45.05
309.79 52.93 34.62 44.39
312.68 53.60 35.14 45.05
314.49 53.93 34.62 44.39
316.27 55.24 34.11 43.73
316.79 54.91 34.62 44.39
319.34 56.22 34.11 43.73
320.64 56.89 34.62 44.39
321.16 57.56 35.14 45.05
322.20 57.90 34.62 44.39
324.75 59.20 34.11 43.73
325.27 59.87 34.62 44.39
325.01 59.54 35.14 45.05
326.04 60.87 34.62 44.39
327.06 62.17 34.11 43.73
326.81 62.84 34.62 44.39
326.30 64.15 34.11 43.73
326.55 64.47 33.61 43.08
326.06 65.74 33.11 42.45
325.57 66.99 32.62 41.82
324.37 68.22 32.14 41.20
323.19 70.34 31.66 40.59
323.42 71.54 31.19 39.99
322.97 71.84 30.73 39.40
323.19 73.00 30.28 38.82
323.42 73.28 29.83 38.25
323.64 72.72 29.39 37.68
324.50 73.00 28.96 37.12
324.29 71.88 29.39 37.68
324.50 72.16 28.96 37.12
324.08 71.61 28.53 36.57
323.86 71.34 28.96 37.12
323.44 70.79 28.53 36.57
323.02 71.06 28.11 36.03
322.61 70.53 27.69 35.50
321.77 71.07 28.11 36.03
320.92 69.98 28.53 36.57
320.50 70.25 28.11 36.03
319.65 70.80 28.53 36.57
319.23 71.07 28.11 36.03
319.44 71.34 27.69 35.50
319.03 72.39 27.28 34.98
317.59 71.33 27.69 35.50
317.38 71.06 28.11 36.03
316.97 72.12 27.69 35.50
316.56 73.17 27.28 34.98
315.12 73.70 27.69 35.50
314.71 73.96 27.28 34.98
314.31 74.22 26.88 34.46
312.89 74.75 27.28 34.98
311.28 75.78 26.88 34.46
310.29 76.03 26.48 33.95
309.49 76.55 26.88 34.46
307.32 77.57 26.48 33.95
305.92 77.31 26.88 34.46
304.49 77.84 27.28 34.98
302.89 78.09 26.88 34.46
301.46 77.84 27.28 34.98
300.46 78.87 26.88 34.46
297.82 79.39 27.28 34.98
296.81 79.65 26.88 34.46
294.17 80.17 27.28 34.98
292.72 79.91 27.69 35.50
290.48 80.96 27.28 34.98
289.04 80.70 27.69 35.50
287.41 81.74 27.28 34.98
287.01 82.00 26.88 34.46
284.97 82.53 27.28 34.98
284.57 82.78 26.88 34.46
283.58 83.80 26.48 33.95
282.78 83.54 26.88 34.46
282.58 84.07 27.28 34.98
282.18 85.10 26.88 34.46
282.38 86.88 26.48 33.95
282.18 88.16 26.88 34.46
281.98 90.26 27.28 34.98
281.78 91.58 27.69 35.50
281.57 94.55 28.11 36.03
282.00 95.92 28.53 36.57
282.43 99.80 28.96 37.12
282.21 101.21 29.39 37.68
283.08 104.81 28.96 37.12
283.29 107.55 28.53 36.57
283.08 111.43 28.96 37.12
283.29 113.34 28.53 36.57
283.08 117.23 28.96 37.12
283.29 119.14 28.53 36.57
282.43 120.53 28.96 37.12
282.01 123.26 28.53 36.57
282.22 124.34 28.11 36.03
280.56 125.40 27.69 35.50
280.16 125.66 27.28 34.98
281.56 124.37 26.88 34.46
287.47 124.90 27.28 34.98
280.44 130.20 27.69 35.50
277.72 129.94 28.11 36.03
273.67 129.67 28.53 36.57
269.57 126.07 28.96 37.12
267.38 123.26 29.39 37.68
265.00 119.38 28.96 37.12
263.93 117.19 28.53 36.57
262.89 115.85 28.11 36.03
262.47 112.93 27.69 35.50
262.68 111.63 27.28 34.98
261.67 108.80 26.88 34.46
262.70 103.06 27.28 34.98
262.29 101.00 26.88 34.46
261.31 98.21 26.48 33.95
260.92 96.97 26.09 33.45
260.54 96.47 25.70 32.95
258.00 93.98 26.09 33.45
256.03 92.21 26.48 33.95
254.47 90.21 26.09 33.45
252.94 88.98 25.70 32.95
251.99 87.77 25.32 32.47
251.06 86.58 24.95 31.99
249.04 83.99 24.58 31.52
247.74 82.32 24.95 31.99
247.38 81.15 24.58 31.52
246.07 78.04 24.95 31.99
245.71 76.16 24.58 31.52
244.96 74.49 24.95 31.99
245.15 72.61 24.58 31.52
244.40 68.79 24.95 31.99
244.22 67.82 25.32 32.47
244.03 66.10 25.70 32.95
244.22 64.89 25.32 32.47
243.85 62.27 24.95 31.99
244.03 61.09 24.58 31.52
243.29 60.14 24.95 31.99
243.10 59.17 25.32 32.47
242.33 58.19 25.70 32.95
242.52 57.71 25.32 32.47
242.33 56.72 25.70 32.95
242.14 57.23 26.09 33.45
241.35 56.22 26.48 33.95
241.55 56.47 26.09 33.45
241.35 56.22 26.48 33.95
241.55 55.72 26.09 33.45
241.35 56.23 26.48 33.95
241.15 55.97 26.88 34.46
240.76 56.23 26.48 33.95
241.16 57.52 26.88 34.46
240.35 57.26 27.28 34.98
240.55 58.29 26.88 34.46
240.35 58.81 27.28 34.98
240.15 60.14 27.69 35.50
239.31 60.68 28.11 36.03
238.46 61.23 28.53 36.57
238.04 63.92 28.11 36.03
237.83 65.29 28.53 36.57
236.97 66.68 28.96 37.12
237.18 67.77 28.53 36.57
236.76 69.66 28.11 36.03
235.91 71.03 28.53 36.57
235.05 72.41 28.96 37.12
233.52 75.51 29.39 37.68
232.63 76.94 29.83 38.25
232.19 78.91 29.39 37.68
231.30 80.34 29.83 38.25
230.86 82.32 29.39 37.68
229.97 83.75 29.83 38.25
229.07 86.07 30.28 38.82
228.63 87.21 29.83 38.25
226.87 90.87 29.39 37.68
225.98 93.16 29.83 38.25
225.55 95.13 29.39 37.68
224.47 97.07 28.96 37.12
224.04 98.98 28.53 36.57
