253.00 66.00 23.00 28.00
251.65 66.82 22.66 27.59
249.42 67.25 23.00 28.00
246.11 67.67 23.35 28.42
242.67 68.51 23.00 28.00
240.30 68.72 22.66 27.59
238.59 68.51 23.00 28.00
237.24 69.33 22.66 27.59
235.01 68.50 23.00 28.00
233.26 67.65 23.35 28.42
232.41 67.24 23.00 28.00
233.08 66.82 22.66 27.59
232.40 65.36 23.00 28.00
232.23 64.52 23.35 28.42
230.99 64.30 23.70 28.85
230.27 64.09 24.05 29.28
230.09 63.87 24.41 29.72
230.27 64.09 24.05 29.28
230.09 63.87 24.41 29.72
230.81 64.09 24.05 29.28
230.08 63.87 24.41 29.72
229.35 63.64 24.78 30.16
229.16 62.73 25.15 30.62
228.40 61.81 25.53 31.08
227.05 60.16 25.91 31.54
225.68 58.49 26.30 32.01
224.13 58.02 25.91 31.54
222.17 57.07 26.30 32.01
220.77 55.37 26.69 32.50
218.75 54.39 27.09 32.98
217.16 54.63 26.69 32.50
214.53 53.65 27.09 32.98
211.86 53.40 27.50 33.48
209.78 53.91 27.91 33.98
208.30 54.43 28.33 34.49
206.80 54.96 28.76 35.01
205.28 54.69 29.19 35.53
204.21 55.74 28.76 35.01
202.68 56.27 29.19 35.53
201.14 56.01 29.62 36.06
200.05 56.27 29.19 35.53
197.84 55.20 29.62 36.06
196.10 54.67 29.19 35.53
193.89 52.79 29.62 36.06
192.99 51.70 30.07 36.61
192.08 49.76 30.52 37.15
192.31 49.21 30.07 36.61
191.87 47.87 29.62 36.06
190.97 45.96 30.07 36.61
190.06 44.85 30.52 37.15
190.96 45.12 30.07 36.61
191.85 45.39 29.62 36.06
191.63 45.12 30.07 36.61
191.40 45.68 30.52 37.15
191.17 46.25 30.98 37.71
192.35 46.82 31.44 38.28
192.83 47.41 31.91 38.85
193.77 48.55 31.44 38.28
194.25 50.00 31.91 38.85
194.48 51.15 31.44 38.28
194.25 51.73 31.91 38.85
194.73 51.44 32.39 39.43
194.49 51.14 32.88 40.03
194.24 50.84 33.37 40.63
193.99 49.62 33.87 41.24
193.74 48.37 34.38 41.85
193.99 47.75 33.87 41.24
192.97 46.51 34.38 41.85
191.93 45.24 34.90 42.48
190.87 44.92 35.42 43.12
188.19 43.62 35.95 43.77
185.47 43.29 36.49 44.42
183.54 42.96 37.04 45.09
181.57 42.62 37.59 45.77
178.73 42.28 38.16 46.45
176.71 41.93 38.73 47.15
173.78 41.57 39.31 47.86
171.69 41.22 39.90 48.57
170.49 39.75 40.50 49.30
168.34 38.26 41.11 50.04
165.23 36.74 41.72 50.79
162.07 35.21 42.35 51.55
159.83 32.48 42.98 52.33
158.53 32.08 43.63 53.11
156.92 32.48 42.98 52.33
153.67 32.08 43.63 53.11
150.37 31.69 44.28 53.91
146.01 32.51 44.95 54.72
140.56 33.34 45.62 55.54
134.00 35.45 46.31 56.37
129.44 36.31 47.00 57.22
123.74 38.48 47.71 58.08
119.05 40.69 48.42 58.95
114.06 43.72 47.71 58.08
108.28 44.61 48.42 58.95
102.41 45.51 49.15 59.83
95.34 46.42 49.88 60.73
89.10 48.21 49.15 59.83
82.96 49.97 48.42 58.95
77.97 50.41 47.71 58.08
73.06 52.12 47.00 57.22
69.26 52.54 46.31 56.37
67.56 52.96 45.62 55.54
65.88 54.59 44.95 54.72
64.23 56.20 44.28 53.91
62.60 56.60 43.63 53.11
61.00 58.17 42.98 52.33
59.42 60.86 42.35 51.55
57.86 62.38 41.72 50.79
58.17 65.00 41.11 50.04
59.38 68.68 40.50 49.30
59.68 71.22 39.90 48.57
60.86 73.72 39.31 47.86
62.88 75.13 38.73 47.15
64.02 75.48 38.16 46.45
65.99 75.83 37.59 45.77
67.93 76.16 37.04 45.09
70.65 75.50 36.49 44.42
73.34 75.83 35.95 43.77
75.98 75.19 35.42 43.12
77.81 74.56 34.90 42.48
80.38 74.87 34.38 41.85
81.39 75.18 33.87 41.24
83.13 75.48 33.37 40.63
84.85 75.78 32.88 40.03
86.55 76.96 32.39 39.43
88.22 77.25 31.91 38.85
90.57 78.40 31.44 38.28
92.88 79.53 30.98 37.71
94.48 80.64 30.52 37.15
94.94 81.20 30.98 37.71
95.41 80.92 31.44 38.28
95.89 80.63 31.91 38.85
98.24 80.06 31.44 38.28
99.17 78.66 30.98 37.71
99.64 75.80 31.44 38.28
99.40 73.77 31.91 38.85
102.79 69.95 32.39 39.43
104.02 67.86 32.88 40.03
106.44 66.39 32.39 39.43
106.20 65.20 32.88 40.03
104.46 63.99 33.37 40.63
103.45 63.68 33.87 41.24
102.42 63.37 34.38 41.85
103.44 63.68 33.87 41.24
103.69 63.99 33.37 40.63
103.20 65.18 32.88 40.03
101.26 65.48 32.39 39.43
97.93 65.77 31.91 38.85
93.34 65.48 32.39 39.43
87.94 65.18 32.88 40.03
83.83 66.36 32.39 39.43
79.78 67.52 31.91 38.85
77.90 67.81 31.44 38.28
77.44 68.09 30.98 37.71
77.67 68.37 30.52 37.15
78.57 67.83 30.07 36.61
81.44 68.10 29.62 36.06
82.57 67.83 30.07 36.61
83.03 68.38 30.52 37.15
86.96 68.11 30.98 37.71
91.29 68.38 30.52 37.15
95.56 68.66 30.07 36.61
100.12 68.38 30.52 37.15
104.75 68.11 30.98 37.71
109.44 66.97 31.44 38.28
114.53 66.40 30.98 37.71
119.23 65.26 31.44 38.28
124.00 63.24 31.91 38.85
127.39 61.18 32.39 39.43
130.83 59.09 32.88 40.03
133.57 56.97 33.37 40.63
136.36 54.82 33.87 41.24
138.85 54.21 33.37 40.63
140.87 52.98 33.87 41.24
142.93 51.74 34.38 41.85
145.02 50.47 34.90 42.48
146.82 51.72 34.38 41.85
148.90 51.41 34.90 42.48
151.47 52.66 34.38 41.85
153.56 54.25 34.90 42.48
154.88 54.90 35.42 43.12
157.03 55.55 35.95 43.77
158.89 56.84 35.42 43.12
160.23 56.52 35.95 43.77
161.60 56.19 36.49 44.42
163.81 54.85 37.04 45.09
166.06 53.48 37.59 45.77
169.20 51.06 38.16 46.45
171.51 49.66 38.73 47.15
174.75 47.16 39.31 47.86
178.03 44.62 39.90 48.57
180.45 40.95 40.50 49.30
182.91 38.33 41.11 50.04
185.40 35.68 41.72 50.79
188.88 34.15 42.35 51.55
191.45 33.76 42.98 52.33
194.06 33.37 43.63 53.11
196.71 34.18 44.28 53.91
199.40 36.22 44.95 54.72
202.13 38.30 45.62 55.54
204.90 41.67 46.31 56.37
207.71 43.81 47.00 57.22
210.56 47.29 47.71 58.08
214.07 50.28 47.00 57.22
217.53 51.97 46.31 56.37
220.94 53.63 45.62 55.54
224.30 55.26 44.95 54.72
226.61 55.67 44.28 53.91
228.30 55.26 44.95 54.72
228.63 55.67 44.28 53.91
228.96 56.07 43.63 53.11
229.28 56.46 42.98 52.33
228.65 56.84 42.35 51.55
228.02 57.23 41.72 50.79
227.41 58.72 41.11 50.04
227.72 60.20 40.50 49.30
228.33 62.07 41.11 50.04
228.02 63.97 41.72 50.79
228.66 64.74 42.35 51.55
228.34 66.70 42.98 52.33
228.02 67.50 43.63 53.11
226.70 68.31 44.28 53.91
226.37 67.90 44.95 54.72
225.01 66.25 45.62 55.54
224.34 66.66 44.95 54.72
221.70 64.65 44.28 53.91
219.09 63.86 43.63 53.11
215.56 63.08 42.98 52.33
211.33 61.49 43.63 53.11
207.80 60.71 42.98 52.33
204.33 59.95 42.35 51.55
199.97 60.33 41.72 50.79
195.67 61.82 41.11 50.04
191.44 63.30 40.50 49.30
187.45 64.05 41.11 50.04
184.13 66.63 40.50 49.30
181.06 68.50 41.11 50.04
177.74 72.18 40.50 49.30
173.75 72.93 41.11 50.04
170.42 75.51 40.50 49.30
167.15 75.88 39.90 48.57
163.92 77.31 39.31 47.86
161.61 77.66 38.73 47.15
159.33 76.97 38.16 46.45
158.77 75.26 37.59 45.77
159.05 74.59 37.04 45.09
161.77 72.93 36.49 44.42
164.46 72.28 35.95 43.77
168.69 71.64 35.42 43.12
172.08 71.96 34.90 42.48
175.42 71.33 34.38 41.85
177.95 72.57 33.87 41.24
180.44 72.87 33.37 40.63
182.90 74.07 32.88 40.03
186.04 76.13 32.39 39.43
189.86 77.29 31.91 38.85
193.61 79.29 31.44 38.28
197.32 81.27 30.98 37.71
201.65 82.38 30.52 37.15
206.59 83.47 30.07 36.61
211.46 84.55 29.62 36.06
217.56 85.61 29.19 35.53
223.57 85.87 28.76 35.01
229.49 85.36 28.33 34.49
235.08 85.10 28.76 35.01
241.00 84.59 28.33 34.49
246.21 84.08 27.91 33.98
250.73 84.33 27.50 33.48
254.58 84.58 27.09 32.98
258.36 84.82 26.69 32.50
262.10 85.78 26.30 32.01
265.19 86.72 25.91 31.54
267.67 87.65 25.53 31.08
269.55 88.57 25.15 30.62
269.74 89.47 24.78 30.16
269.37 89.69 24.41 29.72
269.01 89.26 24.05 29.28
268.13 88.83 23.70 28.85
267.78 88.40 23.35 28.42
267.08 88.19 23.70 28.85
266.90 87.32 24.05 29.28
267.61 87.53 23.70 28.85
268.51 86.66 24.05 29.28
269.75 86.23 23.70 28.85
271.49 86.45 23.35 28.42
273.21 87.28 23.00 28.00
274.39 88.11 22.66 27.59
275.06 88.31 22.33 27.18
275.23 89.11 22.00 26.78
275.87 89.90 21.67 26.38
276.20 90.30 22.00 26.78
276.54 90.71 22.33 27.18
276.88 90.51 22.66 27.59
276.71 90.93 23.00 28.00
276.01 91.35 23.35 28.42
275.67 91.56 23.00 28.00
275.33 91.77 22.66 27.59
275.50 91.97 22.33 27.18
276.16 92.18 22.00 26.78
276.81 92.37 21.67 26.38
278.12 92.18 22.00 26.78
278.96 91.97 22.33 27.18
279.30 91.77 22.66 27.59
280.16 90.94 23.00 28.00
283.88 90.53 22.66 27.59
284.55 90.12 22.33 27.18
283.87 89.30 22.66 27.59
284.04 88.89 22.33 27.18
284.38 88.69 22.66 27.59
285.55 88.29 22.33 27.18
286.40 86.85 22.66 27.59
286.74 86.64 23.00 28.00
286.91 86.23 22.66 27.59
286.74 86.02 23.00 28.00
286.40 85.61 22.66 27.59
285.72 85.40 23.00 28.00
285.38 85.61 22.66 27.59
284.70 84.78 23.00 28.00
283.48 83.93 23.35 28.42
282.77 83.07 23.70 28.85
281.38 83.28 23.35 28.42
280.14 82.42 23.70 28.85
278.75 82.00 23.35 28.42
277.51 81.79 23.70 28.85
276.26 80.91 24.05 29.28
