294.00 135.00 44.00 171.00
294.67 133.72 44.66 173.56
295.99 135.00 44.00 171.00
297.28 136.26 43.35 168.47
297.94 135.00 44.00 171.00
299.24 136.26 43.35 168.47
298.91 135.00 44.00 171.00
300.21 136.26 43.35 168.47
300.53 137.51 42.71 165.98
299.90 138.73 42.08 163.53
299.29 139.94 41.46 161.11
297.76 141.13 40.84 158.73
295.60 139.94 41.46 161.11
294.07 141.13 40.84 158.73
291.67 142.31 40.24 156.39
289.54 141.13 40.84 158.73
288.04 142.31 40.24 156.39
285.67 143.46 39.65 154.08
284.47 145.81 40.24 156.39
282.34 144.64 40.84 158.73
280.84 145.81 40.24 156.39
279.63 144.64 40.84 158.73
278.12 145.81 40.24 156.39
277.82 144.64 40.84 158.73
276.59 147.06 41.46 161.11
276.28 145.85 42.08 163.53
276.59 147.06 41.46 161.11
275.98 148.25 40.84 158.73
275.38 149.42 40.24 156.39
274.79 150.57 39.65 154.08
273.33 155.11 39.06 151.80
271.90 156.23 38.48 149.56
272.18 160.64 37.91 147.35
270.79 161.73 37.35 145.17
269.66 160.64 37.91 147.35
267.65 159.54 38.48 149.56
265.61 158.41 39.06 151.80
264.43 157.28 39.65 154.08
263.85 158.41 39.06 151.80
262.41 162.89 38.48 149.56
261.00 163.99 37.91 147.35
261.28 165.08 37.35 145.17
260.73 166.15 36.80 143.02
261.00 167.21 36.26 140.91
262.07 168.25 35.72 138.83
262.33 169.28 35.19 136.77
263.37 170.29 34.67 134.75
264.39 171.28 34.16 132.76
266.15 169.33 33.66 130.80
265.66 170.30 33.16 128.87
264.66 169.33 33.66 130.80
263.64 168.35 34.16 132.76
263.14 169.33 33.66 130.80
262.12 165.38 34.16 132.76
261.86 164.38 34.67 134.75
260.59 165.38 34.16 132.76
260.84 163.43 33.66 130.80
259.60 164.40 33.16 128.87
259.36 163.43 33.66 130.80
258.34 162.45 34.16 132.76
258.59 160.50 33.66 130.80
257.57 159.52 34.16 132.76
257.83 157.57 33.66 130.80
258.07 158.54 33.16 128.87
257.07 154.64 33.66 130.80
257.32 155.61 33.16 128.87
258.30 153.71 32.67 126.96
257.82 154.65 32.19 125.09
258.31 153.71 32.67 126.96
258.81 149.88 33.16 128.87
259.78 150.83 32.67 126.96
260.28 149.88 33.16 128.87
261.99 150.83 32.67 126.96
262.95 151.77 32.19 125.09
263.90 152.69 31.71 123.24
263.66 151.77 32.19 125.09
263.42 150.83 32.67 126.96
262.94 151.77 32.19 125.09
263.18 152.69 31.71 123.24
263.41 153.60 31.24 121.42
262.47 152.69 31.71 123.24
262.23 151.77 32.19 125.09
261.99 153.67 32.67 126.96
262.49 152.72 33.16 128.87
263.46 153.67 32.67 126.96
263.22 152.72 33.16 128.87
263.72 151.75 33.66 130.80
264.24 150.77 34.16 132.76
264.76 149.78 34.67 134.75
266.07 148.77 35.19 136.77
267.11 149.78 34.67 134.75
267.64 148.77 35.19 136.77
268.17 147.74 35.72 138.83
268.72 143.54 36.26 140.91
268.45 145.69 36.80 143.02
269.01 144.62 37.35 145.17
269.58 143.53 37.91 147.35
270.15 142.42 38.48 149.56
270.74 141.30 39.06 151.80
272.75 142.42 38.48 149.56
273.34 141.30 39.06 151.80
274.82 140.16 39.65 154.08
276.87 141.30 39.06 151.80
279.74 145.77 38.48 149.56
282.57 146.88 37.91 147.35
284.53 147.97 37.35 145.17
285.94 150.18 37.91 147.35
288.73 151.27 37.35 145.17
279.96 166.68 37.91 147.35
286.57 168.93 38.48 149.56
291.95 170.03 37.91 147.35
298.93 174.37 37.35 145.17
306.29 173.28 37.91 147.35
314.10 177.62 37.35 145.17
321.80 178.70 36.80 143.02
327.75 179.75 36.26 140.91
334.90 178.70 36.80 143.02
343.29 179.75 36.26 140.91
350.44 178.70 36.80 143.02
358.02 179.75 36.26 140.91
364.35 178.70 36.80 143.02
370.30 179.75 36.26 140.91
377.77 180.79 35.72 138.83
384.34 178.76 35.19 136.77
389.26 179.77 34.67 134.75
396.41 180.76 34.16 132.76
401.94 181.74 33.66 130.80
407.04 177.79 34.16 132.76
411.44 176.79 34.67 134.75
415.53 177.79 34.16 132.76
419.15 176.79 34.67 134.75
422.83 178.85 35.19 136.77
426.57 177.82 35.72 138.83
429.55 176.78 36.26 140.91
432.58 175.72 36.80 143.02
436.48 174.65 37.35 145.17
441.30 176.86 37.91 147.35
446.19 172.41 38.48 149.56
450.27 171.28 39.06 151.80
455.73 172.41 38.48 149.56
460.70 171.28 39.06 151.80
463.57 172.41 38.48 149.56
468.95 170.21 37.91 147.35
473.41 171.30 37.35 145.17
477.81 172.37 36.80 143.02
483.77 173.43 36.26 140.91
487.62 172.37 36.80 143.02
491.95 176.59 36.26 140.91
498.62 177.63 35.72 138.83
504.85 176.59 36.26 140.91
510.35 175.53 36.80 143.02
514.68 176.59 36.26 140.91
519.35 175.53 36.80 143.02
523.69 176.59 36.26 140.91
529.19 175.53 36.80 143.02
533.93 174.46 37.35 145.17
538.33 175.53 36.80 143.02
541.40 174.46 37.35 145.17
544.52 176.67 37.91 147.35
546.82 172.21 38.48 149.56
551.35 176.62 37.91 147.35
555.37 175.51 38.48 149.56
559.05 173.32 37.91 147.35
562.68 177.66 37.35 145.17
567.90 178.73 36.80 143.02
571.81 177.66 37.35 145.17
576.21 178.73 36.80 143.02
580.54 179.79 36.26 140.91
584.81 183.94 35.72 138.83
589.42 179.74 36.26 140.91
594.09 178.68 36.80 143.02
599.23 179.74 36.26 140.91
601.44 178.68 36.80 143.02
604.96 179.74 36.26 140.91
608.42 180.78 35.72 138.83
611.05 184.87 35.19 136.77
613.64 182.86 34.67 134.75
616.20 183.86 34.16 132.76
619.46 187.77 33.66 130.80
622.68 188.74 33.16 128.87
626.20 187.77 33.66 130.80
628.68 188.74 33.16 128.87
630.69 187.77 33.66 130.80
631.97 186.79 34.16 132.76
615.41 194.85 34.67 134.75
614.90 198.82 34.16 132.76
615.15 199.80 33.66 130.80
616.14 200.77 33.16 128.87
617.85 201.72 32.67 126.96
616.65 202.66 32.19 125.09
614.94 207.41 32.67 126.96
615.44 206.45 33.16 128.87
615.19 208.42 33.66 130.80
614.94 204.46 34.16 132.76
615.95 202.51 33.66 130.80
614.16 198.56 34.16 132.76
606.12 196.61 33.66 130.80
605.11 195.63 34.16 132.76
604.07 194.63 34.67 134.75
604.60 193.62 35.19 136.77
605.14 192.60 35.72 138.83
606.49 191.56 36.26 140.91
608.36 195.71 35.72 138.83
611.34 194.67 36.26 140.91
613.21 195.71 35.72 138.83
614.26 196.73 35.19 136.77
616.08 200.76 34.67 134.75
615.57 210.68 34.16 132.76
613.76 215.72 34.67 134.75
614.01 216.72 34.16 132.76
615.77 208.91 33.66 130.80
616.02 209.87 33.16 128.87
616.27 202.29 32.67 126.96
614.54 178.25 33.16 128.87
614.29 168.49 33.66 130.80
614.04 161.56 34.16 132.76
612.23 154.53 34.67 134.75
612.76 150.46 35.19 136.77
612.49 146.32 35.72 138.83
612.22 138.97 36.26 140.91
611.95 137.91 36.80 143.02
611.68 133.59 37.35 145.17
612.78 131.45 36.80 143.02
613.05 129.36 36.26 140.91
613.32 130.40 35.72 138.83
613.58 128.36 35.19 136.77
614.62 129.37 34.67 134.75
614.36 128.36 35.19 136.77
613.29 127.33 35.72 138.83
613.56 125.29 35.19 136.77
613.29 124.27 35.72 138.83
613.56 125.29 35.19 136.77
613.29 124.27 35.72 138.83
613.02 123.23 36.26 140.91
613.29 124.27 35.72 138.83
613.02 126.38 36.26 140.91
612.75 125.33 36.80 143.02
611.64 124.25 37.35 145.17
611.36 123.17 37.91 147.35
611.08 118.71 38.48 149.56
610.79 117.59 39.06 151.80
610.49 116.45 39.65 154.08
609.29 115.29 40.24 156.39
608.99 110.57 40.84 158.73
608.69 109.38 41.46 161.11
608.38 108.17 42.08 163.53
607.10 106.94 42.71 165.98
607.42 108.17 42.08 163.53
607.10 106.94 42.71 165.98
607.42 111.83 42.08 163.53
607.10 110.60 42.71 165.98
608.36 115.49 42.08 163.53
608.67 116.70 41.46 161.11
608.98 117.89 40.84 158.73
609.28 119.07 40.24 156.39
608.98 117.89 40.84 158.73
609.28 119.07 40.24 156.39
608.98 117.89 40.84 158.73
608.67 116.70 41.46 161.11
608.36 115.49 42.08 163.53
608.67 116.70 41.46 161.11
608.36 115.49 42.08 163.53
608.67 116.70 41.46 161.11
608.36 115.49 42.08 163.53
607.09 114.27 42.71 165.98
606.77 113.02 43.35 168.47
607.09 110.55 42.71 165.98
606.77 109.30 43.35 168.47
607.09 110.55 42.71 165.98
608.35 111.78 42.08 163.53
608.03 110.55 42.71 165.98
608.35 111.78 42.08 163.53
607.08 110.55 42.71 165.98
606.75 105.53 43.35 168.47
606.43 104.27 44.00 171.00
606.75 105.53 43.35 168.47
606.43 104.27 44.00 171.00
606.10 102.98 44.66 173.57
605.76 101.68 45.33 176.17
604.39 100.36 46.01 178.81
604.73 101.68 45.33 176.17
604.39 96.36 46.01 178.81
605.75 101.62 45.33 176.17
605.41 100.30 46.01 178.81
605.75 101.62 45.33 176.17
605.41 100.30 46.01 178.81
605.75 101.62 45.33 176.17
605.41 100.30 46.01 178.81
605.06 98.96 46.70 181.49
605.41 100.30 46.01 178.81
602.97 98.96 46.70 181.49
599.44 97.60 47.40 184.22
591.42 98.96 46.70 181.49
586.61 100.30 46.01 178.81
579.84 101.62 45.33 176.17
574.18 102.93 44.66 173.57
566.73 101.62 45.33 176.17
560.06 102.93 44.66 173.57
552.62 101.62 45.33 176.17
545.95 102.93 44.66 173.57
539.39 104.21 44.00 171.00
531.05 102.93 44.66 173.57
524.62 97.68 45.33 176.17
517.07 96.36 46.01 178.81
510.45 95.02 46.70 181.49
504.61 96.36 46.01 178.81
499.87 97.68 45.33 176.17
495.21 98.98 44.66 173.57
489.79 97.68 45.33 176.17
486.13 98.98 44.66 173.57
481.73 97.68 45.33 176.17
478.06 98.98 44.66 173.57
474.68 93.73 45.33 176.17
470.22 92.41 46.01 178.81
467.52 93.73 45.33 176.17
463.05 92.41 46.01 178.81
459.33 93.73 45.33 176.17
455.66 95.03 44.66 173.57
452.05 96.32 44.00 171.00
447.72 91.15 44.66 173.57
444.11 92.43 44.00 171.00
439.78 91.15 44.66 173.57
435.18 92.43 44.00 171.00
429.85 91.15 44.66 173.57
425.25 92.43 44.00 171.00
420.72 93.69 43.35 168.47
415.47 92.43 44.00 171.00
409.13 91.15 44.66 173.57
404.74 89.84 45.33 176.17
399.24 88.52 46.01 178.81
395.52 85.90 45.33 176.17
390.03 84.58 46.01 178.81
385.50 83.23 46.70 181.49
379.84 81.87 47.40 184.22
376.01 83.23 46.70 181.49
370.17 84.58 46.01 178.81
366.45 85.90 45.33 176.17
361.78 87.20 44.66 173.57
358.17 88.48 44.00 171.00
352.83 87.20 44.66 173.57
347.42 85.90 45.33 176.17
343.76 87.20 44.66 173.57
338.34 81.95 45.33 176.17
332.85 80.63 46.01 178.81
328.11 81.95 45.33 176.17
322.45 83.25 44.66 173.57
315.00 81.95 45.33 176.17
309.34 83.25 44.66 173.57
299.86 81.95 45.33 176.17
295.20 83.25 44.66 173.57
287.64 84.54 44.00 171.00
279.23 85.80 43.35 168.47
272.00 84.54 44.00 171.00
262.67 83.25 44.66 173.57
254.13 84.54 44.00 171.00
246.80 79.36 44.66 173.57
239.24 80.65 44.00 171.00
230.91 79.36 44.66 173.57
222.45 78.06 45.33 176.17
216.78 79.36 44.66 173.57
208.33 78.06 45.33 176.17
201.66 79.36 44.66 173.57
195.09 80.65 44.00 171.00
187.76 79.36 44.66 173.57
181.33 74.12 45.33 176.17
175.66 75.42 44.66 173.57
171.06 76.70 44.00 171.00
164.73 75.42 44.66 173.57
159.32 70.17 45.33 176.17
154.65 71.47 44.66 173.57
149.07 72.76 44.00 171.00
143.74 71.47 44.66 173.57
138.32 66.22 45.33 176.17
133.66 67.53 44.66 173.57
127.23 66.22 45.33 176.17
122.56 67.53 44.66 173.57
117.15 66.22 45.33 176.17
112.48 67.53 44.66 173.57
106.06 66.22 45.33 176.17
101.39 67.53 44.66 173.57
95.98 66.22 45.33 176.17
91.31 71.41 44.66 173.57
85.90 70.11 45.33 176.17
81.44 68.79 46.01 178.81
76.70 70.11 45.33 176.17
72.03 71.41 44.66 173.57
68.42 72.70 44.00 171.00
62.09 75.30 44.66 173.57
57.69 74.00 45.33 176.17
53.02 75.30 44.66 173.57
48.43 76.58 44.00 171.00
43.09 75.30 44.66 173.57
37.51 80.41 44.00 171.00
32.18 79.13 44.66 173.57
26.77 77.83 45.33 176.17
21.10 79.13 44.66 173.57
16.50 84.25 44.00 171.00
10.17 82.96 44.66 173.57
4.76 81.66 45.33 176.17
-1.77 80.34 46.01 178.81
-6.50 85.61 45.33 176.17
-11.17 86.91 44.66 173.57
-16.75 92.02 44.00 171.00
-22.09 90.74 44.66 173.57
-26.68 95.85 44.00 171.00
-32.02 94.57 44.66 173.57
-38.44 93.27 45.33 176.17
-41.11 90.68 44.66 173.57
-43.74 91.96 44.00 171.00
-50.07 94.57 44.66 173.57
-38.22 26.18 45.33 176.17
-39.59 16.85 46.01 178.81
-40.98 15.51 46.70 181.49
-41.33 14.15 47.40 184.22
-42.03 11.44 46.70 181.49
-42.71 8.78 46.01 178.81
-44.10 7.44 46.70 181.49
-43.39 6.08 47.40 184.22
-30.81 -37.19 48.11 186.98
-29.40 -35.81 47.40 184.22
-32.18 -34.44 46.70 181.49
-30.81 -33.10 46.01 178.81
-29.45 -31.78 45.33 176.17
-33.12 -26.59 44.66 173.57
-31.80 -29.14 44.00 171.00
-33.14 -26.53 44.66 173.57
-35.76 -25.25 44.00 171.00
-37.09 -22.65 44.66 173.57
-38.73 -21.36 44.00 171.00
-40.06 -22.65 44.66 173.57
-39.73 -21.36 44.00 171.00
-41.06 -14.87 44.66 173.57
-40.73 -9.76 44.00 171.00
-39.44 -8.49 43.35 168.47
-38.16 -7.25 42.71 165.98
-38.48 -8.49 43.35 168.47
-39.79 -13.59 44.00 171.00
-39.12 -14.87 44.66 173.57
-38.79 -13.59 44.00 171.00
-38.47 -12.32 43.35 168.47
-38.15 -7.36 42.71 165.98
-38.47 -8.61 43.35 168.47
-39.78 -9.87 44.00 171.00
-40.11 -11.15 44.66 173.57
-39.78 -6.04 44.00 171.00
-40.11 -7.32 44.66 173.57
-40.44 -8.62 45.33 176.17
-40.78 -9.95 46.01 178.81
-42.17 -11.29 46.70 181.49
-42.52 -8.52 47.40 184.22
-42.17 -7.16 46.70 181.49
-42.52 -8.52 47.40 184.22
-42.17 -7.16 46.70 181.49
-43.59 -4.40 47.40 184.22
-43.94 -5.78 48.11 186.98
-45.40 -7.18 48.83 189.78
-45.76 -8.60 49.57 192.63
-45.40 -7.18 48.83 189.78
-45.76 -8.60 49.57 192.63
-45.40 -7.18 48.83 189.78
-44.65 -8.60 49.57 192.63
-43.90 -10.05 50.31 195.52
-44.27 -11.51 51.06 198.45
-46.98 -8.49 51.83 201.43
-47.37 -5.42 52.61 204.45
-48.96 -6.95 53.40 207.52
-49.36 -8.51 54.20 210.63
-49.77 -5.30 55.01 213.79
-50.18 -6.90 55.84 217.00
-50.60 -8.53 56.67 220.25
-52.31 -5.18 57.52 223.56
-52.74 -11.94 58.39 226.91
-52.31 -10.26 57.52 223.56
-52.74 -11.94 58.39 226.91
-53.18 -13.64 59.26 230.31
-52.74 -11.94 58.39 226.91
-52.31 -10.26 57.52 223.56
-52.74 -6.85 58.39 226.91
-52.31 -5.18 57.52 223.56
-52.74 -6.85 58.39 226.91
-53.18 -8.56 59.26 230.31
-53.62 -10.28 60.15 233.77
-55.44 -6.72 61.05 237.27
-55.90 -13.89 61.97 240.83
-55.44 -12.12 61.05 237.27
-55.90 -13.89 61.97 240.83
-55.44 -12.12 61.05 237.27
-57.29 -13.89 61.97 240.83
-56.83 -12.12 61.05 237.27
-57.29 -13.89 61.97 240.83
-56.83 -12.12 61.05 237.27
-57.29 -13.89 61.97 240.83
-56.83 -12.12 61.05 237.27
-57.29 -13.89 61.97 240.83
-56.83 -17.43 61.05 237.27
-55.03 -10.44 60.15 233.77
-56.85 -17.51 61.05 237.27
-57.31 -19.29 61.97 240.83
-57.77 -21.09 62.90 244.44
-57.31 -19.29 61.97 240.83
-56.85 -17.51 61.05 237.27
-57.31 -19.29 61.97 240.83
-56.85 -17.51 61.05 237.27
-57.31 -19.29 61.97 240.83
-56.85 -17.51 61.05 237.27
-57.31 -19.29 61.97 240.83
-56.85 -17.51 61.05 237.27
-57.31 -19.29 61.97 240.83
-57.77 -21.09 62.90 244.44
-57.31 -19.29 61.97 240.83
-56.85 -17.51 61.05 237.27
-57.31 -19.29 61.97 240.83
-56.85 -17.51 61.05 237.27
-57.31 -19.29 61.97 240.83
-56.85 -17.51 61.05 237.27
-55.05 -15.76 60.15 233.77
-56.87 -17.51 61.05 237.27
-55.07 -15.76 60.15 233.77
-54.63 -19.19 59.26 230.31
-55.07 -15.68 60.15 233.77
-54.63 -19.11 59.26 230.31
-55.07 -20.84 60.15 233.77
-56.89 -17.28 61.05 237.27
-55.09 -20.76 60.15 233.77
-56.91 -17.20 61.05 237.27
-55.11 -20.68 60.15 233.77
-54.67 -18.95 59.26 230.31
-54.23 -17.25 58.39 226.91
-54.67 -18.95 59.26 230.31
-54.23 -17.25 58.39 226.91
-54.67 -18.95 59.26 230.31
-54.23 -17.25 58.39 226.91
-54.67 -18.95 59.26 230.31
-54.23 -17.25 58.39 226.91
-54.67 -18.95 59.26 230.31
-55.11 -20.68 60.15 233.77
-56.93 -22.43 61.05 237.27
-55.13 -20.68 60.15 233.77
-56.95 -22.43 61.05 237.27
-55.15 -20.68 60.15 233.77
-54.71 -18.95 59.26 230.31
-54.27 -17.25 58.39 226.91
-54.71 -18.95 59.26 230.31
-54.27 -17.25 58.39 226.91
-54.71 -18.95 59.26 230.31
-54.27 -17.25 58.39 226.91
-54.71 -18.95 59.26 230.31
-54.27 -17.25 58.39 226.91
-54.71 -18.95 59.26 230.31
-54.27 -17.25 58.39 226.91
-54.71 -18.95 59.26 230.31
-55.15 -20.68 60.15 233.77
-54.71 -18.95 59.26 230.31
-54.27 -17.25 58.39 226.91
-54.71 -24.11 59.26 230.31
-55.15 -25.84 60.15 233.77
-56.97 -22.28 61.05 237.27
-55.17 -25.76 60.15 233.77
-54.73 -24.03 59.26 230.31
-54.29 -22.33 58.39 226.91
-54.73 -24.03 59.26 230.31
-55.17 -25.76 60.15 233.77
-56.99 -27.51 61.05 237.27
-55.19 -25.76 60.15 233.77
-57.01 -27.51 61.05 237.27
-55.21 -25.76 60.15 233.77
-57.03 -27.51 61.05 237.27
-55.23 -25.76 60.15 233.77
-54.79 -24.03 59.26 230.31
-55.23 -25.76 60.15 233.77
-57.05 -27.51 61.05 237.27
-57.51 -29.29 61.97 240.83
-57.05 -27.51 61.05 237.27
-57.51 -29.29 61.97 240.83
-57.05 -27.51 61.05 237.27
-57.51 -29.29 61.97 240.83
-57.05 -27.51 61.05 237.27
-57.51 -29.29 61.97 240.83
-57.05 -27.51 61.05 237.27
-57.51 -29.29 61.97 240.83
-57.05 -27.51 61.05 237.27
-57.51 -29.29 61.97 240.83
-57.98 -31.10 62.90 244.44
-57.51 -29.29 61.97 240.83
-57.98 -31.10 62.90 244.44
-57.51 -23.90 61.97 240.83
-57.98 -25.70 62.90 244.44
-58.45 -27.54 63.84 248.11
-60.38 -29.40 64.80 251.83
-60.86 -31.29 65.77 255.61
-61.36 -33.21 66.76 259.44
-63.38 -35.15 67.76 263.34
-63.88 -31.14 68.78 267.29
-63.38 -29.16 67.76 263.34
-63.88 -31.14 68.78 267.29
-63.38 -29.16 67.76 263.34
-63.88 -31.14 68.78 267.29
-63.38 -29.16 67.76 263.34
-61.38 -27.22 66.76 259.44
-63.40 -29.16 67.76 263.34
-61.40 -27.22 66.76 259.44
-63.42 -29.16 67.76 263.34
-63.93 -25.15 68.78 267.29
-63.42 -29.08 67.76 263.34
-63.93 -25.06 68.78 267.29
-63.42 -23.09 67.76 263.34
-63.93 -25.06 68.78 267.29
-63.42 -23.09 67.76 263.34
-63.93 -19.08 68.78 267.29
-64.44 -21.08 69.81 271.30
-63.93 -19.08 68.78 267.29
-64.44 -21.08 69.81 271.30
-63.93 -13.09 68.78 267.29
-64.44 -15.09 69.81 271.30
-63.93 -7.10 68.78 267.29
-64.44 -9.11 69.81 271.30
-63.93 -7.10 68.78 267.29
-64.44 -9.11 69.81 271.30
-63.93 -1.11 68.78 267.29
-64.44 -3.12 69.81 271.30
-63.93 -1.11 68.78 267.29
-64.44 -3.12 69.81 271.30
-64.97 -5.15 70.85 275.37
-67.11 -0.96 71.92 279.50
-67.65 -3.05 73.00 283.69
-65.50 -0.96 71.92 279.50
-66.04 -3.05 73.00 283.69
-66.59 -5.18 74.09 287.94
-68.83 -7.34 75.20 292.26
-69.39 -9.53 76.33 296.65
-69.96 -11.76 77.48 301.10
-70.54 -14.02 78.64 305.61
-72.92 -16.31 79.82 310.20
-73.52 -18.64 81.01 314.85
-74.13 -21.00 82.23 319.57
-74.74 -23.39 83.46 324.37
-77.27 -25.83 84.71 329.23
-77.90 -28.30 85.99 334.17
-77.27 -25.83 84.71 329.23
-77.90 -28.30 85.99 334.17
-79.17 -18.45 84.71 329.23
-79.80 -20.92 85.99 334.17
-77.27 -18.45 84.71 329.23
-77.90 -20.92 85.99 334.17
-78.55 -23.43 87.28 339.18
-81.19 -25.97 88.58 344.27
-81.85 -28.55 89.91 349.43
-82.53 -31.17 91.26 354.68
-81.85 -28.55 89.91 349.43
-81.19 -25.97 88.58 344.27
-83.87 -28.55 89.91 349.43
-83.20 -25.97 88.58 344.27
-83.87 -28.55 89.91 349.43
-83.20 -25.97 88.58 344.27
-83.87 -28.55 89.91 349.43
-81.22 -25.97 88.58 344.27
-81.88 -28.55 89.91 349.43
-81.22 -25.97 88.58 344.27
-81.88 -28.55 89.91 349.43
-81.22 -25.97 88.58 344.27
-81.88 -28.55 89.91 349.43
-81.22 -25.97 88.58 344.27
-81.88 -28.55 89.91 349.43
-81.22 -25.97 88.58 344.27
-81.88 -28.55 89.91 349.43
-81.22 -25.97 88.58 344.27
-81.88 -28.55 89.91 349.43
-84.60 -31.17 91.26 354.68
-83.93 -28.55 89.91 349.43
-81.28 -25.97 88.58 344.27
-83.96 -28.55 89.91 349.43
-83.29 -25.97 88.58 344.27
-83.96 -28.55 89.91 349.43
-83.29 -25.97 88.58 344.27
-83.96 -28.55 89.91 349.43
-83.29 -25.97 88.58 344.27
-83.96 -28.55 89.91 349.43
-83.29 -25.97 88.58 344.27
-81.94 -28.55 89.91 349.43
-81.28 -25.97 88.58 344.27
-81.94 -28.55 89.91 349.43
-81.28 -25.97 88.58 344.27
-81.94 -28.55 89.91 349.43
-81.28 -25.97 88.58 344.27
-83.96 -28.55 89.91 349.43
-84.63 -31.17 91.26 354.68
-85.31 -33.83 92.63 360.00
-84.63 -31.17 91.26 354.68
-85.31 -33.83 92.63 360.00
-84.63 -31.17 91.26 354.68
-85.31 -33.83 92.63 360.00
-84.63 -31.17 91.26 354.68
-85.31 -33.83 92.63 360.00
-86.01 -36.53 94.02 365.40
-86.71 -30.97 95.43 370.88
-89.60 -42.18 96.86 376.44
-88.88 -39.40 95.43 370.88
-89.60 -42.18 96.86 376.44
-90.33 -36.44 98.31 382.09
-93.30 -39.31 99.79 387.82
-90.36 -36.44 98.31 382.09
-93.33 -39.31 99.79 387.82
-90.39 -36.44 98.31 382.09
-93.36 -39.31 99.79 387.82
-90.42 -36.44 98.31 382.09
-93.40 -39.31 99.79 387.82
-90.46 -36.44 98.31 382.09
-93.43 -39.31 99.79 387.82
-90.49 -36.44 98.31 382.09
-93.46 -39.31 99.79 387.82
-94.21 -42.22 101.29 393.64
-93.46 -39.31 99.79 387.82
-94.21 -42.22 101.29 393.64
-93.46 -39.31 99.79 387.82
-94.21 -42.22 101.29 393.64
-93.46 -39.31 99.79 387.82
-94.21 -42.22 101.29 393.64
-93.46 -48.00 99.79 387.82
-94.21 -50.91 101.29 393.64
-93.46 -48.00 99.79 387.82
-94.21 -50.91 101.29 393.64
-93.46 -48.00 99.79 387.82
-94.21 -50.91 101.29 393.64
-93.46 -48.00 99.79 387.82
-94.21 -50.91 101.29 393.64
-93.46 -48.00 99.79 387.82
-90.52 -45.13 98.31 382.09
-89.80 -50.74 96.86 376.44
-89.08 -47.96 95.43 370.88
-86.27 -45.22 94.02 365.40
-89.11 -47.96 95.43 370.88
-86.30 -45.22 94.02 365.40
-87.01 -47.96 95.43 370.88
-86.30 -45.22 94.02 365.40
-87.01 -47.96 95.43 370.88
-86.30 -45.22 94.02 365.40
-87.01 -47.96 95.43 370.88
-86.30 -45.22 94.02 365.40
-87.01 -47.96 95.43 370.88
-87.72 -50.74 96.86 376.44
-88.45 -45.01 98.31 382.09
-91.42 -47.87 99.79 387.82
-92.17 -50.78 101.29 393.64
-91.42 -47.87 99.79 387.82
-92.17 -50.78 101.29 393.64
-92.93 -53.73 102.81 399.54
-92.17 -50.78 101.29 393.64
-92.93 -53.73 102.81 399.54
-92.17 -50.78 101.29 393.64
-92.93 -53.73 102.81 399.54
-92.17 -50.78 101.29 393.64
-92.93 -53.73 102.81 399.54
-92.17 -50.78 101.29 393.64
-92.93 -53.73 102.81 399.54
-92.17 -50.78 101.29 393.64
-92.93 -53.73 102.81 399.54
-92.17 -50.78 101.29 393.64
-92.93 -53.73 102.81 399.54
-92.17 -50.78 101.29 393.64
-92.93 -53.73 102.81 399.54
-92.17 -50.78 101.29 393.64
-92.93 -53.73 102.81 399.54
-92.17 -50.78 101.29 393.64
-92.93 -53.73 102.81 399.54
-92.17 -50.78 101.29 393.64
-92.93 -53.73 102.81 399.54
-92.17 -50.78 101.29 393.64
-91.42 -47.87 99.79 387.82
-92.17 -50.78 101.29 393.64
-92.93 -53.73 102.81 399.54
-92.17 -50.78 101.29 393.64
-92.93 -53.73 102.81 399.54
-92.17 -50.78 101.29 393.64
-92.93 -53.73 102.81 399.54
-92.17 -50.78 101.29 393.64
-91.42 -47.87 99.79 387.82
-92.17 -50.78 101.29 393.64
-91.42 -47.87 99.79 387.82
-92.17 -50.78 101.29 393.64
-91.42 -47.87 99.79 387.82
-92.17 -50.78 101.29 393.64
-91.42 -47.87 99.79 387.82
-88.48 -45.01 98.31 382.09
-91.46 -47.87 99.79 387.82
-92.20 -50.78 101.29 393.64
-92.96 -53.73 102.81 399.54
-92.20 -50.78 101.29 393.64
-92.96 -53.73 102.81 399.54
-92.20 -50.78 101.29 393.64
-91.46 -47.87 99.79 387.82
-92.20 -50.78 101.29 393.64
-92.96 -53.73 102.81 399.54
-93.73 -56.73 104.35 405.53
-92.96 -53.73 102.81 399.54
-93.73 -56.73 104.35 405.53
-92.96 -53.73 102.81 399.54
-92.20 -50.78 101.29 393.64
-92.96 -53.73 102.81 399.54
-92.20 -50.78 101.29 393.64
-92.96 -53.73 102.81 399.54
-92.20 -50.78 101.29 393.64
-92.96 -62.68 102.81 399.54
-92.20 -50.91 101.29 393.64
-92.96 -62.81 102.81 399.54
-92.20 -51.04 101.29 393.64
-91.46 -48.14 99.79 387.82
-92.20 -51.04 101.29 393.64
-92.96 -62.95 102.81 399.54
-92.20 -51.18 101.29 393.64
-92.96 -63.08 102.81 399.54
-92.20 -60.13 101.29 393.64
-92.96 -63.08 102.81 399.54
-92.20 -60.13 101.29 393.64
-92.96 -63.08 102.81 399.54
-92.20 -60.13 101.29 393.64
-92.96 -63.08 102.81 399.54
-93.73 -56.99 104.35 405.53
-92.96 -53.99 102.81 399.54
-92.20 -59.86 101.29 393.64
-91.46 -48.26 99.79 387.82
-92.20 -51.17 101.29 393.64
-92.96 -54.12 102.81 399.54
-92.20 -51.17 101.29 393.64
-92.96 -54.12 102.81 399.54
-92.20 -51.17 101.29 393.64
-92.96 -54.12 102.81 399.54
-92.20 -51.17 101.29 393.64
-92.96 -54.12 102.81 399.54
-93.73 -48.04 104.35 405.53
-96.89 -51.08 105.91 411.62
-97.68 -54.17 107.50 417.79
-96.89 -51.08 105.91 411.62
-97.68 -54.17 107.50 417.79
-98.49 -57.30 109.11 424.06
-97.68 -54.17 107.50 417.79
-98.49 -57.30 109.11 424.06
-101.79 -50.84 110.75 430.42
-102.62 -54.07 112.41 436.87
-103.46 -47.41 114.10 443.43
-104.32 -50.74 115.81 450.08
-107.82 -54.11 117.55 456.83
-108.70 -57.54 119.31 463.68
-105.19 -54.11 117.55 456.83
-106.07 -57.54 119.31 463.68
-106.96 -61.02 121.10 470.64
-107.87 -64.55 122.92 477.70
-111.59 -54.84 124.76 480.00
-107.91 -61.88 122.92 472.91
-108.84 -65.43 124.76 480.00
-109.77 -54.52 126.63 480.00
-110.72 -54.52 128.53 480.00
-111.68 -54.52 130.46 480.00
-112.66 -54.52 132.42 480.00
-113.66 -54.52 134.40 480.00
-114.66 -54.52 136.42 480.00
-115.69 -54.52 138.46 480.00
-119.87 -54.52 140.54 480.00
-120.93 -54.52 142.65 480.00
-122.00 -54.52 144.79 480.00
-123.08 -54.52 146.96 480.00
-124.19 -54.52 149.17 480.00
-128.70 -54.52 151.40 480.00
-124.24 -61.56 149.17 472.91
-119.84 -58.07 146.96 465.92
-120.94 -61.56 149.17 472.91
-119.84 -58.07 146.96 465.92
-120.94 -61.56 149.17 472.91
-119.84 -47.63 146.96 465.92
-120.94 -51.13 149.17 472.91
-119.84 -47.63 146.96 465.92
-120.94 -51.13 149.17 472.91
-119.84 -47.63 146.96 465.92
-120.94 -51.13 149.17 472.91
-119.84 -47.63 146.96 465.92
-120.94 -51.13 149.17 472.91
-125.45 -54.67 151.40 480.00
-120.99 -51.13 149.17 472.91
-125.50 -54.67 151.40 480.00
-124.39 -51.13 149.17 472.91
-125.50 -65.42 151.40 480.00
-124.39 -61.88 149.17 472.91
-128.90 -54.67 151.40 480.00
-130.03 -54.67 153.67 480.00
-128.90 -61.72 151.40 472.91
-133.47 -54.51 153.67 480.00
-132.34 -50.97 151.40 472.91
-133.47 -54.51 153.67 480.00
-132.34 -50.97 151.40 472.91
-133.47 -54.51 153.67 480.00
-132.34 -50.97 151.40 472.91
-133.47 -54.51 153.67 480.00
-132.34 -50.97 151.40 472.91
-133.47 -54.51 153.67 480.00
-132.34 -50.97 151.40 472.91
-136.92 -54.51 153.67 480.00
-132.39 -50.97 151.40 472.91
-136.97 -54.51 153.67 480.00
-135.83 -50.97 151.40 472.91
-136.97 -54.51 153.67 480.00
-132.44 -50.97 151.40 472.91
-137.02 -54.51 153.67 480.00
-132.49 -50.97 151.40 472.91
-133.63 -54.51 153.67 480.00
-132.49 -50.97 151.40 472.91
-133.63 -54.51 153.67 480.00
-132.49 -50.97 151.40 472.91
-133.63 -54.51 153.67 480.00
-132.49 -50.97 151.40 472.91
-133.63 -54.51 153.67 480.00
-132.49 -50.97 151.40 472.91
-133.63 -54.51 153.67 480.00
-132.49 -50.97 151.40 472.91
-137.07 -54.51 153.67 480.00
-135.93 -50.97 151.40 472.91
-137.07 -65.26 153.67 480.00
-135.93 -61.72 151.40 472.91
-140.51 -65.26 153.67 480.00
-139.38 -61.72 151.40 472.91
-140.51 -65.26 153.67 480.00
-139.38 -61.72 151.40 472.91
-140.51 -65.26 153.67 480.00
-142.77 -61.72 151.40 472.91
-143.90 -65.26 153.67 480.00
-142.77 -61.72 151.40 472.91
-143.90 -65.26 153.67 480.00
-141.56 -65.26 155.98 480.00
-142.73 -65.26 158.32 480.00
-147.52 -65.26 160.69 480.00
-148.72 -65.26 163.10 480.00
-147.52 -61.72 160.69 472.91
-148.72 -65.26 163.10 480.00
-147.52 -61.72 160.69 472.91
-148.72 -65.26 163.10 480.00
-149.95 -54.35 165.55 480.00
-154.95 -54.35 168.03 480.00
-150.00 -61.40 165.55 472.91
-155.01 -64.94 168.03 480.00
-150.06 -61.40 165.55 472.91
-155.06 -64.94 168.03 480.00
-156.32 -54.03 170.55 480.00
-157.60 -54.03 173.11 480.00
-158.90 -54.03 175.71 480.00
-164.21 -54.03 178.34 480.00
-165.55 -54.03 181.02 480.00
-164.21 -61.08 178.34 472.91
-169.61 -64.62 181.02 480.00
-164.27 -50.48 178.34 472.91
-165.61 -54.03 181.02 480.00
-164.27 -50.48 178.34 472.91
-165.61 -54.03 181.02 480.00
-164.27 -50.48 178.34 472.91
-165.61 -54.03 181.02 480.00
-164.27 -50.48 178.34 472.91
-165.61 -54.03 181.02 480.00
-164.27 -50.48 178.34 472.91
-165.61 -54.03 181.02 480.00
-164.27 -50.48 178.34 472.91
-165.61 -54.03 181.02 480.00
-164.27 -50.48 178.34 472.91
-165.61 -54.03 181.02 480.00
-164.27 -50.48 178.34 472.91
-165.61 -54.03 181.02 480.00
-164.27 -50.48 178.34 472.91
-165.61 -54.03 181.02 480.00
-164.27 -50.48 178.34 472.91
-165.61 -54.03 181.02 480.00
-164.27 -50.48 178.34 472.91
-169.67 -54.03 181.02 480.00
-171.02 -43.12 183.74 480.00
-169.67 -50.16 181.02 472.91
-168.33 -36.23 178.34 465.92
-169.67 -39.73 181.02 472.91
-168.33 -36.23 178.34 465.92
-169.67 -39.73 181.02 472.91
-168.33 -36.23 178.34 465.92
-169.67 -50.32 181.02 472.91
-168.33 -46.83 178.34 465.92
-169.67 -39.73 181.02 472.91
-168.33 -36.23 178.34 465.92
-169.67 -39.73 181.02 472.91
-168.33 -36.23 178.34 465.92
-169.67 -39.73 181.02 472.91
-168.33 -36.23 178.34 465.92
-169.67 -39.73 181.02 472.91
-168.33 -36.23 178.34 465.92
-169.67 -39.73 181.02 472.91
-168.33 -36.23 178.34 465.92
-169.67 -39.73 181.02 472.91
-171.02 -43.27 183.74 480.00
-172.40 -43.27 186.49 480.00
-178.04 -43.27 189.29 480.00
-179.46 -43.27 192.13 480.00
-178.04 -39.73 189.29 472.91
-179.46 -43.27 192.13 480.00
-180.90 -43.27 195.01 480.00
-186.80 -43.27 197.94 480.00
-188.28 -43.27 200.90 480.00
-189.79 -43.27 203.92 480.00
-191.32 -43.27 206.98 480.00
-189.79 -39.73 203.92 472.91
-188.28 -36.23 200.90 465.92
-189.79 -50.32 203.92 472.91
-191.32 -53.87 206.98 480.00
-197.58 -42.95 210.08 480.00
-199.15 -42.95 213.23 480.00
-197.58 -39.41 210.08 472.91
-199.15 -42.95 213.23 480.00
-197.58 -39.41 210.08 472.91
-199.15 -42.95 213.23 480.00
-197.58 -39.41 210.08 472.91
-199.15 -42.95 213.23 480.00
-197.58 -39.41 210.08 472.91
-199.15 -42.95 213.23 480.00
-197.58 -39.41 210.08 472.91
-199.15 -53.71 213.23 480.00
-197.58 -50.16 210.08 472.91
-199.15 -53.71 213.23 480.00
-200.75 -42.79 216.43 480.00
-207.29 -42.79 219.68 480.00
-200.82 -49.84 216.43 472.91
-207.37 -53.39 219.68 480.00
-200.90 -49.84 216.43 472.91
-207.44 -53.39 219.68 480.00
-207.60 -42.47 220.00 480.00
-207.60 -42.47 220.00 480.00
-207.60 -42.47 220.00 480.00
-201.12 -38.93 216.75 472.91
-207.67 -42.47 220.00 480.00
-207.67 -42.47 220.00 480.00
-207.67 -42.47 220.00 480.00
-207.67 -42.47 220.00 480.00
-207.67 -42.47 220.00 480.00
-207.67 -42.47 220.00 480.00
-207.67 -42.47 220.00 480.00
-207.67 -42.47 220.00 480.00
-207.67 -31.56 220.00 480.00
-207.67 -31.56 220.00 480.00
-207.67 -31.56 220.00 480.00
-207.67 -31.56 220.00 480.00
-207.67 -31.56 220.00 480.00
-207.67 -31.56 220.00 480.00
-207.67 -31.56 220.00 480.00
-201.19 -38.61 216.75 472.91
-207.75 -42.15 220.00 480.00
-207.75 -42.15 220.00 480.00
-207.75 -42.15 220.00 480.00
-207.75 -42.15 220.00 480.00
-207.75 -42.15 220.00 480.00
-207.75 -42.15 220.00 480.00
-207.75 -42.15 220.00 480.00
-201.27 -38.61 216.75 472.91
-207.82 -42.15 220.00 480.00
-207.82 -42.15 220.00 480.00
-207.82 -42.15 220.00 480.00
-207.82 -42.15 220.00 480.00
-201.34 -38.61 216.75 472.91
-207.89 -42.15 220.00 480.00
-207.89 -42.15 220.00 480.00
-201.41 -38.61 216.75 472.91
-207.97 -42.15 220.00 480.00
-207.97 -42.15 220.00 480.00
-207.97 -42.15 220.00 480.00
-207.97 -42.15 220.00 480.00
-207.97 -31.24 220.00 480.00
-207.97 -31.24 220.00 480.00
-201.48 -38.29 216.75 472.91
-208.04 -41.83 220.00 480.00
-208.04 -30.92 220.00 480.00
-208.04 -30.92 220.00 480.00
-208.04 -30.92 220.00 480.00
-201.56 -37.97 216.75 472.91
-208.11 -41.51 220.00 480.00
-208.11 -30.60 220.00 480.00
-208.11 -30.60 220.00 480.00
-208.11 -30.60 220.00 480.00
-208.11 -30.60 220.00 480.00
-208.11 -30.60 220.00 480.00
-208.11 -30.60 220.00 480.00
-208.11 -30.60 220.00 480.00
-208.11 -30.60 220.00 480.00
-201.63 -37.65 216.75 472.91
-208.18 -41.19 220.00 480.00
-208.18 -30.28 220.00 480.00
-208.18 -41.19 220.00 480.00
-208.18 -30.28 220.00 480.00
-208.18 -30.28 220.00 480.00
-208.18 -30.28 220.00 480.00
-208.18 -30.28 220.00 480.00
-208.18 -30.28 220.00 480.00
-208.18 -30.28 220.00 480.00
-208.18 -30.28 220.00 480.00
-208.18 -30.28 220.00 480.00
-208.18 -30.28 220.00 480.00
-208.18 -30.28 220.00 480.00
-208.18 -30.28 220.00 480.00
-208.18 -30.28 220.00 480.00
-208.18 -30.28 220.00 480.00
-208.18 -30.28 220.00 480.00
-208.18 -30.28 220.00 480.00
-208.18 -30.28 220.00 480.00
-208.18 -30.28 220.00 480.00
-208.18 -30.28 220.00 480.00
-208.18 -30.28 220.00 480.00
-208.18 -30.28 220.00 480.00
-208.18 -30.28 220.00 480.00
-208.18 -30.28 220.00 480.00
-208.18 -30.28 220.00 480.00
-208.18 -30.28 220.00 480.00
-208.18 -30.28 220.00 480.00
-208.18 -30.28 220.00 480.00
-208.18 -30.28 220.00 480.00
-208.18 -30.28 220.00 480.00
-208.18 -30.28 220.00 480.00
-203.18 -30.28 220.00 480.00
-203.18 -30.28 220.00 480.00
-203.18 -30.28 220.00 480.00
-203.18 -30.28 220.00 480.00
-203.18 -30.28 220.00 480.00
-203.18 -30.28 220.00 480.00
-203.18 -30.28 220.00 480.00
-203.18 -30.28 220.00 480.00
-203.18 -30.28 220.00 480.00
-203.18 -30.28 220.00 480.00
-203.18 -30.28 220.00 480.00
-203.18 -30.28 220.00 480.00
-203.18 -41.19 220.00 480.00
-203.18 -41.19 220.00 480.00
-203.18 -41.19 220.00 480.00
-203.18 -30.28 220.00 480.00
-203.18 -30.28 220.00 480.00
-203.18 -30.28 220.00 480.00
-203.18 -30.28 220.00 480.00
-208.18 -30.28 220.00 480.00
-208.18 -30.28 220.00 480.00
-208.18 -30.28 220.00 480.00
-201.70 -37.33 216.75 472.91
-208.26 -40.87 220.00 480.00
-208.26 -40.87 220.00 480.00
-208.26 -40.87 220.00 480.00
-208.26 -40.87 220.00 480.00
-201.78 -37.33 216.75 472.91
-200.17 -33.83 213.55 465.92
-201.78 -37.33 216.75 472.91
-203.40 -51.62 220.00 480.00
-203.40 -40.71 220.00 480.00
-196.92 -37.16 216.75 472.91
-198.55 -40.71 220.00 480.00
-203.55 -40.71 220.00 480.00
-203.55 -51.62 220.00 480.00
-203.55 -51.62 220.00 480.00
-203.55 -51.62 220.00 480.00
-203.55 -51.62 220.00 480.00
-203.55 -51.62 220.00 480.00
-203.55 -51.62 220.00 480.00
-203.55 -51.62 220.00 480.00
-203.55 -51.62 220.00 480.00
-203.55 -51.62 220.00 480.00
-203.55 -51.62 220.00 480.00
-203.55 -51.62 220.00 480.00
-203.55 -51.62 220.00 480.00
-203.55 -51.62 220.00 480.00
-203.55 -51.62 220.00 480.00
-203.55 -51.62 220.00 480.00
-203.55 -51.62 220.00 480.00
-203.55 -51.62 220.00 480.00
-203.55 -51.62 220.00 480.00
-203.55 -51.62 220.00 480.00
-203.55 -51.62 220.00 480.00
-203.55 -51.62 220.00 480.00
-203.55 -51.62 220.00 480.00
-203.55 -51.62 220.00 480.00
-203.55 -51.62 220.00 480.00
-203.55 -51.62 220.00 480.00
-203.55 -51.62 220.00 480.00
-203.55 -51.62 220.00 480.00
-203.55 -51.62 220.00 480.00
-203.55 -40.71 220.00 480.00
-203.55 -40.71 220.00 480.00
-203.55 -40.71 220.00 480.00
-203.55 -40.71 220.00 480.00
-203.55 -40.71 220.00 480.00
-203.55 -40.71 220.00 480.00
-203.55 -40.71 220.00 480.00
-203.55 -40.71 220.00 480.00
-203.55 -40.71 220.00 480.00
-203.55 -40.71 220.00 480.00
-203.55 -40.71 220.00 480.00
-203.55 -29.80 220.00 480.00
-203.55 -29.80 220.00 480.00
-203.55 -29.80 220.00 480.00
-203.55 -29.80 220.00 480.00
-203.55 -29.80 220.00 480.00
-203.55 -29.80 220.00 480.00
-203.55 -29.80 220.00 480.00
-203.55 -29.80 220.00 480.00
-203.55 -29.80 220.00 480.00
-203.55 -29.80 220.00 480.00
-203.55 -29.80 220.00 480.00
-203.55 -29.80 220.00 480.00
-203.55 -29.80 220.00 480.00
-203.55 -29.80 220.00 480.00
-203.55 -29.80 220.00 480.00
-203.55 -29.80 220.00 480.00
-203.55 -29.80 220.00 480.00
-203.55 -29.80 220.00 480.00
-203.55 -29.80 220.00 480.00
-203.55 -29.80 220.00 480.00
-203.55 -29.80 220.00 480.00
-203.55 -29.80 220.00 480.00
-203.55 -29.80 220.00 480.00
-203.55 -29.80 220.00 480.00
-203.55 -29.80 220.00 480.00
-203.55 -29.80 220.00 480.00
-203.55 -29.80 220.00 480.00
-203.55 -29.80 220.00 480.00
-203.55 -29.80 220.00 480.00
-203.55 -29.80 220.00 480.00
-203.55 -29.80 220.00 480.00
-203.55 -29.80 220.00 480.00
-203.55 -29.80 220.00 480.00
-203.55 -29.80 220.00 480.00
-203.55 -29.80 220.00 480.00
-203.55 -29.80 220.00 480.00
-203.55 -29.80 220.00 480.00
-203.55 -29.80 220.00 480.00
-203.55 -29.80 220.00 480.00
-203.55 -29.80 220.00 480.00
-203.55 -29.80 220.00 480.00
-203.55 -29.80 220.00 480.00
-203.55 -29.80 220.00 480.00
-203.55 -29.80 220.00 480.00
-203.55 -29.80 220.00 480.00
-203.55 -29.80 220.00 480.00
-203.55 -29.80 220.00 480.00
-203.55 -29.80 220.00 480.00
-203.55 -29.80 220.00 480.00
-203.55 -29.80 220.00 480.00
-203.55 -29.80 220.00 480.00
-203.55 -29.80 220.00 480.00
-203.55 -29.80 220.00 480.00
-203.55 -29.80 220.00 480.00
-203.55 -29.80 220.00 480.00
-203.55 -29.80 220.00 480.00
-203.55 -29.80 220.00 480.00
-203.55 -29.80 220.00 480.00
-203.55 -29.80 220.00 480.00
-203.55 -29.80 220.00 480.00
-203.55 -29.80 220.00 480.00
-203.55 -29.80 220.00 480.00
-203.55 -29.80 220.00 480.00
-203.55 -29.80 220.00 480.00
-203.55 -29.80 220.00 480.00
-203.55 -29.80 220.00 480.00
-203.55 -29.80 220.00 480.00
-203.55 -29.80 220.00 480.00
-203.55 -29.80 220.00 480.00
-203.55 -29.80 220.00 480.00
-203.55 -29.80 220.00 480.00
-203.55 -29.80 220.00 480.00
-203.55 -29.80 220.00 480.00
-203.55 -29.80 220.00 480.00
-203.55 -29.80 220.00 480.00
-203.55 -29.80 220.00 480.00
-203.55 -29.80 220.00 480.00
-203.55 -29.80 220.00 480.00
-203.55 -29.80 220.00 480.00
-203.55 -29.80 220.00 480.00
-203.55 -29.80 220.00 480.00
-203.55 -29.80 220.00 480.00
-203.55 -29.80 220.00 480.00
-203.55 -29.80 220.00 480.00
-203.55 -29.80 220.00 480.00
-203.55 -29.80 220.00 480.00
-208.55 -29.80 220.00 480.00
-208.55 -29.80 220.00 480.00
-208.55 -29.80 220.00 480.00
-203.55 -29.80 220.00 480.00
-203.55 -29.80 220.00 480.00
-203.55 -29.80 220.00 480.00
-203.55 -29.80 220.00 480.00
-208.55 -29.80 220.00 480.00
-203.55 -29.80 220.00 480.00
-208.55 -29.80 220.00 480.00
-208.55 -29.80 220.00 480.00
-208.55 -29.80 220.00 480.00
-208.55 -29.80 220.00 480.00
-203.55 -29.80 220.00 480.00
-203.55 -29.80 220.00 480.00
-208.55 -40.71 220.00 480.00
-208.55 -40.71 220.00 480.00
-208.55 -40.71 220.00 480.00
-208.55 -40.71 220.00 480.00
-208.55 -40.71 220.00 480.00
-208.55 -40.71 220.00 480.00
-208.55 -40.71 220.00 480.00
-208.55 -40.71 220.00 480.00
-208.55 -40.71 220.00 480.00
-208.55 -40.71 220.00 480.00
-208.55 -40.71 220.00 480.00
-208.55 -40.71 220.00 480.00
-208.55 -40.71 220.00 480.00
-208.55 -40.71 220.00 480.00
-208.55 -40.71 220.00 480.00
-208.55 -40.71 220.00 480.00
-208.55 -40.71 220.00 480.00
-208.55 -40.71 220.00 480.00
-208.55 -40.71 220.00 480.00
-208.55 -40.71 220.00 480.00
-208.55 -40.71 220.00 480.00
-208.55 -40.71 220.00 480.00
-208.55 -40.71 220.00 480.00
-208.55 -40.71 220.00 480.00
-208.55 -40.71 220.00 480.00
-208.55 -40.71 220.00 480.00
-208.55 -40.71 220.00 480.00
-208.55 -40.71 220.00 480.00
-208.55 -40.71 220.00 480.00
-208.55 -40.71 220.00 480.00
-208.55 -40.71 220.00 480.00
-208.55 -40.71 220.00 480.00
-203.55 -40.71 220.00 480.00
-203.55 -40.71 220.00 480.00
-203.55 -40.71 220.00 480.00
-203.55 -40.71 220.00 480.00
-203.55 -29.80 220.00 480.00
-203.55 -29.80 220.00 480.00
-203.55 -29.80 220.00 480.00
-197.07 -26.25 216.75 472.91
-198.69 -29.80 220.00 480.00
-198.69 -29.80 220.00 480.00
-198.69 -29.80 220.00 480.00
-198.69 -29.80 220.00 480.00
-198.69 -29.80 220.00 480.00
-198.69 -29.80 220.00 480.00
-198.69 -29.80 220.00 480.00
-192.21 -15.66 216.75 472.91
-193.84 -29.96 220.00 480.00
-198.84 -29.96 220.00 480.00
-198.84 -29.96 220.00 480.00
-203.84 -29.96 220.00 480.00
-203.84 -29.96 220.00 480.00
-203.84 -29.96 220.00 480.00
-203.84 -29.96 220.00 480.00
-203.84 -29.96 220.00 480.00
-203.84 -29.96 220.00 480.00
-203.84 -29.96 220.00 480.00
-203.84 -29.96 220.00 480.00
-203.84 -29.96 220.00 480.00
-203.84 -29.96 220.00 480.00
-203.84 -29.96 220.00 480.00
-203.84 -29.96 220.00 480.00
-203.84 -29.96 220.00 480.00
-203.84 -29.96 220.00 480.00
-203.84 -19.04 220.00 480.00
-203.84 -19.04 220.00 480.00
-203.84 -19.04 220.00 480.00
-203.84 -19.04 220.00 480.00
-203.84 -19.04 220.00 480.00
-203.84 -19.04 220.00 480.00
-203.84 -19.04 220.00 480.00
-203.84 -19.04 220.00 480.00
-203.84 -29.96 220.00 480.00
-203.84 -29.96 220.00 480.00
-203.84 -29.96 220.00 480.00
-203.84 -29.96 220.00 480.00
-203.84 -29.96 220.00 480.00
-203.84 -29.96 220.00 480.00
-203.84 -29.96 220.00 480.00
-203.84 -29.96 220.00 480.00
-203.84 -40.87 220.00 480.00
-203.84 -40.87 220.00 480.00
-198.84 -40.87 220.00 480.00
-203.84 -40.87 220.00 480.00
-203.84 -40.87 220.00 480.00
-198.84 -40.87 220.00 480.00
-198.84 -40.87 220.00 480.00
-203.84 -40.87 220.00 480.00
-203.84 -51.78 220.00 480.00
-203.84 -51.78 220.00 480.00
-203.84 -51.78 220.00 480.00
-203.84 -51.78 220.00 480.00
-203.84 -51.78 220.00 480.00
-203.84 -51.78 220.00 480.00
-203.84 -51.78 220.00 480.00
-203.84 -51.78 220.00 480.00
-203.84 -51.78 220.00 480.00
-203.84 -51.78 220.00 480.00
-203.84 -51.78 220.00 480.00
-203.84 -62.70 220.00 480.00
-203.84 -62.70 220.00 480.00
-203.84 -62.70 220.00 480.00
-203.84 -62.70 220.00 480.00
-203.84 -62.70 220.00 480.00
-203.84 -62.70 220.00 480.00
-203.84 -62.70 220.00 480.00
-203.84 -62.70 220.00 480.00
-203.84 -62.70 220.00 480.00
-203.84 -62.70 220.00 480.00
-203.84 -62.70 220.00 480.00
-197.36 -59.15 216.75 472.91
-198.99 -62.70 220.00 480.00
-203.99 -62.70 220.00 480.00
-203.99 -62.70 220.00 480.00
-203.99 -62.70 220.00 480.00
-203.99 -62.70 220.00 480.00
-203.99 -62.70 220.00 480.00
-203.99 -62.70 220.00 480.00
-203.99 -62.70 220.00 480.00
-203.99 -62.70 220.00 480.00
-203.99 -62.70 220.00 480.00
-203.99 -62.70 220.00 480.00
-203.99 -62.70 220.00 480.00
-203.99 -62.70 220.00 480.00
-203.99 -62.70 220.00 480.00
-203.99 -62.70 220.00 480.00
-203.99 -62.70 220.00 480.00
-203.99 -62.70 220.00 480.00
-203.99 -62.70 220.00 480.00
-203.99 -51.78 220.00 480.00
-203.99 -51.78 220.00 480.00
-197.51 -48.24 216.75 472.91
-199.13 -51.78 220.00 480.00
-204.14 -51.78 220.00 480.00
-204.14 -51.78 220.00 480.00
-204.14 -51.78 220.00 480.00
-204.14 -51.78 220.00 480.00
-204.14 -51.78 220.00 480.00
-204.14 -51.78 220.00 480.00
-204.14 -51.78 220.00 480.00
-204.14 -51.78 220.00 480.00
-204.14 -51.78 220.00 480.00
-204.14 -51.78 220.00 480.00
-204.14 -51.78 220.00 480.00
-204.14 -51.78 220.00 480.00
-204.14 -40.87 220.00 480.00
-204.14 -40.87 220.00 480.00
-204.14 -40.87 220.00 480.00
-204.14 -40.87 220.00 480.00
-197.65 -37.32 216.75 472.91
-199.28 -40.87 220.00 480.00
-197.65 -37.32 216.75 472.91
-199.28 -40.87 220.00 480.00
-197.65 -37.32 216.75 472.91
-196.05 -33.83 213.55 465.92
-197.65 -37.32 216.75 472.91
-199.28 -40.87 220.00 480.00
-197.65 -37.32 216.75 472.91
-199.28 -40.87 220.00 480.00
-204.28 -40.87 220.00 480.00
-204.28 -40.87 220.00 480.00
-204.28 -40.87 220.00 480.00
-204.28 -40.87 220.00 480.00
-204.28 -40.87 220.00 480.00
-204.28 -40.87 220.00 480.00
-204.28 -40.87 220.00 480.00
-204.28 -40.87 220.00 480.00
-204.28 -40.87 220.00 480.00
-204.28 -40.87 220.00 480.00
-204.28 -40.87 220.00 480.00
-197.80 -37.32 216.75 472.91
-199.43 -40.87 220.00 480.00
-197.80 -37.32 216.75 472.91
-199.43 -40.87 220.00 480.00
-197.80 -37.32 216.75 472.91
-199.43 -40.87 220.00 480.00
-197.80 -37.32 216.75 472.91
-199.43 -40.87 220.00 480.00
-204.43 -40.87 220.00 480.00
-204.43 -40.87 220.00 480.00
-204.43 -40.87 220.00 480.00
-204.43 -40.87 220.00 480.00
-204.43 -40.87 220.00 480.00
-204.43 -40.87 220.00 480.00
-204.43 -40.87 220.00 480.00
-204.43 -40.87 220.00 480.00
-204.43 -40.87 220.00 480.00
-204.43 -40.87 220.00 480.00
-204.43 -40.87 220.00 480.00
-204.43 -40.87 220.00 480.00
-204.43 -40.87 220.00 480.00
-204.43 -40.87 220.00 480.00
-204.43 -40.87 220.00 480.00
-197.95 -37.32 216.75 472.91
-199.57 -40.87 220.00 480.00
-197.95 -37.32 216.75 472.91
-199.57 -40.87 220.00 480.00
-204.58 -40.87 220.00 480.00
-198.10 -37.32 216.75 472.91
-199.72 -40.87 220.00 480.00
-198.10 -37.32 216.75 472.91
-199.72 -40.87 220.00 480.00
-204.72 -40.87 220.00 480.00
-204.72 -40.87 220.00 480.00
-204.72 -40.87 220.00 480.00
-204.72 -40.87 220.00 480.00
-204.72 -40.87 220.00 480.00
-204.72 -40.87 220.00 480.00
-204.72 -40.87 220.00 480.00
-204.72 -40.87 220.00 480.00
-198.24 -37.32 216.75 472.91
