40.00 199.00 61.00 103.00
39.54 198.23 61.91 104.54
40.00 199.00 61.00 103.00
39.54 198.23 61.91 104.54
40.00 196.69 61.00 103.00
38.16 195.92 61.91 104.54
37.69 195.14 62.84 106.11
38.16 193.58 61.91 104.55
37.69 192.79 62.84 106.11
37.22 192.00 63.79 107.70
36.28 190.42 62.84 106.11
35.81 187.21 63.79 107.70
35.33 183.95 64.74 109.32
34.85 180.65 65.71 110.96
34.36 174.77 66.70 112.62
34.85 168.14 65.71 110.96
35.33 161.62 64.74 109.32
37.24 155.19 63.79 107.70
39.12 148.85 62.84 106.11
40.08 140.82 63.79 107.70
41.05 135.11 64.74 109.32
43.51 126.84 65.71 110.96
44.51 120.96 66.70 112.62
49.42 114.34 65.71 110.96
51.91 108.46 66.70 112.62
55.96 102.49 67.70 114.31
62.44 95.77 66.70 112.62
68.82 91.63 65.71 110.96
74.30 85.75 66.70 112.62
79.87 82.35 67.70 114.31
87.06 76.29 68.72 116.03
94.35 72.78 69.75 117.77
104.10 65.86 68.72 116.03
113.71 61.59 67.70 114.31
122.44 58.14 68.72 116.03
131.30 54.63 69.75 117.77
141.87 51.07 70.79 119.54
149.39 47.45 71.85 121.33
161.02 45.67 70.79 119.54
170.15 42.06 71.85 121.33
180.19 40.28 70.79 119.54
190.09 38.52 69.75 117.77
199.84 36.79 68.72 116.03
209.45 37.65 67.70 114.31
216.64 36.79 68.72 116.03
223.93 38.56 69.75 117.77
232.15 39.43 68.72 116.03
237.88 41.20 69.75 117.77
244.55 42.07 68.72 116.03
251.13 45.49 67.70 114.31
256.11 46.33 66.70 112.62
260.16 48.05 67.70 114.31
265.14 51.41 66.70 112.62
270.05 54.73 65.71 110.96
272.54 56.42 66.70 112.62
277.45 59.74 65.71 110.96
280.84 63.01 64.74 109.32
284.77 67.16 65.71 110.96
288.16 70.43 64.74 109.32
292.09 74.58 65.71 110.96
294.58 78.79 66.70 112.62
299.49 84.60 65.71 110.96
303.48 88.81 66.70 112.62
307.53 93.09 67.70 114.31
312.51 96.45 66.70 112.62
316.56 100.73 67.70 114.31
321.54 106.62 66.70 112.62
325.59 113.46 67.70 114.31
329.70 117.80 68.72 116.03
334.76 123.78 67.70 114.31
339.74 129.67 66.70 112.62
343.79 133.94 67.70 114.31
348.77 142.36 66.70 112.62
351.31 149.19 67.70 114.31
356.29 155.09 66.70 112.62
359.73 163.37 65.71 110.96
360.73 170.11 66.70 112.62
364.16 175.91 65.71 110.96
366.10 181.63 64.74 109.32
367.09 188.27 65.71 110.96
367.57 193.98 64.74 109.32
368.05 197.21 63.79 107.70
368.52 202.75 62.84 106.11
368.99 205.88 61.91 104.55
367.11 207.47 62.84 106.11
366.19 208.26 61.91 104.55
365.73 209.85 62.84 106.11
364.80 208.29 61.91 104.55
365.26 209.07 61.00 103.00
363.42 205.95 61.91 104.55
363.87 204.42 61.00 103.00
363.42 201.30 61.91 104.55
365.24 199.77 61.00 103.00
364.78 196.65 61.91 104.55
365.73 191.11 62.84 106.11
366.68 187.91 63.79 107.70
368.56 183.95 62.84 106.11
369.52 180.74 63.79 107.70
369.04 175.03 64.74 109.32
370.03 169.24 65.71 110.96
369.54 163.37 66.70 112.62
369.04 157.40 67.70 114.31
368.53 151.34 68.72 116.03
366.45 145.20 69.75 117.77
365.43 140.87 68.72 116.03
363.35 134.72 69.75 117.77
359.65 131.16 70.79 119.54
355.90 127.55 71.85 121.33
351.68 123.09 70.79 119.54
346.32 119.48 71.85 121.33
342.09 120.37 70.79 119.54
336.73 119.48 71.85 121.33
329.66 115.81 72.93 123.15
322.48 114.88 74.03 125.00
315.19 113.95 75.14 126.87
306.09 112.99 76.26 128.77
299.92 113.95 75.14 126.87
292.52 112.99 76.26 128.77
286.35 113.95 75.14 126.87
278.96 112.99 76.26 128.77
271.45 114.96 77.41 130.71
266.89 115.92 76.26 128.77
259.39 114.96 77.41 130.71
253.53 113.98 78.57 132.67
247.58 116.00 79.75 134.66
241.54 114.99 80.94 136.68
236.78 119.01 79.75 134.66
232.55 121.07 80.94 136.68
228.27 123.15 82.16 138.73
223.92 125.26 83.39 140.81
222.69 126.30 82.16 138.73
220.21 128.42 83.39 140.81
217.69 130.56 84.64 142.92
218.31 134.77 83.39 140.81
217.69 136.92 84.64 142.92
220.18 141.13 83.39 140.81
220.80 145.27 82.16 138.73
225.03 149.36 80.94 136.68
226.26 151.44 82.16 138.73
230.50 155.53 80.94 136.68
236.45 156.54 79.75 134.66
240.56 157.54 78.57 132.67
246.34 158.52 77.41 130.71
253.75 156.60 76.26 128.77
259.36 157.55 75.14 126.87
264.89 158.49 74.03 125.00
271.97 156.65 72.93 123.15
278.95 157.56 71.85 121.33
284.24 158.46 70.79 119.54
291.01 161.98 69.75 117.77
295.25 161.10 70.79 119.54
300.46 161.98 69.75 117.77
305.59 165.45 68.72 116.03
310.65 166.31 67.70 114.31
314.13 167.15 66.70 112.62
319.04 170.47 65.71 110.96
320.98 171.29 64.74 109.32
324.31 174.51 63.79 107.70
327.60 177.68 62.84 106.11
329.45 178.46 61.91 104.55
331.28 181.54 61.00 103.00
334.42 182.31 60.10 101.48
336.19 183.06 59.21 99.98
337.93 181.59 58.34 98.50
339.65 182.32 57.47 97.04
341.84 181.59 58.34 98.50
344.84 180.14 57.47 97.04
347.02 179.41 58.34 98.50
350.03 177.97 57.47 97.04
353.52 175.03 58.34 98.50
355.73 174.30 59.21 99.98
359.33 171.27 60.10 101.48
362.98 170.51 61.00 103.00
366.68 169.74 61.91 104.55
370.44 168.95 62.84 106.11
375.06 169.74 61.91 104.55
378.82 168.95 62.84 106.11
383.45 167.40 61.91 104.55
388.00 168.17 61.00 103.00
391.71 167.40 61.91 104.55
396.26 165.86 61.00 103.00
399.97 165.09 61.91 104.55
404.52 163.55 61.00 103.00
406.84 160.44 61.91 104.55
411.40 158.91 61.00 103.00
415.89 157.39 60.10 101.48
418.17 156.63 61.00 103.00
421.87 153.52 61.91 104.55
425.06 149.68 61.00 103.00
428.20 148.16 60.10 101.48
431.30 146.67 59.21 99.98
433.55 145.93 60.10 101.48
436.65 144.44 59.21 99.98
439.70 142.97 58.34 98.50
441.91 142.23 59.21 99.98
444.96 142.97 58.34 98.50
445.85 142.23 59.21 99.98
448.10 143.75 60.10 101.48
449.87 144.50 59.21 99.98
451.62 147.45 58.34 98.50
454.62 148.18 57.47 97.04
455.50 149.65 58.34 98.50
457.22 150.38 57.47 97.04
459.40 149.65 58.34 98.50
461.12 148.21 57.47 97.04
460.69 143.07 58.34 98.50
461.57 137.85 59.21 99.98
461.13 132.55 60.10 101.48
460.68 127.18 61.00 103.00
459.78 123.39 60.10 101.48
457.97 118.02 61.00 103.00
457.07 111.96 60.10 101.48
453.54 105.99 59.21 99.98
449.05 98.42 60.10 101.48
443.14 90.74 61.00 103.00
437.13 82.94 61.91 104.55
428.22 77.40 62.84 106.11
419.18 71.78 63.79 107.70
408.55 68.52 64.74 109.32
396.29 62.73 65.71 110.96
383.84 56.86 66.70 112.62
368.17 48.33 67.70 114.31
352.27 44.87 68.72 116.03
334.57 38.73 69.75 117.77
316.61 35.17 70.79 119.54
298.37 31.55 71.85 121.33
281.46 29.77 70.79 119.54
266.36 28.02 69.75 117.77
248.39 21.78 70.79 119.54
230.16 20.88 71.85 121.33
211.66 19.10 70.79 119.54
193.42 15.49 71.85 121.33
178.10 13.70 70.79 119.54
161.47 10.09 71.85 121.33
147.73 8.31 70.79 119.54
134.32 7.41 71.85 121.33
120.58 5.63 70.79 119.54
108.78 4.73 71.85 121.33
96.63 5.63 70.79 119.54
84.83 7.45 71.85 121.33
75.85 11.03 70.79 119.54
67.27 12.85 71.85 121.33
59.87 16.42 70.79 119.54
52.58 22.58 69.75 117.77
46.94 28.65 68.72 116.03
41.38 37.19 67.70 114.31
37.40 43.08 66.70 112.62
33.48 51.37 65.71 110.96
29.61 59.53 64.74 109.32
26.18 66.17 65.71 110.96
23.77 74.34 64.74 109.32
21.39 82.38 63.79 107.70
19.04 90.31 62.84 106.11
17.14 96.75 63.79 107.70
14.80 104.68 62.84 106.11
13.88 110.15 61.91 104.55
12.00 116.49 62.84 106.11
11.08 121.96 61.91 104.55
10.17 129.65 61.00 103.00
9.71 133.57 61.91 104.55
8.81 136.65 61.00 103.00
9.26 139.68 60.10 101.48
8.81 143.53 61.00 103.00
10.60 146.57 60.10 101.48
11.05 151.80 59.21 99.98
12.79 154.74 58.34 98.50
13.68 158.48 59.21 99.98
15.42 161.43 58.34 98.50
18.43 166.50 57.47 97.04
19.31 170.19 58.34 98.50
22.31 175.26 57.47 97.04
25.27 180.26 56.62 95.61
26.14 183.89 57.47 97.04
28.32 187.58 58.34 98.50
31.32 192.65 57.47 97.04
34.28 197.65 56.62 95.61
36.44 201.28 57.47 97.04
39.40 204.14 56.62 95.61
41.06 209.07 55.79 94.20
43.94 211.84 54.96 92.81
46.03 215.37 55.79 94.20
48.90 218.14 54.96 92.81
50.52 220.88 54.15 91.43
53.31 223.57 53.35 90.08
54.88 226.22 52.56 88.75
55.68 229.59 53.35 90.08
56.50 230.97 54.15 91.43
58.09 233.66 53.35 90.08
59.66 236.31 52.56 88.75
60.46 237.67 53.35 90.08
62.03 238.33 52.56 88.75
61.64 239.68 53.35 90.08
63.21 240.35 52.56 88.75
64.76 241.01 51.78 87.44
64.37 242.34 52.56 88.75
65.92 242.99 51.78 87.44
67.45 243.64 51.02 86.15
68.22 242.99 51.78 87.44
67.83 244.33 52.56 88.75
69.38 244.98 51.78 87.44
70.17 246.31 52.56 88.75
71.72 246.97 51.78 87.44
71.33 248.30 52.56 88.75
72.88 248.96 51.78 87.44
73.26 249.60 51.02 86.15
74.04 250.92 51.78 87.44
74.42 253.49 51.02 86.15
74.04 252.85 51.78 87.44
74.42 255.42 51.02 86.15
74.04 256.73 51.78 87.44
74.42 259.31 51.02 86.15
74.04 260.62 51.78 87.44
73.65 261.96 52.56 88.75
74.04 264.57 51.78 87.44
73.28 267.15 51.02 86.15
72.90 268.46 51.78 87.44
73.28 271.03 51.02 86.15
73.66 271.67 50.27 84.87
73.28 272.96 51.02 86.15
73.66 273.60 50.27 84.87
74.03 274.23 49.52 83.62
74.39 273.00 48.79 82.38
74.03 274.26 49.52 83.62
75.49 274.87 48.79 82.38
75.85 277.30 48.07 81.17
77.26 279.69 47.36 79.97
77.61 282.05 46.66 78.79
78.99 282.63 45.97 77.62
80.73 282.05 46.66 78.79
82.11 284.37 45.97 77.62
84.90 285.55 46.66 78.79
87.30 287.87 45.97 77.62
89.67 288.44 45.29 76.47
91.01 289.01 44.62 75.34
92.32 289.57 43.96 74.23
92.65 290.11 43.31 73.13
93.92 290.66 42.67 72.05
94.24 292.78 42.04 70.99
95.48 293.30 41.42 69.94
95.78 293.82 40.81 68.91
96.98 294.33 40.21 67.89
97.28 293.33 39.61 66.88
97.57 293.83 39.03 65.90
97.86 294.31 38.45 64.92
97.57 295.30 39.03 65.90
97.28 294.81 39.61 66.88
97.57 295.30 39.03 65.90
97.28 294.81 39.61 66.88
97.57 295.30 39.03 65.90
97.28 294.81 39.61 66.88
97.57 295.30 39.03 65.90
97.28 294.81 39.61 66.88
97.57 295.30 39.03 65.90
96.39 293.31 39.61 66.88
96.10 292.81 40.21 67.89
94.88 292.30 40.81 68.91
93.65 291.78 41.42 69.94
93.34 291.26 42.04 70.99
92.06 290.73 42.67 72.05
91.74 290.18 43.31 73.13
90.44 287.97 43.96 74.23
90.11 287.42 44.62 75.34
90.79 286.85 45.29 76.47
90.45 286.28 45.97 77.62
89.06 285.70 46.66 78.79
88.71 285.11 47.36 79.97
87.27 282.69 48.07 81.17
85.82 280.23 48.79 82.38
84.35 277.74 49.52 83.62
82.85 275.21 50.27 84.87
64.19 263.00 51.02 86.15
61.18 257.93 50.27 84.87
60.45 252.94 49.52 83.62
60.81 246.18 48.79 82.38
59.34 239.94 49.52 83.62
57.84 231.71 50.27 84.87
57.46 223.35 51.02 86.15
56.71 212.58 50.27 84.87
56.34 202.30 51.02 86.15
55.95 193.81 51.78 87.44
55.57 183.22 52.56 88.75
55.95 176.04 51.78 87.44
57.48 168.97 51.02 86.15
58.26 162.45 51.78 87.44
59.05 155.83 52.56 88.75
61.04 149.11 53.35 90.08
64.28 142.29 54.15 91.43
67.57 137.44 54.96 92.81
70.90 130.42 55.79 94.20
75.56 125.43 56.62 95.61
81.57 120.36 57.47 97.04
88.98 115.22 58.34 98.50
96.50 112.24 59.21 99.98
104.14 106.95 60.10 101.48
115.19 103.22 59.21 99.98
125.52 102.47 60.10 101.48
137.90 100.98 59.21 99.98
150.09 101.72 58.34 98.50
161.59 100.98 59.21 99.98
175.10 103.92 58.34 98.50
188.40 104.65 57.47 97.04
199.73 106.13 58.34 98.50
213.04 106.86 57.47 97.04
225.67 108.34 58.34 98.50
238.50 109.84 59.21 99.98
250.70 112.78 58.34 98.50
260.87 114.28 59.21 99.98
271.20 118.08 60.10 101.48
280.31 121.93 61.00 103.00
288.17 125.84 61.92 104.55
294.75 129.81 62.84 106.11
302.15 135.28 61.92 104.55
306.70 142.98 61.00 103.00
311.19 150.56 60.10 101.48
312.11 156.72 61.00 103.00
313.91 162.02 60.10 101.48
314.35 167.25 59.21 99.98
313.48 172.40 58.34 98.50
311.34 177.48 57.47 97.04
309.22 180.34 56.62 95.61
307.14 183.15 55.79 94.20
303.86 185.93 54.96 92.81
300.63 188.66 54.15 91.43
297.44 189.34 53.35 90.08
294.31 191.99 52.56 88.75
290.33 191.33 53.35 90.08
288.37 193.98 52.56 88.75
285.27 194.64 51.78 87.44
283.37 195.28 51.02 86.15
280.67 196.60 51.78 87.44
278.77 197.24 51.02 86.15
277.22 198.55 51.78 87.44
275.32 201.13 51.02 86.15
273.78 202.44 51.78 87.44
273.02 205.02 51.02 86.15
271.14 207.56 50.27 84.87
269.62 208.85 51.02 86.15
268.87 211.39 50.27 84.87
268.14 213.89 49.52 83.62
266.64 215.16 50.27 84.87
265.90 217.66 49.52 83.62
264.40 217.03 50.27 84.87
263.67 219.53 49.52 83.62
262.94 222.00 48.79 82.38
261.46 223.25 49.52 83.62
260.74 225.72 48.79 82.38
259.26 226.97 49.52 83.62
257.76 228.25 50.27 84.87
257.03 230.75 49.52 83.62
255.53 230.12 50.27 84.87
253.68 232.62 49.52 83.62
252.18 231.99 50.27 84.87
251.45 230.75 49.52 83.62
251.81 229.52 48.79 82.38
250.34 227.03 49.52 83.62
248.84 220.70 50.27 84.87
247.32 214.27 51.02 86.15
246.94 207.75 51.78 87.44
245.37 199.14 52.56 88.75
244.98 190.40 53.35 90.08
244.58 179.49 54.15 91.43
244.98 170.07 53.35 90.08
245.79 159.16 54.15 91.43
246.61 150.16 54.96 92.81
247.45 141.02 55.79 94.20
248.30 133.89 56.62 95.61
250.45 126.65 57.47 97.04
253.41 120.94 56.62 95.61
255.56 118.05 57.47 97.04
259.05 115.12 58.34 98.50
262.59 112.14 59.21 99.98
266.19 111.39 60.10 101.48
269.84 108.32 61.00 103.00
274.93 107.55 61.92 104.55
278.69 106.76 62.84 106.11
283.93 105.97 63.79 107.70
287.80 107.61 64.74 109.32
291.73 109.27 65.71 110.96
294.23 110.97 66.70 112.62
296.76 115.24 67.70 114.31
297.79 119.58 68.72 116.03
297.28 123.99 69.75 117.77
295.17 131.14 70.79 119.54
291.42 138.39 71.85 121.33
285.98 145.76 72.93 123.15
280.46 158.84 74.03 125.00
273.17 172.11 75.14 126.87
264.06 185.58 76.26 128.77
253.09 196.33 77.41 130.71
243.71 207.23 78.57 132.67
232.40 215.29 79.75 134.66
222.74 223.46 80.94 136.68
214.40 230.50 79.75 134.66
207.95 234.47 78.57 132.67
199.86 238.38 77.41 130.71
195.31 236.46 76.26 128.77
190.82 231.73 75.14 126.87
188.06 224.26 74.03 125.00
186.98 216.91 72.93 123.15
184.77 207.59 74.03 125.00
185.32 197.48 72.93 123.15
187.47 187.52 71.85 121.33
189.58 177.70 70.79 119.54
192.27 168.65 71.85 121.33
195.00 162.23 72.93 123.15
199.43 155.70 74.03 125.00
203.92 149.08 75.14 126.87
210.19 142.36 76.26 128.77
218.29 138.47 77.41 130.71
226.51 137.49 78.57 132.67
234.85 133.48 79.75 134.66
243.32 132.47 80.94 136.68
256.42 133.48 79.75 134.66
267.57 137.44 78.57 132.67
279.49 139.46 79.75 134.66
292.39 143.43 78.57 132.67
306.85 150.27 77.41 130.71
318.59 155.23 78.57 132.67
333.04 162.07 77.41 130.71
347.28 168.80 76.26 128.77
361.30 172.59 75.14 126.87
375.13 173.53 74.03 125.00
388.74 174.46 72.93 123.15
400.55 172.65 71.85 121.33
412.18 173.54 70.79 119.54
422.08 174.43 69.75 117.77
430.29 172.70 68.72 116.03
435.34 168.43 67.70 114.31
439.45 164.98 68.72 116.03
441.48 160.71 67.70 114.31
439.43 154.66 68.72 116.03
436.91 150.39 67.70 114.31
431.78 144.34 68.72 116.03
421.89 140.83 69.75 117.77
411.85 137.27 70.79 119.54
398.32 132.88 69.75 117.77
381.94 129.32 70.79 119.54
363.70 125.70 71.85 121.33
343.56 122.03 72.93 123.15
319.79 118.31 74.03 125.00
295.68 117.37 75.14 126.87
269.49 113.54 76.26 128.77
241.17 115.50 77.41 130.71
212.43 117.49 78.57 132.67
177.90 119.51 79.75 134.66
148.29 121.56 80.94 136.68
116.40 123.65 82.16 138.73
85.90 125.76 83.39 140.81
56.83 124.70 84.64 142.92
29.26 123.63 85.91 145.06
7.14 121.50 84.64 142.92
-14.66 117.18 85.91 145.06
-27.30 111.85 84.64 142.92
-34.15 109.75 83.39 140.81
-40.46 102.29 84.64 142.92
-41.70 97.04 83.39 140.81
-40.43 89.58 84.64 142.92
-34.20 81.18 83.39 140.81
-27.24 70.52 84.64 142.92
-13.54 62.11 83.39 140.81
1.80 53.83 82.16 138.73
16.91 45.67 80.94 136.68
31.80 37.63 79.75 134.66
49.99 29.71 78.57 132.67
67.91 24.83 77.41 130.71
83.85 20.03 76.26 128.77
101.25 15.30 75.14 126.87
118.38 13.44 74.03 125.00
135.27 14.36 72.93 123.15
151.90 12.55 71.85 121.33
168.29 13.45 70.79 119.54
184.44 14.33 69.75 117.77
198.81 15.20 68.72 116.03
214.48 18.62 67.70 114.31
227.82 20.36 68.72 116.03
241.98 23.78 67.70 114.31
252.94 27.15 66.70 112.62
263.74 32.95 65.71 110.96
272.92 41.12 64.74 109.32
279.80 47.75 65.71 110.96
287.53 55.92 64.74 109.32
292.30 66.38 63.79 107.70
294.72 75.36 64.74 109.32
297.18 84.49 65.71 110.96
299.12 95.10 64.74 109.32
299.59 105.56 63.79 107.70
297.67 117.00 64.74 109.32
297.18 126.12 65.71 110.96
296.22 134.28 64.74 109.32
295.26 142.33 63.79 107.70
291.89 151.32 64.74 109.32
290.94 159.36 63.79 107.70
291.41 167.29 62.84 106.11
289.51 173.73 63.79 107.70
289.98 181.66 62.84 106.11
290.44 189.47 61.92 104.55
290.90 197.16 61.00 103.00
291.83 203.41 61.92 104.55
293.65 208.80 61.00 103.00
294.58 210.37 61.92 104.55
296.41 211.14 61.00 103.00
298.72 212.71 61.92 104.55
301.07 209.55 62.84 106.11
303.46 206.34 63.79 107.70
306.75 202.38 62.84 106.11
309.13 199.18 63.79 107.70
310.10 195.92 64.74 109.32
313.44 191.90 63.79 107.70
315.86 188.65 64.74 109.32
316.85 185.34 65.71 110.96
317.85 184.51 66.70 112.62
318.87 183.66 67.70 114.31
318.36 182.81 68.72 116.03
317.84 181.94 69.75 117.77
317.32 183.73 70.79 119.54
315.18 185.55 71.85 121.33
313.01 187.40 72.93 123.15
309.14 189.28 74.03 125.00
303.54 191.18 75.14 126.87
297.85 190.23 76.26 128.77
290.34 192.19 77.41 130.71
280.96 191.21 78.57 132.67
271.44 193.23 79.75 134.66
259.97 195.28 80.94 136.68
248.32 194.26 82.16 138.73
236.49 196.37 83.39 140.81
224.49 198.52 84.64 142.92
212.31 197.45 85.91 145.06
199.95 199.66 87.20 147.24
189.04 200.74 85.91 145.06
178.30 205.02 84.64 142.92
169.59 209.23 83.39 140.81
161.00 210.27 82.16 138.73
152.91 212.38 83.39 140.81
148.01 213.42 82.16 138.73
143.18 214.45 80.94 136.68
140.20 218.47 79.75 134.66
137.27 225.41 78.57 132.67
136.12 232.25 77.41 130.71
135.54 237.21 78.57 132.67
136.12 244.05 77.41 130.71
138.40 250.78 76.26 128.77
140.65 257.42 75.14 126.87
142.86 261.15 74.03 125.00
146.67 267.59 72.93 123.15
150.43 271.22 71.85 121.33
154.13 274.80 70.79 119.54
157.78 275.68 69.75 117.77
160.43 274.80 70.79 119.54
163.12 276.62 71.85 121.33
165.85 275.71 72.93 123.15
169.61 273.90 71.85 121.33
172.33 272.99 72.93 123.15
175.10 269.27 74.03 125.00
178.92 270.19 72.93 123.15
183.34 269.27 74.03 125.00
187.84 268.33 75.14 126.87
193.37 269.27 74.03 125.00
197.86 265.49 75.14 126.87
204.13 264.54 76.26 128.77
210.50 260.64 77.41 130.71
218.72 259.66 78.57 132.67
227.97 257.71 77.41 130.71
237.94 253.76 78.57 132.67
248.07 252.77 79.75 134.66
258.35 251.76 80.94 136.68
271.46 252.77 79.75 134.66
283.55 251.76 80.94 136.68
298.44 252.77 79.75 134.66
313.11 253.76 78.57 132.67
327.56 257.67 77.41 130.71
341.80 258.64 76.26 128.77
357.51 259.59 75.14 126.87
372.99 257.73 74.03 125.00
388.24 255.89 72.93 123.15
400.96 252.17 74.03 125.00
413.87 248.39 75.14 126.87
427.69 246.52 74.03 125.00
439.67 241.93 72.93 123.15
449.87 240.12 71.85 121.33
459.13 236.46 72.93 123.15
467.72 234.65 71.85 121.33
476.18 230.19 70.79 119.54
481.39 225.80 69.75 117.77
484.98 221.47 68.72 116.03
487.59 212.68 69.75 117.77
487.07 203.77 70.79 119.54
484.93 194.72 71.85 121.33
479.49 182.77 72.93 123.15
472.31 167.85 74.03 125.00
463.34 152.70 75.14 126.87
452.52 137.33 76.26 128.77
438.08 118.80 77.41 130.71
421.66 102.96 78.57 132.67
404.99 86.88 79.75 134.66
384.45 67.50 80.94 136.68
363.60 54.05 82.16 138.73
340.57 37.24 83.39 140.81
315.29 23.37 84.64 142.92
291.57 15.80 85.91 145.06
269.44 11.42 87.20 147.24
244.99 10.31 88.51 149.45
220.18 9.19 89.84 151.69
197.04 11.50 91.18 153.96
175.62 17.35 92.55 156.27
158.10 23.28 93.94 158.62
142.44 36.52 95.35 161.00
130.52 51.92 93.94 158.62
122.92 70.60 92.55 156.27
117.48 89.00 91.18 153.96
114.13 103.72 89.84 151.69
114.79 118.24 88.51 149.45
117.40 132.53 87.20 147.24
121.89 146.62 85.91 145.06
128.21 157.29 84.64 142.92
136.31 167.81 83.39 140.81
144.29 178.18 82.16 138.73
153.96 185.32 80.94 136.68
163.49 192.37 79.75 134.66
174.64 196.33 78.57 132.67
185.62 203.17 77.41 130.71
198.16 209.90 76.26 128.77
210.50 213.70 75.14 126.87
222.66 217.43 74.03 125.00
234.65 218.36 72.93 123.15
248.06 219.27 71.85 121.33
261.28 217.49 70.79 119.54
274.30 215.73 69.75 117.77
287.13 216.60 68.72 116.03
299.11 215.73 69.75 117.77
308.10 214.85 70.79 119.54
319.56 213.09 69.75 117.77
329.31 211.37 68.72 116.03
336.61 207.86 69.75 117.77
343.28 206.13 68.72 116.03
348.34 204.42 67.70 114.31
353.32 200.22 66.70 112.62
354.34 196.82 67.70 114.31
354.84 192.62 66.70 112.62
353.86 190.96 65.71 110.96
351.44 189.34 64.74 109.32
347.64 187.73 63.79 107.70
342.48 188.53 62.84 106.11
336.01 186.97 61.92 104.55
328.50 186.18 62.84 106.11
322.03 184.63 61.92 104.55
315.66 183.09 61.00 103.00
308.03 181.58 60.10 101.48
300.52 180.09 59.21 99.98
294.42 176.42 58.34 98.50
287.35 171.20 59.21 99.98
281.26 165.32 58.34 98.50
274.19 160.10 59.21 99.98
268.09 154.22 58.34 98.50
262.35 149.00 59.21 99.98
256.25 143.12 58.34 98.50
250.51 137.90 59.21 99.98
243.34 132.61 60.10 101.48
237.42 127.23 61.00 103.00
230.03 121.78 61.92 104.55
223.65 117.93 61.00 103.00
217.37 114.15 60.10 101.48
208.72 108.77 61.00 103.00
199.95 105.66 61.92 104.55
191.03 102.50 62.84 106.11
181.99 96.88 63.79 107.70
171.36 93.62 64.74 109.32
160.57 90.32 65.71 110.96
150.90 88.69 64.74 109.32
140.11 87.87 65.71 110.96
127.67 87.03 66.70 112.62
116.55 91.31 67.70 114.31
105.27 98.25 68.72 116.03
93.65 104.23 67.70 114.31
83.69 110.12 66.70 112.62
73.88 115.92 65.71 110.96
62.76 119.19 64.74 109.32
51.97 123.34 65.71 110.96
43.76 124.16 64.74 109.32
34.23 127.38 63.79 107.70
26.26 132.93 62.84 106.11
19.79 136.06 61.92 104.55
13.41 141.45 61.00 103.00
8.48 146.75 60.10 101.48
6.27 151.98 59.21 99.98
4.09 159.34 58.34 98.50
2.33 165.32 59.21 99.98
2.77 172.68 58.34 98.50
4.49 182.10 57.47 97.04
6.67 190.20 58.34 98.50
9.67 197.45 57.47 97.04
13.90 204.59 56.62 95.61
18.07 209.52 55.79 94.20
23.41 214.37 54.96 92.81
27.45 219.15 54.15 91.43
32.63 223.86 53.35 90.08
36.56 226.52 52.56 88.75
40.43 227.17 51.78 87.44
44.24 229.75 51.02 86.15
47.99 230.39 50.27 84.87
50.58 231.01 49.52 83.62
52.47 230.39 50.27 84.87
55.06 229.14 49.52 83.62
56.51 229.76 48.79 82.38
56.87 230.37 48.07 81.17
57.61 231.60 48.79 82.38
57.97 232.21 48.07 81.17
57.61 233.45 48.79 82.38
56.13 234.70 49.52 83.62
54.63 235.98 50.27 84.87
53.90 238.48 49.52 83.62
52.40 239.75 50.27 84.87
51.66 242.25 49.52 83.62
50.16 243.53 50.27 84.87
47.50 244.82 51.02 86.15
45.63 245.46 50.27 84.87
44.11 242.89 51.02 86.15
41.40 242.24 51.78 87.44
39.50 240.96 51.02 86.15
37.96 240.31 51.78 87.44
36.06 239.03 51.02 86.15
34.51 238.38 51.78 87.44
31.77 239.72 52.56 88.75
31.00 238.41 51.78 87.44
30.24 239.06 51.02 86.15
27.53 238.41 51.78 87.44
26.77 239.06 51.02 86.15
24.07 238.41 51.78 87.44
22.51 237.76 52.56 88.75
21.73 236.45 51.78 87.44
18.99 235.80 52.56 88.75
18.22 236.45 51.78 87.44
15.48 235.80 52.56 88.75
13.89 235.13 53.35 90.08
11.06 234.46 54.15 91.43
10.27 235.13 53.35 90.08
8.65 236.51 54.15 91.43
7.86 237.18 53.35 90.08
6.25 238.55 54.15 91.43
4.61 239.95 54.96 92.81
5.01 240.63 54.15 91.43
4.61 242.03 54.96 92.81
4.20 243.44 55.79 94.20
3.78 244.87 56.62 95.61
3.35 246.33 57.47 97.04
4.23 247.81 58.34 98.50
3.79 249.31 59.21 99.98
5.54 250.05 58.34 98.50
6.42 251.55 59.21 99.98
7.33 253.07 60.10 101.48
8.24 254.62 61.00 103.00
9.17 256.19 61.92 104.55
10.11 257.78 62.84 106.11
11.97 260.91 61.92 104.55
11.50 260.12 62.84 106.11
13.35 263.25 61.92 104.55
14.30 262.47 62.84 106.11
14.76 263.25 61.92 104.55
15.70 264.84 62.84 106.11
15.23 264.05 63.79 107.70
14.75 265.69 64.74 109.32
16.66 266.50 63.79 107.70
17.13 267.29 62.84 106.11
16.66 268.91 63.79 107.70
16.18 270.55 64.74 109.32
17.17 272.21 65.71 110.96
17.65 273.03 64.74 109.32
19.56 273.84 63.79 107.70
19.08 275.48 64.74 109.32
20.07 274.66 65.71 110.96
21.07 273.83 66.70 112.62
22.09 275.55 67.70 114.31
24.08 276.39 66.70 112.62
23.58 275.55 67.70 114.31
27.07 276.39 66.70 112.62
28.09 275.55 67.70 114.31
29.12 274.69 68.72 116.03
31.14 275.55 67.70 114.31
32.17 274.69 68.72 116.03
34.78 273.82 69.75 117.77
36.84 272.09 68.72 116.03
39.45 271.22 69.75 117.77
41.50 269.49 68.72 116.03
45.04 270.35 67.70 114.31
47.04 268.67 66.70 112.62
49.57 267.83 67.70 114.31
52.14 264.37 68.72 116.03
54.75 260.86 69.75 117.77
58.34 259.13 68.72 116.03
59.39 255.62 69.75 117.77
62.04 254.74 70.79 119.54
64.73 251.13 71.85 121.33
70.01 252.02 70.79 119.54
72.70 248.41 71.85 121.33
75.43 247.50 72.93 123.15
79.86 246.58 74.03 125.00
85.31 244.74 72.93 123.15
90.67 245.65 71.85 121.33
95.04 244.74 72.93 123.15
99.46 241.02 74.03 125.00
104.91 241.94 72.93 123.15
111.00 241.02 74.03 125.00
117.18 240.08 75.14 126.87
123.45 242.01 76.26 128.77
130.74 242.96 75.14 126.87
137.93 241.10 74.03 125.00
145.01 242.03 72.93 123.15
151.99 242.94 71.85 121.33
158.86 241.15 70.79 119.54
163.16 237.54 71.85 121.33
170.03 235.76 70.79 119.54
174.33 232.14 71.85 121.33
179.62 230.36 70.79 119.54
183.92 226.75 71.85 121.33
188.28 223.08 72.93 123.15
193.65 221.27 71.85 121.33
198.94 216.81 70.79 119.54
204.15 215.06 69.75 117.77
208.38 214.18 70.79 119.54
212.68 210.56 71.85 121.33
217.97 208.78 70.79 119.54
222.26 205.17 71.85 121.33
227.55 203.39 70.79 119.54
231.85 202.49 71.85 121.33
237.14 200.71 70.79 119.54
240.78 201.59 69.75 117.77
243.43 200.71 70.79 119.54
247.08 198.95 69.75 117.77
250.68 199.82 68.72 116.03
252.70 200.68 67.70 114.31
254.69 201.53 66.70 112.62
255.71 200.68 67.70 114.31
257.70 199.00 66.70 112.62
258.20 199.84 65.71 110.96
257.70 199.00 66.70 112.62
256.73 197.35 65.71 110.96
257.21 195.72 64.74 109.32
255.25 192.42 65.71 110.96
254.76 191.58 66.70 112.62
253.78 189.93 65.71 110.96
251.79 189.10 66.70 112.62
250.81 187.44 65.71 110.96
248.83 184.09 66.70 112.62
246.38 182.44 65.71 110.96
244.39 179.08 66.70 112.62
243.41 177.43 65.71 110.96
241.42 174.07 66.70 112.62
240.44 172.42 65.71 110.96
238.46 169.06 66.70 112.62
237.48 167.41 65.71 110.96
235.06 163.33 64.74 109.32
234.11 161.73 63.79 107.70
234.58 160.15 62.84 106.11
233.66 158.59 61.92 104.55
233.20 155.43 62.84 106.11
232.73 152.22 63.79 107.70
232.25 151.41 64.74 109.32
233.23 150.59 65.71 110.96
232.74 149.76 66.70 112.62
232.24 148.92 67.70 114.31
233.27 148.06 68.72 116.03
232.76 149.83 69.75 117.77
233.82 148.94 70.79 119.54
233.29 148.05 71.85 121.33
232.75 149.89 72.93 123.15
232.20 148.97 74.03 125.00
231.65 148.03 75.14 126.87
231.08 147.08 76.26 128.77
231.65 148.03 75.14 126.87
231.08 147.08 76.26 128.77
231.65 148.03 75.14 126.87
231.08 147.08 76.26 128.77
231.65 148.03 75.14 126.87
230.55 148.97 74.03 125.00
231.09 149.89 72.93 123.15
231.63 150.80 71.85 121.33
232.16 151.70 70.79 119.54
232.68 152.58 69.75 117.77
233.20 153.45 68.72 116.03
233.71 154.31 67.70 114.31
234.21 155.16 66.70 112.62
233.71 154.31 67.70 114.31
234.21 155.16 66.70 112.62
233.71 154.31 67.70 114.31
234.21 155.16 66.70 112.62
233.71 154.31 67.70 114.31
234.21 155.16 66.70 112.62
233.71 154.31 67.70 114.31
234.21 155.16 66.70 112.62
233.71 154.31 67.70 114.31
234.21 155.16 66.70 112.62
233.71 154.31 67.70 114.31
234.21 155.16 66.70 112.62
233.71 154.31 67.70 114.31
234.21 155.16 66.70 112.62
233.71 154.31 67.70 114.31
234.21 155.16 66.70 112.62
233.71 154.31 67.70 114.31
234.21 155.16 66.70 112.62
233.71 154.31 67.70 114.31
234.21 155.16 66.70 112.62
233.71 154.31 67.70 114.31
234.21 155.16 66.70 112.62
233.71 154.31 67.70 114.31
234.21 155.16 66.70 112.62
233.71 154.31 67.70 114.31
234.21 155.16 66.70 112.62
233.71 154.31 67.70 114.31
234.21 155.16 66.70 112.62
233.71 154.31 67.70 114.31
234.21 155.16 66.70 112.62
233.71 154.31 67.70 114.31
234.21 155.16 66.70 112.62
234.70 155.99 65.71 110.96
234.21 155.16 66.70 112.62
234.70 155.99 65.71 110.96
234.21 155.16 66.70 112.62
234.70 155.99 65.71 110.96
234.21 155.16 66.70 112.62
234.70 155.99 65.71 110.96
234.21 155.16 66.70 112.62
234.70 155.99 65.71 110.96
234.21 155.16 66.70 112.62
234.70 155.99 65.71 110.96
234.21 155.16 66.70 112.62
234.70 155.99 65.71 110.96
234.21 155.16 66.70 112.62
234.70 155.99 65.71 110.96
234.21 155.16 66.70 112.62
234.70 155.99 65.71 110.96
234.21 155.16 66.70 112.62
234.70 155.99 65.71 110.96
234.21 155.16 66.70 112.62
234.70 155.99 65.71 110.96
234.21 155.16 66.70 112.62
234.70 155.99 65.71 110.96
234.21 155.16 66.70 112.62
234.70 155.99 65.71 110.96
234.21 155.16 66.70 112.62
234.70 155.99 65.71 110.96
234.21 155.16 66.70 112.62
234.70 155.99 65.71 110.96
234.21 155.16 66.70 112.62
234.70 155.99 65.71 110.96
234.21 155.16 66.70 112.62
234.70 155.99 65.71 110.96
234.21 155.16 66.70 112.62
234.70 155.99 65.71 110.96
234.21 155.16 66.70 112.62
234.70 155.99 65.71 110.96
234.21 155.16 66.70 112.62
234.70 155.99 65.71 110.96
234.21 155.16 66.70 112.62
234.70 155.99 65.71 110.96
234.21 155.16 66.70 112.62
234.70 155.99 65.71 110.96
234.21 155.16 66.70 112.62
234.70 155.99 65.71 110.96
234.21 155.16 66.70 112.62
234.70 155.99 65.71 110.96
234.21 155.16 66.70 112.62
234.70 155.99 65.71 110.96
234.21 155.16 66.70 112.62
234.70 155.99 65.71 110.96
234.21 155.16 66.70 112.62
234.70 155.99 65.71 110.96
234.21 155.16 66.70 112.62
234.70 155.99 65.71 110.96
234.21 155.16 66.70 112.62
234.70 155.99 65.71 110.96
234.21 155.16 66.70 112.62
234.70 155.99 65.71 110.96
234.21 155.16 66.70 112.62
234.70 155.99 65.71 110.96
234.21 155.16 66.70 112.62
234.70 155.99 65.71 110.96
234.21 155.16 66.70 112.62
234.70 155.99 65.71 110.96
234.21 155.16 66.70 112.62
234.70 155.99 65.71 110.96
234.21 155.16 66.70 112.62
234.70 155.99 65.71 110.96
234.21 155.16 66.70 112.62
233.23 155.99 65.71 110.96
232.74 157.68 66.70 112.62
231.76 156.03 65.71 110.96
234.25 155.19 66.70 112.62
235.27 149.23 67.70 114.31
234.76 145.77 68.72 116.03
234.25 147.54 69.75 117.77
234.76 153.61 68.72 116.03
233.75 154.47 67.70 114.31
234.25 155.31 66.70 112.62
233.75 154.47 67.70 114.31
234.25 155.31 66.70 112.62
233.75 154.47 67.70 114.31
234.25 155.31 66.70 112.62
234.75 156.14 65.71 110.96
234.25 155.31 66.70 112.62
234.75 156.14 65.71 110.96
234.25 155.31 66.70 112.62
234.75 156.14 65.71 110.96
234.25 155.31 66.70 112.62
234.75 156.14 65.71 110.96
234.25 155.31 66.70 112.62
234.75 156.14 65.71 110.96
234.25 155.31 66.70 112.62
234.75 156.14 65.71 110.96
234.25 155.31 66.70 112.62
234.75 156.14 65.71 110.96
234.25 155.31 66.70 112.62
233.75 154.47 67.70 114.31
234.25 155.31 66.70 112.62
233.75 154.47 67.70 114.31
234.25 155.31 66.70 112.62
234.75 156.14 65.71 110.96
234.25 155.31 66.70 112.62
234.75 156.14 65.71 110.96
234.25 155.31 66.70 112.62
234.75 156.14 65.71 110.96
234.25 155.31 66.70 112.62
234.75 156.14 65.71 110.96
234.25 155.31 66.70 112.62
234.75 156.14 65.71 110.96
234.25 155.31 66.70 112.62
234.75 156.14 65.71 110.96
234.25 155.31 66.70 112.62
234.75 156.14 65.71 110.96
234.25 155.31 66.70 112.62
234.75 156.14 65.71 110.96
234.25 155.31 66.70 112.62
234.75 156.14 65.71 110.96
234.25 155.31 66.70 112.62
234.75 156.14 65.71 110.96
234.25 155.31 66.70 112.62
234.75 156.14 65.71 110.96
234.25 155.31 66.70 112.62
234.75 156.14 65.71 110.96
234.25 155.31 66.70 112.62
234.75 156.14 65.71 110.96
234.25 155.31 66.70 112.62
234.75 156.14 65.71 110.96
234.25 155.31 66.70 112.62
234.75 156.14 65.71 110.96
234.25 155.31 66.70 112.62
234.75 156.14 65.71 110.96
234.25 155.31 66.70 112.62
234.75 156.14 65.71 110.96
234.25 155.31 66.70 112.62
234.75 156.14 65.71 110.96
234.25 155.31 66.70 112.62
234.75 156.14 65.71 110.96
234.25 155.31 66.70 112.62
234.75 156.14 65.71 110.96
234.25 155.31 66.70 112.62
234.75 156.14 65.71 110.96
234.25 155.31 66.70 112.62
234.75 156.14 65.71 110.96
234.25 155.31 66.70 112.62
234.75 156.14 65.71 110.96
234.25 155.31 66.70 112.62
234.75 156.14 65.71 110.96
234.25 155.31 66.70 112.62
234.75 156.14 65.71 110.96
234.25 155.31 66.70 112.62
234.75 156.14 65.71 110.96
234.25 155.31 66.70 112.62
234.75 156.14 65.71 110.96
234.25 155.31 66.70 112.62
234.75 156.14 65.71 110.96
234.25 155.31 66.70 112.62
234.75 156.14 65.71 110.96
234.25 155.31 66.70 112.62
234.75 156.14 65.71 110.96
234.25 155.31 66.70 112.62
234.75 156.14 65.71 110.96
234.25 155.31 66.70 112.62
234.75 156.14 65.71 110.96
234.25 155.31 66.70 112.62
234.75 156.14 65.71 110.96
234.25 155.31 66.70 112.62
234.75 156.14 65.71 110.96
234.25 155.31 66.70 112.62
234.75 156.14 65.71 110.96
234.25 155.31 66.70 112.62
234.75 156.14 65.71 110.96
234.25 155.31 66.70 112.62
234.75 156.14 65.71 110.96
234.25 155.31 66.70 112.62
234.75 156.14 65.71 110.96
234.25 155.31 66.70 112.62
234.75 156.14 65.71 110.96
234.25 155.31 66.70 112.62
234.75 156.14 65.71 110.96
234.25 155.31 66.70 112.62
234.75 156.14 65.71 110.96
234.25 155.31 66.70 112.62
234.75 156.14 65.71 110.96
234.25 155.31 66.70 112.62
234.75 156.14 65.71 110.96
234.25 155.31 66.70 112.62
234.75 156.14 65.71 110.96
234.25 155.31 66.70 112.62
234.75 156.14 65.71 110.96
234.25 155.31 66.70 112.62
234.75 156.14 65.71 110.96
234.25 155.31 66.70 112.62
234.75 156.14 65.71 110.96
234.25 155.31 66.70 112.62
234.75 156.14 65.71 110.96
234.25 155.31 66.70 112.62
234.75 156.14 65.71 110.96
234.25 155.31 66.70 112.62
234.75 156.14 65.71 110.96
234.25 155.31 66.70 112.62
234.75 156.14 65.71 110.96
234.25 155.31 66.70 112.62
234.75 156.14 65.71 110.96
234.25 155.31 66.70 112.62
234.75 156.14 65.71 110.96
234.25 155.31 66.70 112.62
234.75 156.14 65.71 110.96
234.25 155.31 66.70 112.62
234.75 156.14 65.71 110.96
234.25 155.31 66.70 112.62
234.75 156.14 65.71 110.96
234.25 155.31 66.70 112.62
234.75 156.14 65.71 110.96
234.25 155.31 66.70 112.62
234.75 156.14 65.71 110.96
234.25 155.31 66.70 112.62
234.75 156.14 65.71 110.96
234.25 155.31 66.70 112.62
234.75 156.14 65.71 110.96
234.25 155.31 66.70 112.62
234.75 156.14 65.71 110.96
234.25 155.31 66.70 112.62
234.75 156.14 65.71 110.96
234.25 155.31 66.70 112.62
234.75 156.14 65.71 110.96
234.25 155.31 66.70 112.62
234.75 156.14 65.71 110.96
234.25 155.31 66.70 112.62
234.75 156.14 65.71 110.96
234.25 155.31 66.70 112.62
234.75 156.14 65.71 110.96
234.25 155.31 66.70 112.62
234.75 156.14 65.71 110.96
234.25 155.31 66.70 112.62
234.75 156.14 65.71 110.96
234.25 155.31 66.70 112.62
234.75 156.14 65.71 110.96
234.25 155.31 66.70 112.62
234.75 156.14 65.71 110.96
234.25 155.31 66.70 112.62
234.75 156.14 65.71 110.96
234.25 155.31 66.70 112.62
234.75 156.14 65.71 110.96
234.25 155.31 66.70 112.62
234.75 156.14 65.71 110.96
234.25 155.31 66.70 112.62
234.75 156.14 65.71 110.96
234.25 155.31 66.70 112.62
234.75 156.14 65.71 110.96
234.25 155.31 66.70 112.62
234.75 156.14 65.71 110.96
234.25 155.31 66.70 112.62
234.75 156.14 65.71 110.96
234.25 155.31 66.70 112.62
234.75 156.14 65.71 110.96
234.25 155.31 66.70 112.62
234.75 156.14 65.71 110.96
234.25 155.31 66.70 112.62
234.75 156.14 65.71 110.96
234.25 155.31 66.70 112.62
234.75 156.14 65.71 110.96
234.25 155.31 66.70 112.62
234.75 156.14 65.71 110.96
234.25 155.31 66.70 112.62
234.75 156.14 65.71 110.96
234.25 155.31 66.70 112.62
234.75 156.14 65.71 110.96
234.25 155.31 66.70 112.62
234.75 156.14 65.71 110.96
234.25 155.31 66.70 112.62
234.75 156.14 65.71 110.96
234.25 155.31 66.70 112.62
234.75 156.14 65.71 110.96
234.25 155.31 66.70 112.62
234.75 156.14 65.71 110.96
234.25 155.31 66.70 112.62
234.75 156.14 65.71 110.96
234.25 155.31 66.70 112.62
234.75 156.14 65.71 110.96
234.25 155.31 66.70 112.62
234.75 156.14 65.71 110.96
234.25 155.31 66.70 112.62
234.75 156.14 65.71 110.96
234.25 155.31 66.70 112.62
234.75 156.14 65.71 110.96
234.25 155.31 66.70 112.62
234.75 156.14 65.71 110.96
234.25 155.31 66.70 112.62
234.75 156.14 65.71 110.96
234.25 155.31 66.70 112.62
234.75 156.14 65.71 110.96
234.25 155.31 66.70 112.62
234.75 156.14 65.71 110.96
234.25 155.31 66.70 112.62
234.75 156.14 65.71 110.96
234.25 155.31 66.70 112.62
234.75 156.14 65.71 110.96
234.25 155.31 66.70 112.62
234.75 156.14 65.71 110.96
234.25 155.31 66.70 112.62
234.75 156.14 65.71 110.96
234.25 155.31 66.70 112.62
234.75 156.14 65.71 110.96
234.25 155.31 66.70 112.62
234.75 156.14 65.71 110.96
234.25 155.31 66.70 112.62
234.75 156.14 65.71 110.96
234.25 155.31 66.70 112.62
234.75 156.14 65.71 110.96
234.25 155.31 66.70 112.62
234.75 156.14 65.71 110.96
234.25 155.31 66.70 112.62
234.75 156.14 65.71 110.96
234.25 155.31 66.70 112.62
234.75 156.14 65.71 110.96
234.25 155.31 66.70 112.62
234.75 156.14 65.71 110.96
234.25 155.31 66.70 112.62
234.75 156.14 65.71 110.96
234.25 155.31 66.70 112.62
234.75 156.14 65.71 110.96
