298.00 149.00 67.00 122.00
295.97 148.09 68.00 123.83
296.48 149.00 67.00 122.00
295.49 147.21 66.01 120.20
295.00 146.31 67.00 122.00
295.49 147.21 66.01 120.20
295.00 146.31 67.00 122.00
295.49 147.21 66.01 120.20
293.50 146.31 67.00 122.00
291.04 147.21 66.01 120.20
288.61 148.10 65.03 118.42
286.64 147.21 66.01 120.20
284.22 148.10 65.03 118.42
282.25 144.52 66.01 120.20
279.83 145.40 65.03 118.42
277.44 146.28 64.07 116.67
275.08 147.14 63.13 114.95
272.76 147.99 62.19 113.25
269.10 148.83 61.27 111.57
266.85 147.19 60.37 109.93
264.63 148.00 59.48 108.30
262.45 148.80 58.60 106.70
260.67 148.00 59.48 108.30
258.49 148.80 58.60 106.70
256.34 147.24 57.73 105.12
254.21 148.01 56.88 103.57
252.12 148.78 56.04 102.04
250.06 147.28 55.21 100.53
248.04 148.02 54.39 99.05
244.84 148.76 53.59 97.58
242.87 147.32 52.80 96.14
240.93 148.03 52.02 94.72
237.87 148.73 51.25 93.32
235.98 149.42 50.49 91.94
235.24 148.07 49.75 90.58
233.41 148.74 49.01 89.24
230.82 148.07 49.75 90.58
230.09 146.74 49.01 89.24
229.37 147.40 48.29 87.92
227.59 148.05 47.57 86.62
226.90 146.78 46.87 85.34
224.41 146.14 47.57 86.62
223.71 146.78 46.87 85.34
221.23 146.14 47.57 86.62
218.71 145.49 48.29 87.92
218.00 144.20 47.57 86.62
217.30 144.84 46.87 85.34
216.62 143.59 46.18 84.08
215.94 144.21 45.49 82.84
214.27 144.82 44.82 81.62
213.61 143.62 44.16 80.41
212.27 143.02 44.82 81.62
211.62 141.82 44.16 80.41
209.99 142.42 43.51 79.22
208.68 141.82 44.16 80.41
208.03 140.64 43.51 79.22
207.39 141.23 42.86 78.05
206.76 140.08 42.23 76.90
206.14 138.95 41.61 75.76
205.53 139.51 40.99 74.64
204.29 138.95 41.61 75.76
204.60 137.84 40.99 74.64
203.36 137.28 41.61 75.76
203.67 137.84 40.99 74.64
203.07 136.74 40.39 73.54
203.36 135.66 39.79 72.45
202.78 136.20 39.20 71.38
203.07 135.15 38.62 70.33
202.78 134.62 39.20 71.38
202.20 133.58 38.62 70.33
202.49 134.10 38.05 69.29
202.20 132.00 38.62 70.33
201.64 132.52 38.05 69.29
201.92 131.50 37.49 68.26
201.37 130.50 36.93 67.25
201.64 129.51 36.39 66.26
200.54 129.02 36.93 67.25
200.81 128.03 36.39 66.26
199.71 127.53 36.93 67.25
198.60 127.03 37.49 68.26
198.87 126.03 36.93 67.25
197.76 125.52 37.49 68.26
197.48 123.46 38.05 69.29
196.92 122.44 37.49 68.26
196.64 121.93 38.05 69.29
196.08 122.44 37.49 68.26
196.35 121.44 36.93 67.25
194.40 120.93 37.49 68.26
192.19 139.52 36.93 67.25
191.92 119.13 37.49 68.26
190.78 118.62 38.05 69.29
188.77 118.10 38.62 70.33
187.60 117.58 39.20 71.38
185.52 117.04 39.79 72.45
183.41 116.50 40.39 73.54
181.28 115.95 40.99 74.64
179.10 115.39 41.61 75.76
176.90 113.09 42.23 76.90
174.66 112.52 42.86 78.05
171.42 111.93 43.51 79.22
169.11 109.54 44.16 80.41
165.77 108.93 44.82 81.62
162.38 108.32 45.49 82.84
158.93 105.82 46.18 84.08
154.39 105.19 46.87 85.34
150.84 102.61 47.57 86.62
147.24 101.96 48.29 87.92
142.48 101.30 49.01 89.24
138.77 98.60 49.75 90.58
135.01 97.92 50.49 91.94
131.18 97.23 51.25 93.32
127.04 95.86 50.49 91.94
123.22 95.17 51.25 93.32
118.17 94.47 52.02 94.72
114.23 93.76 52.80 96.14
110.23 90.85 53.59 97.58
106.18 90.12 54.39 99.05
102.06 89.38 55.21 100.53
99.14 88.62 56.04 102.04
94.89 85.54 56.88 103.57
91.88 84.76 57.73 105.12
88.82 83.97 58.60 106.70
85.72 83.17 59.48 108.30
83.53 81.58 58.60 106.70
80.43 80.78 59.48 108.30
79.55 79.19 58.60 106.70
77.78 78.39 59.48 108.30
75.98 77.58 60.37 109.93
74.16 76.76 61.27 111.57
73.26 77.58 60.37 109.93
72.81 76.76 61.27 111.57
70.95 75.92 62.19 113.25
70.49 75.07 63.13 114.95
69.56 75.92 62.19 113.25
69.09 75.07 63.13 114.95
69.56 75.92 62.19 113.25
70.51 75.07 63.13 114.95
70.98 75.92 62.19 113.25
71.92 77.65 63.13 114.95
72.88 76.78 64.07 116.67
73.36 77.65 63.13 114.95
74.32 79.40 64.07 116.67
75.30 78.52 65.03 118.42
76.29 80.33 66.01 120.20
78.23 81.21 65.03 118.42
79.22 80.33 66.01 120.20
80.23 82.16 67.00 122.00
82.20 83.06 66.01 120.20
83.21 84.89 67.00 122.00
85.18 85.79 66.01 120.20
87.69 87.62 67.00 122.00
88.71 89.48 68.01 123.83
90.71 90.40 67.00 122.00
91.73 92.26 68.01 123.83
96.74 95.90 67.00 122.00
103.85 97.76 68.01 123.83
108.86 101.41 67.00 122.00
115.27 102.31 66.01 120.20
123.04 105.85 65.03 118.42
129.26 109.34 64.07 116.67
135.39 110.20 63.13 114.95
140.03 113.59 62.19 113.25
144.61 114.43 61.27 111.57
150.47 117.71 60.37 109.93
154.92 118.52 59.48 108.30
159.29 121.72 58.60 106.70
163.61 122.50 57.73 105.12
167.85 125.60 56.88 103.57
172.04 126.37 56.04 102.04
176.17 127.12 55.21 100.53
179.01 130.08 54.39 99.05
181.81 130.81 53.59 97.58
184.57 131.53 52.80 96.14
186.58 133.00 53.59 97.58
188.61 132.27 54.39 99.05
190.22 133.00 53.59 97.58
192.98 135.87 52.80 96.14
194.98 135.15 53.59 97.58
197.74 135.87 52.80 96.14
199.75 137.34 53.59 97.58
202.51 138.06 52.80 96.14
204.51 139.52 53.59 97.58
207.28 140.25 52.80 96.14
209.28 139.52 53.59 97.58
212.04 142.40 52.80 96.14
215.93 143.11 52.02 94.72
218.61 143.81 51.25 93.32
219.39 143.11 52.02 94.72
221.36 144.55 52.80 96.14
224.08 145.26 52.02 94.72
226.77 145.96 51.25 93.32
227.55 145.26 52.02 94.72
230.23 145.96 51.25 93.32
231.74 146.65 50.49 91.94
233.65 145.96 51.25 93.32
236.29 146.65 50.49 91.94
238.90 147.33 49.75 90.58
239.65 146.65 50.49 91.94
242.26 147.33 49.75 90.58
243.01 146.65 50.49 91.94
243.78 145.96 51.25 93.32
245.73 145.26 52.02 94.72
246.52 144.55 52.80 96.14
248.08 145.26 52.02 94.72
251.90 145.96 51.25 93.32
254.55 146.65 50.49 91.94
255.31 145.96 51.25 93.32
257.96 144.59 50.49 91.94
260.56 145.27 49.75 90.58
261.32 144.59 50.49 91.94
262.08 143.90 51.25 93.32
264.03 143.20 52.02 94.72
265.56 143.90 51.25 93.32
268.20 142.53 50.49 91.94
269.69 143.21 49.75 90.58
270.45 142.53 50.49 91.94
272.37 141.84 51.25 93.32
273.15 141.14 52.02 94.72
274.68 141.84 51.25 93.32
275.46 141.14 52.02 94.72
278.14 139.75 51.25 93.32
279.65 140.44 50.49 91.94
280.42 139.75 51.25 93.32
281.93 140.44 50.49 91.94
282.70 139.75 51.25 93.32
282.31 139.05 52.02 94.72
283.85 137.66 51.25 93.32
284.63 136.96 52.02 94.72
285.42 136.25 52.80 96.14
285.81 136.96 52.02 94.72
286.60 136.25 52.80 96.14
286.21 135.53 53.59 97.58
287.02 134.80 54.39 99.05
285.38 134.06 55.21 100.53
287.00 134.80 54.39 99.05
287.41 135.53 53.59 97.58
287.00 137.02 54.39 99.05
286.60 134.02 55.21 100.53
286.18 133.27 56.04 102.04
284.49 132.50 56.88 103.57
284.91 133.27 56.04 102.04
283.21 132.50 56.88 103.57
283.63 133.27 56.04 102.04
282.81 134.02 55.21 100.53
281.14 133.27 56.04 102.04
279.08 134.02 55.21 100.53
277.41 133.27 56.04 102.04
274.45 132.50 56.88 103.57
272.36 133.27 56.04 102.04
269.39 132.50 56.88 103.57
266.37 131.73 57.73 105.12
265.53 130.18 56.88 103.57
262.51 129.41 57.73 105.12
260.39 130.18 56.88 103.57
257.38 129.41 57.73 105.12
255.26 130.18 56.88 103.57
252.24 129.41 57.73 105.12
249.19 128.62 58.60 106.70
244.75 127.82 59.48 108.30
242.56 128.62 58.60 106.70
239.46 127.82 59.48 108.30
237.27 128.62 58.60 106.70
232.84 127.82 59.48 108.30
229.69 124.54 60.37 109.93
227.47 125.36 59.48 108.30
222.97 124.54 60.37 109.93
219.77 123.72 61.27 111.57
215.13 122.88 62.19 113.25
211.83 122.03 63.13 114.95
209.51 122.88 62.19 113.25
204.81 122.03 63.13 114.95
201.09 122.88 62.19 113.25
197.80 119.46 63.13 114.95
193.02 118.60 64.07 116.67
188.17 117.72 65.03 118.42
184.34 118.60 64.07 116.67
178.04 115.07 65.03 118.42
173.11 114.18 66.01 120.20
168.12 113.28 67.00 122.00
161.52 112.36 68.01 123.83
157.52 110.55 67.00 122.00
150.92 109.63 68.01 123.83
144.23 108.70 69.03 125.69
139.00 104.90 70.06 127.57
133.70 103.95 71.11 129.49
128.32 102.97 72.18 131.43
122.48 103.95 71.11 129.49
117.09 100.03 72.18 131.43
111.63 99.04 73.26 133.40
104.42 98.04 74.36 135.40
98.79 97.03 75.48 137.43
91.36 96.00 76.61 139.49
85.56 91.78 77.76 141.59
77.90 90.72 78.92 143.71
71.93 89.64 80.11 145.87
64.04 88.55 81.31 148.05
57.89 87.44 82.53 150.27
51.64 82.89 83.77 152.53
45.30 81.75 85.02 154.82
36.93 80.59 86.30 157.14
32.36 79.41 87.59 159.50
25.72 74.59 88.91 161.89
22.46 75.78 87.59 159.50
17.82 74.59 88.91 161.89
13.11 73.37 90.24 164.32
7.80 74.59 88.91 161.89
3.09 73.37 90.24 164.32
-3.74 72.14 91.59 166.78
-8.59 70.89 92.97 169.28
-13.52 65.77 94.36 171.82
-18.52 64.48 95.78 174.40
-24.15 65.77 94.36 171.82
-29.15 64.48 95.78 174.40
-34.22 63.17 97.21 177.02
-37.79 60.58 95.78 174.40
-42.87 59.27 97.21 177.02
-48.02 57.94 98.67 179.67
-51.00 56.59 100.15 182.37
-52.47 57.94 98.67 179.67
-57.70 52.51 100.15 182.37
-59.17 53.85 98.67 179.67
-60.62 55.18 97.21 177.02
-63.56 53.85 98.67 179.67
-68.78 48.42 100.15 182.37
-69.53 51.20 101.65 185.10
-74.92 45.60 103.18 187.88
-78.04 44.20 104.73 190.70
-77.26 45.60 103.18 187.88
-80.38 44.20 104.73 190.70
-77.30 49.81 103.18 187.88
-80.42 48.40 104.73 190.70
-77.33 49.81 103.18 187.88
-74.29 51.20 101.65 185.10
-72.75 49.81 103.18 187.88
-69.71 51.20 101.65 185.10
-68.16 49.81 103.18 187.88
-62.84 51.20 101.65 185.10
-57.60 56.65 100.15 182.37
-52.44 58.00 98.67 179.67
-48.70 56.65 100.15 182.37
-47.17 59.43 101.65 185.10
-41.00 58.04 103.18 187.88
-34.74 60.91 104.73 190.70
-20.09 62.32 103.18 187.88
-10.22 63.70 101.65 185.10
-0.50 69.16 100.15 182.37
11.29 70.50 98.67 179.67
22.91 75.80 97.21 177.02
34.35 81.01 95.78 174.40
43.52 82.30 94.36 171.82
54.63 83.57 92.97 169.28
63.52 88.56 91.59 166.78
74.30 89.79 90.24 164.32
82.94 94.63 88.91 161.89
91.44 95.83 87.59 159.50
101.75 100.52 86.30 157.14
110.01 101.68 85.02 154.82
120.02 102.83 83.77 152.53
128.03 107.32 82.53 150.27
137.75 108.43 81.31 148.05
147.32 112.79 80.11 145.87
156.75 113.87 78.92 143.71
164.30 118.11 77.76 141.59
173.46 119.15 76.61 139.49
180.79 120.18 75.48 137.43
189.67 124.23 74.36 135.40
