162.00 188.00 34.00 84.00
161.75 187.37 34.51 85.26
161.24 188.00 34.00 84.00
160.98 187.37 34.51 85.26
161.24 188.00 34.00 84.00
160.21 185.46 34.51 85.26
159.70 186.09 34.00 84.00
159.45 183.55 34.51 85.26
159.19 182.91 35.03 86.54
158.13 182.26 35.55 87.84
158.67 181.60 36.09 89.15
158.94 182.26 35.55 87.84
159.20 182.91 35.03 86.54
158.94 182.26 35.55 87.84
158.67 181.60 36.09 89.15
159.74 184.23 35.55 87.84
160.00 184.88 35.03 86.54
159.74 186.20 35.55 87.84
160.00 186.85 35.03 86.54
160.26 189.40 34.51 85.26
161.27 190.03 34.00 84.00
163.03 192.50 33.50 82.76
163.27 193.11 33.00 81.54
163.52 193.71 32.51 80.33
165.91 194.31 32.03 79.14
167.56 194.89 31.56 77.97
169.19 195.47 31.09 76.82
170.10 194.34 30.63 75.69
171.27 193.77 31.09 76.82
171.74 193.20 31.56 77.97
170.79 192.61 32.03 79.14
171.02 193.20 31.56 77.97
169.35 192.61 32.03 79.14
169.11 190.22 32.51 80.33
168.63 190.81 32.03 79.14
168.16 191.40 31.56 77.97
167.21 190.81 32.03 79.14
166.74 191.40 31.56 77.97
166.27 191.97 31.09 76.82
165.33 191.40 31.56 77.97
164.38 192.59 32.03 79.14
162.68 191.99 32.51 80.33
161.49 192.59 32.03 79.14
161.02 193.17 31.56 77.97
160.78 194.36 32.03 79.14
161.02 194.94 31.56 77.97
159.35 194.36 32.03 79.14
158.17 194.94 31.56 77.97
156.50 194.36 32.03 79.14
154.80 193.76 32.51 80.33
154.56 193.16 33.00 81.54
153.34 193.76 32.51 80.33
152.87 194.36 32.03 79.14
151.69 194.94 31.56 77.97
151.45 194.36 32.03 79.14
150.28 194.94 31.56 77.97
149.12 193.80 31.09 76.82
147.29 194.37 30.63 75.69
146.84 194.93 30.18 74.57
146.61 194.37 30.63 75.69
146.38 193.80 31.09 76.82
144.73 193.22 31.56 77.97
144.50 192.64 32.03 79.14
144.26 192.04 32.51 80.33
144.75 191.44 33.00 81.54
145.25 192.68 33.50 82.76
146.98 195.12 33.00 81.54
147.48 194.51 33.50 82.76
148.76 193.89 34.00 84.00
150.51 194.51 33.50 82.76
152.23 193.30 33.00 81.54
153.93 193.90 32.51 80.33
155.61 192.72 32.03 79.14
157.26 191.56 31.56 77.97
158.89 192.13 31.09 76.82
159.36 193.30 31.56 77.97
161.28 190.95 32.03 79.14
164.34 191.53 31.56 77.97
166.97 192.72 32.03 79.14
168.92 192.12 32.51 80.33
170.89 191.52 33.00 81.54
173.65 190.91 33.50 82.76
176.44 188.41 34.00 84.00
179.28 187.78 34.51 85.26
182.16 185.20 35.03 86.54
185.88 184.55 35.55 87.84
188.84 183.89 36.09 89.15
192.30 184.55 35.55 87.84
194.91 183.26 35.03 86.54
197.04 184.58 35.55 87.84
198.87 185.23 35.03 86.54
200.20 184.58 35.55 87.84
201.25 187.17 35.03 86.54
201.78 186.52 35.55 87.84
202.32 185.86 36.09 89.15
202.05 185.19 36.63 90.49
201.78 184.51 37.18 91.85
201.50 183.82 37.73 93.23
201.22 183.12 38.30 94.63
201.80 182.42 38.88 96.04
201.51 181.69 39.46 97.49
201.21 180.96 40.05 98.95
201.82 180.22 40.65 100.43
202.12 178.75 40.05 98.95
202.73 178.01 40.65 100.43
203.93 178.75 40.05 98.95
205.45 178.01 40.65 100.43
207.00 174.97 41.26 101.94
207.62 174.20 41.88 103.47
209.22 171.08 42.51 105.02
209.86 170.29 43.15 106.59
211.50 167.06 43.79 108.19
212.17 166.25 44.45 109.82
213.86 162.93 45.12 111.46
215.19 163.76 44.45 109.82
216.87 162.93 45.12 111.46
218.59 159.56 45.79 113.14
219.94 160.40 45.12 111.46
221.65 157.03 45.79 113.14
222.35 156.18 46.48 114.83
223.05 155.32 47.18 116.56
222.70 154.44 47.88 118.30
223.43 153.56 48.60 120.08
223.79 154.44 47.88 118.30
224.52 153.56 48.60 120.08
224.88 154.44 47.88 118.30
224.52 153.56 48.60 120.08
224.88 151.79 47.88 118.30
225.23 152.67 47.18 116.56
224.88 151.79 47.88 118.30
225.23 152.67 47.18 116.56
224.88 151.79 47.88 118.30
225.23 152.67 47.18 116.56
224.88 151.79 47.88 118.30
225.23 152.67 47.18 116.56
224.88 151.79 47.88 118.30
225.23 152.67 47.18 116.56
224.88 151.79 47.88 118.30
225.23 152.67 47.18 116.56
224.88 151.79 47.88 118.30
225.23 152.67 47.18 116.56
224.88 151.79 47.88 118.30
225.23 152.67 47.18 116.56
224.88 151.79 47.88 118.30
224.52 150.91 48.60 120.08
224.88 151.79 47.88 118.30
223.43 150.91 48.60 120.08
223.79 151.79 47.88 118.30
224.14 152.67 47.18 116.56
224.86 154.44 47.88 118.30
225.22 152.71 47.18 116.56
224.86 154.48 47.88 118.30
225.22 155.36 47.18 116.56
226.61 156.22 46.48 114.83
227.97 157.07 45.79 113.14
227.63 158.79 46.48 114.83
227.97 159.64 45.79 113.14
228.31 162.97 45.12 111.46
229.64 163.80 44.45 109.82
229.97 164.61 43.79 108.19
230.29 165.41 43.15 106.59
229.66 168.55 42.51 105.02
228.10 169.32 41.88 103.47
226.56 167.80 41.26 101.94
225.04 168.56 40.65 100.43
223.81 167.80 41.26 101.94
222.57 167.04 41.88 103.47
221.95 165.52 41.26 101.94
220.70 164.76 41.88 103.47
220.39 161.63 42.51 105.02
219.77 160.09 41.88 103.47
219.15 160.85 41.26 101.94
219.78 157.77 41.88 103.47
220.09 158.53 41.26 101.94
218.84 157.77 41.88 103.47
218.53 156.99 42.51 105.02
218.84 155.45 41.88 103.47
218.23 153.93 41.26 101.94
217.92 153.17 41.88 103.47
218.56 152.39 42.51 105.02
218.24 151.60 43.15 106.59
216.93 150.80 43.79 108.19
216.60 149.99 44.45 109.82
215.95 150.80 43.79 108.19
215.62 152.45 44.45 109.82
214.28 151.63 45.12 111.46
212.62 154.91 44.45 109.82
211.97 155.72 43.79 108.19
210.36 158.91 43.15 106.59
208.07 158.11 43.79 108.19
206.46 161.30 43.15 106.59
204.88 162.09 42.51 105.02
202.63 163.69 43.15 106.59
201.04 164.47 42.51 105.02
198.79 163.69 43.15 106.59
198.16 164.47 42.51 105.02
196.87 163.69 43.15 106.59
196.24 162.12 42.51 105.02
195.61 162.90 41.88 103.47
195.00 161.38 41.26 101.94
194.39 162.13 40.65 100.43
193.80 162.87 40.05 98.95
192.59 162.13 40.65 100.43
192.28 161.38 41.26 101.94
190.76 162.13 40.65 100.43
189.54 161.38 41.26 101.94
188.29 162.93 41.88 103.47
187.02 162.16 42.51 105.02
185.46 162.93 41.88 103.47
184.19 164.51 42.51 105.02
183.57 165.28 41.88 103.47
182.95 166.05 41.26 101.94
182.64 165.28 41.88 103.47
183.88 163.77 41.26 101.94
183.57 160.68 41.88 103.47
184.21 159.91 42.51 105.02
186.40 158.37 41.88 103.47
187.99 157.59 42.51 105.02
188.64 156.80 43.15 106.59
189.29 156.00 43.79 108.19
189.62 154.41 43.15 106.59
190.27 156.04 43.79 108.19
189.95 155.23 44.45 109.82
189.61 154.40 45.12 111.46
188.25 153.57 45.79 113.14
187.90 152.72 46.48 114.83
186.50 151.86 47.18 116.56
186.14 150.98 47.88 118.30
184.70 150.10 48.60 120.08
184.33 149.20 49.33 121.88
183.96 148.28 50.07 123.71
182.45 144.54 50.82 125.56
181.70 145.47 50.07 123.71
182.07 146.38 49.33 121.88
181.70 145.47 50.07 123.71
182.47 144.54 50.82 125.56
182.08 143.60 51.59 127.45
182.87 142.64 52.36 129.36
183.67 141.67 53.14 131.30
184.48 140.69 53.94 133.27
184.88 141.67 53.14 131.30
186.44 142.64 52.36 129.36
187.98 143.60 51.59 127.45
189.50 144.54 50.82 125.56
191.00 145.47 50.07 123.71
192.48 146.38 49.33 121.88
193.93 147.28 48.60 120.08
195.36 148.17 47.88 118.30
196.09 144.59 48.60 120.08
197.52 145.48 47.88 118.30
197.88 143.74 47.18 116.56
197.52 142.87 47.88 118.30
196.07 141.98 48.60 120.08
194.60 141.08 49.33 121.88
194.97 141.98 48.60 120.08
194.26 142.87 47.88 118.30
195.67 146.36 47.18 116.56
195.31 148.13 47.88 118.30
193.55 149.01 47.18 116.56
193.20 148.13 47.88 118.30
196.11 149.93 48.60 120.08
196.47 150.82 47.88 118.30
197.88 151.70 47.18 116.56
198.59 150.82 47.88 118.30
200.01 149.08 47.18 116.56
200.35 149.95 46.48 114.83
201.72 150.79 45.79 113.14
202.06 151.63 45.12 111.46
204.39 149.99 44.45 109.82
205.70 150.81 43.79 108.19
206.99 153.99 43.15 106.59
208.62 153.19 43.79 108.19
211.85 153.99 43.15 106.59
215.02 154.78 42.51 105.02
219.54 153.99 43.15 106.59
223.66 157.13 42.51 105.02
227.21 156.35 43.15 106.59
228.85 155.55 43.79 108.19
250.43 201.71 43.15 106.59
258.37 202.50 42.51 105.02
266.19 203.28 41.88 103.47
274.44 200.15 42.51 105.02
275.09 199.36 43.15 106.59
274.46 200.15 42.51 105.02
272.90 203.24 41.88 103.47
270.68 204.82 42.51 105.02
267.46 206.42 43.15 106.59
262.23 208.04 43.79 108.19
258.92 207.23 44.45 109.82
258.58 206.41 45.12 111.46
263.90 214.61 44.45 109.82
273.67 213.79 45.12 111.46
275.99 209.69 44.45 109.82
278.69 208.87 45.12 111.46
284.00 207.23 44.45 109.82
287.71 203.91 45.12 111.46
283.27 159.99 45.79 113.14
280.58 160.83 45.12 111.46
276.93 164.11 44.45 109.82
272.35 164.92 43.79 108.19
254.10 166.57 44.45 109.82
251.75 165.75 45.12 111.46
249.36 162.38 45.79 113.14
250.71 160.72 45.12 111.46
250.04 159.08 44.45 109.82
249.39 159.89 43.79 108.19
248.75 158.30 43.15 106.59
249.07 156.74 42.51 105.02
250.32 157.51 41.88 103.47
250.96 159.09 42.51 105.02
238.07 167.85 43.15 106.59
237.44 170.99 42.51 105.02
235.88 171.77 41.88 103.47
234.34 172.53 41.26 101.94
233.73 173.29 40.65 100.43
232.24 174.03 40.05 98.95
231.65 174.76 39.46 97.49
231.94 175.48 38.88 96.04
230.51 176.19 38.30 94.63
229.95 178.98 37.73 93.23
229.40 181.72 37.18 91.85
219.83 176.32 36.63 90.49
213.63 173.00 36.09 89.15
225.05 181.53 35.55 87.84
223.97 180.87 36.09 89.15
223.70 178.17 36.63 90.49
221.76 175.44 37.18 91.85
219.79 174.75 37.73 93.23
223.40 177.49 37.18 91.85
223.68 180.20 36.63 90.49
222.57 177.46 37.18 91.85
226.13 182.20 36.63 90.49
228.35 181.52 37.18 91.85
231.91 182.20 36.63 90.49
234.60 182.86 36.09 89.15
237.26 181.56 35.55 87.84
239.87 182.20 35.03 86.54
241.20 181.56 35.55 87.84
243.04 182.20 35.03 86.54
244.37 181.56 35.55 87.84
247.33 182.89 36.09 89.15
250.34 180.20 36.63 90.49
254.23 179.52 37.18 91.85
257.34 178.83 37.73 93.23
259.63 180.25 38.30 94.63
261.60 180.95 37.73 93.23
264.75 182.37 38.30 94.63
266.72 180.98 37.73 93.23
269.50 181.67 37.18 91.85
273.06 180.32 36.63 90.49
274.94 182.99 36.09 89.15
277.95 182.32 36.63 90.49
276.61 186.98 36.09 89.15
279.26 187.64 35.55 87.84
280.61 186.98 36.09 89.15
282.47 187.64 35.55 87.84
283.82 186.98 36.09 89.15
284.37 184.29 36.63 90.49
284.93 183.61 37.18 91.85
286.03 186.31 36.63 90.49
287.11 188.98 36.09 89.15
288.17 191.60 35.55 87.84
288.43 192.25 35.03 86.54
288.97 193.57 35.55 87.84
290.01 194.22 35.03 86.54
291.34 191.60 35.55 87.84
292.69 190.95 36.09 89.15
294.55 191.60 35.55 87.84
296.38 192.25 35.03 86.54
298.51 191.60 35.55 87.84
300.67 190.95 36.09 89.15
302.86 188.25 36.63 90.49
306.36 188.92 36.09 89.15
308.55 188.25 36.63 90.49
310.78 189.63 37.18 91.85
313.03 188.94 37.73 93.23
316.18 188.24 38.30 94.63
319.00 191.03 37.73 93.23
321.29 190.33 38.30 94.63
322.75 191.77 38.88 96.04
322.46 191.05 39.46 97.49
322.16 190.32 40.05 98.95
323.34 191.05 39.46 97.49
323.94 190.32 40.05 98.95
325.46 187.33 40.65 100.43
327.56 188.07 40.05 98.95
329.08 189.58 40.65 100.43
330.62 188.82 41.26 101.94
330.93 189.58 40.65 100.43
331.54 188.82 41.26 101.94
332.17 188.06 41.88 103.47
332.81 189.64 42.51 105.02
332.49 188.85 43.15 106.59
332.81 191.99 42.51 105.02
333.46 191.20 43.15 106.59
334.12 190.40 43.79 108.19
335.78 189.59 44.45 109.82
338.07 187.98 43.79 108.19
339.36 188.78 43.15 106.59
341.00 185.55 43.79 108.19
