32.00 60.00 68.00 78.00
37.00 62.30 67.00 76.85
43.41 69.65 66.00 75.71
49.73 75.22 65.03 74.59
57.38 80.71 64.07 73.49
66.34 82.88 63.12 72.40
77.95 85.01 62.19 71.33
88.02 87.11 61.27 70.28
95.23 92.28 60.36 69.24
105.00 97.38 59.47 68.22
113.32 97.88 58.59 67.21
122.80 96.90 57.73 66.22
130.87 95.92 56.87 65.24
137.57 93.53 56.03 64.27
141.69 89.75 55.21 63.32
147.55 86.39 56.03 64.27
152.91 84.03 55.21 63.32
158.78 80.68 56.03 64.27
167.85 78.31 55.21 63.32
181.66 77.38 54.39 62.39
197.32 78.33 55.21 63.32
214.48 77.86 56.03 64.27
232.21 76.92 55.21 63.32
248.46 77.38 54.39 62.39
262.89 75.50 55.21 63.32
277.91 75.97 54.39 62.39
288.64 75.50 55.21 63.32
297.57 74.57 54.39 62.39
299.64 71.26 55.21 63.32
300.05 70.33 54.39 62.39
293.25 70.79 53.59 61.47
281.88 71.73 54.39 62.39
266.63 69.84 55.21 63.32
252.42 68.91 54.39 62.39
237.17 67.03 55.21 63.32
221.70 67.99 56.03 64.27
218.73 77.74 56.87 65.24
206.66 83.18 57.73 66.22
193.11 85.70 58.59 67.21
182.01 88.25 59.47 68.22
173.26 99.29 58.59 67.21
165.94 101.27 57.73 66.22
156.32 102.28 58.59 67.21
149.21 103.31 59.47 68.22
145.72 97.79 58.59 67.21
140.98 99.77 57.73 66.22
137.58 100.26 56.87 65.24
135.49 100.74 56.03 64.27
131.25 97.33 56.87 65.24
128.24 95.36 57.73 66.22
126.49 93.36 58.59 67.21
128.72 92.86 59.47 68.22
136.38 93.90 60.36 69.24
149.65 94.95 61.27 70.28
167.69 95.47 60.36 69.24
183.70 91.80 61.27 70.28
197.68 86.12 60.36 69.24
214.11 85.10 59.47 68.22
232.92 84.10 58.59 67.21
248.87 83.11 57.73 66.22
264.59 82.14 56.87 65.24
278.81 81.18 56.03 64.27
291.13 76.32 56.87 65.24
301.60 73.92 56.03 64.27
310.09 69.05 56.87 65.24
313.55 65.60 57.73 66.22
314.43 63.60 58.59 67.21
311.32 63.09 59.47 68.22
301.41 65.68 60.36 69.24
287.23 69.89 61.27 70.28
283.99 85.34 62.19 71.33
265.14 91.29 63.12 72.40
244.58 92.39 64.07 73.49
220.79 93.51 65.03 74.59
198.31 92.42 64.07 73.49
175.98 91.87 65.03 74.59
156.27 91.31 66.00 75.71
136.26 87.30 67.00 76.85
115.96 81.48 68.00 78.00
96.90 75.57 69.02 79.17
74.41 69.58 70.06 80.36
51.59 68.98 71.11 81.56
28.42 68.36 72.17 82.79
8.19 75.27 73.26 84.03
-4.02 82.28 74.35 85.29
-9.65 85.52 75.47 86.57
-10.22 82.91 76.60 87.87
-9.05 80.25 77.75 89.18
-4.33 71.47 78.92 90.52
6.70 60.15 77.75 89.18
10.71 58.84 76.60 87.87
14.66 59.49 75.47 86.57
20.21 62.04 74.35 85.29
25.68 77.73 73.26 84.03
34.31 83.91 72.17 82.79
41.97 88.94 73.26 84.03
52.21 91.41 72.17 82.79
60.71 93.85 71.11 81.56
71.49 95.10 72.17 82.79
84.08 98.24 73.26 84.03
96.85 99.52 74.35 85.29
115.45 100.15 73.26 84.03
133.22 103.34 74.35 85.29
146.19 100.76 75.47 86.57
161.07 100.11 76.60 87.87
178.54 102.70 75.47 86.57
202.41 105.25 74.35 85.29
225.94 107.76 73.26 84.03
248.70 109.04 74.35 85.29
273.87 109.67 73.26 84.03
297.04 110.30 72.17 82.79
318.28 109.08 71.11 81.56
336.07 107.88 70.06 80.36
348.96 104.93 69.02 79.17
357.08 100.27 68.00 78.00
358.12 94.37 69.02 79.17
356.03 90.17 70.06 80.36
347.54 84.09 71.11 81.56
355.09 85.33 72.17 82.79
343.06 79.07 73.26 84.03
327.52 74.61 74.35 85.29
313.44 73.97 75.47 86.57
299.15 73.33 76.60 87.87
291.61 76.66 77.75 89.18
287.49 78.02 78.92 90.52
279.72 75.28 80.10 91.88
273.66 74.59 81.30 93.26
273.05 86.62 82.52 94.66
266.80 88.06 83.76 96.08
252.84 82.97 85.02 97.52
234.81 75.59 86.29 98.98
212.58 72.59 87.59 100.47
191.96 71.12 86.29 98.98
175.46 67.48 85.02 97.52
164.83 70.35 83.76 96.08
171.00 75.31 82.52 94.66
189.14 74.60 83.76 96.08
211.36 80.43 85.02 97.52
227.00 87.60 83.76 96.08
235.02 90.44 82.52 94.66
246.55 93.22 81.30 93.26
252.54 91.85 80.10 91.88
254.90 92.53 78.92 90.52
253.74 95.20 77.75 89.18
252.60 95.86 76.60 87.87
248.09 98.45 75.47 86.57
241.99 101.00 74.35 85.29
237.61 101.63 73.26 84.03
233.30 100.39 72.17 82.79
227.47 95.52 71.11 81.56
229.56 92.53 70.06 80.36
239.35 89.57 69.02 79.17
253.57 86.67 68.00 78.00
266.08 85.52 67.00 76.85
281.36 84.39 66.00 75.71
294.96 83.28 65.03 74.59
304.05 78.89 64.07 73.49
310.18 72.95 63.12 72.40
313.43 65.49 62.19 71.33
313.89 62.87 61.27 70.28
311.64 63.39 60.36 69.24
307.07 67.60 61.27 70.28
301.04 75.06 62.19 71.33
301.99 87.50 63.12 72.40
295.77 100.12 64.07 73.49
289.46 107.93 65.03 74.59
287.50 110.76 66.00 75.71
282.50 106.75 67.00 76.85
271.34 97.44 68.00 78.00
258.46 86.21 69.02 79.17
246.96 76.62 70.06 80.36
235.28 70.53 71.11 81.56
226.66 68.07 72.17 82.79
229.40 65.56 73.26 84.03
235.52 66.85 74.35 85.29
231.58 68.14 75.47 86.57
213.85 67.50 76.60 87.87
190.64 72.83 77.75 89.18
174.05 83.33 76.60 87.87
169.55 89.80 75.47 86.57
176.77 92.35 74.35 85.29
184.66 89.77 75.47 86.57
184.10 87.15 76.60 87.87
188.04 87.80 75.47 86.57
196.93 86.53 74.35 85.29
198.06 91.71 75.47 86.57
203.62 90.44 74.35 85.29
205.81 85.42 73.26 84.03
209.58 82.33 72.17 82.79
216.49 81.12 71.11 81.56
224.86 69.12 70.06 80.36
219.19 66.17 69.02 79.17
218.18 66.75 68.00 78.00
226.18 69.05 67.00 76.85
231.77 70.22 68.00 78.00
234.36 71.41 69.02 79.17
235.41 72.61 70.06 80.36
233.29 73.84 71.11 81.56
232.25 78.04 70.06 80.36
234.91 75.61 71.11 81.56
240.84 73.14 72.17 82.79
253.43 72.52 73.26 84.03
271.20 73.80 74.35 85.29
284.16 69.29 75.47 86.57
292.18 68.64 76.60 87.87
286.38 67.98 77.75 89.18
271.65 67.31 78.92 90.52
254.91 68.69 80.10 91.88
248.85 72.18 81.30 93.26
253.78 75.72 82.52 94.66
255.04 75.01 83.76 96.08
248.70 74.29 85.02 97.52
238.40 75.77 86.29 98.98
218.13 77.28 87.59 100.47
199.45 75.81 86.29 98.98
182.95 83.09 85.02 97.52
166.69 90.27 83.76 96.08
158.07 95.22 82.52 94.66
158.68 98.01 81.30 93.26
164.66 98.70 80.10 91.88
167.70 95.92 81.30 93.26
172.64 93.10 82.52 94.66
183.28 81.63 83.76 96.08
193.14 71.74 82.52 94.66
202.85 61.99 81.30 93.26
217.81 56.51 80.10 91.88
227.24 57.18 78.92 90.52
236.53 55.86 77.75 89.18
240.53 60.45 76.60 87.87
242.79 64.98 75.47 86.57
240.02 67.53 74.35 85.29
236.08 70.77 75.47 86.57
228.31 77.14 74.35 85.29
214.23 84.26 75.47 86.57
201.65 91.48 76.60 87.87
194.11 96.81 77.75 89.18
193.53 98.17 78.92 90.52
196.52 95.43 80.10 91.88
199.56 90.57 81.30 93.26
206.35 83.51 82.52 94.66
216.99 76.34 83.76 96.08
225.88 71.25 85.02 97.52
232.14 69.82 83.76 96.08
238.30 72.65 82.52 94.66
239.56 74.09 83.76 96.08
242.74 79.93 85.02 97.52
247.12 82.80 83.76 96.08
247.74 85.63 82.52 94.66
244.71 86.33 81.30 93.26
236.34 87.02 80.10 91.88
226.32 89.72 78.92 90.52
219.94 94.39 77.75 89.18
213.65 98.98 76.60 87.87
210.83 107.39 75.47 86.57
208.06 111.85 74.35 85.29
207.50 115.09 75.47 86.57
210.37 112.47 76.60 87.87
216.76 107.82 77.75 89.18
226.78 99.04 78.92 90.52
233.37 94.24 80.10 91.88
236.41 89.37 81.30 93.26
235.80 86.55 82.52 94.66
227.68 83.69 83.76 96.08
217.53 82.97 85.02 97.52
203.36 80.02 86.29 98.98
194.86 79.28 87.59 100.47
192.22 71.67 88.90 101.97
201.66 70.91 90.23 103.50
210.29 69.39 88.90 101.97
216.83 63.39 87.59 100.47
217.48 59.70 86.29 98.98
216.21 56.06 85.02 97.52
211.71 53.11 86.29 98.98
205.17 50.12 87.59 100.47
198.09 53.08 86.29 98.98
189.21 51.63 85.02 97.52
176.97 53.11 86.29 98.98
166.18 56.03 85.02 97.52
153.68 61.05 83.76 96.08
143.20 66.01 82.52 94.66
138.83 63.14 83.76 96.08
147.73 53.69 85.02 97.52
158.69 48.52 86.29 98.98
175.70 43.28 87.59 100.47
196.94 42.52 88.90 101.97
216.49 51.03 90.23 103.50
234.28 59.67 91.59 105.05
252.33 66.05 92.96 106.63
266.43 70.10 94.35 108.23
274.30 69.28 95.77 109.85
271.41 68.46 97.21 111.50
265.69 64.36 95.77 109.85
262.17 62.75 94.35 108.23
258.70 63.55 92.96 106.63
255.29 64.34 91.59 105.05
253.94 67.43 90.23 103.50
250.63 68.20 88.90 101.97
247.36 68.95 87.59 100.47
238.34 67.48 86.29 98.98
227.55 70.39 85.02 97.52
218.80 75.42 83.76 96.08
213.87 80.37 82.52 94.66
217.01 81.81 83.76 96.08
229.71 83.27 85.02 97.52
241.59 86.15 83.76 96.08
246.68 94.16 85.02 97.52
251.84 93.43 86.29 98.98
250.57 87.61 85.02 97.52
246.07 84.66 86.29 98.98
245.42 81.67 87.59 100.47
248.75 78.63 88.90 101.97
248.08 73.23 90.23 103.50
239.20 67.75 91.59 105.05
213.52 64.57 92.96 106.63
183.24 63.77 94.35 108.23
169.66 65.42 95.77 109.85
166.76 67.09 97.21 111.50
183.71 61.19 98.66 113.17
209.89 57.76 100.14 114.87
241.57 58.61 98.66 113.17
274.96 59.45 97.21 111.50
294.99 55.35 95.77 109.85
293.58 51.31 94.35 108.23
269.29 47.34 92.96 106.63
241.26 52.83 91.59 105.05
205.17 66.37 92.96 106.63
187.57 82.55 94.35 108.23
177.85 95.29 92.96 106.63
184.70 100.78 91.59 105.05
197.50 96.92 90.23 103.50
212.11 88.55 88.90 101.97
228.46 78.05 87.59 100.47
240.70 72.14 86.29 98.98
245.15 66.32 85.02 97.52
230.77 71.34 83.76 96.08
212.90 82.66 82.52 94.66
204.40 89.62 81.30 93.26
205.01 98.54 80.10 91.88
221.51 107.33 78.92 90.52
246.47 110.00 77.75 89.18
269.35 114.60 76.60 87.87
301.87 103.95 77.75 89.18
333.11 89.09 78.92 90.52
338.91 71.77 77.75 89.18
313.58 62.99 78.92 90.52
289.67 62.32 80.10 91.88
261.75 65.80 81.30 93.26
229.71 69.35 82.52 94.66
199.07 72.94 83.76 96.08
215.59 78.77 85.02 97.52
201.42 89.13 86.29 98.98
192.53 98.60 85.02 97.52
189.41 105.77 83.76 96.08
181.16 111.61 85.02 97.52
189.30 118.78 83.76 96.08
201.01 111.01 82.52 94.66
207.08 105.44 81.30 93.26
197.23 94.14 82.52 94.66
177.85 86.98 83.76 96.08
158.18 84.07 85.02 97.52
142.07 83.34 86.29 98.98
135.54 87.10 87.59 100.47
140.05 87.84 86.29 98.98
152.12 84.20 85.02 97.52
165.88 74.16 83.76 96.08
