146.00 54.00 68.00 101.00
145.49 53.24 69.02 102.51
144.97 52.47 70.06 104.05
147.04 53.24 69.02 102.51
148.09 52.47 70.06 104.05
150.15 53.24 69.02 102.51
149.63 52.47 70.06 104.05
150.70 51.69 71.11 105.61
151.78 50.90 72.17 107.20
153.91 51.69 71.11 105.61
154.99 53.30 72.17 107.20
152.81 54.94 73.26 108.81
153.35 58.14 72.17 107.20
155.48 58.93 71.11 105.61
159.14 57.38 70.06 104.05
164.30 60.45 69.02 102.52
167.86 63.47 68.00 101.00
169.86 64.21 67.00 99.51
176.27 62.75 66.00 98.04
179.67 61.31 65.03 96.59
180.15 57.76 64.07 95.16
183.45 56.37 63.12 93.75
186.70 54.99 62.19 92.37
188.53 55.67 61.27 91.00
190.34 60.36 60.36 89.66
192.12 64.98 59.47 88.33
191.24 67.59 58.59 87.03
190.38 70.15 57.73 85.74
189.54 70.78 56.87 84.48
188.70 73.27 56.03 83.23
185.41 73.89 55.21 82.00
182.16 70.87 54.39 80.79
178.96 71.47 53.59 79.59
176.99 70.30 52.79 78.41
172.72 69.15 52.01 77.26
167.60 68.57 52.79 78.41
162.40 67.98 53.59 79.59
159.25 66.81 52.79 78.41
154.05 66.23 53.59 79.59
152.43 65.63 54.39 80.79
152.84 66.23 53.59 79.59
152.43 67.44 54.39 80.79
152.84 68.04 53.59 79.59
151.22 67.44 54.39 80.79
148.33 68.67 55.21 82.00
147.52 69.28 54.39 80.79
143.41 68.67 55.21 82.00
143.81 69.28 54.39 80.79
145.42 68.09 53.59 79.59
145.81 68.68 52.79 78.41
143.87 69.26 52.01 77.26
144.26 68.12 51.25 76.11
146.20 67.55 52.01 77.26
146.59 68.12 51.25 76.11
148.10 70.36 50.49 74.99
150.01 73.21 51.25 76.11
149.26 75.45 50.49 74.99
149.63 77.66 49.74 73.88
150.39 78.79 50.49 74.99
149.65 79.34 49.74 73.88
151.54 77.11 50.49 74.99
155.26 74.35 49.74 73.88
157.14 72.12 50.49 74.99
159.06 68.15 51.25 76.11
162.17 65.85 52.01 77.26
164.15 63.51 52.79 78.41
168.03 62.36 52.01 77.26
170.01 63.54 52.79 78.41
172.73 65.85 52.01 77.26
173.52 67.02 52.79 78.41
175.53 68.22 53.59 79.59
177.56 69.43 54.39 80.79
177.15 70.66 55.21 82.00
177.56 69.46 54.39 80.79
180.36 70.05 53.59 79.59
181.18 69.46 54.39 80.79
181.58 68.27 53.59 79.59
180.79 67.10 52.79 78.41
180.40 64.73 53.59 79.59
179.61 67.08 52.79 78.41
177.67 69.39 52.01 77.26
174.92 70.56 52.79 78.41
174.14 71.14 52.01 77.26
171.39 70.56 52.79 78.41
170.61 69.41 52.01 77.26
171.00 69.98 51.25 76.11
168.28 69.41 52.01 77.26
168.67 68.28 51.25 76.11
167.12 67.71 52.01 77.26
166.35 66.57 51.25 76.11
163.64 64.27 52.01 77.26
159.43 63.14 51.25 76.11
155.55 60.84 52.01 77.26
152.80 58.50 52.79 78.41
154.35 62.54 52.01 77.26
153.96 67.23 52.79 78.41
152.36 68.43 53.59 79.59
152.76 70.77 52.79 78.41
151.99 73.08 52.01 77.26
150.41 72.50 52.79 78.41
150.80 73.08 52.01 77.26
153.48 73.65 51.25 76.11
153.86 72.53 50.49 74.99
155.35 71.43 49.74 73.88
156.11 70.88 50.49 74.99
158.71 71.43 49.74 73.88
160.60 70.88 50.49 74.99
165.43 71.43 49.74 73.88
168.45 72.56 50.49 74.99
171.05 74.77 49.74 73.88
174.07 74.21 50.49 74.99
174.84 73.65 51.25 76.11
173.29 73.08 52.01 77.26
172.90 72.50 52.79 78.41
176.78 71.35 52.01 77.26
179.46 71.92 51.25 76.11
183.23 72.48 50.49 74.99
184.00 70.22 51.25 76.11
184.78 69.65 52.01 77.26
185.58 67.31 52.79 78.41
185.97 67.89 52.01 77.26
186.76 69.07 52.79 78.41
188.31 71.38 52.01 77.26
187.92 74.31 52.79 78.41
189.93 75.50 53.59 79.59
189.53 74.91 54.39 80.79
189.93 73.72 53.59 79.59
187.96 72.55 52.79 78.41
183.69 71.40 52.01 77.26
181.78 70.27 51.25 76.11
179.06 66.24 52.01 77.26
179.45 63.40 51.25 76.11
178.70 63.96 50.49 74.99
176.02 65.10 51.25 76.11
171.88 69.02 50.49 74.99
166.91 68.46 51.25 76.11
163.03 67.89 52.01 77.26
160.27 67.31 52.79 78.41
157.17 67.89 52.01 77.26
156.78 65.55 52.79 78.41
157.17 64.40 52.01 77.26
157.55 64.97 51.25 76.11
158.33 64.40 52.01 77.26
158.72 66.68 51.25 76.11
160.66 66.11 52.01 77.26
163.34 66.68 51.25 76.11
164.12 67.84 52.01 77.26
166.80 70.11 51.25 76.11
167.18 70.68 50.49 74.99
169.10 70.11 51.25 76.11
170.61 72.36 50.49 74.99
172.52 70.09 51.25 76.11
176.80 67.79 52.01 77.26
178.78 65.45 52.79 78.41
179.58 63.08 53.59 79.59
180.40 62.48 54.39 80.79
180.80 66.65 53.59 79.59
180.40 67.86 54.39 80.79
179.99 67.25 55.21 82.00
181.62 69.67 54.39 80.79
182.02 72.05 53.59 79.59
180.40 73.26 54.39 80.79
179.60 75.64 53.59 79.59
177.98 75.04 54.39 80.79
176.33 72.60 55.21 82.00
176.74 73.21 54.39 80.79
175.10 70.77 55.21 82.00
175.94 66.42 56.03 83.23
175.12 63.36 55.21 82.00
172.19 62.75 56.03 83.23
170.50 64.02 56.87 84.48
167.48 63.38 57.73 85.74
166.64 65.91 56.87 84.48
164.55 66.53 56.03 83.23
162.49 70.82 55.21 82.00
159.24 71.43 54.39 80.79
154.84 72.02 53.59 79.59
152.87 69.10 52.79 78.41
152.10 69.68 52.01 77.26
150.52 67.34 52.79 78.41
148.93 68.54 53.59 79.59
150.51 69.13 52.79 78.41
152.51 68.54 53.59 79.59
156.45 70.88 52.79 78.41
157.26 72.08 53.59 79.59
158.08 73.29 54.39 80.79
158.90 74.52 55.21 82.00
161.75 76.94 54.39 80.79
164.55 79.32 53.59 79.59
168.50 79.90 52.79 78.41
172.38 80.48 52.01 77.26
175.06 81.05 51.25 76.11
179.34 78.75 52.01 77.26
184.86 72.90 52.79 78.41
185.66 70.53 53.59 79.59
187.70 69.94 54.39 80.79
190.50 70.53 53.59 79.59
194.97 69.94 54.39 80.79
198.27 71.17 55.21 82.00
200.37 70.55 56.03 83.23
204.49 73.00 55.21 82.00
209.78 73.61 54.39 80.79
210.60 73.00 55.21 82.00
210.19 72.39 56.03 83.23
211.84 73.00 55.21 82.00
213.47 71.80 54.39 80.79
210.59 71.19 55.21 82.00
208.56 71.80 54.39 80.79
209.39 71.19 55.21 82.00
209.79 73.61 54.39 80.79
206.91 71.17 55.21 82.00
205.24 70.55 56.03 83.23
204.82 68.04 56.87 84.48
203.10 67.40 57.73 85.74
202.26 68.04 56.87 84.48
201.42 66.79 56.03 83.23
199.73 66.17 56.87 84.48
198.89 70.52 56.03 83.23
195.92 71.79 56.87 84.48
192.91 71.16 57.73 85.74
194.61 71.79 56.87 84.48
191.60 69.24 57.73 85.74
190.75 69.87 56.87 84.48
190.33 67.32 57.73 85.74
190.75 67.95 56.87 84.48
191.62 67.32 57.73 85.74
195.87 69.84 56.87 84.48
198.80 72.33 56.03 83.23
198.38 71.71 56.87 84.48
198.80 72.33 56.03 83.23
201.68 74.78 55.21 82.00
202.53 72.30 56.03 83.23
204.18 71.08 55.21 82.00
208.24 71.69 54.39 80.79
211.04 70.50 53.59 79.59
217.35 69.33 52.79 78.41
220.07 71.64 52.01 77.26
223.23 72.82 52.79 78.41
228.28 76.86 52.01 77.26
230.25 79.79 52.79 78.41
231.06 82.77 53.59 79.59
231.88 82.18 54.39 80.79
230.23 83.41 55.21 82.00
228.56 82.79 56.03 83.23
230.69 82.17 56.87 84.48
232.36 82.79 56.03 83.23
234.49 82.17 56.87 84.48
234.07 81.53 57.73 85.74
229.70 80.89 58.59 87.03
230.13 79.61 57.73 85.74
229.70 78.97 58.59 87.03
226.59 80.30 59.47 88.33
223.44 81.64 60.36 89.66
220.24 80.97 61.27 91.00
217.00 78.22 62.19 92.37
214.71 76.86 61.27 91.00
212.46 75.53 60.36 89.66
208.91 72.23 59.47 88.33
210.66 67.03 58.59 87.03
213.68 61.92 57.73 85.74
217.19 57.37 58.59 87.03
221.50 59.94 57.73 85.74
225.75 66.25 56.87 84.48
229.20 71.38 57.73 85.74
233.45 75.79 56.87 84.48
236.90 77.08 57.73 85.74
241.72 80.34 58.59 87.03
247.32 79.06 57.73 85.74
251.57 75.91 56.87 84.48
252.44 69.51 57.73 85.74
257.26 63.02 58.59 87.03
261.57 59.82 57.73 85.74
264.54 56.67 56.87 84.48
266.22 55.43 56.03 83.23
265.40 57.88 55.21 82.00
262.47 59.13 56.03 83.23
260.41 63.42 55.21 82.00
258.74 62.81 56.03 83.23
257.92 63.42 55.21 82.00
257.51 60.94 56.03 83.23
256.68 59.72 55.21 82.00
256.27 59.11 56.03 83.23
258.40 56.59 56.87 84.48
257.56 57.21 56.03 83.23
256.74 57.83 55.21 82.00
257.58 57.21 56.03 83.23
258.43 54.70 56.87 84.48
260.11 55.32 56.03 83.23
259.69 56.59 56.87 84.48
258.85 57.21 56.03 83.23
257.16 56.59 56.87 84.48
256.73 55.96 57.73 85.74
257.61 55.31 58.59 87.03
258.05 57.88 57.73 85.74
257.61 57.23 58.59 87.03
256.75 59.80 57.73 85.74
252.38 61.10 58.59 87.03
246.35 63.67 57.73 85.74
239.35 64.97 58.59 87.03
233.32 65.62 57.73 85.74
228.65 64.36 56.87 84.48
220.29 64.98 56.03 83.23
216.99 67.43 55.21 82.00
211.56 66.82 56.03 83.23
209.86 66.20 56.87 84.48
208.14 63.64 57.73 85.74
205.08 64.95 58.59 87.03
201.98 64.29 59.47 88.33
198.48 66.90 58.59 87.03
196.33 67.54 57.73 85.74
192.93 68.17 56.87 84.48
187.34 65.62 57.73 85.74
183.94 64.36 56.87 84.48
178.34 61.81 57.73 85.74
170.03 59.21 58.59 87.03
160.12 57.94 57.73 85.74
152.90 56.68 56.87 84.48
145.79 55.44 56.03 83.23
139.00 52.92 56.87 84.48
136.91 53.55 56.03 83.23
133.94 52.92 56.87 84.48
131.85 55.41 56.03 83.23
129.80 54.19 55.21 82.00
131.42 56.60 54.39 80.79
131.82 60.77 53.59 79.59
128.99 61.98 54.39 80.79
128.19 62.58 53.59 79.59
130.95 63.16 52.79 78.41
134.15 62.58 53.59 79.59
136.91 64.92 52.79 78.41
137.30 67.23 52.01 77.26
138.10 68.41 52.79 78.41
141.30 66.04 53.59 79.59
145.77 65.44 54.39 80.79
150.31 66.67 55.21 82.00
154.92 67.92 56.03 83.23
159.59 69.19 56.87 84.48
161.75 66.63 57.73 85.74
163.45 65.37 56.87 84.48
164.32 60.90 57.73 85.74
163.89 56.36 58.59 87.03
163.03 53.16 57.73 85.74
163.91 48.62 58.59 87.03
163.47 45.99 59.47 88.33
162.59 50.54 58.59 87.03
162.16 55.82 59.47 88.33
166.53 66.22 58.59 87.03
170.09 75.46 59.47 88.33
175.05 82.83 60.36 89.66
180.83 89.43 59.47 88.33
185.79 94.79 60.36 89.66
186.71 98.20 61.27 91.00
190.43 99.58 62.19 92.37
197.03 98.89 63.12 93.75
201.68 99.58 62.19 92.37
203.51 100.27 61.27 91.00
202.61 100.94 60.36 89.66
200.39 99.62 59.47 88.33
198.21 96.38 58.59 87.03
196.43 89.79 59.47 88.33
192.94 84.59 58.59 87.03
188.20 79.47 57.73 85.74
182.25 74.43 56.87 84.48
177.65 71.33 56.03 83.23
175.59 71.94 55.21 82.00
172.35 72.55 54.39 80.79
170.35 73.14 53.59 79.59
168.38 73.73 52.79 78.41
167.60 77.77 52.01 77.26
167.99 80.05 51.25 76.11
166.10 82.29 50.49 74.99
164.25 82.85 49.74 73.88
161.32 83.39 49.01 72.79
158.73 81.19 49.74 73.88
157.22 78.96 50.49 74.99
155.37 77.86 49.74 73.88
155.00 75.62 50.49 74.99
152.32 73.35 51.25 76.11
153.83 72.24 50.49 74.99
159.19 69.97 51.25 76.11
162.96 68.85 50.49 74.99
171.14 72.72 49.74 73.88
180.94 72.16 50.49 74.99
181.71 76.71 51.25 76.11
184.82 79.60 52.01 77.26
188.65 83.59 51.25 76.11
194.68 82.47 50.49 74.99
198.40 83.02 49.74 73.88
200.29 79.11 50.49 74.99
201.77 76.35 49.74 73.88
199.95 73.64 49.01 72.79
195.98 72.57 48.28 71.71
195.27 73.10 47.57 70.65
193.53 72.06 46.87 69.61
192.84 74.11 46.17 68.58
191.44 75.16 46.87 69.61
192.16 76.22 47.57 70.65
192.88 77.29 48.28 71.71
193.24 79.41 47.57 70.65
192.54 81.49 46.87 69.61
189.78 80.47 46.17 68.58
187.07 80.97 45.49 67.57
185.69 77.39 46.17 68.58
186.39 72.20 46.87 69.61
184.98 70.10 47.57 70.65
185.70 67.96 48.28 71.71
185.34 69.05 49.01 72.79
184.97 70.16 49.74 73.88
185.34 73.97 49.01 72.79
186.78 77.72 48.28 71.71
187.14 81.42 47.57 70.65
188.54 83.50 46.87 69.61
188.19 82.97 47.57 70.65
187.83 80.84 48.28 71.71
189.67 78.67 49.01 72.79
191.53 76.47 49.74 73.88
191.15 72.56 50.49 74.99
187.33 68.58 51.25 76.11
190.44 66.28 52.01 77.26
197.71 68.56 51.25 76.11
204.88 74.16 50.49 74.99
209.71 79.68 49.74 73.88
214.47 83.49 49.01 72.79
216.99 87.24 48.28 71.71
217.35 89.35 47.57 70.65
215.60 91.43 46.87 69.61
212.84 91.94 46.17 68.58
208.09 90.94 45.49 67.57
202.40 88.45 44.82 66.57
197.79 87.48 44.16 65.59
195.19 86.51 43.50 64.62
191.67 84.14 42.86 63.66
191.99 83.21 42.23 62.72
192.63 82.73 42.86 63.66
194.84 86.02 42.23 62.72
198.88 89.25 41.60 61.79
203.78 92.43 40.99 60.88
206.27 94.74 41.60 61.79
207.85 94.28 42.23 62.72
210.41 92.38 42.86 63.66
209.78 91.45 42.23 62.72
206.37 89.14 41.60 61.79
203.00 86.87 40.99 60.88
199.90 83.65 41.60 61.79
194.70 82.74 40.99 60.88
188.67 81.85 40.38 59.98
183.77 82.76 40.99 60.88
178.81 83.69 41.60 61.79
176.60 83.22 42.23 62.72
174.37 79.90 42.86 63.66
172.10 77.98 43.50 64.62
167.81 76.02 44.16 65.59
164.47 72.55 44.82 66.57
165.15 69.02 45.49 67.57
164.81 65.44 46.17 68.58
167.61 61.81 46.87 69.61
171.53 59.71 47.57 70.65
174.41 62.39 48.28 71.71
174.77 66.08 47.57 70.65
174.41 67.16 48.28 71.71
174.05 68.25 49.01 72.79
169.23 69.36 49.74 73.88
160.81 69.91 49.01 72.79
153.76 67.71 49.74 73.88
147.73 63.79 50.49 74.99
141.61 58.12 51.25 76.11
136.34 53.64 50.49 74.99
131.14 49.23 49.74 73.88
130.77 45.32 50.49 74.99
128.91 45.87 49.74 73.88
130.38 46.42 49.01 72.79
131.82 46.95 48.28 71.71
133.65 49.68 49.01 72.79
134.40 50.79 49.74 73.88
138.55 50.23 50.49 74.99
141.62 49.67 51.25 76.11
143.56 49.10 52.01 77.26
147.39 51.37 51.25 76.11
149.34 50.80 52.01 77.26
150.87 51.37 51.25 76.11
152.81 49.07 52.01 77.26
154.35 53.05 51.25 76.11
155.86 56.98 50.49 74.99
156.62 59.82 51.25 76.11
158.57 60.98 52.01 77.26
158.18 62.16 52.79 78.41
160.90 62.74 52.01 77.26
163.58 65.01 51.25 76.11
166.69 62.71 52.01 77.26
168.22 61.58 51.25 76.11
169.00 57.55 52.01 77.26
170.54 54.71 51.25 76.11
166.66 50.68 52.01 77.26
165.08 50.10 52.79 78.41
164.31 54.14 52.01 77.26
161.55 57.07 52.79 78.41
160.78 59.38 52.01 77.26
160.39 58.80 52.79 78.41
161.94 59.38 52.01 77.26
160.37 57.05 52.79 78.41
162.38 52.89 53.59 79.59
170.50 50.48 54.39 80.79
174.51 49.30 53.59 79.59
180.81 49.89 52.79 78.41
183.54 55.66 52.01 77.26
187.88 58.59 52.79 78.41
188.68 58.00 53.59 79.59
186.71 56.84 52.79 78.41
182.44 57.41 52.01 77.26
179.38 56.28 51.25 76.11
179.76 55.16 50.49 74.99
180.53 52.90 51.25 76.11
181.31 50.59 52.01 77.26
184.47 48.26 52.79 78.41
187.19 47.11 52.01 77.26
193.31 47.68 51.25 76.11
193.69 51.60 50.49 74.99
191.83 58.77 49.74 73.88
190.01 65.84 49.01 72.79
182.95 70.26 49.74 73.88
172.40 73.07 50.49 74.99
160.54 69.09 51.25 76.11
149.67 63.33 52.01 77.26
139.82 57.48 52.79 78.41
135.83 51.55 53.59 79.59
132.99 47.33 54.39 80.79
130.11 44.89 55.21 82.00
130.95 44.27 56.03 83.23
131.80 49.32 56.87 84.48
134.73 55.54 56.03 83.23
137.62 59.83 55.21 82.00
138.46 64.81 56.03 83.23
137.64 69.10 55.21 82.00
140.48 71.51 54.39 80.79
142.55 67.23 55.21 82.00
145.39 62.41 54.39 80.79
147.46 59.97 55.21 82.00
148.30 57.49 56.03 83.23
149.95 58.10 55.21 82.00
151.58 60.52 54.39 80.79
153.18 64.68 53.59 79.59
152.78 67.70 54.39 80.79
149.90 70.77 55.21 82.00
149.08 75.00 54.39 80.79
146.20 76.23 55.21 82.00
140.77 75.61 56.03 83.23
137.80 71.20 56.87 84.48
136.08 66.73 57.73 85.74
133.02 62.19 58.59 87.03
131.25 55.60 59.47 88.33
130.38 52.35 58.59 87.03
129.94 49.72 59.47 88.33
128.14 49.06 60.36 89.66
128.59 53.68 59.47 88.33
129.03 56.28 58.59 87.03
128.59 61.56 59.47 88.33
129.03 64.16 58.59 87.03
128.59 65.49 59.47 88.33
129.03 66.14 58.59 87.03
130.75 66.79 57.73 85.74
131.63 66.14 58.59 87.03
135.94 64.87 57.73 85.74
140.76 62.27 58.59 87.03
146.98 59.64 59.47 88.33
153.98 58.35 58.59 87.03
161.54 55.71 59.47 88.33
166.50 57.06 60.36 89.66
171.54 58.43 61.27 91.00
173.86 61.88 62.19 92.37
