910.00 366.00 80.00 322.00
908.00 366.00 80.00 322.00
906.00 365.00 80.00 323.00
905.00 366.00 80.00 321.00
906.00 369.00 79.00 318.00
905.00 371.00 78.00 314.00
904.00 373.00 77.00 310.00
902.00 375.00 76.00 307.00
899.00 375.00 76.00 305.00
898.00 376.00 75.00 301.00
896.00 377.00 74.00 297.00
894.00 376.00 74.00 297.00
893.00 376.00 73.00 295.00
891.00 374.00 73.00 296.00
890.00 374.00 74.00 297.00
888.00 373.00 74.00 298.00
887.00 374.00 73.00 294.00
885.00 373.00 73.00 294.00
884.00 373.00 73.00 293.00
882.00 375.00 71.00 287.00
879.00 375.00 71.00 286.00
878.00 377.00 71.00 284.00
876.00 377.00 71.00 284.00
875.00 379.00 70.00 283.00
871.00 380.00 70.00 282.00
870.00 382.00 70.00 281.00
864.00 383.00 69.00 279.00
861.00 383.00 69.00 277.00
859.00 384.00 68.00 273.00
855.00 384.00 67.00 269.00
854.00 383.00 67.00 269.00
852.00 383.00 67.00 268.00
851.00 383.00 66.00 266.00
848.00 382.00 66.00 264.00
847.00 382.00 66.00 264.00
846.00 382.00 65.00 263.00
843.00 382.00 65.00 261.00
842.00 383.00 65.00 260.00
842.00 384.00 65.00 260.00
841.00 386.00 64.00 257.00
841.00 387.00 64.00 256.00
839.00 388.00 63.00 254.00
838.00 389.00 63.00 252.00
838.00 390.00 62.00 251.00
836.00 390.00 62.00 250.00
836.00 391.00 62.00 248.00
835.00 391.00 61.00 246.00
834.00 390.00 61.00 246.00
832.00 390.00 61.00 244.00
830.00 389.00 60.00 242.00
830.00 389.00 60.00 241.00
828.00 388.00 59.00 238.00
827.00 388.00 59.00 238.00
827.00 388.00 59.00 239.00
824.00 389.00 59.00 236.00
824.00 390.00 58.00 235.00
822.00 391.00 58.00 235.00
820.00 391.00 58.00 233.00
818.00 393.00 57.00 230.00
817.00 395.00 57.00 228.00
814.00 397.00 56.00 227.00
811.00 398.00 56.00 225.00
807.00 398.00 55.00 222.00
803.00 398.00 55.00 221.00
801.00 398.00 55.00 221.00
846.00 430.00 57.00 228.00
837.00 430.00 59.00 236.00
912.00 415.00 58.00 232.00
906.00 416.00 57.00 231.00
900.00 417.00 57.00 228.00
903.00 415.00 56.00 226.00
900.00 414.00 56.00 225.00
897.00 414.00 55.00 221.00
896.00 414.00 54.00 219.00
894.00 414.00 54.00 217.00
892.00 415.00 54.00 216.00
891.00 417.00 54.00 216.00
884.00 418.00 54.00 217.00
875.00 421.00 55.00 220.00
874.00 421.00 54.00 219.00
870.00 421.00 54.00 217.00
868.00 421.00 53.00 214.00
866.00 420.00 53.00 213.00
865.00 419.00 53.00 213.00
783.00 398.00 52.00 210.00
783.00 398.00 52.00 208.00
781.00 398.00 51.00 205.00
782.00 399.00 51.00 203.00
780.00 399.00 51.00 203.00
779.00 399.00 50.00 203.00
777.00 400.00 50.00 202.00
775.00 401.00 50.00 201.00
774.00 402.00 50.00 201.00
772.00 403.00 50.00 201.00
770.00 403.00 50.00 200.00
768.00 405.00 49.00 197.00
766.00 405.00 48.00 194.00
764.00 405.00 48.00 193.00
762.00 405.00 48.00 192.00
759.00 405.00 48.00 192.00
758.00 404.00 48.00 193.00
757.00 403.00 48.00 193.00
756.00 403.00 48.00 194.00
755.00 402.00 48.00 194.00
755.00 402.00 48.00 192.00
754.00 402.00 48.00 191.00
751.00 403.00 48.00 191.00
749.00 404.00 48.00 192.00
747.00 404.00 48.00 192.00
747.00 405.00 48.00 192.00
746.00 406.00 48.00 192.00
745.00 407.00 47.00 191.00
744.00 407.00 47.00 191.00
743.00 407.00 48.00 191.00
742.00 407.00 47.00 189.00
741.00 408.00 47.00 187.00
740.00 407.00 47.00 187.00
739.00 407.00 46.00 186.00
738.00 407.00 46.00 185.00
737.00 406.00 46.00 184.00
735.00 406.00 45.00 182.00
734.00 406.00 45.00 181.00
733.00 407.00 44.00 179.00
732.00 407.00 44.00 178.00
730.00 408.00 44.00 176.00
729.00 409.00 43.00 174.00
728.00 410.00 43.00 174.00
726.00 411.00 43.00 175.00
724.00 411.00 44.00 175.00
722.00 412.00 43.00 174.00
720.00 412.00 43.00 173.00
718.00 413.00 43.00 172.00
715.00 411.00 43.00 171.00
713.00 412.00 42.00 170.00
711.00 411.00 42.00 170.00
710.00 410.00 42.00 171.00
709.00 410.00 42.00 170.00
708.00 409.00 42.00 170.00
708.00 409.00 42.00 170.00
706.00 410.00 42.00 170.00
705.00 409.00 42.00 170.00
705.00 410.00 42.00 171.00
703.00 411.00 42.00 169.00
703.00 411.00 42.00 170.00
702.00 411.00 42.00 170.00
701.00 412.00 42.00 169.00
701.00 412.00 42.00 168.00
701.00 413.00 42.00 169.00
