268.00 92.00 33.00 108.00
269.00 93.00 32.00 106.00
268.00 94.00 32.00 104.00
266.00 93.00 32.00 104.00
262.00 91.00 31.00 100.00
258.00 91.00 30.00 99.00
259.00 92.00 30.00 98.00
260.00 92.00 30.00 97.00
259.00 91.00 29.00 96.00
262.00 93.00 29.00 94.00
263.00 93.00 28.00 93.00
263.00 95.00 28.00 91.00
259.00 94.00 28.00 91.00
254.00 93.00 27.00 90.00
251.00 93.00 27.00 89.00
245.00 92.00 27.00 90.00
245.00 93.00 27.00 87.00
247.00 95.00 26.00 86.00
246.00 96.00 26.00 85.00
243.00 97.00 26.00 84.00
240.00 98.00 25.00 83.00
238.00 97.00 25.00 82.00
239.00 97.00 25.00 82.00
239.00 98.00 25.00 81.00
237.00 99.00 24.00 80.00
235.00 99.00 24.00 80.00
234.00 100.00 24.00 79.00
236.00 101.00 24.00 79.00
237.00 101.00 24.00 78.00
238.00 100.00 24.00 78.00
237.00 100.00 24.00 78.00
237.00 99.00 23.00 77.00
238.00 99.00 23.00 76.00
238.00 99.00 23.00 76.00
237.00 99.00 23.00 75.00
236.00 99.00 23.00 75.00
235.00 100.00 23.00 75.00
236.00 99.00 23.00 75.00
236.00 98.00 23.00 74.00
234.00 98.00 23.00 74.00
232.00 98.00 22.00 73.00
229.00 99.00 22.00 72.00
225.00 99.00 22.00 72.00
226.00 98.00 22.00 71.00
229.00 99.00 22.00 71.00
233.00 99.00 22.00 70.00
233.00 99.00 21.00 70.00
231.00 101.00 21.00 69.00
230.00 100.00 21.00 69.00
227.00 100.00 21.00 68.00
226.00 100.00 20.00 67.00
224.00 100.00 20.00 66.00
225.00 99.00 20.00 66.00
225.00 100.00 20.00 66.00
224.00 101.00 20.00 65.00
222.00 101.00 20.00 64.00
218.00 101.00 19.00 64.00
216.00 102.00 19.00 63.00
213.00 104.00 19.00 62.00
211.00 103.00 19.00 61.00
210.00 102.00 19.00 61.00
208.00 101.00 18.00 60.00
208.00 102.00 18.00 60.00
207.00 102.00 18.00 59.00
209.00 100.00 18.00 58.00
210.00 101.00 18.00 58.00
210.00 101.00 18.00 58.00
210.00 101.00 17.00 57.00
210.00 102.00 17.00 57.00
210.00 102.00 17.00 56.00
209.00 100.00 17.00 56.00
207.00 101.00 17.00 55.00
204.00 102.00 17.00 55.00
204.00 102.00 16.00 54.00
204.00 103.00 16.00 53.00
203.00 102.00 16.00 53.00
201.00 102.00 16.00 53.00
200.00 102.00 16.00 52.00
196.00 102.00 16.00 52.00
195.00 102.00 16.00 51.00
197.00 102.00 16.00 51.00
199.00 101.00 15.00 51.00
198.00 100.00 15.00 50.00
194.00 101.00 15.00 50.00
191.00 102.00 15.00 50.00
189.00 102.00 15.00 49.00
189.00 101.00 15.00 49.00
188.00 100.00 15.00 48.00
188.00 100.00 15.00 48.00
186.00 101.00 14.00 47.00
181.00 100.00 14.00 47.00
176.00 100.00 14.00 47.00
173.00 100.00 14.00 47.00
169.00 98.00 14.00 46.00
168.00 95.00 14.00 46.00
169.00 93.00 14.00 45.00
172.00 92.00 14.00 45.00
172.00 91.00 14.00 45.00
172.00 91.00 14.00 44.00
167.00 89.00 13.00 44.00
163.00 88.00 13.00 44.00
160.00 86.00 13.00 44.00
163.00 83.00 13.00 44.00
169.00 80.00 13.00 44.00
175.00 78.00 13.00 43.00
182.00 79.00 13.00 43.00
183.00 81.00 13.00 43.00
181.00 83.00 13.00 43.00
178.00 83.00 13.00 42.00
177.00 82.00 13.00 42.00
179.00 82.00 13.00 42.00
184.00 80.00 13.00 42.00
197.00 82.00 13.00 42.00
203.00 83.00 13.00 42.00
208.00 86.00 13.00 41.00
210.00 92.00 13.00 41.00
209.00 95.00 13.00 41.00
210.00 95.00 13.00 41.00
213.00 97.00 13.00 41.00
211.00 98.00 13.00 41.00
210.00 97.00 13.00 41.00
213.00 97.00 13.00 41.00
216.00 98.00 12.00 41.00
223.00 101.00 12.00 41.00
228.00 102.00 12.00 41.00
233.00 102.00 12.00 41.00
234.00 104.00 12.00 40.00
233.00 106.00 12.00 40.00
232.00 106.00 12.00 40.00
232.00 108.00 12.00 40.00
236.00 110.00 12.00 40.00
238.00 110.00 12.00 40.00
238.00 110.00 12.00 40.00
240.00 110.00 12.00 40.00
244.00 110.00 12.00 40.00
247.00 111.00 12.00 41.00
250.00 109.00 12.00 41.00
253.00 107.00 13.00 41.00
252.00 107.00 12.00 41.00
249.00 107.00 12.00 41.00
244.00 107.00 12.00 40.00
239.00 108.00 12.00 41.00
238.00 108.00 12.00 40.00
237.00 108.00 12.00 40.00
236.00 108.00 12.00 40.00
237.00 109.00 12.00 40.00
239.00 110.00 12.00 40.00
242.00 110.00 12.00 41.00
241.00 109.00 12.00 41.00
240.00 109.00 12.00 41.00
235.00 108.00 12.00 41.00
228.00 109.00 12.00 40.00
227.00 110.00 12.00 40.00
231.00 109.00 12.00 40.00
238.00 110.00 12.00 40.00
239.00 109.00 12.00 40.00
242.00 110.00 12.00 40.00
235.00 108.00 12.00 40.00
236.00 109.00 12.00 40.00
239.00 108.00 12.00 40.00
242.00 107.00 12.00 40.00
242.00 108.00 12.00 40.00
245.00 108.00 12.00 40.00
244.00 107.00 12.00 40.00
243.00 108.00 12.00 40.00
241.00 107.00 12.00 40.00
241.00 106.00 12.00 40.00
242.00 107.00 12.00 40.00
242.00 108.00 12.00 40.00
243.00 108.00 12.00 40.00
243.00 107.00 12.00 40.00
244.00 107.00 12.00 40.00
246.00 105.00 12.00 40.00
244.00 105.00 12.00 40.00
243.00 106.00 12.00 40.00
243.00 106.00 12.00 40.00
245.00 108.00 12.00 40.00
245.00 108.00 12.00 40.00
246.00 108.00 12.00 40.00
245.00 107.00 12.00 40.00
246.00 107.00 12.00 40.00
248.00 108.00 12.00 40.00
250.00 109.00 12.00 40.00
251.00 108.00 12.00 40.00
252.00 108.00 12.00 40.00
253.00 108.00 12.00 40.00
252.00 107.00 12.00 40.00
251.00 106.00 12.00 40.00
251.00 107.00 12.00 40.00
249.00 106.00 12.00 40.00
249.00 106.00 12.00 40.00
247.00 106.00 12.00 40.00
249.00 106.00 12.00 39.00
251.00 107.00 12.00 40.00
253.00 107.00 12.00 39.00
254.00 106.00 12.00 40.00
254.00 104.00 12.00 40.00
252.00 104.00 12.00 39.00
252.00 103.00 12.00 40.00
251.00 105.00 12.00 39.00
249.00 105.00 12.00 39.00
246.00 105.00 12.00 39.00
244.00 106.00 12.00 40.00
244.00 107.00 12.00 40.00
246.00 107.00 12.00 40.00
249.00 107.00 12.00 39.00
250.00 108.00 12.00 39.00
249.00 109.00 12.00 39.00
246.00 109.00 12.00 39.00
243.00 109.00 12.00 39.00
242.00 109.00 12.00 39.00
240.00 111.00 12.00 39.00
239.00 111.00 12.00 40.00
237.00 109.00 12.00 40.00
237.00 108.00 12.00 40.00
237.00 108.00 12.00 40.00
237.00 109.00 12.00 41.00
235.00 108.00 12.00 41.00
237.00 107.00 12.00 41.00
237.00 108.00 12.00 41.00
235.00 108.00 12.00 41.00
233.00 108.00 12.00 41.00
232.00 108.00 12.00 41.00
232.00 108.00 12.00 40.00
234.00 107.00 12.00 40.00
234.00 107.00 12.00 40.00
235.00 108.00 12.00 40.00
235.00 108.00 12.00 40.00
236.00 108.00 12.00 40.00
236.00 107.00 12.00 40.00
235.00 107.00 12.00 40.00
233.00 107.00 12.00 40.00
232.00 107.00 12.00 40.00
232.00 106.00 12.00 40.00
234.00 106.00 12.00 40.00
235.00 106.00 12.00 40.00
235.00 106.00 12.00 40.00
235.00 106.00 12.00 40.00
237.00 106.00 12.00 40.00
240.00 105.00 12.00 40.00
241.00 106.00 12.00 40.00
238.00 106.00 12.00 39.00
237.00 106.00 12.00 40.00
237.00 105.00 12.00 39.00
240.00 106.00 12.00 39.00
241.00 106.00 12.00 39.00
242.00 106.00 12.00 39.00
245.00 107.00 12.00 39.00
245.00 108.00 12.00 39.00
243.00 108.00 12.00 39.00
243.00 107.00 12.00 39.00
242.00 108.00 12.00 39.00
244.00 108.00 12.00 39.00
245.00 107.00 12.00 39.00
247.00 108.00 12.00 39.00
248.00 108.00 12.00 39.00
248.00 108.00 12.00 39.00
248.00 108.00 12.00 40.00
247.00 109.00 12.00 40.00
247.00 108.00 12.00 40.00
249.00 108.00 12.00 40.00
252.00 108.00 12.00 40.00
253.00 108.00 12.00 40.00
253.00 108.00 12.00 40.00
252.00 108.00 12.00 40.00
251.00 107.00 12.00 40.00
251.00 108.00 12.00 40.00
251.00 107.00 12.00 40.00
251.00 106.00 12.00 40.00
251.00 106.00 12.00 40.00
250.00 106.00 12.00 40.00
249.00 106.00 12.00 40.00
249.00 105.00 12.00 39.00
248.00 106.00 12.00 39.00
247.00 106.00 12.00 39.00
247.00 106.00 12.00 39.00
247.00 106.00 12.00 39.00
247.00 105.00 12.00 39.00
246.00 106.00 12.00 39.00
245.00 106.00 12.00 39.00
243.00 106.00 12.00 39.00
242.00 106.00 12.00 39.00
241.00 107.00 12.00 39.00
240.00 106.00 12.00 39.00
240.00 107.00 12.00 39.00
240.00 108.00 12.00 39.00
239.00 106.00 12.00 39.00
239.00 105.00 12.00 39.00
237.00 107.00 12.00 39.00
236.00 107.00 12.00 39.00
235.00 108.00 12.00 39.00
233.00 108.00 12.00 39.00
233.00 107.00 12.00 39.00
234.00 108.00 12.00 39.00
235.00 107.00 12.00 39.00
235.00 106.00 12.00 40.00
235.00 107.00 12.00 40.00
236.00 106.00 12.00 40.00
237.00 107.00 12.00 40.00
237.00 106.00 12.00 40.00
237.00 106.00 12.00 41.00
236.00 106.00 12.00 41.00
236.00 106.00 12.00 41.00
238.00 107.00 12.00 40.00
240.00 107.00 12.00 40.00
240.00 108.00 12.00 40.00
239.00 108.00 12.00 40.00
238.00 108.00 12.00 40.00
238.00 108.00 12.00 40.00
239.00 108.00 12.00 40.00
240.00 109.00 12.00 40.00
241.00 110.00 12.00 40.00
242.00 108.00 12.00 40.00
241.00 106.00 12.00 40.00
241.00 106.00 12.00 40.00
240.00 106.00 12.00 40.00
240.00 108.00 12.00 40.00
241.00 108.00 12.00 40.00
242.00 107.00 12.00 40.00
243.00 107.00 12.00 40.00
243.00 105.00 12.00 40.00
243.00 106.00 12.00 40.00
240.00 106.00 12.00 40.00
239.00 105.00 12.00 40.00
239.00 106.00 12.00 40.00
238.00 106.00 12.00 40.00
238.00 107.00 12.00 39.00
240.00 107.00 12.00 39.00
240.00 106.00 12.00 39.00
239.00 105.00 12.00 39.00
238.00 107.00 12.00 39.00
236.00 107.00 12.00 39.00
235.00 107.00 12.00 39.00
234.00 108.00 12.00 39.00
235.00 109.00 12.00 39.00
235.00 109.00 12.00 39.00
234.00 109.00 12.00 39.00
233.00 108.00 12.00 39.00
232.00 109.00 12.00 40.00
231.00 109.00 12.00 39.00
231.00 110.00 12.00 40.00
229.00 110.00 12.00 40.00
228.00 109.00 12.00 40.00
228.00 108.00 12.00 40.00
227.00 108.00 12.00 40.00
226.00 108.00 12.00 40.00
226.00 109.00 12.00 40.00
226.00 109.00 12.00 40.00
226.00 109.00 12.00 40.00
227.00 110.00 12.00 40.00
226.00 109.00 12.00 40.00
225.00 110.00 12.00 40.00
223.00 109.00 12.00 40.00
223.00 110.00 12.00 40.00
224.00 109.00 12.00 40.00
224.00 109.00 12.00 40.00
224.00 109.00 12.00 40.00
224.00 108.00 12.00 40.00
224.00 109.00 12.00 40.00
224.00 107.00 12.00 40.00
224.00 106.00 12.00 40.00
224.00 106.00 12.00 40.00
225.00 107.00 12.00 40.00
225.00 106.00 12.00 40.00
226.00 107.00 12.00 40.00
227.00 107.00 12.00 40.00
227.00 107.00 12.00 41.00
226.00 105.00 12.00 41.00
226.00 105.00 12.00 41.00
225.00 106.00 12.00 41.00
224.00 105.00 13.00 41.00
224.00 106.00 12.00 41.00
223.00 105.00 12.00 41.00
224.00 104.00 12.00 41.00
224.00 104.00 12.00 41.00
224.00 104.00 12.00 40.00
224.00 105.00 12.00 40.00
223.00 105.00 12.00 40.00
223.00 105.00 12.00 40.00
221.00 104.00 12.00 40.00
220.00 104.00 12.00 40.00
220.00 104.00 12.00 40.00
220.00 104.00 12.00 40.00
220.00 104.00 12.00 40.00
219.00 104.00 12.00 40.00
218.00 104.00 12.00 40.00
217.00 105.00 12.00 40.00
217.00 105.00 12.00 40.00
217.00 105.00 12.00 40.00
217.00 104.00 12.00 40.00
218.00 105.00 12.00 40.00
218.00 104.00 12.00 40.00
218.00 104.00 12.00 40.00
218.00 104.00 12.00 40.00
218.00 102.00 12.00 40.00
216.00 103.00 12.00 40.00
216.00 103.00 12.00 40.00
215.00 103.00 12.00 41.00
214.00 102.00 12.00 41.00
214.00 102.00 12.00 41.00
214.00 102.00 12.00 41.00
214.00 102.00 12.00 40.00
214.00 102.00 12.00 40.00
213.00 103.00 12.00 40.00
214.00 102.00 12.00 40.00
214.00 102.00 12.00 40.00
213.00 101.00 12.00 41.00
213.00 103.00 12.00 40.00
213.00 102.00 12.00 40.00
212.00 102.00 12.00 40.00
212.00 103.00 12.00 40.00
212.00 102.00 12.00 40.00
212.00 103.00 12.00 40.00
212.00 103.00 12.00 40.00
211.00 104.00 12.00 39.00
211.00 103.00 12.00 39.00
210.00 103.00 12.00 39.00
210.00 103.00 12.00 40.00
210.00 102.00 12.00 40.00
210.00 102.00 12.00 40.00
210.00 103.00 12.00 40.00
210.00 103.00 12.00 40.00
210.00 103.00 12.00 40.00
210.00 101.00 12.00 40.00
210.00 101.00 12.00 40.00
211.00 102.00 12.00 40.00
211.00 102.00 12.00 39.00
212.00 102.00 12.00 39.00
212.00 102.00 12.00 39.00
213.00 102.00 12.00 39.00
213.00 102.00 12.00 40.00
213.00 102.00 12.00 40.00
214.00 101.00 12.00 40.00
215.00 100.00 12.00 40.00
216.00 100.00 12.00 39.00
218.00 102.00 12.00 39.00
220.00 101.00 12.00 40.00
221.00 101.00 12.00 39.00
221.00 102.00 12.00 39.00
223.00 102.00 12.00 39.00
226.00 103.00 12.00 40.00
227.00 103.00 12.00 40.00
230.00 104.00 12.00 39.00
232.00 104.00 12.00 39.00
234.00 105.00 12.00 40.00
235.00 106.00 12.00 40.00
235.00 106.00 12.00 40.00
237.00 106.00 12.00 40.00
237.00 107.00 12.00 40.00
240.00 107.00 12.00 40.00
242.00 106.00 12.00 40.00
244.00 108.00 12.00 40.00
245.00 108.00 12.00 40.00
245.00 108.00 12.00 41.00
245.00 109.00 12.00 41.00
246.00 110.00 12.00 41.00
247.00 109.00 12.00 41.00
249.00 110.00 12.00 41.00
250.00 109.00 12.00 41.00
249.00 108.00 12.00 41.00
248.00 107.00 12.00 41.00
248.00 107.00 12.00 41.00
247.00 108.00 12.00 40.00
248.00 109.00 12.00 41.00
248.00 107.00 12.00 41.00
249.00 106.00 12.00 41.00
248.00 104.00 13.00 41.00
248.00 105.00 13.00 41.00
247.00 105.00 13.00 41.00
245.00 105.00 12.00 41.00
245.00 105.00 12.00 41.00
245.00 106.00 12.00 41.00
245.00 106.00 12.00 41.00
246.00 105.00 12.00 41.00
245.00 106.00 12.00 41.00
245.00 106.00 12.00 41.00
246.00 106.00 12.00 41.00
247.00 105.00 13.00 41.00
249.00 104.00 13.00 41.00
249.00 104.00 13.00 41.00
248.00 104.00 13.00 41.00
247.00 103.00 13.00 41.00
246.00 103.00 13.00 41.00
247.00 103.00 13.00 42.00
247.00 103.00 13.00 41.00
248.00 103.00 13.00 42.00
247.00 102.00 13.00 41.00
246.00 102.00 13.00 41.00
246.00 102.00 13.00 41.00
247.00 101.00 13.00 41.00
249.00 101.00 13.00 41.00
248.00 99.00 13.00 41.00
247.00 100.00 13.00 41.00
244.00 100.00 13.00 41.00
242.00 100.00 13.00 42.00
239.00 101.00 13.00 42.00
238.00 102.00 13.00 42.00
240.00 103.00 13.00 42.00
241.00 104.00 13.00 42.00
240.00 104.00 13.00 43.00
237.00 104.00 13.00 43.00
234.00 105.00 13.00 43.00
234.00 105.00 13.00 43.00
234.00 106.00 13.00 43.00
234.00 107.00 13.00 43.00
235.00 107.00 13.00 43.00
233.00 108.00 13.00 43.00
230.00 108.00 13.00 43.00
229.00 108.00 13.00 43.00
228.00 109.00 13.00 43.00
227.00 107.00 13.00 43.00
227.00 108.00 13.00 43.00
225.00 108.00 13.00 43.00
223.00 109.00 13.00 44.00
222.00 109.00 13.00 44.00
223.00 109.00 13.00 44.00
222.00 109.00 13.00 44.00
221.00 109.00 14.00 44.00
220.00 108.00 14.00 44.00
217.00 107.00 14.00 44.00
216.00 108.00 14.00 45.00
215.00 107.00 14.00 45.00
214.00 106.00 14.00 45.00
214.00 107.00 14.00 46.00
213.00 107.00 14.00 46.00
212.00 107.00 14.00 46.00
211.00 106.00 14.00 47.00
210.00 106.00 14.00 47.00
209.00 105.00 14.00 47.00
208.00 105.00 14.00 47.00
207.00 105.00 15.00 48.00
206.00 105.00 15.00 49.00
206.00 105.00 15.00 49.00
205.00 104.00 15.00 49.00
204.00 105.00 15.00 49.00
204.00 105.00 15.00 50.00
202.00 105.00 15.00 50.00
202.00 106.00 15.00 50.00
204.00 105.00 15.00 50.00
204.00 104.00 16.00 51.00
202.00 104.00 16.00 51.00
203.00 104.00 16.00 52.00
202.00 103.00 16.00 52.00
202.00 104.00 16.00 52.00
203.00 103.00 16.00 52.00
203.00 102.00 16.00 53.00
203.00 103.00 16.00 53.00
203.00 101.00 16.00 54.00
204.00 101.00 17.00 54.00
205.00 100.00 17.00 55.00
207.00 101.00 17.00 55.00
207.00 101.00 17.00 56.00
207.00 102.00 17.00 56.00
206.00 101.00 17.00 56.00
206.00 102.00 17.00 57.00
205.00 102.00 17.00 57.00
205.00 101.00 17.00 57.00
205.00 101.00 18.00 58.00
204.00 100.00 18.00 58.00
206.00 100.00 18.00 58.00
207.00 101.00 18.00 59.00
207.00 101.00 18.00 59.00
208.00 101.00 18.00 60.00
207.00 100.00 18.00 60.00
207.00 99.00 19.00 61.00
207.00 99.00 19.00 61.00
207.00 97.00 19.00 62.00
208.00 96.00 19.00 61.00
210.00 95.00 19.00 61.00
209.00 96.00 19.00 61.00
209.00 95.00 19.00 61.00
210.00 96.00 19.00 61.00
211.00 97.00 19.00 62.00
211.00 95.00 19.00 62.00
214.00 95.00 19.00 61.00
217.00 95.00 19.00 61.00
220.00 97.00 19.00 61.00
221.00 98.00 19.00 61.00
220.00 97.00 19.00 61.00
221.00 96.00 18.00 60.00
222.00 97.00 18.00 60.00
224.00 98.00 18.00 60.00
226.00 98.00 18.00 60.00
228.00 97.00 18.00 60.00
230.00 98.00 19.00 61.00
232.00 102.00 19.00 61.00
233.00 100.00 19.00 61.00
234.00 100.00 19.00 61.00
235.00 101.00 19.00 61.00
235.00 102.00 19.00 61.00
236.00 102.00 19.00 61.00
237.00 103.00 19.00 61.00
238.00 104.00 19.00 61.00
237.00 106.00 19.00 61.00
235.00 104.00 19.00 61.00
233.00 103.00 19.00 61.00
230.00 102.00 19.00 61.00
228.00 100.00 19.00 61.00
228.00 99.00 19.00 61.00
229.00 100.00 19.00 61.00
228.00 100.00 19.00 61.00
228.00 100.00 19.00 62.00
227.00 100.00 19.00 62.00
227.00 100.00 19.00 62.00
224.00 99.00 19.00 61.00
224.00 98.00 19.00 61.00
225.00 97.00 19.00 61.00
227.00 97.00 19.00 61.00
229.00 98.00 19.00 62.00
230.00 98.00 19.00 62.00
230.00 99.00 19.00 62.00
229.00 100.00 19.00 62.00
226.00 100.00 19.00 62.00
225.00 98.00 19.00 63.00
225.00 99.00 19.00 63.00
225.00 100.00 19.00 63.00
224.00 99.00 19.00 63.00
224.00 100.00 19.00 63.00
225.00 99.00 19.00 63.00
225.00 100.00 19.00 64.00
226.00 100.00 19.00 64.00
227.00 100.00 19.00 64.00
228.00 101.00 20.00 64.00
229.00 101.00 20.00 64.00
230.00 100.00 20.00 64.00
229.00 101.00 20.00 64.00
228.00 102.00 20.00 64.00
228.00 100.00 20.00 64.00
229.00 99.00 20.00 65.00
230.00 100.00 20.00 65.00
231.00 100.00 20.00 66.00
233.00 100.00 20.00 66.00
233.00 99.00 20.00 67.00
234.00 100.00 20.00 67.00
232.00 100.00 20.00 67.00
232.00 99.00 21.00 67.00
231.00 99.00 21.00 67.00
234.00 98.00 21.00 68.00
235.00 97.00 21.00 68.00
237.00 99.00 21.00 68.00
236.00 99.00 21.00 68.00
236.00 99.00 21.00 69.00
235.00 98.00 21.00 69.00
237.00 99.00 21.00 69.00
239.00 100.00 21.00 69.00
240.00 99.00 21.00 69.00
239.00 98.00 21.00 70.00
239.00 98.00 21.00 70.00
239.00 97.00 21.00 70.00
240.00 97.00 21.00 70.00
241.00 99.00 22.00 70.00
241.00 98.00 22.00 71.00
241.00 98.00 22.00 71.00
244.00 99.00 22.00 71.00
243.00 99.00 22.00 71.00
244.00 98.00 22.00 71.00
244.00 97.00 22.00 72.00
244.00 97.00 22.00 72.00
245.00 98.00 22.00 72.00
246.00 99.00 22.00 72.00
243.00 97.00 22.00 73.00
243.00 96.00 22.00 73.00
244.00 96.00 22.00 73.00
245.00 96.00 22.00 74.00
245.00 97.00 23.00 74.00
246.00 96.00 23.00 74.00
247.00 97.00 23.00 75.00
247.00 96.00 23.00 76.00
246.00 97.00 23.00 77.00
246.00 97.00 24.00 77.00
247.00 96.00 24.00 77.00
245.00 97.00 24.00 78.00
243.00 96.00 24.00 78.00
244.00 97.00 24.00 79.00
245.00 97.00 24.00 80.00
246.00 96.00 24.00 80.00
244.00 96.00 25.00 80.00
240.00 96.00 25.00 81.00
239.00 96.00 25.00 82.00
239.00 95.00 25.00 82.00
238.00 96.00 25.00 83.00
239.00 96.00 25.00 83.00
240.00 95.00 26.00 84.00
239.00 95.00 26.00 85.00
239.00 95.00 26.00 86.00
240.00 94.00 26.00 87.00
240.00 93.00 27.00 87.00
238.00 92.00 27.00 87.00
239.00 93.00 27.00 88.00
241.00 94.00 27.00 88.00
243.00 95.00 27.00 89.00
243.00 94.00 27.00 89.00
246.00 94.00 27.00 90.00
246.00 94.00 28.00 90.00
248.00 95.00 28.00 91.00
248.00 94.00 28.00 92.00
250.00 95.00 28.00 93.00
252.00 93.00 29.00 94.00
252.00 94.00 29.00 96.00
254.00 93.00 30.00 97.00
255.00 93.00 30.00 97.00
256.00 93.00 30.00 99.00
257.00 93.00 30.00 100.00
258.00 92.00 31.00 101.00
260.00 92.00 31.00 102.00
262.00 91.00 32.00 104.00
263.00 92.00 32.00 105.00
264.00 91.00 33.00 107.00
264.00 90.00 33.00 109.00
263.00 89.00 34.00 110.00
263.00 90.00 34.00 111.00
263.00 89.00 34.00 112.00
264.00 89.00 34.00 113.00
266.00 88.00 35.00 114.00
268.00 88.00 35.00 115.00
269.00 89.00 35.00 116.00
270.00 89.00 36.00 117.00
270.00 89.00 36.00 118.00
270.00 88.00 37.00 120.00
271.00 88.00 37.00 120.00
272.00 86.00 37.00 121.00
273.00 87.00 37.00 122.00
274.00 87.00 38.00 124.00
276.00 88.00 38.00 125.00
278.00 86.00 38.00 126.00
279.00 85.00 39.00 127.00
279.00 87.00 39.00 127.00
278.00 87.00 39.00 128.00
277.00 85.00 39.00 129.00
275.00 85.00 40.00 130.00
274.00 86.00 40.00 132.00
274.00 85.00 41.00 133.00
274.00 85.00 41.00 134.00
276.00 87.00 41.00 135.00
277.00 88.00 42.00 136.00
278.00 87.00 42.00 138.00
278.00 86.00 42.00 139.00
278.00 84.00 43.00 140.00
276.00 84.00 43.00 142.00
276.00 85.00 44.00 143.00
276.00 85.00 44.00 145.00
276.00 85.00 45.00 146.00
276.00 86.00 45.00 148.00
276.00 84.00 45.00 149.00
277.00 84.00 46.00 151.00
277.00 83.00 47.00 152.00
277.00 83.00 47.00 154.00
278.00 82.00 48.00 156.00
279.00 81.00 48.00 157.00
278.00 80.00 49.00 161.00
279.00 81.00 50.00 163.00
279.00 79.00 50.00 165.00
281.00 80.00 51.00 167.00
283.00 79.00 52.00 169.00
286.00 78.00 52.00 171.00
289.00 79.00 53.00 173.00
291.00 77.00 53.00 174.00
291.00 76.00 53.00 175.00
292.00 76.00 54.00 176.00
292.00 74.00 54.00 177.00
292.00 76.00 54.00 177.00
296.00 76.00 54.00 177.00
299.00 76.00 54.00 178.00
302.00 77.00 54.00 178.00
304.00 75.00 54.00 178.00
306.00 76.00 54.00 178.00
307.00 75.00 54.00 178.00
307.00 75.00 54.00 178.00
308.00 74.00 54.00 178.00
310.00 73.00 54.00 177.00
309.00 73.00 54.00 178.00
309.00 71.00 54.00 177.00
308.00 70.00 54.00 177.00
306.00 73.00 54.00 176.00
304.00 73.00 54.00 176.00
302.00 74.00 54.00 176.00
302.00 73.00 54.00 176.00
301.00 75.00 54.00 175.00
300.00 76.00 53.00 173.00
300.00 78.00 53.00 173.00
302.00 78.00 53.00 172.00
302.00 80.00 52.00 171.00
302.00 78.00 52.00 171.00
299.00 78.00 52.00 170.00
297.00 77.00 52.00 170.00
293.00 77.00 52.00 169.00
291.00 79.00 52.00 169.00
288.00 78.00 51.00 168.00
288.00 80.00 51.00 167.00
288.00 79.00 51.00 166.00
287.00 80.00 50.00 165.00
287.00 81.00 50.00 164.00
287.00 81.00 50.00 163.00
287.00 81.00 50.00 163.00
288.00 79.00 50.00 163.00
287.00 79.00 49.00 162.00
285.00 78.00 49.00 161.00
285.00 78.00 49.00 161.00
285.00 80.00 49.00 159.00
287.00 81.00 48.00 158.00
289.00 79.00 48.00 157.00
289.00 80.00 48.00 157.00
288.00 81.00 47.00 155.00
287.00 79.00 47.00 155.00
285.00 79.00 47.00 153.00
284.00 80.00 47.00 153.00
284.00 80.00 46.00 151.00
285.00 81.00 46.00 150.00
286.00 81.00 46.00 149.00
286.00 80.00 45.00 148.00
283.00 79.00 45.00 146.00
279.00 80.00 44.00 145.00
