196.00 227.00 299.00 71.00
203.00 230.00 305.00 72.00
215.00 231.00 301.00 71.00
222.00 232.00 305.00 72.00
231.00 235.00 301.00 71.00
240.00 237.00 301.00 71.00
244.00 240.00 305.00 72.00
248.00 241.00 311.00 74.00
252.00 244.00 312.00 74.00
255.00 245.00 307.00 73.00
257.00 246.00 308.00 73.00
254.00 247.00 306.00 73.00
247.00 245.00 308.00 73.00
236.00 245.00 311.00 74.00
226.00 242.00 313.00 74.00
216.00 241.00 314.00 74.00
200.00 235.00 322.00 77.00
200.00 233.00 314.00 75.00
196.00 229.00 310.00 74.00
182.00 224.00 309.00 73.00
193.00 221.00 308.00 73.00
171.00 218.00 308.00 73.00
180.00 219.00 311.00 74.00
111.00 219.00 318.00 76.00
169.00 217.00 312.00 74.00
116.00 220.00 310.00 74.00
126.00 221.00 312.00 74.00
100.00 212.00 316.00 75.00
117.00 216.00 314.00 75.00
179.00 221.00 312.00 74.00
151.00 215.00 315.00 75.00
103.00 213.00 316.00 75.00
110.00 213.00 316.00 75.00
126.00 215.00 315.00 75.00
146.00 216.00 317.00 75.00
152.00 216.00 318.00 76.00
167.00 218.00 318.00 75.00
175.00 219.00 317.00 75.00
186.00 219.00 317.00 75.00
91.00 214.00 315.00 75.00
102.00 212.00 314.00 75.00
116.00 211.00 312.00 74.00
135.00 211.00 311.00 74.00
151.00 214.00 309.00 73.00
127.00 210.00 307.00 73.00
138.00 209.00 308.00 73.00
149.00 211.00 305.00 72.00
161.00 216.00 307.00 73.00
259.00 222.00 306.00 73.00
267.00 223.00 307.00 73.00
154.00 219.00 308.00 73.00
105.00 221.00 304.00 72.00
160.00 222.00 303.00 72.00
170.00 226.00 300.00 71.00
183.00 231.00 300.00 71.00
174.00 229.00 299.00 71.00
194.00 230.00 296.00 70.00
205.00 229.00 295.00 70.00
147.00 218.00 295.00 70.00
162.00 219.00 294.00 70.00
178.00 221.00 293.00 70.00
193.00 222.00 293.00 70.00
200.00 223.00 292.00 69.00
206.00 224.00 290.00 69.00
174.00 219.00 287.00 68.00
192.00 222.00 286.00 68.00
203.00 224.00 286.00 68.00
191.00 222.00 287.00 68.00
206.00 226.00 287.00 68.00
216.00 226.00 289.00 69.00
216.00 226.00 290.00 69.00
196.00 229.00 289.00 69.00
210.00 230.00 290.00 69.00
222.00 233.00 289.00 69.00
227.00 236.00 288.00 68.00
217.00 234.00 289.00 69.00
228.00 236.00 286.00 68.00
236.00 239.00 285.00 68.00
240.00 239.00 284.00 67.00
238.00 237.00 282.00 67.00
243.00 239.00 282.00 67.00
251.00 240.00 280.00 67.00
262.00 241.00 278.00 66.00
238.00 237.00 277.00 66.00
248.00 237.00 277.00 66.00
254.00 238.00 277.00 66.00
258.00 239.00 276.00 65.00
259.00 239.00 274.00 65.00
254.00 238.00 275.00 65.00
256.00 238.00 274.00 65.00
262.00 241.00 275.00 65.00
252.00 239.00 273.00 65.00
255.00 241.00 272.00 65.00
254.00 244.00 271.00 64.00
252.00 245.00 270.00 64.00
251.00 247.00 270.00 64.00
241.00 246.00 269.00 64.00
243.00 246.00 268.00 64.00
248.00 248.00 268.00 64.00
250.00 246.00 267.00 63.00
251.00 246.00 264.00 63.00
241.00 246.00 262.00 62.00
232.00 241.00 260.00 62.00
227.00 241.00 259.00 61.00
232.00 241.00 256.00 61.00
235.00 242.00 253.00 60.00
239.00 242.00 252.00 60.00
240.00 242.00 251.00 59.00
235.00 239.00 251.00 60.00
234.00 240.00 252.00 60.00
234.00 241.00 251.00 60.00
233.00 241.00 251.00 60.00
231.00 241.00 250.00 59.00
230.00 241.00 250.00 59.00
229.00 241.00 250.00 59.00
227.00 242.00 251.00 60.00
227.00 243.00 251.00 60.00
225.00 244.00 251.00 60.00
224.00 244.00 251.00 60.00
224.00 245.00 251.00 60.00
211.00 240.00 251.00 60.00
213.00 241.00 251.00 60.00
213.00 241.00 250.00 59.00
206.00 239.00 247.00 59.00
210.00 240.00 248.00 59.00
211.00 240.00 247.00 59.00
215.00 242.00 246.00 58.00
217.00 241.00 244.00 58.00
219.00 243.00 242.00 58.00
222.00 244.00 242.00 57.00
223.00 246.00 239.00 57.00
222.00 248.00 238.00 56.00
224.00 249.00 236.00 56.00
224.00 249.00 235.00 56.00
227.00 252.00 235.00 56.00
224.00 251.00 235.00 56.00
225.00 253.00 236.00 56.00
225.00 253.00 235.00 56.00
227.00 254.00 234.00 56.00
225.00 252.00 234.00 56.00
216.00 251.00 234.00 55.00
219.00 251.00 235.00 56.00
221.00 252.00 235.00 56.00
220.00 253.00 234.00 56.00
222.00 253.00 233.00 55.00
221.00 253.00 232.00 55.00
216.00 251.00 232.00 55.00
216.00 250.00 231.00 55.00
216.00 251.00 231.00 55.00
216.00 252.00 230.00 55.00
213.00 252.00 230.00 55.00
212.00 253.00 229.00 54.00
209.00 253.00 229.00 54.00
207.00 251.00 229.00 54.00
207.00 251.00 229.00 54.00
205.00 251.00 228.00 54.00
204.00 252.00 228.00 54.00
203.00 252.00 228.00 54.00
201.00 252.00 229.00 54.00
195.00 251.00 227.00 54.00
184.00 249.00 229.00 54.00
181.00 250.00 229.00 54.00
180.00 249.00 228.00 54.00
176.00 247.00 227.00 54.00
165.00 244.00 228.00 54.00
153.00 239.00 230.00 55.00
149.00 238.00 232.00 55.00
147.00 237.00 232.00 55.00
141.00 237.00 232.00 55.00
136.00 239.00 231.00 55.00
133.00 241.00 231.00 55.00
127.00 244.00 231.00 55.00
119.00 245.00 232.00 55.00
110.00 246.00 232.00 55.00
98.00 247.00 232.00 55.00
97.00 249.00 233.00 55.00
99.00 249.00 232.00 55.00
97.00 248.00 230.00 55.00
82.00 245.00 232.00 55.00
82.00 244.00 232.00 55.00
79.00 243.00 232.00 55.00
77.00 242.00 232.00 55.00
77.00 241.00 231.00 55.00
76.00 241.00 229.00 54.00
76.00 239.00 228.00 54.00
74.00 237.00 228.00 54.00
73.00 236.00 229.00 54.00
79.00 236.00 227.00 54.00
86.00 234.00 224.00 53.00
88.00 234.00 222.00 53.00
87.00 235.00 221.00 53.00
91.00 237.00 221.00 53.00
95.00 242.00 221.00 52.00
102.00 245.00 218.00 52.00
112.00 246.00 216.00 51.00
122.00 247.00 212.00 50.00
128.00 246.00 210.00 50.00
134.00 246.00 209.00 50.00
137.00 246.00 207.00 49.00
148.00 247.00 207.00 49.00
153.00 248.00 206.00 49.00
162.00 250.00 205.00 49.00
169.00 252.00 203.00 48.00
168.00 251.00 202.00 48.00
169.00 251.00 201.00 48.00
174.00 253.00 201.00 48.00
176.00 253.00 200.00 48.00
177.00 252.00 199.00 47.00
180.00 250.00 198.00 47.00
186.00 249.00 198.00 47.00
188.00 248.00 197.00 47.00
191.00 247.00 196.00 47.00
197.00 247.00 195.00 46.00
205.00 249.00 192.00 46.00
201.00 250.00 191.00 45.00
199.00 250.00 191.00 45.00
200.00 251.00 190.00 45.00
204.00 254.00 189.00 45.00
203.00 253.00 189.00 45.00
202.00 252.00 188.00 45.00
203.00 252.00 188.00 45.00
202.00 252.00 187.00 45.00
202.00 252.00 187.00 44.00
206.00 252.00 184.00 44.00
208.00 254.00 184.00 44.00
211.00 256.00 183.00 44.00
211.00 255.00 183.00 43.00
218.00 256.00 182.00 43.00
225.00 257.00 180.00 43.00
221.00 260.00 180.00 43.00
219.00 259.00 180.00 43.00
221.00 258.00 179.00 43.00
222.00 258.00 180.00 43.00
222.00 258.00 181.00 43.00
223.00 259.00 179.00 42.00
225.00 260.00 178.00 42.00
226.00 259.00 177.00 42.00
230.00 260.00 176.00 42.00
236.00 261.00 174.00 41.00
242.00 262.00 174.00 41.00
225.00 264.00 175.00 42.00
231.00 264.00 175.00 42.00
235.00 263.00 176.00 42.00
233.00 262.00 175.00 42.00
233.00 262.00 175.00 42.00
237.00 264.00 174.00 41.00
236.00 265.00 174.00 41.00
236.00 267.00 173.00 41.00
237.00 267.00 173.00 41.00
239.00 267.00 172.00 41.00
239.00 266.00 173.00 41.00
240.00 265.00 173.00 41.00
238.00 264.00 173.00 41.00
237.00 263.00 174.00 41.00
236.00 264.00 174.00 41.00
236.00 264.00 173.00 41.00
238.00 264.00 173.00 41.00
241.00 265.00 173.00 41.00
242.00 264.00 173.00 41.00
243.00 264.00 173.00 41.00
243.00 264.00 174.00 41.00
241.00 265.00 174.00 41.00
243.00 265.00 173.00 41.00
243.00 266.00 173.00 41.00
241.00 266.00 173.00 41.00
241.00 267.00 174.00 41.00
241.00 266.00 174.00 41.00
242.00 267.00 174.00 41.00
242.00 268.00 174.00 41.00
242.00 267.00 174.00 41.00
239.00 268.00 174.00 41.00
237.00 267.00 174.00 41.00
238.00 267.00 174.00 41.00
239.00 267.00 174.00 41.00
241.00 268.00 173.00 41.00
243.00 268.00 173.00 41.00
243.00 267.00 172.00 41.00
241.00 267.00 172.00 41.00
243.00 267.00 172.00 41.00
245.00 267.00 172.00 41.00
247.00 267.00 172.00 41.00
251.00 269.00 172.00 41.00
253.00 269.00 172.00 41.00
253.00 269.00 171.00 41.00
256.00 271.00 170.00 40.00
259.00 271.00 170.00 40.00
263.00 273.00 170.00 40.00
266.00 274.00 170.00 40.00
270.00 277.00 171.00 41.00
273.00 278.00 172.00 41.00
276.00 279.00 172.00 41.00
280.00 281.00 172.00 41.00
277.00 281.00 171.00 41.00
278.00 282.00 171.00 41.00
281.00 285.00 173.00 41.00
283.00 288.00 174.00 41.00
286.00 293.00 174.00 41.00
290.00 298.00 174.00 41.00
293.00 302.00 176.00 42.00
297.00 308.00 177.00 42.00
303.00 314.00 178.00 42.00
306.00 320.00 178.00 42.00
311.00 325.00 180.00 43.00
311.00 324.00 180.00 43.00
309.00 322.00 181.00 43.00
305.00 316.00 182.00 43.00
300.00 307.00 182.00 43.00
292.00 296.00 183.00 43.00
285.00 286.00 183.00 44.00
276.00 277.00 183.00 44.00
272.00 271.00 184.00 44.00
266.00 265.00 185.00 44.00
261.00 258.00 185.00 44.00
260.00 253.00 185.00 44.00
259.00 248.00 186.00 44.00
259.00 245.00 186.00 44.00
259.00 245.00 187.00 44.00
258.00 244.00 186.00 44.00
259.00 243.00 186.00 44.00
259.00 244.00 187.00 44.00
255.00 247.00 186.00 44.00
252.00 248.00 186.00 44.00
249.00 249.00 187.00 44.00
241.00 246.00 187.00 44.00
239.00 248.00 186.00 44.00
233.00 249.00 185.00 44.00
224.00 249.00 184.00 44.00
223.00 249.00 183.00 44.00
224.00 249.00 182.00 43.00
223.00 247.00 181.00 43.00
223.00 247.00 180.00 43.00
221.00 247.00 180.00 43.00
223.00 248.00 179.00 43.00
222.00 248.00 179.00 43.00
225.00 246.00 179.00 42.00
223.00 243.00 180.00 43.00
224.00 243.00 180.00 43.00
223.00 243.00 179.00 43.00
221.00 243.00 178.00 42.00
219.00 245.00 178.00 42.00
216.00 245.00 179.00 42.00
214.00 245.00 179.00 42.00
214.00 247.00 179.00 43.00
214.00 248.00 179.00 43.00
211.00 246.00 180.00 43.00
214.00 245.00 179.00 42.00
210.00 240.00 178.00 42.00
213.00 241.00 178.00 42.00
210.00 240.00 179.00 42.00
207.00 242.00 179.00 43.00
208.00 243.00 179.00 43.00
211.00 244.00 179.00 42.00
212.00 243.00 177.00 42.00
215.00 242.00 176.00 42.00
215.00 240.00 174.00 41.00
215.00 242.00 173.00 41.00
214.00 243.00 171.00 41.00
213.00 246.00 171.00 41.00
212.00 249.00 169.00 40.00
211.00 251.00 169.00 40.00
211.00 252.00 169.00 40.00
211.00 253.00 168.00 40.00
209.00 253.00 168.00 40.00
207.00 252.00 168.00 40.00
209.00 252.00 168.00 40.00
205.00 250.00 168.00 40.00
206.00 249.00 166.00 39.00
214.00 249.00 165.00 39.00
217.00 249.00 165.00 39.00
219.00 248.00 164.00 39.00
222.00 248.00 163.00 39.00
226.00 248.00 162.00 38.00
229.00 249.00 161.00 38.00
228.00 250.00 161.00 38.00
229.00 250.00 160.00 38.00
230.00 251.00 159.00 38.00
233.00 252.00 159.00 38.00
