990.00 503.00 24.00 73.00
987.00 502.00 25.00 75.00
983.00 501.00 25.00 76.00
980.00 503.00 24.00 74.00
976.00 504.00 24.00 74.00
973.00 506.00 24.00 73.00
969.00 507.00 24.00 72.00
965.00 507.00 24.00 72.00
962.00 508.00 24.00 72.00
958.00 507.00 24.00 72.00
954.00 507.00 24.00 74.00
950.00 506.00 24.00 74.00
947.00 506.00 24.00 74.00
944.00 506.00 24.00 74.00
941.00 505.00 24.00 73.00
938.00 506.00 24.00 72.00
934.00 507.00 23.00 71.00
932.00 508.00 23.00 71.00
928.00 509.00 23.00 70.00
925.00 510.00 23.00 70.00
922.00 509.00 24.00 71.00
917.00 509.00 23.00 71.00
915.00 509.00 23.00 71.00
911.00 509.00 23.00 70.00
908.00 508.00 23.00 70.00
905.00 507.00 24.00 72.00
902.00 506.00 24.00 72.00
898.00 506.00 24.00 72.00
895.00 506.00 24.00 73.00
892.00 506.00 24.00 73.00
889.00 507.00 24.00 72.00
886.00 508.00 24.00 72.00
882.00 508.00 24.00 72.00
878.00 508.00 23.00 71.00
877.00 508.00 23.00 71.00
877.00 510.00 23.00 70.00
877.00 510.00 23.00 70.00
877.00 509.00 23.00 69.00
877.00 509.00 23.00 70.00
865.00 478.00 23.00 70.00
851.00 478.00 23.00 71.00
859.00 479.00 23.00 70.00
856.00 479.00 23.00 71.00
853.00 479.00 23.00 71.00
856.00 479.00 23.00 71.00
857.00 479.00 24.00 72.00
845.00 476.00 24.00 72.00
844.00 477.00 24.00 72.00
844.00 475.00 24.00 74.00
825.00 502.00 24.00 74.00
822.00 501.00 24.00 73.00
818.00 501.00 24.00 73.00
816.00 501.00 24.00 73.00
814.00 501.00 24.00 73.00
811.00 501.00 24.00 72.00
808.00 502.00 24.00 72.00
805.00 503.00 24.00 72.00
802.00 504.00 24.00 72.00
798.00 504.00 24.00 72.00
794.00 504.00 24.00 73.00
790.00 504.00 24.00 73.00
787.00 503.00 24.00 73.00
783.00 502.00 24.00 73.00
780.00 501.00 24.00 73.00
778.00 501.00 24.00 73.00
774.00 500.00 24.00 73.00
771.00 499.00 24.00 73.00
769.00 500.00 24.00 73.00
766.00 500.00 24.00 73.00
763.00 501.00 24.00 73.00
761.00 501.00 24.00 73.00
758.00 502.00 24.00 72.00
755.00 502.00 24.00 72.00
751.00 502.00 24.00 72.00
747.00 500.00 24.00 73.00
744.00 500.00 24.00 72.00
741.00 499.00 24.00 72.00
738.00 499.00 24.00 72.00
736.00 498.00 24.00 73.00
733.00 498.00 24.00 73.00
730.00 498.00 24.00 73.00
727.00 498.00 24.00 73.00
724.00 499.00 24.00 73.00
721.00 499.00 24.00 73.00
717.00 499.00 24.00 73.00
714.00 500.00 24.00 72.00
711.00 500.00 24.00 72.00
708.00 500.00 24.00 72.00
704.00 500.00 24.00 72.00
700.00 498.00 24.00 73.00
699.00 498.00 24.00 73.00
696.00 497.00 24.00 73.00
692.00 496.00 24.00 73.00
689.00 496.00 24.00 73.00
686.00 496.00 24.00 73.00
683.00 497.00 24.00 73.00
681.00 497.00 24.00 73.00
678.00 497.00 24.00 72.00
674.00 496.00 24.00 72.00
672.00 497.00 24.00 72.00
669.00 496.00 24.00 72.00
666.00 496.00 24.00 72.00
663.00 495.00 24.00 72.00
660.00 494.00 24.00 73.00
657.00 493.00 24.00 73.00
655.00 493.00 24.00 73.00
652.00 493.00 24.00 73.00
650.00 493.00 24.00 73.00
647.00 494.00 24.00 73.00
644.00 494.00 24.00 73.00
643.00 495.00 24.00 72.00
642.00 496.00 24.00 72.00
642.00 497.00 24.00 72.00
643.00 499.00 23.00 71.00
629.00 494.00 23.00 70.00
626.00 494.00 23.00 70.00
623.00 494.00 23.00 70.00
621.00 493.00 23.00 70.00
618.00 493.00 23.00 69.00
616.00 493.00 23.00 69.00
612.00 492.00 23.00 69.00
610.00 493.00 23.00 69.00
607.00 493.00 23.00 69.00
604.00 493.00 23.00 69.00
601.00 493.00 23.00 69.00
599.00 493.00 23.00 69.00
596.00 494.00 23.00 69.00
594.00 494.00 23.00 69.00
592.00 494.00 23.00 70.00
590.00 493.00 23.00 71.00
587.00 492.00 23.00 71.00
585.00 492.00 23.00 70.00
581.00 491.00 23.00 70.00
578.00 490.00 23.00 71.00
576.00 490.00 23.00 70.00
574.00 490.00 23.00 71.00
572.00 490.00 23.00 70.00
569.00 491.00 23.00 70.00
566.00 491.00 23.00 70.00
564.00 491.00 23.00 70.00
560.00 491.00 23.00 71.00
557.00 491.00 23.00 71.00
555.00 491.00 23.00 71.00
552.00 491.00 24.00 71.00
549.00 489.00 24.00 72.00
546.00 488.00 24.00 73.00
543.00 487.00 24.00 74.00
541.00 486.00 25.00 75.00
539.00 486.00 25.00 75.00
537.00 486.00 25.00 75.00
535.00 487.00 24.00 74.00
533.00 487.00 24.00 73.00
530.00 487.00 24.00 73.00
528.00 488.00 24.00 73.00
526.00 488.00 24.00 73.00
523.00 487.00 24.00 73.00
521.00 487.00 24.00 73.00
519.00 487.00 24.00 73.00
516.00 486.00 24.00 73.00
514.00 485.00 24.00 74.00
512.00 484.00 24.00 74.00
510.00 484.00 24.00 74.00
509.00 484.00 24.00 74.00
506.00 483.00 24.00 73.00
504.00 484.00 24.00 73.00
502.00 484.00 24.00 73.00
500.00 485.00 24.00 73.00
497.00 485.00 24.00 73.00
494.00 486.00 24.00 73.00
492.00 486.00 24.00 73.00
489.00 486.00 24.00 73.00
486.00 485.00 24.00 73.00
484.00 485.00 24.00 72.00
480.00 484.00 24.00 73.00
479.00 484.00 24.00 73.00
476.00 483.00 24.00 74.00
474.00 482.00 24.00 74.00
473.00 483.00 24.00 73.00
471.00 483.00 24.00 73.00
468.00 482.00 24.00 72.00
466.00 483.00 24.00 72.00
464.00 483.00 24.00 72.00
462.00 484.00 24.00 72.00
460.00 483.00 24.00 72.00
457.00 483.00 24.00 72.00
454.00 483.00 24.00 73.00
452.00 483.00 24.00 73.00
450.00 482.00 24.00 73.00
448.00 481.00 24.00 73.00
446.00 481.00 24.00 74.00
444.00 480.00 24.00 74.00
443.00 480.00 24.00 73.00
440.00 480.00 24.00 73.00
438.00 480.00 24.00 73.00
437.00 481.00 24.00 72.00
435.00 481.00 24.00 72.00
432.00 482.00 23.00 71.00
430.00 482.00 23.00 71.00
427.00 483.00 23.00 71.00
425.00 483.00 23.00 71.00
422.00 483.00 23.00 70.00
420.00 483.00 23.00 70.00
416.00 482.00 23.00 70.00
414.00 482.00 23.00 70.00
411.00 481.00 23.00 70.00
410.00 482.00 23.00 70.00
407.00 481.00 23.00 70.00
406.00 481.00 23.00 70.00
404.00 482.00 23.00 69.00
402.00 481.00 23.00 69.00
400.00 482.00 22.00 68.00
398.00 482.00 22.00 68.00
396.00 482.00 22.00 68.00
394.00 482.00 22.00 68.00
392.00 482.00 23.00 68.00
390.00 483.00 23.00 69.00
388.00 483.00 23.00 69.00
386.00 483.00 22.00 68.00
383.00 481.00 23.00 69.00
381.00 481.00 23.00 69.00
379.00 481.00 23.00 69.00
377.00 480.00 23.00 69.00
376.00 481.00 23.00 69.00
375.00 481.00 22.00 67.00
372.00 481.00 22.00 67.00
372.00 482.00 22.00 66.00
370.00 483.00 21.00 65.00
369.00 484.00 21.00 64.00
364.00 483.00 21.00 65.00
361.00 483.00 21.00 65.00
359.00 483.00 22.00 66.00
355.00 482.00 22.00 66.00
353.00 481.00 22.00 66.00
349.00 480.00 22.00 66.00
347.00 479.00 22.00 66.00
346.00 479.00 22.00 66.00
343.00 478.00 22.00 66.00
341.00 478.00 22.00 66.00
339.00 477.00 22.00 66.00
337.00 478.00 22.00 66.00
335.00 478.00 22.00 66.00
334.00 479.00 22.00 66.00
331.00 478.00 22.00 66.00
329.00 479.00 22.00 65.00
327.00 479.00 22.00 66.00
325.00 480.00 21.00 65.00
322.00 480.00 21.00 65.00
320.00 480.00 22.00 66.00
317.00 479.00 22.00 67.00
315.00 478.00 22.00 67.00
313.00 478.00 22.00 67.00
312.00 478.00 22.00 67.00
311.00 478.00 22.00 67.00
309.00 478.00 22.00 67.00
308.00 478.00 22.00 66.00
306.00 479.00 22.00 66.00
304.00 479.00 22.00 66.00
301.00 479.00 22.00 66.00
298.00 480.00 22.00 67.00
295.00 480.00 22.00 67.00
292.00 480.00 22.00 68.00
290.00 480.00 22.00 68.00
288.00 479.00 23.00 69.00
285.00 478.00 23.00 69.00
283.00 478.00 23.00 69.00
280.00 477.00 23.00 69.00
279.00 477.00 23.00 69.00
277.00 477.00 22.00 68.00
274.00 477.00 22.00 68.00
273.00 477.00 22.00 68.00
271.00 477.00 22.00 68.00
269.00 477.00 22.00 68.00
267.00 478.00 22.00 68.00
265.00 478.00 22.00 68.00
263.00 478.00 22.00 68.00
261.00 478.00 22.00 68.00
259.00 478.00 22.00 68.00
257.00 477.00 22.00 68.00
254.00 477.00 23.00 69.00
253.00 477.00 23.00 69.00
251.00 476.00 23.00 69.00
249.00 475.00 23.00 69.00
247.00 475.00 23.00 69.00
245.00 474.00 23.00 69.00
244.00 474.00 23.00 69.00
242.00 475.00 23.00 69.00
240.00 474.00 23.00 69.00
238.00 475.00 23.00 69.00
236.00 475.00 23.00 69.00
234.00 476.00 23.00 69.00
232.00 476.00 23.00 69.00
229.00 477.00 23.00 69.00
226.00 477.00 23.00 69.00
223.00 477.00 23.00 69.00
221.00 476.00 23.00 69.00
218.00 476.00 23.00 70.00
216.00 476.00 23.00 69.00
214.00 475.00 23.00 69.00
212.00 474.00 23.00 69.00
209.00 474.00 23.00 69.00
208.00 474.00 23.00 69.00
206.00 474.00 23.00 69.00
204.00 474.00 22.00 68.00
202.00 474.00 23.00 69.00
200.00 474.00 23.00 69.00
198.00 475.00 23.00 68.00
196.00 475.00 22.00 68.00
193.00 475.00 22.00 68.00
190.00 475.00 22.00 68.00
188.00 474.00 22.00 68.00
186.00 474.00 23.00 69.00
185.00 473.00 22.00 68.00
182.00 472.00 22.00 68.00
181.00 472.00 22.00 68.00
179.00 472.00 23.00 68.00
177.00 471.00 23.00 69.00
176.00 471.00 23.00 69.00
174.00 471.00 22.00 68.00
172.00 471.00 22.00 68.00
169.00 472.00 22.00 67.00
167.00 473.00 22.00 66.00
164.00 473.00 22.00 66.00
161.00 474.00 21.00 65.00
158.00 474.00 21.00 65.00
156.00 474.00 21.00 65.00
153.00 474.00 21.00 64.00
150.00 474.00 21.00 64.00
148.00 473.00 21.00 65.00
145.00 473.00 22.00 66.00
142.00 472.00 22.00 67.00
139.00 472.00 22.00 66.00
137.00 472.00 22.00 66.00
134.00 472.00 22.00 67.00
132.00 472.00 22.00 67.00
130.00 473.00 22.00 67.00
126.00 473.00 22.00 68.00
125.00 473.00 22.00 67.00
122.00 472.00 22.00 67.00
119.00 472.00 22.00 67.00
117.00 471.00 22.00 67.00
115.00 471.00 22.00 67.00
110.00 471.00 22.00 67.00
106.00 469.00 22.00 68.00
105.00 470.00 22.00 68.00
103.00 470.00 22.00 68.00
101.00 470.00 22.00 67.00
97.00 469.00 22.00 68.00
96.00 469.00 22.00 67.00
93.00 470.00 22.00 67.00
91.00 470.00 22.00 67.00
89.00 471.00 22.00 67.00
86.00 471.00 22.00 68.00
86.00 472.00 22.00 68.00
86.00 472.00 22.00 68.00
86.00 471.00 22.00 67.00
88.00 468.00 21.00 65.00
76.00 471.00 21.00 64.00
73.00 470.00 21.00 63.00
68.00 470.00 21.00 62.00
67.00 470.00 21.00 63.00
66.00 470.00 21.00 63.00
62.00 470.00 21.00 63.00
60.00 469.00 21.00 62.00
