124.00 92.00 46.00 58.00
124.00 92.00 46.00 58.00
123.00 92.00 46.00 58.00
123.00 93.00 46.00 58.00
123.00 93.00 46.00 58.00
123.00 93.00 46.00 58.00
123.00 93.00 46.00 58.00
122.00 93.00 46.00 58.00
122.00 94.00 46.00 57.00
122.00 95.00 45.00 57.00
121.00 96.00 45.00 57.00
121.00 97.00 45.00 57.00
120.00 97.00 45.00 57.00
119.00 97.00 45.00 57.00
119.00 97.00 45.00 57.00
118.00 98.00 45.00 57.00
118.00 99.00 45.00 57.00
116.00 99.00 45.00 57.00
115.00 98.00 45.00 57.00
116.00 99.00 45.00 57.00
116.00 97.00 46.00 57.00
117.00 97.00 45.00 57.00
118.00 96.00 45.00 57.00
119.00 95.00 45.00 57.00
120.00 94.00 45.00 57.00
121.00 93.00 46.00 58.00
123.00 93.00 45.00 57.00
125.00 92.00 45.00 57.00
126.00 91.00 45.00 57.00
127.00 90.00 45.00 57.00
128.00 89.00 45.00 56.00
127.00 88.00 45.00 56.00
127.00 87.00 45.00 56.00
126.00 86.00 44.00 56.00
124.00 85.00 44.00 56.00
122.00 83.00 44.00 56.00
121.00 82.00 44.00 55.00
120.00 83.00 44.00 55.00
119.00 83.00 44.00 55.00
118.00 84.00 43.00 55.00
118.00 86.00 43.00 54.00
117.00 88.00 43.00 54.00
118.00 91.00 43.00 54.00
118.00 94.00 42.00 54.00
118.00 96.00 42.00 53.00
117.00 97.00 43.00 54.00
119.00 98.00 42.00 53.00
120.00 99.00 42.00 53.00
120.00 98.00 42.00 53.00
121.00 98.00 42.00 53.00
121.00 97.00 42.00 53.00
122.00 96.00 42.00 53.00
122.00 96.00 42.00 53.00
124.00 96.00 42.00 53.00
124.00 96.00 42.00 53.00
123.00 96.00 42.00 53.00
124.00 96.00 41.00 52.00
123.00 96.00 41.00 52.00
123.00 96.00 41.00 52.00
122.00 95.00 42.00 53.00
121.00 96.00 42.00 53.00
121.00 98.00 42.00 53.00
120.00 100.00 42.00 53.00
119.00 102.00 43.00 54.00
119.00 103.00 42.00 53.00
119.00 104.00 42.00 53.00
120.00 107.00 42.00 53.00
122.00 107.00 41.00 52.00
122.00 107.00 42.00 52.00
123.00 108.00 40.00 51.00
124.00 106.00 40.00 50.00
124.00 104.00 39.00 49.00
123.00 101.00 39.00 49.00
123.00 99.00 38.00 48.00
123.00 95.00 38.00 48.00
124.00 91.00 38.00 48.00
125.00 89.00 38.00 48.00
125.00 87.00 38.00 47.00
124.00 85.00 37.00 47.00
123.00 84.00 38.00 47.00
124.00 84.00 37.00 47.00
123.00 86.00 36.00 46.00
123.00 87.00 36.00 46.00
123.00 87.00 36.00 46.00
123.00 90.00 36.00 45.00
122.00 92.00 36.00 45.00
120.00 93.00 36.00 45.00
120.00 95.00 36.00 45.00
118.00 97.00 36.00 45.00
115.00 98.00 36.00 45.00
113.00 98.00 36.00 46.00
113.00 100.00 36.00 45.00
111.00 101.00 36.00 45.00
109.00 102.00 36.00 45.00
107.00 104.00 36.00 45.00
104.00 105.00 36.00 46.00
103.00 107.00 36.00 46.00
102.00 109.00 36.00 46.00
101.00 110.00 36.00 46.00
101.00 111.00 37.00 46.00
101.00 110.00 37.00 47.00
102.00 110.00 37.00 47.00
104.00 109.00 37.00 47.00
106.00 108.00 37.00 47.00
108.00 108.00 37.00 46.00
111.00 108.00 36.00 46.00
115.00 107.00 37.00 46.00
118.00 107.00 37.00 46.00
121.00 107.00 37.00 46.00
124.00 106.00 37.00 46.00
127.00 107.00 37.00 46.00
130.00 106.00 37.00 47.00
131.00 104.00 37.00 47.00
132.00 104.00 38.00 47.00
134.00 104.00 37.00 47.00
135.00 104.00 38.00 47.00
136.00 106.00 37.00 47.00
134.00 107.00 38.00 48.00
132.00 108.00 38.00 48.00
132.00 109.00 38.00 48.00
130.00 109.00 38.00 47.00
127.00 109.00 37.00 47.00
125.00 108.00 38.00 48.00
124.00 106.00 38.00 47.00
121.00 103.00 38.00 48.00
118.00 100.00 38.00 48.00
116.00 99.00 38.00 48.00
115.00 98.00 38.00 48.00
114.00 97.00 38.00 48.00
113.00 97.00 38.00 47.00
111.00 98.00 38.00 47.00
109.00 99.00 38.00 48.00
106.00 100.00 38.00 48.00
106.00 103.00 38.00 48.00
106.00 105.00 37.00 47.00
106.00 108.00 37.00 47.00
106.00 110.00 37.00 47.00
107.00 112.00 37.00 47.00
109.00 112.00 38.00 47.00
110.00 112.00 38.00 47.00
112.00 112.00 38.00 48.00
112.00 112.00 38.00 48.00
112.00 112.00 38.00 48.00
112.00 111.00 38.00 48.00
112.00 109.00 38.00 48.00
111.00 108.00 38.00 48.00
109.00 106.00 38.00 48.00
106.00 105.00 39.00 49.00
103.00 104.00 39.00 49.00
100.00 103.00 38.00 49.00
97.00 103.00 38.00 48.00
94.00 103.00 38.00 48.00
92.00 104.00 38.00 48.00
89.00 104.00 38.00 48.00
88.00 105.00 38.00 48.00
87.00 104.00 38.00 48.00
86.00 103.00 39.00 49.00
86.00 103.00 38.00 48.00
86.00 104.00 38.00 48.00
86.00 105.00 38.00 48.00
87.00 107.00 38.00 48.00
87.00 108.00 38.00 47.00
88.00 110.00 37.00 47.00
89.00 110.00 37.00 47.00
89.00 112.00 37.00 47.00
88.00 114.00 37.00 46.00
88.00 115.00 37.00 47.00
87.00 114.00 37.00 47.00
86.00 114.00 37.00 47.00
85.00 114.00 37.00 47.00
84.00 114.00 37.00 47.00
83.00 113.00 37.00 47.00
83.00 111.00 37.00 47.00
82.00 111.00 37.00 46.00
82.00 110.00 36.00 46.00
81.00 109.00 36.00 46.00
79.00 107.00 37.00 46.00
78.00 107.00 36.00 46.00
77.00 106.00 36.00 46.00
75.00 106.00 36.00 46.00
73.00 106.00 36.00 46.00
71.00 107.00 36.00 45.00
69.00 107.00 36.00 45.00
68.00 106.00 36.00 45.00
66.00 106.00 36.00 45.00
64.00 105.00 36.00 46.00
63.00 105.00 36.00 46.00
63.00 106.00 36.00 45.00
62.00 105.00 36.00 45.00
63.00 106.00 36.00 45.00
65.00 108.00 36.00 45.00
65.00 109.00 36.00 45.00
66.00 110.00 36.00 45.00
66.00 110.00 36.00 45.00
68.00 112.00 35.00 44.00
68.00 111.00 36.00 45.00
68.00 111.00 35.00 44.00
67.00 110.00 35.00 44.00
67.00 110.00 35.00 44.00
66.00 109.00 35.00 44.00
65.00 108.00 35.00 44.00
64.00 107.00 35.00 45.00
64.00 106.00 35.00 45.00
63.00 105.00 35.00 45.00
62.00 104.00 35.00 45.00
62.00 103.00 35.00 45.00
62.00 102.00 35.00 44.00
61.00 101.00 36.00 45.00
62.00 101.00 36.00 45.00
65.00 100.00 36.00 45.00
67.00 100.00 36.00 45.00
69.00 99.00 36.00 45.00
71.00 98.00 36.00 45.00
72.00 97.00 36.00 45.00
73.00 97.00 36.00 45.00
74.00 96.00 36.00 45.00
73.00 95.00 37.00 46.00
73.00 95.00 37.00 46.00
75.00 95.00 37.00 46.00
76.00 94.00 37.00 47.00
77.00 93.00 37.00 47.00
79.00 92.00 37.00 47.00
81.00 92.00 37.00 47.00
84.00 93.00 37.00 47.00
85.00 92.00 38.00 48.00
87.00 93.00 38.00 48.00
90.00 95.00 38.00 48.00
92.00 97.00 38.00 49.00
94.00 100.00 38.00 48.00
98.00 103.00 38.00 48.00
100.00 105.00 39.00 49.00
100.00 105.00 40.00 50.00
103.00 106.00 40.00 50.00
106.00 108.00 40.00 50.00
110.00 113.00 39.00 50.00
114.00 118.00 39.00 50.00
115.00 119.00 40.00 51.00
114.00 117.00 41.00 51.00
114.00 116.00 41.00 52.00
113.00 114.00 42.00 53.00
111.00 112.00 42.00 53.00
108.00 109.00 43.00 54.00
106.00 106.00 43.00 55.00
103.00 104.00 44.00 55.00
99.00 103.00 44.00 55.00
94.00 102.00 44.00 56.00
89.00 100.00 45.00 57.00
83.00 96.00 46.00 58.00
79.00 94.00 46.00 59.00
75.00 94.00 46.00 58.00
71.00 94.00 46.00 58.00
68.00 92.00 46.00 58.00
68.00 93.00 45.00 57.00
70.00 93.00 45.00 56.00
75.00 96.00 44.00 56.00
79.00 98.00 44.00 56.00
83.00 99.00 44.00 55.00
86.00 100.00 44.00 55.00
89.00 103.00 43.00 55.00
91.00 106.00 43.00 54.00
92.00 108.00 44.00 55.00
94.00 111.00 44.00 55.00
96.00 113.00 44.00 55.00
98.00 115.00 43.00 55.00
100.00 116.00 43.00 55.00
102.00 116.00 44.00 55.00
104.00 115.00 43.00 55.00
106.00 113.00 43.00 55.00
109.00 112.00 43.00 54.00
112.00 109.00 42.00 53.00
113.00 104.00 42.00 54.00
115.00 101.00 42.00 53.00
116.00 96.00 42.00 54.00
117.00 93.00 42.00 53.00
116.00 90.00 42.00 53.00
114.00 86.00 42.00 53.00
113.00 83.00 43.00 54.00
111.00 80.00 42.00 54.00
107.00 77.00 43.00 54.00
103.00 72.00 43.00 54.00
101.00 70.00 43.00 54.00
99.00 67.00 43.00 55.00
95.00 64.00 44.00 55.00
92.00 62.00 43.00 55.00
90.00 61.00 44.00 55.00
88.00 61.00 43.00 55.00
88.00 62.00 43.00 55.00
87.00 63.00 43.00 55.00
86.00 64.00 44.00 55.00
84.00 66.00 44.00 55.00
83.00 68.00 44.00 55.00
82.00 69.00 44.00 55.00
81.00 71.00 44.00 55.00
79.00 72.00 44.00 56.00
77.00 74.00 45.00 56.00
75.00 77.00 45.00 57.00
74.00 79.00 46.00 57.00
75.00 82.00 45.00 57.00
75.00 83.00 46.00 58.00
77.00 86.00 46.00 58.00
79.00 87.00 47.00 59.00
81.00 88.00 46.00 59.00
84.00 89.00 47.00 59.00
