260.00 308.00 44.00 66.00
263.00 307.00 44.00 67.00
267.00 310.00 43.00 65.00
270.00 311.00 44.00 66.00
273.00 312.00 45.00 68.00
279.00 310.00 45.00 67.00
283.00 304.00 45.00 68.00
287.00 302.00 45.00 67.00
287.00 300.00 45.00 67.00
288.00 300.00 44.00 67.00
289.00 301.00 44.00 66.00
289.00 302.00 43.00 64.00
290.00 302.00 42.00 64.00
290.00 300.00 43.00 64.00
290.00 297.00 43.00 64.00
290.00 292.00 42.00 64.00
287.00 284.00 42.00 63.00
282.00 283.00 42.00 63.00
274.00 276.00 42.00 63.00
266.00 274.00 41.00 61.00
263.00 275.00 39.00 59.00
262.00 272.00 39.00 58.00
265.00 274.00 38.00 57.00
270.00 275.00 38.00 57.00
272.00 274.00 39.00 58.00
273.00 274.00 39.00 59.00
278.00 275.00 39.00 59.00
283.00 276.00 40.00 60.00
286.00 276.00 40.00 60.00
278.00 277.00 40.00 60.00
287.00 270.00 41.00 61.00
291.00 276.00 41.00 62.00
295.00 272.00 41.00 62.00
297.00 265.00 42.00 63.00
297.00 292.00 42.00 62.00
302.00 290.00 43.00 64.00
302.00 289.00 43.00 65.00
301.00 289.00 43.00 65.00
298.00 290.00 44.00 65.00
297.00 265.00 43.00 65.00
294.00 274.00 43.00 65.00
293.00 287.00 43.00 65.00
294.00 291.00 43.00 64.00
298.00 296.00 42.00 64.00
301.00 301.00 42.00 63.00
301.00 298.00 41.00 62.00
300.00 295.00 41.00 62.00
299.00 294.00 41.00 62.00
298.00 293.00 41.00 62.00
295.00 292.00 42.00 63.00
294.00 293.00 42.00 63.00
294.00 294.00 42.00 63.00
296.00 296.00 41.00 62.00
298.00 297.00 41.00 62.00
299.00 297.00 41.00 61.00
299.00 298.00 41.00 62.00
298.00 298.00 41.00 62.00
297.00 298.00 41.00 62.00
295.00 300.00 41.00 62.00
293.00 300.00 41.00 62.00
293.00 300.00 41.00 62.00
293.00 301.00 42.00 62.00
292.00 300.00 42.00 62.00
291.00 300.00 42.00 62.00
290.00 302.00 42.00 63.00
291.00 302.00 42.00 63.00
290.00 301.00 42.00 63.00
290.00 299.00 42.00 63.00
287.00 296.00 42.00 63.00
285.00 294.00 42.00 63.00
284.00 291.00 42.00 63.00
283.00 290.00 42.00 64.00
283.00 286.00 42.00 64.00
283.00 284.00 42.00 64.00
284.00 284.00 42.00 64.00
283.00 283.00 43.00 64.00
283.00 284.00 43.00 64.00
283.00 285.00 42.00 64.00
281.00 284.00 42.00 64.00
281.00 285.00 43.00 64.00
282.00 288.00 42.00 63.00
283.00 288.00 42.00 63.00
282.00 286.00 42.00 63.00
281.00 285.00 41.00 62.00
280.00 282.00 42.00 62.00
277.00 279.00 41.00 62.00
275.00 276.00 41.00 62.00
274.00 271.00 41.00 62.00
273.00 269.00 41.00 62.00
271.00 266.00 41.00 62.00
271.00 266.00 41.00 62.00
271.00 265.00 41.00 62.00
271.00 263.00 40.00 61.00
271.00 262.00 40.00 60.00
271.00 262.00 40.00 60.00
271.00 263.00 40.00 60.00
272.00 263.00 40.00 60.00
271.00 264.00 40.00 60.00
272.00 268.00 40.00 61.00
272.00 271.00 40.00 61.00
274.00 274.00 41.00 61.00
275.00 280.00 40.00 61.00
276.00 282.00 40.00 61.00
279.00 282.00 41.00 61.00
281.00 287.00 41.00 61.00
282.00 288.00 40.00 60.00
284.00 290.00 40.00 60.00
286.00 291.00 40.00 60.00
288.00 292.00 40.00 60.00
290.00 292.00 40.00 60.00
293.00 292.00 40.00 60.00
294.00 292.00 40.00 60.00
295.00 293.00 40.00 61.00
295.00 292.00 41.00 61.00
295.00 291.00 41.00 61.00
294.00 292.00 41.00 62.00
293.00 292.00 41.00 62.00
292.00 292.00 41.00 61.00
290.00 291.00 41.00 61.00
288.00 291.00 40.00 61.00
286.00 289.00 40.00 60.00
285.00 288.00 40.00 60.00
284.00 287.00 40.00 60.00
283.00 287.00 40.00 59.00
282.00 286.00 39.00 59.00
282.00 286.00 39.00 59.00
281.00 285.00 39.00 59.00
282.00 286.00 39.00 59.00
281.00 285.00 39.00 59.00
281.00 286.00 39.00 58.00
280.00 285.00 39.00 59.00
280.00 285.00 39.00 59.00
280.00 285.00 39.00 59.00
280.00 286.00 39.00 59.00
279.00 286.00 39.00 59.00
278.00 286.00 39.00 59.00
278.00 286.00 39.00 59.00
278.00 286.00 39.00 59.00
278.00 287.00 39.00 59.00
277.00 287.00 39.00 59.00
277.00 287.00 39.00 59.00
276.00 287.00 39.00 59.00
277.00 287.00 40.00 59.00
276.00 287.00 40.00 60.00
276.00 286.00 40.00 60.00
276.00 287.00 40.00 60.00
275.00 287.00 40.00 60.00
274.00 286.00 40.00 60.00
274.00 285.00 40.00 60.00
273.00 285.00 40.00 60.00
273.00 286.00 40.00 60.00
273.00 286.00 40.00 60.00
272.00 285.00 40.00 60.00
272.00 284.00 40.00 60.00
272.00 285.00 40.00 59.00
272.00 284.00 39.00 59.00
272.00 284.00 39.00 58.00
270.00 283.00 39.00 59.00
270.00 282.00 39.00 58.00
269.00 278.00 39.00 59.00
268.00 274.00 39.00 59.00
269.00 267.00 40.00 60.00
267.00 261.00 40.00 60.00
263.00 257.00 40.00 60.00
260.00 256.00 41.00 61.00
258.00 257.00 42.00 62.00
256.00 261.00 42.00 63.00
254.00 267.00 42.00 63.00
253.00 275.00 42.00 64.00
252.00 280.00 42.00 63.00
253.00 285.00 42.00 63.00
253.00 288.00 42.00 62.00
253.00 290.00 41.00 62.00
253.00 291.00 41.00 62.00
251.00 295.00 41.00 62.00
250.00 299.00 41.00 62.00
249.00 302.00 41.00 61.00
250.00 305.00 41.00 61.00
251.00 303.00 41.00 61.00
252.00 300.00 41.00 61.00
252.00 298.00 41.00 61.00
253.00 297.00 41.00 62.00
252.00 296.00 41.00 62.00
252.00 298.00 41.00 62.00
251.00 299.00 41.00 62.00
252.00 300.00 41.00 62.00
252.00 300.00 41.00 62.00
252.00 299.00 41.00 62.00
251.00 298.00 41.00 61.00
251.00 298.00 41.00 61.00
250.00 297.00 41.00 61.00
251.00 298.00 40.00 61.00
251.00 298.00 40.00 60.00
252.00 297.00 40.00 61.00
252.00 296.00 41.00 61.00
252.00 296.00 41.00 62.00
252.00 295.00 41.00 62.00
252.00 295.00 41.00 62.00
253.00 295.00 42.00 63.00
254.00 294.00 42.00 63.00
255.00 295.00 42.00 64.00
255.00 295.00 43.00 64.00
255.00 295.00 43.00 64.00
256.00 295.00 43.00 64.00
257.00 296.00 43.00 65.00
257.00 297.00 43.00 65.00
257.00 296.00 44.00 65.00
259.00 297.00 44.00 66.00
259.00 296.00 44.00 66.00
259.00 297.00 44.00 66.00
259.00 297.00 44.00 66.00
260.00 299.00 44.00 66.00
260.00 299.00 44.00 66.00
259.00 299.00 44.00 66.00
259.00 299.00 44.00 66.00
259.00 300.00 44.00 66.00
259.00 300.00 44.00 66.00
258.00 300.00 44.00 66.00
257.00 300.00 44.00 66.00
257.00 301.00 44.00 66.00
256.00 301.00 44.00 66.00
255.00 301.00 44.00 66.00
255.00 301.00 44.00 66.00
254.00 301.00 44.00 66.00
254.00 302.00 44.00 65.00
253.00 302.00 44.00 66.00
252.00 302.00 44.00 66.00
252.00 303.00 44.00 66.00
251.00 302.00 44.00 66.00
251.00 303.00 44.00 66.00
250.00 302.00 44.00 66.00
251.00 302.00 44.00 66.00
250.00 301.00 44.00 65.00
249.00 300.00 44.00 66.00
249.00 299.00 43.00 65.00
249.00 299.00 43.00 65.00
249.00 299.00 43.00 65.00
248.00 299.00 43.00 64.00
248.00 299.00 43.00 64.00
248.00 300.00 43.00 64.00
248.00 300.00 43.00 64.00
248.00 300.00 43.00 64.00
249.00 301.00 43.00 64.00
249.00 301.00 43.00 64.00
248.00 301.00 43.00 64.00
249.00 301.00 43.00 64.00
249.00 301.00 43.00 64.00
249.00 301.00 43.00 64.00
248.00 300.00 43.00 64.00
248.00 300.00 43.00 64.00
247.00 300.00 43.00 64.00
247.00 301.00 42.00 63.00
248.00 302.00 42.00 63.00
247.00 302.00 42.00 64.00
247.00 302.00 42.00 63.00
246.00 301.00 42.00 63.00
245.00 301.00 42.00 63.00
245.00 302.00 42.00 63.00
245.00 302.00 42.00 63.00
244.00 301.00 42.00 64.00
245.00 302.00 42.00 63.00
244.00 301.00 42.00 63.00
245.00 301.00 42.00 63.00
245.00 301.00 42.00 63.00
245.00 301.00 42.00 63.00
245.00 302.00 42.00 63.00
245.00 301.00 42.00 63.00
245.00 302.00 42.00 63.00
245.00 303.00 42.00 63.00
245.00 302.00 42.00 63.00
245.00 302.00 42.00 63.00
245.00 303.00 42.00 62.00
244.00 302.00 41.00 62.00
243.00 302.00 41.00 62.00
241.00 302.00 42.00 63.00
240.00 303.00 42.00 63.00
239.00 303.00 42.00 63.00
239.00 303.00 42.00 63.00
238.00 302.00 42.00 62.00
237.00 302.00 42.00 63.00
236.00 304.00 41.00 62.00
235.00 304.00 42.00 62.00
234.00 303.00 41.00 62.00
234.00 304.00 41.00 62.00
233.00 304.00 41.00 62.00
233.00 305.00 41.00 62.00
233.00 306.00 41.00 62.00
234.00 307.00 41.00 62.00
234.00 308.00 41.00 62.00
235.00 308.00 41.00 62.00
235.00 308.00 41.00 61.00
235.00 308.00 41.00 62.00
236.00 308.00 41.00 61.00
237.00 308.00 41.00 62.00
239.00 308.00 41.00 61.00
239.00 307.00 41.00 61.00
241.00 308.00 41.00 61.00
242.00 308.00 41.00 62.00
243.00 308.00 41.00 62.00
243.00 307.00 41.00 62.00
243.00 308.00 41.00 62.00
244.00 309.00 41.00 61.00
244.00 308.00 41.00 62.00
244.00 309.00 41.00 62.00
244.00 308.00 42.00 62.00
245.00 308.00 42.00 63.00
247.00 308.00 42.00 62.00
248.00 308.00 41.00 62.00
248.00 308.00 41.00 62.00
248.00 309.00 41.00 62.00
249.00 309.00 41.00 62.00
249.00 309.00 41.00 62.00
251.00 310.00 41.00 62.00
252.00 310.00 41.00 62.00
253.00 310.00 41.00 62.00
255.00 310.00 40.00 61.00
256.00 311.00 40.00 61.00
258.00 312.00 40.00 60.00
259.00 311.00 40.00 60.00
261.00 311.00 40.00 61.00
263.00 311.00 40.00 60.00
265.00 310.00 40.00 60.00
266.00 308.00 40.00 60.00
268.00 304.00 40.00 60.00
270.00 301.00 39.00 59.00
271.00 296.00 39.00 59.00
273.00 291.00 39.00 58.00
274.00 286.00 38.00 58.00
275.00 283.00 38.00 57.00
276.00 279.00 38.00 56.00
275.00 276.00 37.00 55.00
276.00 276.00 37.00 55.00
277.00 273.00 36.00 54.00
277.00 270.00 36.00 54.00
277.00 266.00 36.00 53.00
276.00 263.00 35.00 53.00
273.00 261.00 35.00 53.00
272.00 257.00 35.00 53.00
