89.00 113.00 26.00 19.00
90.00 109.00 26.00 19.00
90.00 105.00 26.00 19.00
91.00 105.00 26.00 19.00
94.00 106.00 24.00 18.00
98.00 107.00 24.00 17.00
101.00 109.00 24.00 17.00
104.00 111.00 24.00 18.00
107.00 115.00 24.00 17.00
111.00 119.00 24.00 17.00
114.00 122.00 24.00 17.00
117.00 125.00 23.00 17.00
118.00 127.00 24.00 18.00
120.00 128.00 24.00 18.00
120.00 128.00 24.00 18.00
122.00 129.00 24.00 17.00
122.00 128.00 24.00 18.00
123.00 128.00 24.00 17.00
121.00 126.00 24.00 17.00
118.00 124.00 24.00 17.00
117.00 124.00 24.00 18.00
114.00 123.00 24.00 18.00
112.00 123.00 24.00 18.00
108.00 120.00 24.00 17.00
106.00 118.00 24.00 17.00
106.00 119.00 24.00 17.00
107.00 120.00 23.00 17.00
107.00 120.00 24.00 17.00
109.00 123.00 23.00 17.00
111.00 124.00 23.00 17.00
113.00 127.00 23.00 17.00
117.00 128.00 23.00 16.00
121.00 131.00 22.00 16.00
126.00 132.00 22.00 16.00
131.00 135.00 22.00 16.00
134.00 133.00 22.00 16.00
137.00 133.00 22.00 16.00
146.00 137.00 22.00 16.00
147.00 137.00 23.00 16.00
147.00 137.00 23.00 17.00
139.00 140.00 23.00 16.00
137.00 141.00 22.00 16.00
141.00 141.00 23.00 17.00
138.00 141.00 23.00 17.00
138.00 143.00 23.00 17.00
133.00 135.00 23.00 17.00
130.00 144.00 23.00 17.00
119.00 133.00 23.00 17.00
119.00 132.00 23.00 17.00
118.00 132.00 24.00 17.00
121.00 129.00 24.00 17.00
123.00 122.00 24.00 17.00
113.00 117.00 24.00 17.00
103.00 113.00 24.00 17.00
93.00 109.00 24.00 17.00
83.00 105.00 24.00 17.00
73.00 100.00 24.00 17.00
64.00 97.00 24.00 17.00
54.00 93.00 24.00 17.00
46.00 89.00 24.00 17.00
38.00 85.00 24.00 17.00
29.00 81.00 24.00 17.00
17.00 78.00 24.00 17.00
6.00 77.00 24.00 17.00
13.00 87.00 24.00 18.00
2.00 87.00 24.00 18.00
-6.00 87.00 24.00 18.00
4.00 75.00 24.00 18.00
-5.00 76.00 24.00 18.00
9.00 62.00 24.00 18.00
12.00 60.00 24.00 18.00
4.00 60.00 24.00 18.00
-5.00 61.00 24.00 18.00
-2.00 75.00 25.00 18.00
-4.00 92.00 24.00 18.00
5.00 84.00 25.00 18.00
10.00 89.00 25.00 18.00
13.00 78.00 25.00 18.00
6.00 75.00 25.00 18.00
11.00 68.00 25.00 18.00
3.00 65.00 25.00 18.00
-5.00 62.00 25.00 18.00
11.00 64.00 25.00 18.00
2.00 60.00 25.00 19.00
1.00 55.00 26.00 19.00
11.00 42.00 26.00 19.00
16.00 40.00 25.00 19.00
8.00 38.00 25.00 18.00
-4.00 36.00 25.00 18.00
16.00 32.00 25.00 18.00
30.00 48.00 25.00 18.00
19.00 48.00 25.00 18.00
8.00 47.00 25.00 18.00
-3.00 47.00 25.00 18.00
-1.00 45.00 25.00 18.00
-7.00 52.00 25.00 18.00
6.00 62.00 25.00 18.00
26.00 60.00 25.00 18.00
14.00 57.00 25.00 18.00
0.00 57.00 25.00 19.00
-4.00 51.00 25.00 19.00
-5.00 40.00 25.00 19.00
-14.00 39.00 26.00 19.00
-0.00 48.00 26.00 19.00
-4.00 54.00 26.00 19.00
-3.00 61.00 26.00 19.00
16.00 63.00 26.00 19.00
18.00 63.00 26.00 19.00
14.00 46.00 26.00 19.00
4.00 45.00 26.00 19.00
-6.00 44.00 26.00 19.00
4.00 35.00 26.00 19.00
