287.00 446.00 99.00 96.00
286.00 447.00 98.00 95.00
288.00 447.00 96.00 93.00
295.00 443.00 94.00 91.00
307.00 434.00 92.00 89.00
320.00 397.00 94.00 91.00
321.00 355.00 95.00 92.00
317.00 315.00 94.00 91.00
306.00 275.00 99.00 96.00
288.00 254.00 101.00 98.00
283.00 260.00 100.00 97.00
282.00 286.00 104.00 101.00
286.00 335.00 104.00 100.00
258.00 399.00 102.00 99.00
254.00 428.00 100.00 97.00
242.00 435.00 99.00 96.00
239.00 439.00 97.00 94.00
242.00 439.00 94.00 91.00
243.00 437.00 93.00 90.00
245.00 434.00 92.00 89.00
249.00 432.00 90.00 88.00
245.00 427.00 90.00 87.00
249.00 432.00 90.00 87.00
258.00 437.00 89.00 86.00
274.00 418.00 89.00 87.00
300.00 413.00 91.00 88.00
350.00 480.00 91.00 88.00
359.00 519.00 91.00 88.00
350.00 532.00 90.00 87.00
374.00 540.00 90.00 88.00
371.00 526.00 91.00 88.00
368.00 509.00 92.00 89.00
368.00 515.00 92.00 90.00
376.00 513.00 92.00 89.00
363.00 474.00 92.00 89.00
334.00 432.00 93.00 90.00
338.00 367.00 92.00 90.00
315.00 408.00 93.00 90.00
285.00 439.00 90.00 87.00
295.00 414.00 88.00 85.00
311.00 401.00 88.00 85.00
320.00 398.00 86.00 84.00
328.00 426.00 85.00 82.00
322.00 431.00 84.00 81.00
303.00 422.00 83.00 80.00
279.00 419.00 84.00 81.00
269.00 430.00 84.00 81.00
273.00 444.00 83.00 81.00
267.00 449.00 84.00 82.00
256.00 437.00 84.00 82.00
249.00 424.00 84.00 82.00
248.00 414.00 84.00 81.00
249.00 438.00 83.00 81.00
271.00 433.00 83.00 80.00
290.00 413.00 83.00 81.00
304.00 410.00 85.00 82.00
335.00 462.00 85.00 82.00
341.00 497.00 86.00 83.00
340.00 510.00 87.00 85.00
341.00 510.00 89.00 86.00
339.00 505.00 89.00 86.00
332.00 498.00 90.00 87.00
344.00 510.00 90.00 87.00
355.00 491.00 88.00 85.00
347.00 447.00 89.00 86.00
313.00 409.00 89.00 86.00
282.00 409.00 89.00 86.00
269.00 415.00 87.00 85.00
268.00 418.00 87.00 84.00
270.00 418.00 86.00 83.00
268.00 415.00 85.00 82.00
266.00 418.00 84.00 82.00
266.00 432.00 84.00 81.00
263.00 434.00 83.00 81.00
257.00 433.00 84.00 81.00
254.00 433.00 84.00 81.00
251.00 434.00 84.00 81.00
251.00 434.00 84.00 82.00
252.00 433.00 85.00 82.00
249.00 429.00 85.00 83.00
245.00 429.00 86.00 83.00
249.00 433.00 85.00 83.00
273.00 419.00 85.00 82.00
305.00 400.00 84.00 82.00
376.00 409.00 84.00 82.00
448.00 469.00 86.00 83.00
438.00 503.00 87.00 84.00
384.00 545.00 87.00 84.00
374.00 539.00 88.00 85.00
352.00 523.00 88.00 85.00
356.00 526.00 88.00 86.00
370.00 522.00 87.00 84.00
360.00 480.00 87.00 84.00
333.00 436.00 87.00 84.00
279.00 416.00 88.00 85.00
271.00 437.00 88.00 85.00
286.00 443.00 85.00 83.00
300.00 418.00 84.00 81.00
315.00 400.00 85.00 82.00
324.00 396.00 86.00 83.00
329.00 422.00 85.00 82.00
323.00 435.00 84.00 82.00
304.00 427.00 83.00 81.00
281.00 425.00 83.00 80.00
264.00 430.00 82.00 80.00
263.00 446.00 83.00 80.00
263.00 449.00 83.00 81.00
259.00 441.00 83.00 81.00
253.00 431.00 84.00 81.00
249.00 427.00 85.00 82.00
261.00 445.00 86.00 83.00
282.00 446.00 84.00 82.00
296.00 414.00 84.00 82.00
313.00 402.00 84.00 82.00
351.00 452.00 84.00 81.00
353.00 486.00 83.00 81.00
349.00 506.00 84.00 82.00
344.00 507.00 85.00 83.00
336.00 499.00 86.00 84.00
332.00 494.00 88.00 85.00
344.00 510.00 87.00 84.00
366.00 502.00 85.00 83.00
361.00 452.00 86.00 83.00
330.00 410.00 86.00 83.00
296.00 405.00 85.00 82.00
277.00 415.00 84.00 82.00
273.00 422.00 83.00 81.00
272.00 424.00 83.00 80.00
266.00 421.00 83.00 80.00
259.00 419.00 83.00 81.00
260.00 434.00 83.00 81.00
260.00 437.00 83.00 81.00
256.00 431.00 84.00 81.00
254.00 429.00 84.00 82.00
252.00 430.00 85.00 82.00
251.00 434.00 85.00 82.00
252.00 435.00 86.00 83.00
252.00 435.00 86.00 83.00
250.00 433.00 86.00 84.00
252.00 436.00 87.00 84.00
267.00 427.00 86.00 83.00
306.00 421.00 84.00 81.00
345.00 441.00 83.00 81.00
358.00 453.00 84.00 81.00
374.00 505.00 84.00 81.00
363.00 522.00 86.00 83.00
358.00 522.00 87.00 85.00
353.00 515.00 88.00 85.00
349.00 513.00 89.00 86.00
362.00 531.00 88.00 86.00
367.00 514.00 88.00 85.00
352.00 467.00 88.00 86.00
309.00 424.00 89.00 87.00
269.00 420.00 89.00 86.00
278.00 450.00 89.00 86.00
288.00 437.00 87.00 85.00
298.00 407.00 87.00 84.00
309.00 387.00 87.00 84.00
321.00 395.00 87.00 84.00
330.00 432.00 86.00 84.00
315.00 428.00 85.00 82.00
298.00 426.00 84.00 82.00
283.00 429.00 84.00 82.00
274.00 440.00 84.00 81.00
272.00 448.00 84.00 82.00
271.00 448.00 85.00 82.00
267.00 442.00 86.00 83.00
261.00 437.00 87.00 84.00
269.00 449.00 86.00 84.00
284.00 445.00 85.00 82.00
315.00 450.00 85.00 82.00
334.00 461.00 85.00 82.00
342.00 487.00 85.00 83.00
335.00 504.00 86.00 83.00
333.00 508.00 87.00 84.00
330.00 506.00 88.00 85.00
327.00 501.00 89.00 86.00
334.00 506.00 89.00 87.00
352.00 501.00 88.00 85.00
345.00 459.00 86.00 84.00
309.00 411.00 85.00 82.00
267.00 400.00 85.00 82.00
251.00 412.00 84.00 81.00
248.00 419.00 84.00 81.00
243.00 416.00 83.00 80.00
234.00 411.00 83.00 80.00
233.00 414.00 83.00 80.00
253.00 426.00 83.00 80.00
268.00 420.00 83.00 80.00
273.00 410.00 84.00 81.00
278.00 423.00 85.00 83.00
277.00 443.00 85.00 82.00
271.00 450.00 85.00 82.00
270.00 451.00 85.00 83.00
269.00 447.00 86.00 83.00
264.00 439.00 85.00 83.00
261.00 441.00 85.00 83.00
273.00 450.00 84.00 82.00
292.00 432.00 82.00 80.00
311.00 404.00 81.00 78.00
329.00 396.00 80.00 78.00
339.00 425.00 80.00 77.00
322.00 427.00 79.00 77.00
295.00 413.00 79.00 77.00
260.00 402.00 80.00 78.00
238.00 398.00 80.00 78.00
239.00 435.00 81.00 78.00
256.00 435.00 80.00 77.00
274.00 423.00 80.00 77.00
311.00 437.00 79.00 76.00
353.00 483.00 77.00 75.00
364.00 515.00 77.00 75.00
358.00 520.00 78.00 76.00
355.00 516.00 79.00 77.00
350.00 512.00 80.00 78.00
349.00 516.00 80.00 78.00
361.00 524.00 80.00 78.00
371.00 511.00 80.00 77.00
376.00 512.00 81.00 79.00
366.00 501.00 82.00 79.00
343.00 487.00 82.00 79.00
341.00 510.00 82.00 79.00
343.00 524.00 83.00 81.00
343.00 524.00 85.00 82.00
347.00 529.00 85.00 83.00
348.00 531.00 87.00 84.00
351.00 530.00 88.00 85.00
354.00 528.00 89.00 86.00
358.00 524.00 90.00 87.00
358.00 520.00 90.00 87.00
361.00 520.00 90.00 87.00
364.00 519.00 89.00 86.00
365.00 516.00 88.00 86.00
364.00 513.00 89.00 86.00
362.00 510.00 89.00 87.00
365.00 517.00 88.00 85.00
376.00 515.00 87.00 84.00
365.00 475.00 87.00 85.00
317.00 417.00 87.00 85.00
261.00 381.00 87.00 84.00
229.00 378.00 86.00 84.00
225.00 389.00 85.00 82.00
224.00 393.00 83.00 81.00
220.00 390.00 83.00 80.00
211.00 385.00 82.00 80.00
218.00 396.00 82.00 79.00
231.00 391.00 80.00 78.00
249.00 378.00 81.00 78.00
260.00 378.00 81.00 78.00
261.00 397.00 80.00 78.00
258.00 426.00 79.00 77.00
252.00 431.00 79.00 77.00
250.00 428.00 80.00 78.00
248.00 422.00 80.00 78.00
241.00 412.00 80.00 78.00
251.00 429.00 81.00 79.00
268.00 426.00 80.00 77.00
301.00 431.00 80.00 78.00
329.00 453.00 79.00 77.00
349.00 485.00 79.00 77.00
359.00 518.00 79.00 77.00
355.00 529.00 80.00 77.00
350.00 526.00 81.00 78.00
345.00 518.00 82.00 79.00
347.00 519.00 82.00 80.00
364.00 531.00 81.00 79.00
368.00 512.00 82.00 80.00
339.00 468.00 84.00 81.00
294.00 431.00 84.00 82.00
262.00 431.00 84.00 82.00
273.00 445.00 84.00 81.00
281.00 426.00 83.00 80.00
290.00 403.00 83.00 80.00
300.00 396.00 83.00 80.00
318.00 423.00 83.00 81.00
318.00 439.00 83.00 81.00
300.00 432.00 83.00 80.00
280.00 429.00 83.00 81.00
262.00 434.00 83.00 81.00
260.00 452.00 84.00 81.00
256.00 454.00 85.00 82.00
249.00 443.00 85.00 83.00
240.00 431.00 86.00 84.00
235.00 426.00 87.00 84.00
250.00 450.00 88.00 85.00
270.00 458.00 87.00 84.00
287.00 453.00 87.00 85.00
300.00 453.00 87.00 84.00
316.00 471.00 87.00 84.00
328.00 498.00 87.00 84.00
327.00 509.00 88.00 85.00
327.00 510.00 88.00 85.00
324.00 505.00 88.00 86.00
324.00 501.00 90.00 87.00
336.00 511.00 88.00 86.00
351.00 493.00 87.00 84.00
340.00 453.00 86.00 83.00
303.00 416.00 85.00 83.00
275.00 418.00 84.00 81.00
266.00 430.00 82.00 80.00
265.00 433.00 82.00 79.00
262.00 430.00 81.00 79.00
258.00 425.00 81.00 79.00
256.00 429.00 82.00 80.00
259.00 441.00 83.00 80.00
258.00 441.00 83.00 81.00
258.00 438.00 83.00 81.00
255.00 436.00 84.00 81.00
251.00 435.00 83.00 81.00
249.00 434.00 83.00 80.00
249.00 434.00 83.00 80.00
246.00 433.00 83.00 80.00
241.00 433.00 83.00 80.00
244.00 435.00 84.00 82.00
263.00 428.00 84.00 82.00
295.00 414.00 84.00 81.00
300.00 448.00 84.00 82.00
364.00 505.00 84.00 81.00
363.00 519.00 84.00 81.00
356.00 527.00 85.00 82.00
355.00 527.00 85.00 82.00
352.00 522.00 86.00 83.00
354.00 520.00 87.00 84.00
369.00 528.00 85.00 82.00
375.00 507.00 84.00 82.00
349.00 454.00 84.00 82.00
299.00 408.00 85.00 82.00
267.00 421.00 85.00 82.00
277.00 444.00 83.00 81.00
286.00 427.00 82.00 79.00
298.00 405.00 82.00 80.00
311.00 398.00 83.00 80.00
328.00 419.00 83.00 81.00
319.00 428.00 81.00 79.00
303.00 425.00 80.00 78.00
279.00 430.00 79.00 77.00
259.00 438.00 80.00 77.00
255.00 456.00 80.00 77.00
252.00 457.00 80.00 78.00
248.00 447.00 81.00 79.00
242.00 436.00 83.00 80.00
240.00 429.00 84.00 81.00
254.00 443.00 83.00 81.00
278.00 448.00 82.00 79.00
308.00 440.00 81.00 79.00
326.00 446.00 82.00 79.00
339.00 460.00 82.00 80.00
343.00 492.00 81.00 79.00
335.00 507.00 82.00 79.00
329.00 510.00 83.00 81.00
326.00 508.00 85.00 82.00
323.00 502.00 87.00 84.00
332.00 509.00 87.00 84.00
352.00 503.00 85.00 83.00
348.00 459.00 85.00 83.00
318.00 416.00 84.00 82.00
286.00 407.00 84.00 81.00
272.00 417.00 83.00 80.00
272.00 426.00 81.00 79.00
271.00 426.00 80.00 78.00
265.00 421.00 81.00 78.00
257.00 418.00 81.00 79.00
258.00 431.00 82.00 80.00
260.00 439.00 82.00 80.00
257.00 433.00 82.00 80.00
255.00 432.00 83.00 80.00
251.00 435.00 83.00 80.00
248.00 438.00 83.00 81.00
248.00 440.00 84.00 81.00
248.00 440.00 84.00 82.00
245.00 438.00 84.00 81.00
244.00 439.00 84.00 82.00
253.00 440.00 83.00 81.00
283.00 438.00 83.00 81.00
320.00 462.00 81.00 79.00
350.00 496.00 80.00 78.00
366.00 508.00 81.00 79.00
365.00 525.00 81.00 78.00
362.00 526.00 82.00 79.00
359.00 522.00 84.00 81.00
354.00 514.00 85.00 82.00
357.00 521.00 86.00 83.00
367.00 521.00 85.00 82.00
359.00 488.00 86.00 83.00
323.00 439.00 86.00 84.00
276.00 415.00 86.00 83.00
268.00 436.00 86.00 83.00
281.00 443.00 83.00 81.00
293.00 420.00 82.00 79.00
303.00 401.00 81.00 79.00
317.00 402.00 81.00 78.00
332.00 437.00 81.00 79.00
328.00 443.00 81.00 78.00
317.00 448.00 81.00 78.00
309.00 463.00 80.00 78.00
305.00 480.00 80.00 78.00
301.00 487.00 81.00 79.00
301.00 484.00 82.00 80.00
301.00 476.00 83.00 80.00
293.00 463.00 84.00 81.00
291.00 464.00 84.00 82.00
