282.00 297.00 51.00 29.00
282.00 296.00 51.00 29.00
282.00 295.00 52.00 29.00
282.00 294.00 51.00 29.00
282.00 293.00 51.00 29.00
281.00 291.00 51.00 29.00
282.00 291.00 51.00 29.00
282.00 290.00 51.00 29.00
281.00 287.00 51.00 29.00
282.00 286.00 51.00 29.00
283.00 285.00 50.00 29.00
282.00 283.00 51.00 29.00
283.00 283.00 50.00 28.00
283.00 282.00 50.00 28.00
284.00 280.00 49.00 28.00
285.00 278.00 50.00 28.00
286.00 276.00 50.00 28.00
287.00 273.00 49.00 28.00
287.00 274.00 50.00 28.00
287.00 271.00 49.00 28.00
288.00 269.00 50.00 28.00
287.00 266.00 50.00 29.00
288.00 265.00 50.00 29.00
288.00 262.00 51.00 29.00
288.00 263.00 51.00 29.00
289.00 259.00 51.00 29.00
290.00 255.00 50.00 29.00
291.00 250.00 51.00 29.00
293.00 246.00 50.00 28.00
295.00 242.00 49.00 28.00
296.00 242.00 48.00 27.00
297.00 239.00 48.00 27.00
299.00 236.00 47.00 27.00
301.00 235.00 47.00 27.00
302.00 233.00 47.00 27.00
302.00 232.00 46.00 26.00
303.00 232.00 46.00 26.00
304.00 232.00 46.00 26.00
305.00 231.00 46.00 26.00
305.00 230.00 46.00 26.00
306.00 230.00 45.00 26.00
307.00 230.00 46.00 26.00
306.00 230.00 46.00 26.00
307.00 229.00 46.00 26.00
307.00 229.00 46.00 26.00
307.00 229.00 45.00 26.00
308.00 230.00 44.00 25.00
308.00 232.00 44.00 25.00
309.00 233.00 44.00 25.00
308.00 235.00 45.00 26.00
307.00 237.00 45.00 26.00
305.00 240.00 46.00 26.00
303.00 242.00 45.00 26.00
302.00 245.00 45.00 26.00
302.00 246.00 46.00 26.00
300.00 249.00 46.00 26.00
298.00 253.00 46.00 26.00
295.00 256.00 46.00 26.00
294.00 261.00 46.00 26.00
292.00 266.00 45.00 26.00
292.00 266.00 46.00 26.00
290.00 272.00 45.00 26.00
288.00 279.00 45.00 26.00
286.00 285.00 45.00 26.00
285.00 292.00 45.00 26.00
283.00 299.00 46.00 26.00
283.00 299.00 46.00 26.00
279.00 307.00 46.00 26.00
278.00 314.00 46.00 26.00
275.00 322.00 45.00 26.00
273.00 331.00 45.00 26.00
271.00 338.00 45.00 25.00
272.00 338.00 45.00 25.00
269.00 345.00 45.00 26.00
266.00 352.00 45.00 25.00
263.00 356.00 44.00 25.00
261.00 361.00 44.00 25.00
258.00 366.00 45.00 25.00
258.00 366.00 45.00 26.00
255.00 369.00 46.00 26.00
252.00 373.00 46.00 26.00
250.00 376.00 46.00 26.00
248.00 379.00 46.00 26.00
247.00 382.00 46.00 26.00
247.00 382.00 46.00 26.00
246.00 383.00 45.00 26.00
246.00 385.00 45.00 26.00
244.00 387.00 45.00 26.00
242.00 389.00 45.00 26.00
238.00 393.00 46.00 26.00
235.00 393.00 48.00 27.00
232.00 393.00 49.00 28.00
228.00 396.00 50.00 28.00
227.00 396.00 50.00 29.00
223.00 399.00 51.00 29.00
221.00 402.00 51.00 29.00
221.00 402.00 51.00 29.00
221.00 402.00 51.00 29.00
217.00 405.00 52.00 29.00
216.00 405.00 52.00 30.00
214.00 408.00 52.00 30.00
213.00 408.00 53.00 30.00
213.00 408.00 53.00 30.00
213.00 408.00 53.00 30.00
210.00 409.00 53.00 30.00
208.00 409.00 53.00 30.00
207.00 408.00 53.00 30.00
206.00 407.00 52.00 30.00
205.00 406.00 52.00 30.00
205.00 406.00 52.00 30.00
206.00 406.00 52.00 30.00
205.00 405.00 52.00 29.00
204.00 403.00 51.00 29.00
203.00 403.00 51.00 29.00
201.00 403.00 51.00 29.00
201.00 403.00 51.00 29.00
199.00 402.00 50.00 29.00
197.00 402.00 50.00 28.00
195.00 403.00 50.00 28.00
192.00 404.00 49.00 28.00
190.00 405.00 50.00 28.00
190.00 405.00 49.00 28.00
187.00 407.00 50.00 28.00
182.00 408.00 49.00 28.00
177.00 411.00 49.00 28.00
173.00 413.00 49.00 28.00
169.00 415.00 49.00 28.00
168.00 415.00 49.00 28.00
163.00 417.00 49.00 28.00
159.00 420.00 50.00 28.00
156.00 422.00 50.00 28.00
153.00 424.00 50.00 29.00
148.00 426.00 50.00 29.00
143.00 425.00 50.00 28.00
139.00 428.00 50.00 28.00
139.00 429.00 51.00 29.00
135.00 431.00 51.00 29.00
124.00 432.00 51.00 29.00
118.00 432.00 50.00 29.00
119.00 432.00 50.00 28.00
115.00 432.00 50.00 29.00
110.00 430.00 50.00 28.00
106.00 427.00 50.00 28.00
102.00 420.00 49.00 28.00
100.00 414.00 49.00 28.00
100.00 414.00 49.00 28.00
99.00 409.00 48.00 28.00
98.00 404.00 48.00 27.00
99.00 401.00 48.00 27.00
103.00 401.00 48.00 27.00
109.00 400.00 48.00 27.00
109.00 400.00 48.00 27.00
118.00 395.00 48.00 27.00
132.00 387.00 47.00 27.00
143.00 377.00 47.00 27.00
156.00 367.00 47.00 27.00
165.00 361.00 47.00 26.00
162.00 362.00 46.00 26.00
170.00 361.00 46.00 26.00
172.00 361.00 46.00 26.00
205.00 357.00 45.00 26.00
213.00 348.00 45.00 26.00
218.00 336.00 45.00 26.00
218.00 335.00 45.00 25.00
228.00 322.00 45.00 26.00
232.00 312.00 45.00 26.00
241.00 294.00 45.00 26.00
256.00 274.00 45.00 26.00
267.00 254.00 45.00 25.00
269.00 255.00 45.00 25.00
274.00 237.00 45.00 25.00
281.00 221.00 45.00 25.00
286.00 210.00 45.00 26.00
290.00 203.00 45.00 26.00
294.00 201.00 45.00 26.00
294.00 201.00 45.00 26.00
299.00 200.00 45.00 26.00
302.00 201.00 46.00 26.00
304.00 202.00 45.00 26.00
307.00 203.00 45.00 26.00
309.00 204.00 45.00 26.00
309.00 203.00 45.00 26.00
312.00 204.00 45.00 26.00
314.00 206.00 45.00 26.00
314.00 206.00 45.00 26.00
314.00 205.00 45.00 26.00
315.00 203.00 45.00 26.00
315.00 203.00 45.00 26.00
315.00 201.00 45.00 26.00
315.00 200.00 45.00 26.00
314.00 202.00 45.00 26.00
312.00 205.00 45.00 26.00
309.00 209.00 45.00 26.00
309.00 210.00 45.00 26.00
306.00 214.00 45.00 26.00
303.00 223.00 45.00 26.00
298.00 231.00 45.00 26.00
292.00 242.00 44.00 25.00
286.00 253.00 43.00 25.00
286.00 254.00 43.00 25.00
280.00 268.00 43.00 24.00
271.00 283.00 43.00 24.00
265.00 298.00 42.00 24.00
256.00 311.00 42.00 24.00
248.00 323.00 41.00 23.00
247.00 324.00 41.00 23.00
239.00 334.00 41.00 23.00
230.00 346.00 40.00 23.00
219.00 356.00 39.00 22.00
206.00 366.00 39.00 22.00
194.00 374.00 39.00 22.00
193.00 374.00 39.00 22.00
179.00 382.00 38.00 22.00
166.00 390.00 39.00 22.00
155.00 398.00 39.00 22.00
141.00 406.00 38.00 22.00
130.00 417.00 38.00 21.00
130.00 417.00 38.00 21.00
119.00 424.00 37.00 21.00
108.00 429.00 37.00 21.00
99.00 434.00 36.00 21.00
89.00 438.00 36.00 21.00
81.00 441.00 36.00 21.00
80.00 441.00 36.00 21.00
73.00 442.00 36.00 21.00
68.00 442.00 36.00 21.00
65.00 441.00 36.00 21.00
61.00 438.00 36.00 21.00
60.00 434.00 37.00 21.00
60.00 434.00 36.00 21.00
60.00 429.00 37.00 21.00
59.00 423.00 37.00 21.00
60.00 417.00 37.00 21.00
73.00 414.00 37.00 21.00
72.00 400.00 37.00 21.00
72.00 400.00 37.00 21.00
68.00 384.00 37.00 21.00
83.00 378.00 36.00 21.00
93.00 373.00 36.00 21.00
108.00 371.00 36.00 21.00
125.00 369.00 36.00 20.00
133.00 370.00 36.00 20.00
141.00 369.00 36.00 20.00
154.00 369.00 35.00 20.00
166.00 367.00 35.00 20.00
175.00 361.00 35.00 20.00
185.00 352.00 35.00 20.00
199.00 352.00 35.00 20.00
195.00 340.00 35.00 20.00
194.00 325.00 35.00 20.00
192.00 311.00 35.00 20.00
