637.00 198.00 87.00 156.00
632.00 200.00 87.00 156.00
628.00 203.00 86.00 154.00
628.00 207.00 84.00 150.00
627.00 211.00 84.00 150.00
625.00 214.00 84.00 150.00
619.00 216.00 85.00 152.00
613.00 218.00 86.00 155.00
608.00 221.00 86.00 154.00
606.00 222.00 87.00 156.00
604.00 222.00 87.00 157.00
602.00 220.00 87.00 156.00
603.00 218.00 86.00 155.00
605.00 219.00 86.00 153.00
606.00 217.00 85.00 153.00
608.00 213.00 85.00 153.00
613.00 211.00 85.00 153.00
612.00 206.00 87.00 155.00
613.00 205.00 86.00 154.00
609.00 207.00 85.00 153.00
610.00 204.00 85.00 153.00
614.00 201.00 86.00 154.00
618.00 197.00 86.00 154.00
622.00 194.00 86.00 154.00
627.00 191.00 85.00 152.00
629.00 191.00 84.00 150.00
633.00 187.00 84.00 151.00
636.00 184.00 84.00 151.00
637.00 181.00 84.00 151.00
639.00 177.00 84.00 151.00
638.00 175.00 84.00 151.00
636.00 172.00 84.00 151.00
636.00 169.00 85.00 152.00
630.00 166.00 85.00 152.00
627.00 162.00 85.00 152.00
621.00 158.00 85.00 152.00
616.00 154.00 85.00 152.00
615.00 152.00 85.00 152.00
613.00 149.00 84.00 151.00
610.00 147.00 84.00 151.00
609.00 146.00 84.00 151.00
607.00 145.00 83.00 149.00
608.00 143.00 84.00 151.00
608.00 143.00 84.00 150.00
609.00 143.00 84.00 150.00
609.00 143.00 84.00 150.00
608.00 143.00 84.00 150.00
608.00 143.00 84.00 150.00
608.00 142.00 84.00 151.00
609.00 142.00 85.00 152.00
613.00 143.00 85.00 152.00
617.00 144.00 84.00 151.00
620.00 145.00 84.00 151.00
624.00 148.00 84.00 151.00
627.00 150.00 84.00 151.00
629.00 152.00 84.00 151.00
629.00 154.00 84.00 151.00
630.00 157.00 84.00 150.00
628.00 159.00 84.00 151.00
630.00 161.00 83.00 149.00
625.00 165.00 84.00 150.00
620.00 168.00 84.00 150.00
620.00 169.00 84.00 150.00
621.00 175.00 84.00 151.00
621.00 179.00 84.00 151.00
621.00 185.00 84.00 150.00
618.00 184.00 84.00 150.00
617.00 193.00 84.00 150.00
617.00 197.00 83.00 150.00
619.00 202.00 83.00 149.00
619.00 206.00 83.00 149.00
617.00 208.00 84.00 150.00
619.00 210.00 84.00 151.00
622.00 211.00 84.00 151.00
622.00 213.00 84.00 151.00
620.00 215.00 84.00 151.00
616.00 217.00 84.00 150.00
612.00 217.00 84.00 150.00
613.00 218.00 84.00 151.00
612.00 219.00 84.00 151.00
610.00 219.00 84.00 151.00
605.00 220.00 84.00 151.00
605.00 221.00 84.00 151.00
604.00 221.00 84.00 151.00
605.00 224.00 85.00 152.00
607.00 226.00 84.00 151.00
608.00 225.00 85.00 152.00
615.00 221.00 85.00 152.00
619.00 221.00 84.00 151.00
621.00 219.00 84.00 151.00
624.00 219.00 84.00 150.00
630.00 217.00 83.00 149.00
635.00 212.00 83.00 149.00
636.00 206.00 84.00 151.00
638.00 204.00 85.00 152.00
643.00 203.00 85.00 153.00
650.00 202.00 85.00 152.00
652.00 200.00 86.00 153.00
654.00 199.00 86.00 154.00
658.00 197.00 86.00 154.00
660.00 196.00 86.00 153.00
666.00 194.00 85.00 153.00
669.00 192.00 86.00 153.00
672.00 193.00 85.00 153.00
672.00 194.00 85.00 152.00
677.00 196.00 85.00 152.00
677.00 197.00 85.00 152.00
675.00 199.00 85.00 152.00
672.00 200.00 85.00 152.00
669.00 200.00 85.00 153.00
667.00 202.00 86.00 153.00
665.00 204.00 86.00 154.00
661.00 205.00 86.00 154.00
659.00 208.00 86.00 154.00
657.00 209.00 86.00 155.00
655.00 213.00 87.00 155.00
651.00 214.00 87.00 155.00
646.00 216.00 87.00 156.00
646.00 218.00 87.00 155.00
646.00 219.00 86.00 155.00
643.00 221.00 86.00 155.00
642.00 224.00 86.00 155.00
642.00 224.00 86.00 155.00
641.00 225.00 86.00 155.00
645.00 228.00 86.00 155.00
647.00 231.00 86.00 155.00
649.00 233.00 86.00 154.00
650.00 233.00 86.00 154.00
654.00 232.00 86.00 154.00
656.00 233.00 86.00 154.00
661.00 235.00 85.00 153.00
666.00 242.00 85.00 152.00
667.00 242.00 84.00 150.00
673.00 245.00 83.00 149.00
718.00 268.00 84.00 151.00
703.00 302.00 84.00 151.00
682.00 337.00 85.00 152.00
660.00 374.00 86.00 154.00
637.00 412.00 86.00 154.00
737.00 422.00 87.00 157.00
727.00 467.00 88.00 158.00
715.00 471.00 89.00 160.00
735.00 430.00 90.00 162.00
718.00 467.00 91.00 162.00
757.00 486.00 90.00 161.00
708.00 466.00 89.00 159.00
659.00 472.00 89.00 160.00
612.00 476.00 89.00 159.00
613.00 509.00 88.00 158.00
554.00 498.00 87.00 156.00
556.00 501.00 86.00 154.00
552.00 501.00 85.00 153.00
557.00 501.00 85.00 153.00
554.00 503.00 84.00 150.00
557.00 502.00 83.00 149.00
556.00 505.00 82.00 147.00
555.00 504.00 82.00 147.00
557.00 504.00 82.00 147.00
557.00 507.00 81.00 144.00
557.00 506.00 80.00 144.00
559.00 507.00 80.00 144.00
558.00 508.00 80.00 143.00
558.00 509.00 79.00 142.00
558.00 509.00 79.00 142.00
557.00 508.00 80.00 143.00
558.00 508.00 79.00 142.00
558.00 509.00 79.00 142.00
557.00 508.00 79.00 142.00
559.00 508.00 80.00 143.00
557.00 508.00 80.00 143.00
556.00 508.00 80.00 143.00
557.00 509.00 79.00 142.00
557.00 511.00 77.00 139.00
560.00 513.00 77.00 138.00
558.00 515.00 75.00 135.00
559.00 514.00 76.00 136.00
559.00 515.00 76.00 136.00
558.00 515.00 75.00 135.00
559.00 514.00 76.00 136.00
558.00 515.00 76.00 135.00
559.00 514.00 76.00 136.00
558.00 513.00 76.00 137.00
558.00 512.00 77.00 137.00
558.00 512.00 77.00 138.00
559.00 512.00 77.00 138.00
559.00 512.00 77.00 138.00
559.00 512.00 77.00 138.00
559.00 512.00 77.00 138.00
559.00 512.00 77.00 138.00
559.00 512.00 77.00 138.00
559.00 512.00 77.00 138.00
559.00 512.00 77.00 138.00
559.00 512.00 77.00 138.00
559.00 512.00 77.00 138.00
559.00 512.00 77.00 138.00
559.00 512.00 77.00 138.00
559.00 512.00 77.00 138.00
559.00 512.00 77.00 138.00
559.00 512.00 77.00 138.00
559.00 512.00 77.00 138.00
559.00 513.00 76.00 137.00
559.00 513.00 76.00 137.00
559.00 514.00 76.00 136.00
559.00 514.00 76.00 137.00
558.00 514.00 76.00 136.00
559.00 514.00 76.00 136.00
559.00 514.00 76.00 136.00
559.00 514.00 76.00 136.00
559.00 514.00 76.00 136.00
559.00 514.00 76.00 136.00
559.00 514.00 76.00 136.00
559.00 514.00 76.00 136.00
559.00 514.00 76.00 137.00
559.00 513.00 76.00 136.00
559.00 513.00 76.00 136.00
559.00 514.00 76.00 136.00
559.00 514.00 76.00 137.00
558.00 513.00 77.00 138.00
559.00 513.00 77.00 137.00
558.00 513.00 76.00 137.00
559.00 514.00 76.00 137.00
558.00 514.00 76.00 137.00
559.00 513.00 76.00 136.00
559.00 513.00 76.00 136.00
559.00 514.00 76.00 136.00
559.00 514.00 76.00 136.00
558.00 513.00 77.00 138.00
559.00 513.00 76.00 137.00
559.00 513.00 76.00 137.00
558.00 512.00 77.00 138.00
558.00 512.00 77.00 138.00
559.00 514.00 76.00 136.00
559.00 514.00 76.00 136.00
559.00 514.00 76.00 137.00
558.00 513.00 77.00 138.00
559.00 513.00 76.00 137.00
558.00 512.00 77.00 138.00
559.00 514.00 76.00 137.00
559.00 513.00 76.00 136.00
559.00 514.00 76.00 136.00
559.00 514.00 76.00 136.00
559.00 514.00 76.00 136.00
559.00 514.00 76.00 137.00
559.00 514.00 76.00 136.00
559.00 514.00 76.00 136.00
559.00 514.00 76.00 136.00
559.00 514.00 76.00 136.00
559.00 514.00 76.00 136.00
559.00 514.00 76.00 136.00
559.00 514.00 76.00 136.00
559.00 514.00 76.00 136.00
559.00 514.00 76.00 136.00
559.00 514.00 76.00 136.00
559.00 514.00 76.00 136.00
559.00 514.00 76.00 137.00
559.00 514.00 76.00 136.00
559.00 514.00 76.00 136.00
559.00 514.00 76.00 136.00
559.00 514.00 76.00 136.00
560.00 515.00 75.00 135.00
560.00 515.00 75.00 135.00
559.00 514.00 76.00 136.00
558.00 514.00 76.00 137.00
559.00 514.00 76.00 137.00
559.00 514.00 76.00 136.00
559.00 514.00 76.00 136.00
560.00 515.00 75.00 134.00
559.00 514.00 76.00 136.00
559.00 515.00 75.00 135.00
559.00 514.00 76.00 136.00
559.00 514.00 76.00 136.00
559.00 514.00 76.00 136.00
559.00 514.00 76.00 136.00
559.00 514.00 76.00 136.00
559.00 514.00 76.00 136.00
559.00 514.00 76.00 136.00
559.00 514.00 76.00 136.00
559.00 514.00 76.00 136.00
559.00 514.00 76.00 136.00
559.00 514.00 76.00 137.00
559.00 514.00 76.00 136.00
559.00 514.00 76.00 136.00
559.00 514.00 76.00 136.00
559.00 514.00 76.00 136.00
559.00 514.00 76.00 136.00
559.00 514.00 76.00 136.00
559.00 514.00 76.00 136.00
559.00 514.00 76.00 136.00
559.00 514.00 76.00 136.00
559.00 514.00 76.00 136.00
559.00 514.00 76.00 136.00
559.00 514.00 76.00 136.00
559.00 514.00 76.00 136.00
559.00 514.00 76.00 136.00
559.00 514.00 76.00 137.00
559.00 514.00 76.00 136.00
559.00 514.00 76.00 136.00
559.00 514.00 76.00 136.00
559.00 514.00 76.00 136.00
559.00 514.00 76.00 136.00
559.00 512.00 77.00 138.00
561.00 513.00 79.00 142.00
634.00 512.00 78.00 139.00
635.00 511.00 79.00 141.00
636.00 512.00 79.00 141.00
637.00 513.00 77.00 139.00
636.00 513.00 78.00 140.00
636.00 512.00 78.00 140.00
636.00 512.00 78.00 140.00
637.00 514.00 77.00 138.00
637.00 514.00 77.00 137.00
637.00 514.00 77.00 138.00
637.00 514.00 77.00 137.00
637.00 514.00 77.00 138.00
637.00 514.00 77.00 138.00
637.00 514.00 77.00 138.00
637.00 514.00 77.00 138.00
637.00 514.00 77.00 138.00
637.00 514.00 77.00 138.00
637.00 514.00 77.00 138.00
637.00 514.00 77.00 138.00
637.00 514.00 77.00 138.00
637.00 514.00 77.00 138.00
637.00 514.00 77.00 138.00
637.00 514.00 77.00 138.00
637.00 514.00 77.00 138.00
637.00 514.00 77.00 138.00
637.00 514.00 77.00 138.00
637.00 514.00 77.00 138.00
638.00 516.00 75.00 135.00
638.00 517.00 74.00 133.00
638.00 517.00 75.00 134.00
638.00 517.00 75.00 134.00
638.00 517.00 75.00 134.00
637.00 515.00 76.00 136.00
638.00 517.00 75.00 134.00
638.00 517.00 74.00 133.00
638.00 517.00 74.00 133.00
638.00 517.00 74.00 134.00
638.00 517.00 74.00 134.00
638.00 517.00 74.00 134.00
638.00 517.00 74.00 134.00
638.00 517.00 74.00 134.00
638.00 517.00 74.00 134.00
638.00 517.00 75.00 134.00
638.00 517.00 74.00 134.00
638.00 517.00 75.00 134.00
638.00 517.00 74.00 134.00
638.00 517.00 75.00 134.00
638.00 517.00 75.00 134.00
638.00 517.00 75.00 134.00
638.00 517.00 75.00 134.00
638.00 517.00 74.00 134.00
638.00 517.00 74.00 134.00
638.00 517.00 74.00 134.00
638.00 517.00 74.00 134.00
638.00 517.00 75.00 134.00
638.00 517.00 74.00 133.00
638.00 517.00 74.00 134.00
638.00 517.00 74.00 134.00
638.00 517.00 75.00 134.00
639.00 517.00 74.00 133.00
638.00 517.00 75.00 134.00
638.00 517.00 74.00 134.00
638.00 517.00 75.00 134.00
639.00 517.00 74.00 134.00
638.00 517.00 75.00 134.00
638.00 517.00 75.00 134.00
639.00 517.00 75.00 134.00
639.00 517.00 75.00 134.00
639.00 517.00 75.00 134.00
639.00 517.00 75.00 134.00
639.00 517.00 74.00 134.00
639.00 517.00 75.00 134.00
639.00 517.00 74.00 134.00
639.00 517.00 75.00 134.00
639.00 517.00 75.00 134.00
639.00 517.00 74.00 134.00
639.00 517.00 75.00 134.00
639.00 517.00 75.00 134.00
639.00 517.00 75.00 134.00
639.00 517.00 75.00 134.00
639.00 517.00 74.00 134.00
639.00 517.00 75.00 134.00
638.00 517.00 75.00 134.00
638.00 517.00 75.00 134.00
638.00 517.00 75.00 134.00
638.00 516.00 75.00 134.00
638.00 517.00 75.00 134.00
639.00 517.00 74.00 133.00
638.00 517.00 74.00 133.00
638.00 517.00 74.00 134.00
639.00 517.00 74.00 134.00
639.00 517.00 74.00 134.00
639.00 517.00 74.00 133.00
639.00 517.00 74.00 133.00
639.00 517.00 74.00 134.00
639.00 517.00 74.00 134.00
639.00 517.00 74.00 134.00
639.00 517.00 74.00 133.00
639.00 517.00 74.00 133.00
639.00 517.00 74.00 133.00
639.00 517.00 74.00 133.00
639.00 517.00 74.00 133.00
639.00 517.00 74.00 133.00
639.00 517.00 74.00 134.00
639.00 517.00 74.00 133.00
639.00 517.00 74.00 134.00
639.00 517.00 74.00 133.00
638.00 517.00 74.00 133.00
639.00 517.00 74.00 134.00
639.00 517.00 74.00 133.00
639.00 517.00 75.00 134.00
639.00 517.00 74.00 134.00
639.00 517.00 75.00 134.00
639.00 517.00 74.00 133.00
639.00 517.00 74.00 133.00
639.00 517.00 75.00 134.00
639.00 517.00 74.00 134.00
639.00 517.00 75.00 134.00
639.00 517.00 74.00 133.00
639.00 517.00 74.00 133.00
639.00 517.00 74.00 134.00
639.00 517.00 74.00 134.00
639.00 517.00 74.00 134.00
639.00 517.00 74.00 134.00
639.00 517.00 74.00 134.00
639.00 517.00 75.00 134.00
639.00 517.00 74.00 133.00
639.00 517.00 75.00 134.00
639.00 517.00 74.00 133.00
639.00 517.00 74.00 134.00
639.00 517.00 74.00 134.00
639.00 517.00 75.00 134.00
639.00 517.00 74.00 133.00
639.00 517.00 75.00 134.00
639.00 517.00 74.00 134.00
639.00 517.00 75.00 134.00
639.00 517.00 74.00 133.00
639.00 517.00 74.00 134.00
639.00 517.00 74.00 134.00
639.00 517.00 75.00 134.00
639.00 517.00 74.00 133.00
639.00 517.00 75.00 134.00
639.00 517.00 74.00 134.00
639.00 517.00 75.00 134.00
639.00 517.00 74.00 134.00
639.00 517.00 75.00 134.00
639.00 517.00 74.00 134.00
639.00 517.00 74.00 134.00
639.00 517.00 74.00 134.00
639.00 517.00 75.00 134.00
639.00 517.00 75.00 134.00
639.00 517.00 74.00 134.00
639.00 517.00 74.00 134.00
639.00 517.00 74.00 134.00
639.00 517.00 74.00 134.00
639.00 517.00 75.00 134.00
639.00 517.00 74.00 134.00
639.00 517.00 74.00 134.00
639.00 517.00 75.00 134.00
639.00 517.00 74.00 133.00
639.00 517.00 75.00 134.00
639.00 517.00 75.00 134.00
639.00 518.00 74.00 134.00
639.00 517.00 75.00 134.00
639.00 517.00 75.00 134.00
639.00 517.00 75.00 134.00
639.00 517.00 75.00 134.00
639.00 517.00 75.00 134.00
639.00 517.00 75.00 134.00
639.00 517.00 75.00 134.00
639.00 517.00 75.00 134.00
639.00 517.00 75.00 134.00
639.00 517.00 75.00 134.00
639.00 517.00 75.00 134.00
639.00 517.00 75.00 134.00
639.00 517.00 75.00 134.00
639.00 517.00 75.00 134.00
639.00 517.00 75.00 134.00
639.00 517.00 75.00 134.00
639.00 517.00 75.00 134.00
639.00 517.00 75.00 134.00
639.00 517.00 75.00 134.00
639.00 517.00 75.00 134.00
639.00 517.00 75.00 134.00
639.00 517.00 75.00 134.00
639.00 517.00 75.00 134.00
639.00 517.00 75.00 134.00
639.00 517.00 75.00 134.00
639.00 517.00 75.00 134.00
639.00 517.00 75.00 134.00
639.00 517.00 75.00 134.00
639.00 517.00 75.00 134.00
639.00 517.00 75.00 134.00
639.00 517.00 75.00 134.00
639.00 517.00 75.00 134.00
639.00 517.00 75.00 134.00
639.00 517.00 75.00 134.00
639.00 517.00 75.00 134.00
639.00 517.00 75.00 134.00
639.00 517.00 75.00 134.00
639.00 517.00 75.00 134.00
639.00 517.00 75.00 134.00
639.00 517.00 75.00 134.00
639.00 517.00 75.00 134.00
639.00 517.00 75.00 134.00
639.00 517.00 75.00 134.00
639.00 517.00 75.00 134.00
639.00 517.00 75.00 134.00
639.00 517.00 75.00 134.00
639.00 517.00 75.00 134.00
639.00 517.00 75.00 134.00
639.00 517.00 75.00 134.00
639.00 517.00 75.00 134.00
639.00 517.00 75.00 134.00
639.00 517.00 75.00 134.00
639.00 517.00 75.00 134.00
639.00 517.00 75.00 134.00
639.00 517.00 75.00 134.00
639.00 517.00 75.00 134.00
639.00 517.00 75.00 134.00
639.00 517.00 75.00 134.00
639.00 517.00 75.00 134.00
639.00 517.00 75.00 134.00
639.00 517.00 75.00 134.00
640.00 519.00 73.00 132.00
640.00 519.00 73.00 131.00
639.00 518.00 74.00 133.00
640.00 519.00 73.00 131.00
640.00 519.00 73.00 131.00
640.00 519.00 73.00 131.00
640.00 519.00 73.00 131.00
639.00 518.00 74.00 133.00
639.00 518.00 74.00 133.00
639.00 518.00 74.00 133.00
639.00 518.00 74.00 133.00
639.00 518.00 74.00 133.00
639.00 517.00 74.00 133.00
640.00 519.00 73.00 131.00
639.00 518.00 74.00 133.00
640.00 519.00 73.00 131.00
639.00 518.00 74.00 133.00
640.00 519.00 73.00 131.00
640.00 519.00 73.00 131.00
639.00 518.00 74.00 133.00
640.00 519.00 73.00 131.00
639.00 518.00 74.00 133.00
640.00 519.00 73.00 131.00
639.00 518.00 74.00 133.00
640.00 519.00 73.00 131.00
640.00 519.00 73.00 130.00
640.00 519.00 73.00 131.00
640.00 519.00 73.00 131.00
640.00 519.00 73.00 131.00
640.00 519.00 73.00 130.00
640.00 519.00 73.00 131.00
640.00 520.00 73.00 131.00
640.00 519.00 73.00 131.00
640.00 519.00 73.00 130.00
640.00 519.00 73.00 131.00
640.00 520.00 73.00 131.00
640.00 519.00 73.00 131.00
