421.00 128.00 115.00 263.00
420.00 127.00 117.00 267.00
419.00 130.00 116.00 265.00
419.00 131.00 117.00 267.00
418.00 133.00 117.00 267.00
417.00 133.00 116.00 266.00
414.00 136.00 114.00 261.00
409.00 138.00 115.00 264.00
412.00 138.00 115.00 264.00
409.00 139.00 113.00 259.00
410.00 138.00 112.00 255.00
409.00 139.00 113.00 260.00
411.00 135.00 113.00 258.00
410.00 132.00 112.00 257.00
410.00 128.00 112.00 255.00
412.00 130.00 111.00 254.00
412.00 124.00 111.00 254.00
413.00 124.00 111.00 253.00
416.00 123.00 110.00 252.00
416.00 122.00 111.00 253.00
418.00 120.00 112.00 256.00
419.00 121.00 110.00 252.00
422.00 121.00 108.00 248.00
425.00 120.00 108.00 247.00
427.00 120.00 107.00 245.00
430.00 119.00 106.00 242.00
432.00 118.00 105.00 241.00
435.00 118.00 104.00 238.00
438.00 117.00 104.00 239.00
440.00 116.00 104.00 238.00
442.00 117.00 104.00 237.00
447.00 116.00 103.00 235.00
447.00 114.00 102.00 233.00
451.00 115.00 102.00 233.00
451.00 112.00 101.00 231.00
455.00 112.00 100.00 229.00
459.00 112.00 99.00 227.00
463.00 109.00 100.00 228.00
468.00 110.00 99.00 225.00
471.00 110.00 97.00 223.00
476.00 112.00 97.00 222.00
480.00 114.00 96.00 219.00
483.00 115.00 96.00 218.00
488.00 116.00 95.00 218.00
492.00 111.00 94.00 215.00
498.00 112.00 93.00 213.00
504.00 116.00 93.00 212.00
508.00 117.00 93.00 212.00
514.00 121.00 93.00 213.00
517.00 121.00 93.00 213.00
523.00 122.00 92.00 211.00
529.00 123.00 92.00 211.00
532.00 123.00 92.00 211.00
537.00 124.00 92.00 210.00
541.00 124.00 91.00 209.00
545.00 124.00 91.00 208.00
550.00 125.00 91.00 208.00
554.00 126.00 90.00 206.00
557.00 124.00 90.00 207.00
561.00 125.00 89.00 204.00
565.00 127.00 88.00 201.00
568.00 128.00 87.00 198.00
570.00 129.00 85.00 194.00
573.00 131.00 85.00 194.00
574.00 132.00 83.00 190.00
577.00 135.00 82.00 188.00
579.00 137.00 82.00 187.00
580.00 138.00 81.00 185.00
582.00 139.00 80.00 184.00
583.00 140.00 80.00 182.00
584.00 140.00 79.00 182.00
585.00 139.00 79.00 181.00
586.00 140.00 79.00 180.00
586.00 138.00 78.00 178.00
587.00 137.00 78.00 178.00
588.00 137.00 78.00 178.00
589.00 134.00 77.00 177.00
589.00 133.00 77.00 176.00
590.00 132.00 77.00 176.00
590.00 131.00 77.00 175.00
589.00 129.00 76.00 173.00
589.00 128.00 75.00 173.00
588.00 126.00 75.00 171.00
588.00 125.00 74.00 170.00
588.00 125.00 74.00 170.00
587.00 124.00 74.00 169.00
586.00 123.00 75.00 171.00
585.00 122.00 74.00 170.00
584.00 123.00 75.00 171.00
582.00 122.00 74.00 170.00
581.00 121.00 74.00 169.00
579.00 120.00 73.00 167.00
580.00 121.00 73.00 167.00
580.00 121.00 72.00 166.00
582.00 120.00 73.00 166.00
583.00 119.00 72.00 164.00
584.00 119.00 72.00 166.00
584.00 120.00 72.00 165.00
582.00 120.00 72.00 164.00
584.00 122.00 72.00 164.00
584.00 122.00 71.00 163.00
584.00 123.00 71.00 162.00
583.00 123.00 71.00 162.00
581.00 123.00 71.00 164.00
580.00 123.00 71.00 163.00
580.00 123.00 72.00 165.00
578.00 121.00 72.00 166.00
578.00 121.00 73.00 166.00
576.00 119.00 72.00 166.00
574.00 119.00 73.00 167.00
573.00 117.00 73.00 166.00
574.00 118.00 73.00 166.00
575.00 116.00 74.00 168.00
578.00 116.00 74.00 170.00
578.00 114.00 75.00 171.00
578.00 112.00 75.00 172.00
578.00 110.00 76.00 174.00
577.00 109.00 76.00 173.00
578.00 109.00 75.00 172.00
576.00 109.00 74.00 170.00
576.00 109.00 74.00 170.00
575.00 110.00 74.00 170.00
575.00 110.00 74.00 168.00
574.00 110.00 74.00 169.00
572.00 110.00 74.00 169.00
571.00 110.00 74.00 169.00
570.00 111.00 74.00 168.00
569.00 111.00 73.00 168.00
568.00 112.00 73.00 166.00
567.00 113.00 72.00 165.00
566.00 114.00 72.00 164.00
566.00 115.00 73.00 166.00
564.00 114.00 73.00 167.00
564.00 115.00 73.00 167.00
562.00 116.00 72.00 165.00
561.00 118.00 71.00 163.00
558.00 119.00 70.00 160.00
556.00 120.00 69.00 157.00
555.00 121.00 68.00 155.00
554.00 122.00 66.00 152.00
553.00 123.00 65.00 149.00
551.00 124.00 64.00 146.00
549.00 126.00 63.00 144.00
540.00 127.00 63.00 144.00
544.00 125.00 63.00 143.00
546.00 125.00 63.00 143.00
547.00 123.00 62.00 142.00
548.00 122.00 61.00 141.00
549.00 122.00 61.00 139.00
550.00 123.00 60.00 137.00
550.00 123.00 59.00 135.00
550.00 124.00 58.00 133.00
551.00 125.00 58.00 133.00
551.00 126.00 58.00 132.00
552.00 126.00 57.00 130.00
552.00 127.00 57.00 130.00
552.00 128.00 56.00 129.00
551.00 129.00 56.00 128.00
551.00 129.00 56.00 127.00
492.00 130.00 55.00 127.00
491.00 129.00 55.00 126.00
490.00 128.00 55.00 126.00
490.00 128.00 55.00 126.00
490.00 128.00 55.00 125.00
490.00 128.00 55.00 125.00
490.00 128.00 55.00 125.00
490.00 129.00 55.00 125.00
490.00 130.00 55.00 126.00
489.00 130.00 55.00 126.00
490.00 132.00 56.00 127.00
490.00 131.00 55.00 127.00
490.00 132.00 56.00 128.00
490.00 133.00 55.00 126.00
489.00 133.00 55.00 126.00
489.00 133.00 55.00 125.00
488.00 133.00 54.00 124.00
486.00 134.00 54.00 124.00
485.00 135.00 55.00 125.00
482.00 135.00 55.00 125.00
479.00 138.00 54.00 125.00
477.00 143.00 54.00 124.00
475.00 143.00 54.00 124.00
473.00 146.00 54.00 123.00
530.00 138.00 54.00 124.00
528.00 138.00 54.00 124.00
528.00 138.00 55.00 125.00
527.00 137.00 56.00 127.00
524.00 136.00 56.00 127.00
525.00 137.00 56.00 129.00
523.00 138.00 56.00 128.00
522.00 138.00 56.00 128.00
522.00 138.00 56.00 128.00
521.00 140.00 56.00 128.00
520.00 140.00 56.00 128.00
517.00 142.00 55.00 127.00
515.00 144.00 55.00 125.00
515.00 144.00 54.00 124.00
514.00 143.00 55.00 125.00
513.00 144.00 55.00 125.00
512.00 145.00 54.00 124.00
511.00 146.00 55.00 125.00
510.00 145.00 55.00 126.00
510.00 144.00 55.00 126.00
509.00 145.00 55.00 126.00
509.00 145.00 55.00 126.00
507.00 144.00 56.00 127.00
506.00 145.00 56.00 127.00
505.00 145.00 55.00 126.00
503.00 145.00 55.00 126.00
503.00 144.00 55.00 126.00
502.00 143.00 56.00 128.00
500.00 141.00 56.00 128.00
500.00 139.00 57.00 129.00
500.00 138.00 57.00 130.00
501.00 140.00 57.00 130.00
502.00 141.00 57.00 130.00
503.00 144.00 56.00 129.00
505.00 145.00 56.00 129.00
506.00 147.00 57.00 129.00
508.00 147.00 57.00 129.00
509.00 148.00 56.00 129.00
510.00 147.00 57.00 130.00
512.00 147.00 57.00 130.00
513.00 145.00 57.00 131.00
515.00 142.00 58.00 132.00
515.00 143.00 58.00 133.00
515.00 143.00 57.00 131.00
517.00 144.00 58.00 132.00
516.00 145.00 57.00 131.00
517.00 147.00 57.00 131.00
516.00 148.00 57.00 131.00
517.00 148.00 57.00 130.00
518.00 148.00 56.00 129.00
520.00 149.00 56.00 129.00
519.00 148.00 57.00 129.00
519.00 148.00 56.00 127.00
520.00 147.00 55.00 127.00
520.00 147.00 55.00 126.00
520.00 147.00 55.00 126.00
520.00 147.00 55.00 125.00
518.00 147.00 54.00 124.00
517.00 148.00 54.00 124.00
517.00 151.00 54.00 124.00
518.00 154.00 54.00 124.00
518.00 155.00 54.00 125.00
517.00 154.00 55.00 125.00
516.00 152.00 54.00 125.00
517.00 152.00 54.00 124.00
517.00 152.00 55.00 125.00
517.00 153.00 54.00 124.00
519.00 154.00 54.00 123.00
519.00 156.00 53.00 122.00
520.00 137.00 54.00 124.00
519.00 142.00 55.00 125.00
515.00 149.00 56.00 127.00
514.00 149.00 56.00 128.00
521.00 129.00 56.00 129.00
520.00 125.00 57.00 130.00
519.00 122.00 58.00 132.00
521.00 116.00 58.00 133.00
524.00 111.00 58.00 133.00
517.00 139.00 58.00 132.00
523.00 149.00 58.00 132.00
523.00 148.00 58.00 132.00
529.00 113.00 58.00 133.00
532.00 109.00 58.00 134.00
535.00 109.00 59.00 134.00
539.00 109.00 59.00 135.00
542.00 110.00 59.00 135.00
545.00 110.00 59.00 136.00
547.00 109.00 59.00 136.00
549.00 109.00 60.00 136.00
552.00 110.00 60.00 136.00
554.00 108.00 60.00 137.00
540.00 144.00 60.00 136.00
543.00 143.00 59.00 136.00
545.00 144.00 59.00 136.00
546.00 144.00 59.00 136.00
547.00 143.00 60.00 137.00
550.00 143.00 60.00 137.00
553.00 144.00 60.00 136.00
553.00 145.00 60.00 137.00
558.00 144.00 60.00 137.00
559.00 146.00 60.00 137.00
564.00 144.00 60.00 138.00
566.00 146.00 61.00 139.00
571.00 145.00 61.00 139.00
574.00 145.00 61.00 139.00
575.00 144.00 61.00 139.00
577.00 144.00 61.00 139.00
578.00 144.00 61.00 138.00
579.00 143.00 61.00 139.00
581.00 143.00 61.00 139.00
581.00 142.00 61.00 140.00
582.00 143.00 61.00 140.00
583.00 144.00 62.00 141.00
583.00 143.00 62.00 141.00
585.00 144.00 62.00 141.00
585.00 145.00 62.00 141.00
585.00 145.00 62.00 142.00
585.00 144.00 63.00 143.00
586.00 145.00 63.00 144.00
585.00 145.00 63.00 145.00
585.00 146.00 64.00 145.00
583.00 145.00 63.00 145.00
547.00 144.00 63.00 144.00
548.00 145.00 62.00 142.00
549.00 146.00 62.00 141.00
584.00 120.00 62.00 141.00
583.00 119.00 62.00 142.00
581.00 118.00 62.00 142.00
579.00 118.00 61.00 141.00
577.00 119.00 61.00 140.00
575.00 119.00 61.00 139.00
568.00 146.00 61.00 140.00
560.00 146.00 61.00 139.00
560.00 145.00 61.00 139.00
560.00 146.00 60.00 138.00
560.00 147.00 61.00 139.00
560.00 149.00 61.00 139.00
560.00 148.00 61.00 139.00
561.00 149.00 61.00 139.00
561.00 149.00 61.00 140.00
561.00 149.00 61.00 140.00
561.00 148.00 61.00 141.00
561.00 149.00 62.00 141.00
561.00 149.00 62.00 142.00
561.00 149.00 63.00 143.00
561.00 148.00 63.00 144.00
561.00 150.00 63.00 144.00
561.00 150.00 63.00 145.00
560.00 149.00 64.00 145.00
561.00 149.00 64.00 146.00
560.00 148.00 64.00 146.00
558.00 147.00 64.00 146.00
557.00 147.00 63.00 145.00
557.00 147.00 63.00 144.00
555.00 147.00 62.00 143.00
554.00 148.00 62.00 141.00
553.00 148.00 62.00 141.00
551.00 148.00 62.00 141.00
548.00 148.00 62.00 141.00
546.00 148.00 62.00 142.00
544.00 148.00 63.00 143.00
540.00 147.00 63.00 144.00
539.00 147.00 63.00 144.00
537.00 146.00 62.00 142.00
536.00 147.00 62.00 142.00
535.00 147.00 62.00 141.00
535.00 147.00 62.00 141.00
534.00 145.00 61.00 141.00
536.00 144.00 61.00 140.00
539.00 144.00 61.00 140.00
541.00 144.00 61.00 139.00
543.00 144.00 60.00 138.00
545.00 145.00 60.00 137.00
547.00 145.00 60.00 138.00
547.00 144.00 60.00 138.00
546.00 145.00 60.00 138.00
545.00 144.00 61.00 140.00
545.00 144.00 62.00 141.00
544.00 144.00 62.00 142.00
545.00 144.00 62.00 142.00
544.00 144.00 62.00 143.00
543.00 144.00 62.00 142.00
542.00 143.00 62.00 141.00
542.00 144.00 61.00 140.00
541.00 144.00 62.00 141.00
540.00 144.00 61.00 140.00
540.00 144.00 61.00 139.00
539.00 144.00 61.00 139.00
539.00 144.00 61.00 138.00
539.00 145.00 60.00 138.00
541.00 145.00 61.00 139.00
542.00 144.00 62.00 142.00
544.00 144.00 63.00 144.00
544.00 143.00 64.00 145.00
545.00 143.00 64.00 146.00
545.00 142.00 64.00 147.00
544.00 141.00 64.00 147.00
545.00 141.00 65.00 148.00
543.00 140.00 65.00 149.00
543.00 139.00 65.00 150.00
541.00 138.00 65.00 149.00
541.00 138.00 65.00 150.00
540.00 137.00 66.00 150.00
539.00 137.00 66.00 151.00
540.00 137.00 66.00 151.00
540.00 137.00 66.00 151.00
541.00 138.00 66.00 151.00
539.00 138.00 66.00 151.00
537.00 138.00 66.00 151.00
537.00 139.00 66.00 150.00
536.00 139.00 66.00 150.00
538.00 140.00 65.00 149.00
539.00 139.00 65.00 149.00
541.00 140.00 64.00 147.00
541.00 140.00 64.00 146.00
540.00 140.00 64.00 146.00
540.00 140.00 64.00 146.00
540.00 141.00 64.00 146.00
540.00 141.00 64.00 146.00
540.00 139.00 64.00 146.00
542.00 139.00 63.00 145.00
541.00 139.00 63.00 145.00
541.00 139.00 63.00 144.00
540.00 139.00 63.00 144.00
541.00 139.00 63.00 145.00
540.00 138.00 63.00 145.00
540.00 138.00 64.00 145.00
539.00 138.00 64.00 145.00
539.00 139.00 64.00 146.00
538.00 139.00 64.00 146.00
538.00 139.00 64.00 146.00
537.00 139.00 64.00 147.00
536.00 140.00 64.00 147.00
535.00 139.00 65.00 148.00
534.00 140.00 65.00 148.00
534.00 140.00 64.00 147.00
533.00 141.00 64.00 147.00
532.00 141.00 64.00 147.00
531.00 141.00 64.00 146.00
530.00 141.00 64.00 147.00
529.00 141.00 65.00 148.00
529.00 143.00 65.00 148.00
527.00 143.00 65.00 148.00
527.00 145.00 65.00 149.00
526.00 146.00 65.00 150.00
525.00 145.00 66.00 151.00
525.00 146.00 66.00 152.00
525.00 147.00 67.00 152.00
525.00 147.00 67.00 153.00
524.00 147.00 68.00 155.00
524.00 147.00 68.00 155.00
523.00 148.00 68.00 155.00
522.00 148.00 68.00 155.00
521.00 148.00 68.00 155.00
522.00 148.00 68.00 155.00
522.00 148.00 67.00 154.00
523.00 150.00 67.00 153.00
522.00 150.00 67.00 154.00
522.00 150.00 67.00 154.00
520.00 149.00 67.00 154.00
520.00 149.00 67.00 154.00
520.00 150.00 67.00 154.00
520.00 151.00 67.00 154.00
520.00 151.00 67.00 154.00
519.00 151.00 67.00 154.00
518.00 152.00 68.00 154.00
517.00 151.00 68.00 155.00
516.00 151.00 68.00 156.00
516.00 151.00 68.00 157.00
515.00 152.00 69.00 157.00
515.00 152.00 69.00 157.00
514.00 150.00 69.00 158.00
513.00 150.00 69.00 159.00
513.00 151.00 70.00 160.00
514.00 152.00 70.00 160.00
516.00 153.00 70.00 161.00
518.00 153.00 71.00 163.00
520.00 153.00 71.00 163.00
521.00 153.00 71.00 163.00
524.00 155.00 72.00 164.00
528.00 156.00 72.00 166.00
532.00 155.00 73.00 167.00
536.00 155.00 74.00 169.00
541.00 155.00 74.00 170.00
535.00 151.00 75.00 171.00
534.00 152.00 75.00 171.00
532.00 150.00 75.00 171.00
533.00 148.00 75.00 172.00
536.00 147.00 75.00 173.00
536.00 145.00 76.00 174.00
536.00 144.00 76.00 174.00
537.00 144.00 76.00 174.00
537.00 142.00 76.00 174.00
537.00 142.00 76.00 175.00
536.00 141.00 76.00 174.00
536.00 140.00 77.00 175.00
535.00 139.00 76.00 175.00
534.00 139.00 76.00 175.00
534.00 139.00 76.00 175.00
533.00 138.00 76.00 175.00
532.00 138.00 76.00 174.00
531.00 137.00 77.00 175.00
530.00 136.00 76.00 174.00
529.00 136.00 75.00 172.00
530.00 135.00 75.00 172.00
531.00 137.00 75.00 171.00
529.00 137.00 75.00 172.00
528.00 137.00 75.00 173.00
530.00 135.00 76.00 174.00
529.00 136.00 76.00 175.00
532.00 136.00 78.00 177.00
531.00 135.00 79.00 180.00
531.00 134.00 79.00 180.00
531.00 133.00 79.00 181.00
531.00 133.00 79.00 181.00
529.00 132.00 80.00 182.00
526.00 130.00 79.00 181.00
523.00 128.00 79.00 180.00
522.00 125.00 78.00 179.00
530.00 126.00 78.00 177.00
529.00 127.00 77.00 177.00
527.00 127.00 78.00 177.00
525.00 128.00 78.00 178.00
523.00 129.00 78.00 178.00
521.00 129.00 78.00 178.00
517.00 129.00 78.00 178.00
515.00 131.00 78.00 179.00
516.00 133.00 79.00 181.00
517.00 133.00 80.00 182.00
517.00 134.00 80.00 183.00
515.00 133.00 81.00 184.00
514.00 133.00 81.00 185.00
513.00 134.00 81.00 185.00
512.00 133.00 81.00 185.00
510.00 132.00 81.00 186.00
508.00 130.00 81.00 186.00
507.00 129.00 82.00 187.00
507.00 129.00 82.00 187.00
506.00 128.00 82.00 187.00
505.00 126.00 82.00 187.00
503.00 124.00 82.00 188.00
503.00 123.00 82.00 188.00
503.00 124.00 82.00 188.00
504.00 123.00 82.00 188.00
505.00 124.00 83.00 189.00
506.00 122.00 83.00 189.00
507.00 121.00 83.00 189.00
509.00 123.00 83.00 190.00
510.00 123.00 83.00 191.00
510.00 123.00 84.00 191.00
511.00 123.00 84.00 193.00
511.00 123.00 85.00 194.00
510.00 121.00 86.00 196.00
512.00 122.00 86.00 197.00
511.00 121.00 87.00 198.00
510.00 119.00 87.00 200.00
508.00 116.00 88.00 201.00
507.00 116.00 88.00 200.00
505.00 116.00 88.00 201.00
500.00 115.00 88.00 201.00
499.00 115.00 88.00 201.00
495.00 114.00 88.00 202.00
494.00 115.00 89.00 204.00
493.00 113.00 89.00 205.00
493.00 113.00 91.00 207.00
491.00 110.00 91.00 207.00
488.00 108.00 91.00 208.00
488.00 109.00 91.00 208.00
488.00 109.00 91.00 208.00
490.00 110.00 90.00 207.00
490.00 109.00 90.00 207.00
491.00 111.00 90.00 207.00
489.00 109.00 90.00 206.00
489.00 108.00 90.00 206.00
486.00 107.00 90.00 205.00
487.00 108.00 90.00 205.00
486.00 108.00 90.00 205.00
487.00 109.00 89.00 204.00
485.00 110.00 89.00 203.00
485.00 112.00 88.00 202.00
486.00 115.00 88.00 202.00
485.00 114.00 89.00 203.00
483.00 115.00 89.00 203.00
483.00 117.00 89.00 203.00
482.00 116.00 89.00 204.00
481.00 116.00 89.00 204.00
482.00 118.00 89.00 204.00
481.00 120.00 90.00 205.00
482.00 122.00 91.00 208.00
482.00 123.00 91.00 209.00
481.00 123.00 92.00 210.00
480.00 124.00 92.00 210.00
479.00 125.00 92.00 211.00
480.00 128.00 93.00 212.00
478.00 129.00 93.00 213.00
477.00 132.00 93.00 212.00
477.00 136.00 93.00 213.00
475.00 137.00 93.00 213.00
474.00 140.00 93.00 213.00
473.00 144.00 94.00 214.00
473.00 148.00 94.00 216.00
471.00 151.00 94.00 215.00
471.00 155.00 94.00 215.00
470.00 157.00 94.00 214.00
470.00 162.00 93.00 213.00
468.00 166.00 93.00 213.00
470.00 169.00 93.00 213.00
470.00 171.00 93.00 213.00
468.00 171.00 93.00 213.00
468.00 174.00 93.00 212.00
467.00 177.00 93.00 212.00
464.00 177.00 93.00 212.00
464.00 179.00 93.00 212.00
462.00 181.00 93.00 212.00
459.00 183.00 93.00 213.00
456.00 184.00 93.00 212.00
455.00 185.00 94.00 214.00
454.00 185.00 94.00 215.00
451.00 185.00 94.00 214.00
450.00 185.00 93.00 214.00
450.00 185.00 94.00 215.00
450.00 183.00 94.00 215.00
450.00 183.00 94.00 214.00
451.00 184.00 94.00 215.00
450.00 183.00 94.00 215.00
449.00 182.00 94.00 215.00
449.00 181.00 94.00 214.00
449.00 181.00 94.00 214.00
449.00 182.00 94.00 214.00
447.00 182.00 93.00 214.00
447.00 183.00 93.00 213.00
446.00 181.00 92.00 211.00
445.00 179.00 92.00 209.00
446.00 179.00 91.00 209.00
445.00 177.00 91.00 207.00
445.00 176.00 90.00 206.00
446.00 176.00 90.00 205.00
447.00 175.00 89.00 204.00
447.00 173.00 89.00 204.00
449.00 172.00 89.00 204.00
449.00 170.00 89.00 203.00
447.00 167.00 89.00 203.00
447.00 166.00 88.00 202.00
448.00 163.00 88.00 201.00
447.00 159.00 88.00 201.00
444.00 157.00 87.00 200.00
442.00 154.00 87.00 200.00
442.00 153.00 87.00 199.00
442.00 153.00 87.00 198.00
442.00 154.00 86.00 197.00
446.00 153.00 86.00 197.00
447.00 147.00 86.00 197.00
449.00 144.00 87.00 199.00
450.00 143.00 87.00 200.00
449.00 141.00 87.00 199.00
449.00 140.00 87.00 199.00
450.00 139.00 87.00 199.00
448.00 138.00 87.00 199.00
450.00 139.00 87.00 199.00
452.00 136.00 87.00 200.00
451.00 135.00 88.00 201.00
452.00 133.00 88.00 201.00
450.00 130.00 87.00 199.00
450.00 130.00 87.00 198.00
452.00 129.00 87.00 199.00
449.00 130.00 87.00 198.00
451.00 127.00 87.00 199.00
453.00 126.00 87.00 199.00
454.00 124.00 87.00 198.00
456.00 122.00 86.00 197.00
459.00 121.00 87.00 199.00
461.00 119.00 88.00 201.00
463.00 117.00 88.00 202.00
464.00 115.00 89.00 203.00
465.00 115.00 89.00 204.00
467.00 114.00 90.00 206.00
468.00 114.00 91.00 208.00
466.00 113.00 92.00 210.00
465.00 113.00 92.00 210.00
467.00 112.00 92.00 210.00
466.00 110.00 92.00 211.00
464.00 110.00 93.00 212.00
462.00 110.00 92.00 211.00
461.00 109.00 93.00 212.00
461.00 108.00 93.00 213.00
461.00 108.00 93.00 213.00
460.00 107.00 93.00 213.00
457.00 105.00 93.00 212.00
459.00 107.00 93.00 212.00
458.00 106.00 93.00 212.00
457.00 106.00 92.00 211.00
456.00 106.00 92.00 210.00
454.00 104.00 93.00 212.00
454.00 103.00 93.00 212.00
456.00 104.00 92.00 211.00
458.00 104.00 92.00 211.00
457.00 104.00 92.00 211.00
458.00 105.00 92.00 210.00
458.00 105.00 92.00 209.00
459.00 105.00 92.00 210.00
458.00 104.00 92.00 210.00
459.00 105.00 92.00 210.00
460.00 106.00 92.00 210.00
459.00 105.00 92.00 210.00
460.00 106.00 92.00 210.00
461.00 106.00 92.00 210.00
461.00 106.00 91.00 209.00
462.00 106.00 91.00 208.00
464.00 107.00 91.00 207.00
465.00 106.00 90.00 206.00
467.00 104.00 90.00 205.00
469.00 105.00 89.00 204.00
469.00 105.00 88.00 202.00
468.00 107.00 88.00 201.00
470.00 108.00 87.00 199.00
469.00 108.00 86.00 197.00
470.00 109.00 85.00 195.00
469.00 109.00 84.00 193.00
469.00 110.00 84.00 191.00
469.00 111.00 83.00 191.00
468.00 111.00 83.00 189.00
468.00 111.00 82.00 188.00
469.00 113.00 81.00 186.00
469.00 114.00 80.00 184.00
469.00 116.00 80.00 183.00
469.00 116.00 79.00 181.00
468.00 117.00 79.00 180.00
469.00 118.00 78.00 179.00
468.00 118.00 78.00 178.00
468.00 118.00 78.00 178.00
469.00 121.00 77.00 177.00
468.00 121.00 77.00 176.00
469.00 121.00 77.00 175.00
468.00 119.00 76.00 175.00
470.00 121.00 76.00 174.00
469.00 121.00 76.00 173.00
469.00 122.00 75.00 172.00
470.00 123.00 75.00 171.00
469.00 122.00 74.00 170.00
469.00 124.00 74.00 169.00
468.00 123.00 74.00 169.00
469.00 124.00 73.00 168.00
468.00 123.00 73.00 167.00
469.00 125.00 73.00 166.00
468.00 124.00 72.00 165.00
469.00 126.00 71.00 163.00
468.00 125.00 71.00 162.00
469.00 126.00 70.00 160.00
469.00 125.00 70.00 160.00
471.00 126.00 69.00 159.00
472.00 127.00 69.00 157.00
472.00 128.00 68.00 156.00
473.00 127.00 68.00 155.00
474.00 127.00 68.00 155.00
474.00 126.00 67.00 154.00
474.00 126.00 67.00 153.00
476.00 125.00 67.00 153.00
476.00 125.00 67.00 152.00
477.00 125.00 67.00 152.00
478.00 124.00 66.00 152.00
480.00 125.00 66.00 150.00
481.00 124.00 66.00 150.00
482.00 124.00 66.00 151.00
483.00 123.00 66.00 150.00
484.00 122.00 66.00 150.00
487.00 121.00 66.00 150.00
490.00 121.00 66.00 150.00
492.00 121.00 65.00 150.00
494.00 121.00 65.00 149.00
497.00 120.00 65.00 150.00
500.00 120.00 65.00 148.00
504.00 122.00 64.00 147.00
509.00 123.00 63.00 145.00
515.00 125.00 63.00 143.00
518.00 127.00 63.00 143.00
520.00 128.00 62.00 141.00
521.00 129.00 62.00 141.00
524.00 130.00 62.00 141.00
525.00 125.00 61.00 140.00
524.00 127.00 61.00 140.00
521.00 127.00 61.00 139.00
522.00 127.00 60.00 138.00
521.00 126.00 60.00 137.00
520.00 126.00 59.00 136.00
519.00 127.00 59.00 136.00
522.00 127.00 59.00 136.00
522.00 128.00 59.00 136.00
523.00 130.00 60.00 137.00
522.00 129.00 60.00 137.00
521.00 128.00 60.00 137.00
518.00 128.00 59.00 136.00
517.00 129.00 59.00 135.00
516.00 129.00 59.00 135.00
514.00 130.00 58.00 134.00
513.00 131.00 58.00 133.00
511.00 132.00 58.00 132.00
511.00 133.00 57.00 131.00
511.00 133.00 57.00 131.00
510.00 133.00 57.00 130.00
510.00 134.00 57.00 130.00
510.00 134.00 56.00 129.00
509.00 134.00 56.00 128.00
510.00 135.00 55.00 126.00
511.00 135.00 55.00 125.00
510.00 135.00 54.00 125.00
511.00 137.00 54.00 123.00
511.00 137.00 53.00 122.00
510.00 137.00 53.00 121.00
511.00 138.00 53.00 121.00
514.00 137.00 53.00 121.00
515.00 138.00 53.00 121.00
515.00 138.00 53.00 122.00
515.00 138.00 53.00 122.00
515.00 137.00 54.00 123.00
515.00 136.00 54.00 123.00
516.00 136.00 54.00 123.00
517.00 136.00 53.00 122.00
519.00 136.00 53.00 122.00
521.00 136.00 53.00 122.00
523.00 137.00 53.00 120.00
525.00 137.00 53.00 120.00
524.00 137.00 53.00 120.00
524.00 139.00 52.00 120.00
525.00 140.00 52.00 119.00
523.00 140.00 52.00 119.00
522.00 141.00 52.00 119.00
521.00 140.00 52.00 119.00
521.00 141.00 52.00 119.00
521.00 140.00 52.00 119.00
521.00 141.00 52.00 118.00
521.00 141.00 51.00 117.00
522.00 141.00 51.00 117.00
522.00 140.00 51.00 116.00
523.00 140.00 51.00 116.00
523.00 140.00 51.00 116.00
525.00 140.00 51.00 116.00
525.00 140.00 50.00 115.00
525.00 141.00 50.00 114.00
524.00 141.00 50.00 113.00
524.00 141.00 49.00 112.00
523.00 142.00 49.00 111.00
522.00 142.00 48.00 111.00
521.00 143.00 48.00 111.00
520.00 144.00 48.00 110.00
519.00 145.00 47.00 108.00
519.00 145.00 47.00 107.00
518.00 146.00 46.00 106.00
517.00 146.00 46.00 106.00
517.00 146.00 46.00 105.00
518.00 148.00 46.00 105.00
518.00 148.00 45.00 104.00
518.00 149.00 45.00 103.00
518.00 150.00 45.00 103.00
519.00 150.00 45.00 102.00
519.00 150.00 45.00 102.00
519.00 150.00 44.00 102.00
519.00 151.00 44.00 101.00
519.00 151.00 44.00 102.00
519.00 152.00 44.00 101.00
520.00 152.00 44.00 100.00
520.00 152.00 44.00 100.00
519.00 152.00 44.00 100.00
520.00 151.00 44.00 100.00
520.00 151.00 44.00 100.00
521.00 150.00 44.00 100.00
522.00 150.00 44.00 100.00
523.00 148.00 44.00 100.00
526.00 148.00 44.00 100.00
527.00 147.00 44.00 101.00
529.00 146.00 44.00 101.00
531.00 146.00 44.00 101.00
532.00 145.00 44.00 100.00
534.00 146.00 44.00 100.00
535.00 145.00 44.00 101.00
536.00 145.00 44.00 102.00
537.00 144.00 45.00 102.00
538.00 143.00 45.00 102.00
540.00 143.00 45.00 102.00
541.00 143.00 44.00 102.00
543.00 143.00 44.00 102.00
543.00 143.00 44.00 101.00
543.00 142.00 44.00 102.00
544.00 142.00 44.00 102.00
544.00 142.00 44.00 102.00
544.00 142.00 44.00 102.00
545.00 141.00 45.00 102.00
545.00 140.00 45.00 102.00
545.00 140.00 45.00 103.00
545.00 139.00 45.00 103.00
546.00 139.00 45.00 103.00
546.00 139.00 45.00 103.00
547.00 139.00 45.00 103.00
548.00 139.00 45.00 103.00
547.00 139.00 45.00 102.00
548.00 139.00 45.00 102.00
548.00 138.00 45.00 102.00
549.00 139.00 45.00 102.00
549.00 138.00 45.00 103.00
549.00 138.00 45.00 103.00
549.00 137.00 45.00 104.00
551.00 137.00 46.00 104.00
551.00 136.00 46.00 105.00
552.00 136.00 46.00 105.00
553.00 136.00 46.00 105.00
555.00 137.00 46.00 105.00
555.00 137.00 46.00 104.00
556.00 139.00 46.00 104.00
556.00 140.00 45.00 104.00
556.00 142.00 45.00 103.00
556.00 142.00 45.00 104.00
556.00 144.00 45.00 103.00
557.00 145.00 45.00 103.00
556.00 146.00 45.00 103.00
556.00 148.00 45.00 103.00
556.00 149.00 44.00 102.00
556.00 150.00 44.00 101.00
556.00 151.00 44.00 100.00
556.00 153.00 44.00 100.00
556.00 154.00 43.00 99.00
556.00 156.00 43.00 98.00
556.00 157.00 42.00 97.00
557.00 159.00 42.00 96.00
556.00 160.00 42.00 95.00
556.00 162.00 41.00 95.00
557.00 164.00 41.00 95.00
558.00 165.00 41.00 94.00
558.00 166.00 41.00 93.00
559.00 167.00 40.00 92.00
561.00 169.00 40.00 92.00
563.00 169.00 40.00 91.00
563.00 170.00 40.00 91.00
562.00 169.00 39.00 90.00
563.00 169.00 39.00 89.00
563.00 167.00 39.00 90.00
564.00 165.00 39.00 90.00
563.00 161.00 40.00 91.00
564.00 157.00 40.00 91.00
565.00 154.00 40.00 91.00
566.00 150.00 40.00 91.00
566.00 146.00 40.00 92.00
566.00 143.00 41.00 93.00
568.00 140.00 41.00 94.00
569.00 137.00 42.00 95.00
569.00 134.00 42.00 97.00
571.00 132.00 42.00 97.00
572.00 130.00 43.00 98.00
573.00 128.00 43.00 99.00
573.00 128.00 44.00 100.00
574.00 126.00 44.00 101.00
574.00 125.00 44.00 101.00
574.00 123.00 45.00 102.00
574.00 122.00 45.00 103.00
575.00 122.00 45.00 103.00
574.00 121.00 45.00 104.00
574.00 122.00 45.00 104.00
574.00 123.00 46.00 104.00
574.00 125.00 46.00 104.00
574.00 127.00 46.00 104.00
573.00 127.00 46.00 105.00
573.00 128.00 46.00 105.00
572.00 127.00 46.00 106.00
570.00 126.00 46.00 106.00
569.00 125.00 46.00 106.00
568.00 124.00 46.00 106.00
565.00 123.00 46.00 105.00
563.00 122.00 46.00 105.00
562.00 123.00 45.00 104.00
561.00 124.00 46.00 104.00
559.00 125.00 45.00 104.00
559.00 126.00 46.00 104.00
559.00 126.00 45.00 104.00
558.00 128.00 46.00 104.00
559.00 128.00 46.00 104.00
560.00 127.00 45.00 103.00
562.00 127.00 45.00 103.00
564.00 126.00 45.00 102.00
566.00 126.00 44.00 102.00
568.00 126.00 45.00 102.00
569.00 126.00 44.00 102.00
570.00 127.00 45.00 102.00
571.00 127.00 44.00 102.00
572.00 129.00 45.00 103.00
571.00 130.00 45.00 103.00
571.00 130.00 46.00 104.00
569.00 129.00 46.00 105.00
568.00 129.00 46.00 105.00
565.00 128.00 46.00 105.00
563.00 127.00 46.00 104.00
562.00 127.00 45.00 103.00
559.00 126.00 45.00 103.00
557.00 126.00 45.00 102.00
555.00 127.00 45.00 102.00
553.00 127.00 44.00 102.00
551.00 128.00 45.00 102.00
549.00 129.00 45.00 103.00
548.00 130.00 45.00 103.00
548.00 130.00 45.00 103.00
549.00 130.00 45.00 103.00
550.00 130.00 45.00 104.00
552.00 128.00 46.00 105.00
554.00 128.00 46.00 104.00
556.00 127.00 45.00 103.00
559.00 127.00 45.00 104.00
561.00 126.00 45.00 104.00
562.00 126.00 46.00 104.00
564.00 127.00 45.00 104.00
565.00 128.00 45.00 104.00
566.00 128.00 46.00 104.00
566.00 129.00 46.00 105.00
566.00 130.00 46.00 105.00
565.00 130.00 46.00 106.00
564.00 130.00 46.00 106.00
562.00 129.00 46.00 105.00
559.00 127.00 46.00 105.00
557.00 127.00 46.00 105.00
555.00 126.00 46.00 105.00
