598.00 312.00 75.00 200.00
602.00 312.00 75.00 200.00
604.00 311.00 75.00 201.00
605.00 310.00 75.00 200.00
606.00 311.00 76.00 201.00
606.00 311.00 76.00 202.00
603.00 308.00 77.00 205.00
605.00 309.00 76.00 204.00
607.00 310.00 76.00 202.00
608.00 310.00 76.00 202.00
609.00 310.00 76.00 202.00
609.00 310.00 76.00 202.00
611.00 311.00 75.00 201.00
609.00 309.00 76.00 203.00
609.00 310.00 75.00 201.00
608.00 310.00 75.00 200.00
611.00 313.00 74.00 198.00
611.00 313.00 74.00 197.00
611.00 313.00 74.00 197.00
606.00 312.00 74.00 197.00
605.00 311.00 74.00 198.00
605.00 310.00 74.00 198.00
607.00 308.00 75.00 200.00
608.00 309.00 75.00 200.00
611.00 309.00 75.00 200.00
614.00 308.00 75.00 200.00
617.00 305.00 75.00 201.00
620.00 304.00 76.00 202.00
619.00 301.00 77.00 205.00
620.00 302.00 77.00 204.00
615.00 301.00 77.00 206.00
613.00 303.00 77.00 205.00
611.00 303.00 77.00 206.00
610.00 303.00 78.00 208.00
604.00 303.00 79.00 210.00
605.00 303.00 79.00 211.00
602.00 303.00 80.00 212.00
601.00 301.00 81.00 215.00
604.00 299.00 81.00 215.00
606.00 295.00 82.00 218.00
610.00 292.00 82.00 219.00
611.00 291.00 82.00 220.00
617.00 288.00 83.00 220.00
621.00 289.00 83.00 222.00
626.00 289.00 84.00 223.00
631.00 290.00 84.00 224.00
632.00 288.00 86.00 229.00
632.00 287.00 87.00 231.00
630.00 286.00 88.00 236.00
630.00 285.00 90.00 240.00
631.00 283.00 91.00 242.00
626.00 285.00 91.00 244.00
617.00 282.00 92.00 246.00
618.00 281.00 93.00 248.00
612.00 276.00 94.00 251.00
608.00 270.00 96.00 255.00
602.00 265.00 97.00 258.00
599.00 262.00 99.00 264.00
592.00 255.00 101.00 268.00
592.00 255.00 101.00 270.00
589.00 250.00 102.00 273.00
589.00 247.00 104.00 278.00
585.00 241.00 106.00 283.00
581.00 235.00 108.00 289.00
580.00 227.00 110.00 295.00
581.00 227.00 111.00 297.00
580.00 220.00 113.00 302.00
580.00 217.00 115.00 307.00
579.00 213.00 118.00 315.00
574.00 211.00 120.00 320.00
568.00 208.00 122.00 325.00
568.00 207.00 123.00 328.00
561.00 205.00 123.00 328.00
557.00 204.00 123.00 329.00
557.00 204.00 123.00 329.00
557.00 203.00 123.00 328.00
556.00 202.00 123.00 327.00
559.00 205.00 121.00 324.00
556.00 202.00 122.00 325.00
556.00 203.00 122.00 324.00
554.00 202.00 121.00 323.00
553.00 200.00 121.00 322.00
566.00 200.00 120.00 320.00
567.00 201.00 120.00 319.00
582.00 200.00 119.00 317.00
592.00 200.00 119.00 317.00
601.00 198.00 119.00 316.00
605.00 194.00 118.00 315.00
606.00 192.00 118.00 316.00
606.00 192.00 118.00 316.00
608.00 191.00 118.00 314.00
614.00 191.00 118.00 314.00
617.00 191.00 116.00 311.00
620.00 188.00 116.00 309.00
636.00 187.00 115.00 307.00
638.00 190.00 115.00 307.00
652.00 186.00 115.00 307.00
668.00 185.00 114.00 304.00
687.00 186.00 114.00 303.00
698.00 182.00 114.00 303.00
703.00 184.00 114.00 303.00
704.00 184.00 113.00 302.00
711.00 187.00 112.00 299.00
720.00 189.00 111.00 296.00
730.00 191.00 110.00 294.00
730.00 190.00 110.00 292.00
731.00 188.00 109.00 290.00
741.00 189.00 108.00 289.00
740.00 189.00 107.00 285.00
744.00 189.00 107.00 285.00
746.00 187.00 106.00 283.00
754.00 189.00 105.00 281.00
761.00 189.00 105.00 280.00
766.00 191.00 104.00 278.00
767.00 192.00 104.00 278.00
768.00 193.00 103.00 275.00
771.00 193.00 103.00 275.00
774.00 192.00 102.00 271.00
775.00 192.00 101.00 270.00
778.00 189.00 100.00 266.00
780.00 191.00 100.00 266.00
785.00 189.00 100.00 266.00
793.00 186.00 100.00 266.00
794.00 182.00 100.00 265.00
801.00 180.00 99.00 264.00
806.00 176.00 99.00 263.00
807.00 177.00 99.00 263.00
801.00 174.00 98.00 260.00
797.00 173.00 97.00 257.00
791.00 168.00 96.00 255.00
791.00 166.00 95.00 254.00
789.00 163.00 96.00 256.00
788.00 162.00 96.00 256.00
788.00 160.00 95.00 255.00
794.00 158.00 95.00 253.00
796.00 156.00 96.00 255.00
803.00 154.00 95.00 254.00
800.00 152.00 96.00 256.00
801.00 153.00 97.00 257.00
802.00 152.00 97.00 257.00
798.00 155.00 97.00 259.00
794.00 155.00 98.00 261.00
788.00 156.00 99.00 264.00
787.00 157.00 100.00 266.00
786.00 156.00 100.00 267.00
776.00 159.00 100.00 266.00
765.00 163.00 101.00 269.00
761.00 164.00 101.00 270.00
762.00 165.00 102.00 273.00
771.00 169.00 103.00 276.00
771.00 167.00 105.00 279.00
758.00 166.00 104.00 278.00
754.00 164.00 105.00 279.00
750.00 162.00 105.00 279.00
749.00 164.00 106.00 283.00
736.00 164.00 106.00 282.00
729.00 164.00 106.00 281.00
746.00 166.00 107.00 284.00
763.00 169.00 108.00 289.00
753.00 169.00 110.00 293.00
741.00 172.00 111.00 296.00
732.00 173.00 112.00 298.00
731.00 172.00 112.00 299.00
727.00 173.00 113.00 301.00
717.00 173.00 113.00 303.00
705.00 173.00 114.00 305.00
694.00 170.00 115.00 307.00
693.00 167.00 116.00 310.00
692.00 167.00 117.00 312.00
689.00 163.00 118.00 314.00
669.00 158.00 119.00 318.00
653.00 157.00 121.00 322.00
645.00 159.00 123.00 327.00
638.00 154.00 125.00 332.00
637.00 153.00 125.00 334.00
631.00 149.00 126.00 336.00
629.00 146.00 127.00 339.00
628.00 144.00 129.00 343.00
626.00 139.00 131.00 349.00
622.00 141.00 132.00 351.00
622.00 140.00 132.00 353.00
607.00 136.00 133.00 355.00
596.00 134.00 135.00 360.00
587.00 129.00 135.00 360.00
582.00 119.00 138.00 367.00
571.00 108.00 139.00 370.00
573.00 107.00 139.00 371.00
561.00 104.00 140.00 372.00
546.00 104.00 139.00 370.00
534.00 109.00 138.00 369.00
522.00 116.00 138.00 368.00
510.00 125.00 137.00 366.00
509.00 125.00 136.00 364.00
498.00 132.00 136.00 363.00
485.00 135.00 135.00 361.00
475.00 141.00 136.00 362.00
467.00 145.00 135.00 361.00
462.00 148.00 135.00 360.00
462.00 148.00 134.00 356.00
463.00 150.00 133.00 355.00
470.00 153.00 133.00 355.00
478.00 155.00 133.00 354.00
487.00 157.00 132.00 351.00
497.00 156.00 131.00 351.00
498.00 156.00 131.00 351.00
504.00 157.00 131.00 349.00
508.00 156.00 130.00 346.00
513.00 154.00 129.00 344.00
520.00 156.00 128.00 341.00
519.00 157.00 126.00 337.00
517.00 156.00 126.00 336.00
508.00 156.00 125.00 334.00
501.00 156.00 124.00 332.00
495.00 156.00 123.00 329.00
489.00 154.00 122.00 326.00
481.00 153.00 122.00 324.00
483.00 155.00 121.00 322.00
480.00 155.00 121.00 323.00
482.00 155.00 121.00 322.00
487.00 155.00 121.00 322.00
497.00 154.00 120.00 320.00
502.00 150.00 120.00 320.00
503.00 152.00 119.00 318.00
481.00 149.00 118.00 316.00
463.00 148.00 118.00 316.00
458.00 148.00 118.00 315.00
447.00 150.00 118.00 314.00
442.00 155.00 117.00 312.00
442.00 155.00 117.00 311.00
434.00 156.00 117.00 312.00
442.00 159.00 117.00 312.00
457.00 163.00 116.00 310.00
474.00 169.00 116.00 309.00
486.00 174.00 116.00 308.00
485.00 174.00 115.00 307.00
499.00 179.00 115.00 306.00
498.00 180.00 115.00 305.00
492.00 181.00 114.00 304.00
485.00 181.00 114.00 303.00
489.00 188.00 114.00 303.00
490.00 188.00 113.00 302.00
485.00 188.00 113.00 302.00
483.00 182.00 113.00 302.00
483.00 171.00 114.00 303.00
469.00 165.00 113.00 301.00
478.00 154.00 113.00 301.00
478.00 155.00 113.00 301.00
494.00 149.00 113.00 300.00
512.00 150.00 112.00 299.00
528.00 149.00 112.00 299.00
541.00 152.00 111.00 296.00
554.00 152.00 110.00 294.00
554.00 153.00 110.00 293.00
563.00 158.00 109.00 292.00
564.00 160.00 110.00 292.00
558.00 162.00 110.00 293.00
552.00 166.00 110.00 293.00
559.00 168.00 110.00 294.00
557.00 167.00 110.00 293.00
563.00 173.00 109.00 292.00
559.00 175.00 109.00 292.00
566.00 178.00 110.00 292.00
580.00 183.00 110.00 293.00
592.00 185.00 110.00 293.00
594.00 187.00 109.00 292.00
604.00 189.00 109.00 292.00
614.00 189.00 109.00 291.00
625.00 184.00 109.00 289.00
629.00 173.00 108.00 289.00
626.00 165.00 108.00 288.00
628.00 167.00 108.00 287.00
620.00 161.00 107.00 286.00
619.00 156.00 107.00 285.00
623.00 151.00 107.00 286.00
628.00 141.00 108.00 287.00
641.00 129.00 108.00 287.00
641.00 128.00 107.00 286.00
649.00 122.00 107.00 286.00
657.00 118.00 108.00 287.00
665.00 117.00 107.00 285.00
673.00 123.00 107.00 286.00
684.00 134.00 107.00 285.00
684.00 133.00 107.00 285.00
694.00 141.00 107.00 285.00
704.00 145.00 107.00 285.00
711.00 148.00 107.00 285.00
715.00 148.00 106.00 284.00
722.00 148.00 107.00 284.00
722.00 148.00 107.00 284.00
722.00 146.00 107.00 284.00
717.00 147.00 105.00 281.00
715.00 143.00 106.00 282.00
713.00 136.00 105.00 280.00
714.00 126.00 105.00 280.00
714.00 126.00 105.00 280.00
711.00 112.00 104.00 279.00
708.00 103.00 104.00 277.00
700.00 102.00 103.00 274.00
693.00 100.00 102.00 273.00
688.00 110.00 101.00 270.00
688.00 110.00 101.00 271.00
682.00 126.00 102.00 271.00
672.00 148.00 101.00 269.00
662.00 169.00 100.00 267.00
650.00 184.00 100.00 266.00
639.00 190.00 100.00 266.00
627.00 195.00 99.00 265.00
628.00 196.00 100.00 266.00
616.00 197.00 100.00 267.00
605.00 199.00 100.00 266.00
606.00 204.00 99.00 265.00
616.00 210.00 98.00 262.00
621.00 212.00 98.00 261.00
622.00 213.00 99.00 263.00
626.00 215.00 99.00 263.00
631.00 214.00 99.00 263.00
642.00 216.00 98.00 261.00
647.00 217.00 98.00 261.00
650.00 216.00 97.00 260.00
649.00 215.00 97.00 259.00
658.00 218.00 97.00 259.00
665.00 217.00 97.00 259.00
673.00 216.00 97.00 258.00
672.00 217.00 97.00 258.00
671.00 215.00 97.00 258.00
671.00 216.00 97.00 258.00
674.00 214.00 97.00 258.00
681.00 214.00 96.00 257.00
683.00 217.00 96.00 255.00
684.00 218.00 96.00 255.00
691.00 218.00 96.00 255.00
691.00 217.00 96.00 255.00
698.00 221.00 94.00 252.00
700.00 224.00 94.00 251.00
700.00 227.00 94.00 251.00
694.00 230.00 94.00 251.00
685.00 229.00 94.00 251.00
685.00 229.00 94.00 251.00
673.00 229.00 94.00 251.00
662.00 226.00 94.00 251.00
653.00 227.00 94.00 252.00
638.00 221.00 94.00 250.00
627.00 219.00 93.00 248.00
627.00 220.00 93.00 247.00
626.00 220.00 93.00 247.00
619.00 217.00 92.00 246.00
614.00 216.00 93.00 247.00
611.00 221.00 92.00 246.00
615.00 227.00 92.00 244.00
616.00 226.00 92.00 245.00
618.00 230.00 91.00 244.00
618.00 232.00 92.00 244.00
614.00 236.00 91.00 243.00
611.00 236.00 91.00 242.00
603.00 239.00 90.00 240.00
603.00 239.00 90.00 239.00
594.00 239.00 90.00 239.00
588.00 239.00 90.00 239.00
587.00 240.00 89.00 238.00
586.00 241.00 88.00 236.00
585.00 245.00 89.00 237.00
584.00 243.00 89.00 237.00
583.00 244.00 88.00 235.00
586.00 246.00 88.00 234.00
587.00 249.00 88.00 234.00
584.00 251.00 87.00 232.00
578.00 254.00 87.00 231.00
580.00 255.00 87.00 232.00
575.00 258.00 87.00 231.00
575.00 262.00 87.00 231.00
571.00 265.00 87.00 231.00
569.00 268.00 87.00 231.00
569.00 272.00 86.00 229.00
569.00 272.00 86.00 229.00
569.00 274.00 85.00 227.00
573.00 279.00 85.00 227.00
575.00 285.00 85.00 226.00
577.00 292.00 84.00 225.00
576.00 297.00 84.00 224.00
576.00 297.00 84.00 224.00
576.00 300.00 83.00 223.00
573.00 306.00 84.00 223.00
571.00 306.00 84.00 223.00
564.00 309.00 83.00 223.00
553.00 309.00 83.00 222.00
552.00 309.00 83.00 221.00
541.00 310.00 82.00 220.00
531.00 308.00 82.00 218.00
526.00 307.00 81.00 217.00
527.00 308.00 81.00 215.00
527.00 307.00 80.00 214.00
527.00 307.00 80.00 214.00
527.00 306.00 80.00 215.00
529.00 307.00 80.00 213.00
532.00 309.00 80.00 212.00
528.00 312.00 80.00 213.00
526.00 312.00 80.00 213.00
526.00 312.00 79.00 212.00
523.00 313.00 79.00 212.00
522.00 312.00 79.00 210.00
520.00 308.00 78.00 209.00
516.00 300.00 78.00 208.00
512.00 288.00 78.00 207.00
512.00 287.00 78.00 208.00
511.00 275.00 77.00 206.00
514.00 269.00 77.00 206.00
512.00 264.00 77.00 204.00
505.00 262.00 76.00 203.00
504.00 262.00 76.00 202.00
505.00 264.00 75.00 201.00
503.00 260.00 75.00 200.00
500.00 262.00 75.00 199.00
498.00 260.00 75.00 199.00
501.00 264.00 74.00 197.00
504.00 262.00 74.00 197.00
505.00 262.00 74.00 197.00
511.00 264.00 74.00 197.00
519.00 264.00 74.00 197.00
523.00 264.00 74.00 197.00
526.00 264.00 74.00 197.00
532.00 262.00 74.00 196.00
531.00 261.00 74.00 197.00
539.00 261.00 74.00 197.00
546.00 256.00 74.00 198.00
553.00 253.00 74.00 196.00
559.00 249.00 74.00 196.00
561.00 243.00 74.00 197.00
561.00 244.00 74.00 197.00
552.00 234.00 74.00 198.00
581.00 183.00 74.00 197.00
569.00 184.00 73.00 195.00
553.00 184.00 74.00 196.00
552.00 231.00 74.00 196.00
552.00 232.00 73.00 195.00
547.00 236.00 73.00 195.00
550.00 233.00 73.00 196.00
551.00 233.00 73.00 195.00
549.00 234.00 73.00 195.00
547.00 233.00 73.00 196.00
545.00 233.00 73.00 196.00
543.00 233.00 73.00 196.00
539.00 235.00 73.00 195.00
538.00 238.00 73.00 195.00
539.00 239.00 73.00 195.00
543.00 242.00 73.00 195.00
543.00 242.00 73.00 196.00
548.00 245.00 73.00 195.00
554.00 249.00 73.00 195.00
562.00 254.00 73.00 195.00
566.00 258.00 73.00 195.00
591.00 289.00 73.00 193.00
593.00 291.00 72.00 193.00
599.00 295.00 72.00 192.00
609.00 301.00 71.00 190.00
605.00 279.00 71.00 190.00
599.00 274.00 71.00 190.00
601.00 275.00 72.00 191.00
600.00 274.00 72.00 191.00
599.00 274.00 71.00 190.00
601.00 277.00 71.00 190.00
600.00 278.00 71.00 190.00
600.00 279.00 72.00 191.00
599.00 278.00 72.00 191.00
599.00 278.00 72.00 191.00
604.00 279.00 72.00 191.00
610.00 282.00 71.00 190.00
618.00 282.00 71.00 190.00
628.00 282.00 71.00 189.00
641.00 282.00 71.00 189.00
642.00 283.00 71.00 189.00
654.00 284.00 71.00 189.00
662.00 283.00 71.00 189.00
669.00 286.00 71.00 189.00
674.00 285.00 71.00 189.00
680.00 284.00 71.00 188.00
681.00 284.00 71.00 188.00
685.00 285.00 70.00 188.00
693.00 283.00 70.00 187.00
702.00 281.00 70.00 187.00
714.00 278.00 70.00 186.00
730.00 275.00 69.00 185.00
731.00 276.00 69.00 185.00
744.00 273.00 69.00 184.00
752.00 271.00 69.00 184.00
757.00 269.00 69.00 183.00
762.00 268.00 69.00 184.00
763.00 265.00 69.00 183.00
763.00 265.00 68.00 183.00
764.00 264.00 68.00 182.00
763.00 262.00 69.00 183.00
761.00 259.00 68.00 182.00
759.00 259.00 69.00 184.00
758.00 255.00 69.00 183.00
757.00 255.00 68.00 182.00
759.00 253.00 69.00 183.00
764.00 251.00 68.00 181.00
771.00 250.00 68.00 180.00
774.00 248.00 68.00 181.00
775.00 245.00 68.00 181.00
775.00 245.00 68.00 181.00
776.00 248.00 68.00 180.00
781.00 252.00 68.00 181.00
781.00 253.00 68.00 181.00
781.00 254.00 68.00 181.00
776.00 254.00 68.00 181.00
770.00 255.00 67.00 180.00
770.00 255.00 67.00 180.00
765.00 256.00 67.00 179.00
759.00 256.00 67.00 179.00
757.00 255.00 67.00 178.00
758.00 255.00 66.00 176.00
