707.00 240.00 10.00 10.00
713.00 243.00 10.00 10.00
719.00 248.00 10.00 10.00
724.00 256.00 10.00 10.00
729.00 266.00 10.00 10.00
733.00 278.00 10.00 10.00
738.00 294.00 10.00 10.00
745.00 312.00 10.00 10.00
744.00 316.00 10.00 10.00
744.00 320.00 10.00 10.00
747.00 336.00 10.00 10.00
748.00 335.00 9.00 9.00
746.00 335.00 8.00 8.00
747.00 335.00 8.00 8.00
749.00 334.00 8.00 8.00
751.00 333.00 8.00 8.00
751.00 332.00 8.00 8.00
750.00 331.00 7.00 7.00
751.00 330.00 7.00 7.00
749.00 327.00 7.00 7.00
751.00 325.00 7.00 7.00
751.00 324.00 6.00 6.00
751.00 321.00 6.00 6.00
751.00 320.00 6.00 6.00
750.00 319.00 6.00 6.00
749.00 317.00 6.00 6.00
748.00 314.00 6.00 6.00
748.00 313.00 6.00 6.00
747.00 310.00 6.00 6.00
749.00 310.00 6.00 6.00
750.00 309.00 6.00 6.00
749.00 308.00 6.00 6.00
749.00 307.00 6.00 6.00
750.00 308.00 6.00 6.00
751.00 307.00 6.00 6.00
750.00 308.00 6.00 6.00
750.00 308.00 6.00 6.00
751.00 307.00 6.00 6.00
751.00 308.00 6.00 6.00
753.00 310.00 6.00 6.00
751.00 310.00 5.00 5.00
753.00 308.00 5.00 5.00
756.00 306.00 5.00 5.00
758.00 304.00 5.00 5.00
759.00 302.00 5.00 5.00
759.00 302.00 5.00 5.00
758.00 304.00 5.00 5.00
753.00 304.00 5.00 5.00
748.00 303.00 5.00 5.00
744.00 302.00 5.00 5.00
741.00 300.00 5.00 5.00
737.00 299.00 5.00 5.00
733.00 298.00 5.00 5.00
728.00 296.00 5.00 5.00
725.00 297.00 5.00 5.00
721.00 300.00 5.00 5.00
718.00 303.00 5.00 5.00
714.00 306.00 5.00 5.00
711.00 310.00 5.00 5.00
710.00 312.00 5.00 5.00
709.00 315.00 5.00 5.00
707.00 317.00 5.00 5.00
706.00 316.00 5.00 5.00
705.00 315.00 5.00 5.00
704.00 313.00 5.00 5.00
705.00 311.00 5.00 5.00
706.00 307.00 5.00 5.00
707.00 303.00 5.00 5.00
708.00 299.00 5.00 5.00
710.00 295.00 5.00 5.00
711.00 290.00 5.00 5.00
712.00 287.00 5.00 5.00
712.00 285.00 5.00 5.00
712.00 285.00 5.00 5.00
711.00 284.00 5.00 5.00
710.00 283.00 5.00 5.00
711.00 283.00 5.00 5.00
713.00 283.00 5.00 5.00
716.00 284.00 5.00 5.00
719.00 285.00 5.00 5.00
723.00 284.00 5.00 5.00
728.00 284.00 5.00 5.00
731.00 280.00 6.00 6.00
733.00 278.00 5.00 5.00
735.00 276.00 5.00 5.00
735.00 274.00 5.00 5.00
734.00 272.00 5.00 5.00
732.00 271.00 5.00 5.00
732.00 270.00 5.00 5.00
733.00 269.00 5.00 5.00
735.00 267.00 5.00 5.00
738.00 264.00 5.00 5.00
741.00 262.00 5.00 5.00
744.00 259.00 5.00 5.00
745.00 256.00 5.00 5.00
746.00 255.00 5.00 5.00
745.00 253.00 5.00 5.00
745.00 254.00 5.00 5.00
745.00 255.00 5.00 5.00
745.00 256.00 5.00 5.00
741.00 256.00 5.00 5.00
742.00 259.00 5.00 5.00
742.00 261.00 6.00 6.00
743.00 264.00 6.00 6.00
743.00 265.00 6.00 6.00
743.00 266.00 6.00 6.00
742.00 265.00 6.00 6.00
740.00 263.00 6.00 6.00
739.00 260.00 6.00 6.00
738.00 257.00 6.00 6.00
738.00 253.00 6.00 6.00
737.00 248.00 6.00 6.00
737.00 243.00 6.00 6.00
737.00 238.00 6.00 6.00
738.00 235.00 6.00 6.00
738.00 232.00 6.00 6.00
737.00 230.00 6.00 6.00
736.00 228.00 6.00 6.00
735.00 227.00 6.00 6.00
735.00 226.00 6.00 6.00
735.00 226.00 6.00 6.00
733.00 226.00 6.00 6.00
731.00 227.00 6.00 6.00
730.00 228.00 6.00 6.00
730.00 232.00 6.00 6.00
731.00 236.00 6.00 6.00
730.00 238.00 6.00 6.00
729.00 239.00 6.00 6.00
727.00 239.00 6.00 6.00
726.00 238.00 6.00 6.00
723.00 237.00 6.00 6.00
724.00 235.00 6.00 6.00
725.00 232.00 6.00 6.00
727.00 230.00 6.00 6.00
729.00 231.00 6.00 6.00
729.00 235.00 6.00 6.00
728.00 239.00 6.00 6.00
729.00 241.00 6.00 6.00
728.00 241.00 6.00 6.00
724.00 240.00 6.00 6.00
722.00 238.00 6.00 6.00
722.00 234.00 6.00 6.00
720.00 234.00 6.00 6.00
720.00 234.00 6.00 6.00
719.00 236.00 6.00 6.00
720.00 237.00 6.00 6.00
720.00 240.00 6.00 6.00
722.00 241.00 6.00 6.00
721.00 240.00 6.00 6.00
718.00 238.00 6.00 6.00
720.00 234.00 6.00 6.00
716.00 231.00 7.00 7.00
711.00 229.00 7.00 7.00
705.00 227.00 7.00 7.00
698.00 225.00 7.00 7.00
692.00 222.00 7.00 7.00
685.00 220.00 7.00 7.00
680.00 220.00 7.00 7.00
677.00 222.00 6.00 6.00
674.00 224.00 6.00 6.00
669.00 224.00 6.00 6.00
666.00 226.00 6.00 6.00
660.00 227.00 6.00 6.00
654.00 229.00 6.00 6.00
647.00 232.00 6.00 6.00
641.00 234.00 6.00 6.00
635.00 236.00 6.00 6.00
629.00 239.00 6.00 6.00
622.00 243.00 6.00 6.00
616.00 246.00 6.00 6.00
611.00 250.00 6.00 6.00
605.00 255.00 6.00 6.00
599.00 261.00 6.00 6.00
593.00 267.00 6.00 6.00
586.00 273.00 6.00 6.00
580.00 277.00 6.00 6.00
574.00 279.00 6.00 6.00
569.00 280.00 6.00 6.00
564.00 280.00 6.00 6.00
559.00 278.00 6.00 6.00
555.00 274.00 6.00 6.00
552.00 269.00 6.00 6.00
553.00 268.00 7.00 7.00
553.00 264.00 7.00 7.00
555.00 261.00 7.00 7.00
555.00 256.00 7.00 7.00
553.00 250.00 7.00 7.00
553.00 245.00 7.00 7.00
553.00 241.00 7.00 7.00
553.00 238.00 7.00 7.00
555.00 236.00 7.00 7.00
555.00 234.00 6.00 6.00
555.00 232.00 6.00 6.00
554.00 231.00 6.00 6.00
555.00 228.00 6.00 6.00
555.00 225.00 6.00 6.00
555.00 220.00 6.00 6.00
555.00 216.00 6.00 6.00
556.00 212.00 6.00 6.00
556.00 210.00 6.00 6.00
556.00 208.00 6.00 6.00
554.00 209.00 6.00 6.00
553.00 211.00 6.00 6.00
550.00 214.00 6.00 6.00
546.00 215.00 6.00 6.00
544.00 216.00 6.00 6.00
542.00 217.00 6.00 6.00
541.00 217.00 6.00 6.00
541.00 217.00 6.00 6.00
541.00 217.00 6.00 6.00
541.00 216.00 6.00 6.00
541.00 216.00 6.00 6.00
542.00 216.00 6.00 6.00
542.00 216.00 6.00 6.00
540.00 217.00 6.00 6.00
541.00 217.00 6.00 6.00
537.00 214.00 7.00 7.00
536.00 214.00 7.00 7.00
532.00 210.00 6.00 6.00
533.00 210.00 6.00 6.00
534.00 211.00 6.00 6.00
534.00 212.00 6.00 6.00
534.00 213.00 6.00 6.00
536.00 213.00 6.00 6.00
537.00 212.00 6.00 6.00
536.00 210.00 6.00 6.00
536.00 210.00 6.00 6.00
536.00 209.00 6.00 6.00
535.00 208.00 6.00 6.00
535.00 208.00 6.00 6.00
534.00 209.00 6.00 6.00
534.00 208.00 6.00 6.00
532.00 207.00 6.00 6.00
531.00 208.00 6.00 6.00
530.00 209.00 6.00 6.00
529.00 210.00 6.00 6.00
527.00 212.00 6.00 6.00
527.00 214.00 6.00 6.00
526.00 216.00 6.00 6.00
526.00 218.00 6.00 6.00
525.00 221.00 6.00 6.00
524.00 225.00 6.00 6.00
523.00 228.00 6.00 6.00
521.00 231.00 6.00 6.00
519.00 231.00 6.00 6.00
516.00 231.00 6.00 6.00
514.00 229.00 6.00 6.00
512.00 226.00 6.00 6.00
510.00 223.00 6.00 6.00
509.00 220.00 6.00 6.00
507.00 217.00 6.00 6.00
506.00 215.00 6.00 6.00
503.00 214.00 6.00 6.00
501.00 213.00 6.00 6.00
500.00 214.00 6.00 6.00
499.00 215.00 6.00 6.00
497.00 218.00 6.00 6.00
495.00 222.00 6.00 6.00
494.00 226.00 6.00 6.00
494.00 230.00 6.00 6.00
494.00 234.00 6.00 6.00
494.00 236.00 6.00 6.00
494.00 236.00 6.00 6.00
494.00 236.00 6.00 6.00
494.00 234.00 6.00 6.00
494.00 231.00 6.00 6.00
494.00 229.00 6.00 6.00
495.00 225.00 6.00 6.00
495.00 221.00 6.00 6.00
495.00 218.00 6.00 6.00
494.00 216.00 6.00 6.00
495.00 219.00 6.00 6.00
497.00 220.00 6.00 6.00
497.00 221.00 6.00 6.00
498.00 221.00 6.00 6.00
500.00 221.00 6.00 6.00
502.00 221.00 6.00 6.00
503.00 220.00 6.00 6.00
505.00 220.00 6.00 6.00
509.00 220.00 6.00 6.00
512.00 219.00 6.00 6.00
514.00 219.00 6.00 6.00
516.00 219.00 6.00 6.00
518.00 220.00 6.00 6.00
518.00 220.00 6.00 6.00
518.00 219.00 6.00 6.00
517.00 219.00 6.00 6.00
517.00 219.00 6.00 6.00
