32.00 60.00 68.00 78.00
38.00 63.00 67.00 77.00
41.00 68.00 68.00 78.00
46.00 74.00 68.00 78.00
55.00 79.00 68.00 77.00
65.00 80.00 67.00 77.00
75.00 81.00 68.00 78.00
85.00 84.00 67.00 76.00
96.00 91.00 65.00 75.00
104.00 93.00 65.00 74.00
111.00 94.00 64.00 74.00
121.00 94.00 63.00 72.00
128.00 92.00 63.00 72.00
135.00 90.00 62.00 72.00
139.00 86.00 62.00 71.00
145.00 82.00 62.00 71.00
150.00 80.00 61.00 70.00
157.00 77.00 61.00 70.00
166.00 75.00 61.00 70.00
179.00 73.00 60.00 69.00
197.00 74.00 60.00 69.00
213.00 74.00 60.00 68.00
230.00 73.00 60.00 68.00
246.00 73.00 59.00 68.00
263.00 73.00 59.00 67.00
277.00 74.00 58.00 67.00
287.00 72.00 59.00 68.00
295.00 70.00 59.00 68.00
297.00 68.00 59.00 67.00
298.00 67.00 58.00 67.00
290.00 67.00 59.00 68.00
279.00 69.00 59.00 68.00
265.00 68.00 59.00 68.00
250.00 66.00 59.00 67.00
233.00 63.00 60.00 68.00
222.00 67.00 59.00 67.00
193.00 66.00 59.00 67.00
176.00 70.00 59.00 68.00
164.00 74.00 59.00 68.00
153.00 74.00 60.00 69.00
144.00 55.00 60.00 68.00
164.00 100.00 59.00 67.00
156.00 102.00 58.00 66.00
148.00 105.00 58.00 67.00
143.00 91.00 58.00 66.00
138.00 90.00 58.00 66.00
108.00 90.00 57.00 66.00
104.00 89.00 57.00 66.00
100.00 88.00 57.00 65.00
97.00 88.00 56.00 64.00
95.00 88.00 55.00 64.00
98.00 89.00 55.00 63.00
108.00 91.00 54.00 62.00
122.00 90.00 54.00 62.00
156.00 91.00 54.00 62.00
172.00 90.00 54.00 62.00
194.00 87.00 54.00 62.00
214.00 85.00 54.00 62.00
232.00 84.00 54.00 62.00
249.00 84.00 55.00 63.00
263.00 81.00 56.00 64.00
277.00 79.00 56.00 64.00
291.00 76.00 56.00 65.00
301.00 71.00 57.00 65.00
308.00 67.00 57.00 66.00
313.00 65.00 57.00 66.00
313.00 62.00 58.00 66.00
309.00 62.00 58.00 67.00
298.00 65.00 59.00 67.00
282.00 71.00 59.00 68.00
261.00 78.00 60.00 69.00
238.00 83.00 61.00 69.00
211.00 87.00 61.00 70.00
186.00 89.00 61.00 70.00
163.00 91.00 62.00 71.00
136.00 88.00 62.00 72.00
114.00 85.00 63.00 72.00
93.00 80.00 63.00 73.00
69.00 73.00 64.00 74.00
49.00 69.00 65.00 74.00
28.00 65.00 65.00 75.00
-0.00 64.00 67.00 76.00
-22.00 72.00 66.00 76.00
-43.00 77.00 66.00 76.00
-49.00 79.00 66.00 75.00
-51.00 80.00 65.00 75.00
-50.00 80.00 65.00 75.00
-47.00 78.00 65.00 75.00
-46.00 69.00 65.00 75.00
-36.00 55.00 65.00 75.00
-29.00 54.00 66.00 76.00
-25.00 54.00 66.00 76.00
-20.00 55.00 66.00 76.00
-13.00 77.00 66.00 76.00
-4.00 79.00 67.00 77.00
5.00 82.00 66.00 76.00
17.00 86.00 66.00 76.00
26.00 87.00 66.00 76.00
42.00 90.00 66.00 76.00
55.00 91.00 66.00 76.00
68.00 92.00 67.00 77.00
90.00 95.00 67.00 77.00
109.00 98.00 67.00 77.00
130.00 101.00 68.00 77.00
153.00 103.00 68.00 78.00
175.00 104.00 68.00 79.00
201.00 107.00 68.00 79.00
225.00 108.00 69.00 80.00
249.00 110.00 70.00 80.00
275.00 110.00 70.00 80.00
298.00 109.00 69.00 80.00
319.00 108.00 70.00 80.00
335.00 106.00 70.00 80.00
349.00 102.00 70.00 80.00
355.00 97.00 70.00 80.00
357.00 92.00 70.00 80.00
353.00 88.00 70.00 80.00
340.00 83.00 69.00 80.00
322.00 75.00 70.00 81.00
304.00 71.00 70.00 81.00
285.00 68.00 70.00 80.00
268.00 66.00 70.00 81.00
255.00 67.00 71.00 81.00
251.00 55.00 71.00 81.00
248.00 53.00 70.00 81.00
244.00 58.00 70.00 81.00
240.00 65.00 71.00 81.00
233.00 90.00 72.00 82.00
226.00 94.00 72.00 82.00
212.00 90.00 72.00 82.00
196.00 83.00 71.00 82.00
165.00 82.00 71.00 82.00
177.00 86.00 71.00 82.00
164.00 80.00 72.00 83.00
169.00 69.00 73.00 84.00
161.00 84.00 73.00 84.00
148.00 81.00 73.00 84.00
177.00 85.00 72.00 83.00
205.00 90.00 72.00 83.00
234.00 95.00 73.00 83.00
251.00 96.00 72.00 83.00
257.00 94.00 72.00 82.00
258.00 94.00 72.00 82.00
259.00 96.00 71.00 81.00
256.00 98.00 70.00 81.00
252.00 101.00 70.00 80.00
247.00 103.00 69.00 79.00
240.00 103.00 68.00 78.00
235.00 101.00 67.00 77.00
226.00 94.00 67.00 76.00
215.00 87.00 66.00 76.00
221.00 82.00 66.00 76.00
238.00 82.00 66.00 76.00
260.00 82.00 65.00 74.00
278.00 82.00 64.00 73.00
292.00 80.00 63.00 72.00
301.00 76.00 62.00 72.00
309.00 68.00 62.00 71.00
311.00 54.00 62.00 71.00
310.00 47.00 62.00 71.00
308.00 46.00 62.00 71.00
301.00 53.00 62.00 71.00
293.00 65.00 62.00 71.00
283.00 83.00 62.00 71.00
270.00 99.00 62.00 71.00
258.00 109.00 62.00 71.00
253.00 112.00 62.00 71.00
244.00 109.00 62.00 72.00
228.00 99.00 63.00 72.00
211.00 90.00 63.00 72.00
199.00 82.00 63.00 72.00
184.00 73.00 63.00 72.00
175.00 71.00 62.00 71.00
183.00 69.00 63.00 72.00
192.00 68.00 63.00 73.00
187.00 70.00 64.00 74.00
162.00 73.00 65.00 74.00
137.00 81.00 65.00 75.00
173.00 79.00 66.00 76.00
169.00 86.00 66.00 76.00
132.00 103.00 66.00 76.00
142.00 101.00 66.00 76.00
143.00 97.00 66.00 76.00
149.00 97.00 66.00 76.00
178.00 100.00 66.00 76.00
197.00 96.00 66.00 76.00
208.00 91.00 66.00 76.00
210.00 85.00 66.00 76.00
212.00 78.00 66.00 76.00
222.00 67.00 65.00 75.00
226.00 57.00 65.00 75.00
217.00 50.00 65.00 75.00
209.00 51.00 65.00 75.00
202.00 57.00 65.00 74.00
195.00 67.00 64.00 74.00
193.00 73.00 64.00 74.00
190.00 79.00 64.00 73.00
229.00 71.00 64.00 74.00
230.00 73.00 65.00 74.00
233.00 71.00 65.00 74.00
196.00 80.00 64.00 74.00
212.00 78.00 65.00 74.00
237.00 77.00 65.00 75.00
265.00 79.00 66.00 76.00
270.00 77.00 67.00 76.00
247.00 72.00 67.00 77.00
226.00 74.00 67.00 77.00
207.00 81.00 67.00 77.00
203.00 88.00 67.00 77.00
213.00 92.00 68.00 78.00
229.00 96.00 69.00 79.00
234.00 97.00 69.00 79.00
224.00 96.00 69.00 79.00
206.00 94.00 70.00 80.00
181.00 92.00 70.00 80.00
162.00 97.00 69.00 80.00
146.00 106.00 69.00 79.00
136.00 114.00 69.00 79.00
140.00 119.00 69.00 79.00
151.00 116.00 69.00 79.00
161.00 110.00 69.00 79.00
172.00 103.00 68.00 78.00
180.00 96.00 68.00 78.00
183.00 85.00 68.00 78.00
190.00 74.00 68.00 78.00
210.00 65.00 67.00 77.00
227.00 57.00 67.00 77.00
235.00 54.00 67.00 77.00
240.00 55.00 67.00 77.00
240.00 56.00 68.00 78.00
233.00 56.00 68.00 78.00
218.00 59.00 69.00 79.00
195.00 70.00 68.00 78.00
176.00 88.00 68.00 78.00
161.00 101.00 68.00 78.00
152.00 114.00 68.00 78.00
157.00 124.00 68.00 78.00
166.00 120.00 68.00 78.00
172.00 116.00 68.00 77.00
184.00 107.00 67.00 77.00
200.00 98.00 67.00 77.00
212.00 86.00 67.00 77.00
215.00 68.00 67.00 77.00
218.00 70.00 68.00 78.00
218.00 85.00 68.00 78.00
228.00 99.00 68.00 78.00
233.00 102.00 68.00 78.00
230.00 102.00 67.00 77.00
223.00 101.00 67.00 76.00
206.00 99.00 66.00 75.00
195.00 100.00 65.00 75.00
193.00 105.00 64.00 74.00
188.00 110.00 64.00 74.00
187.00 116.00 64.00 73.00
185.00 121.00 63.00 72.00
197.00 124.00 63.00 72.00
199.00 120.00 62.00 71.00
204.00 116.00 61.00 70.00
215.00 110.00 61.00 70.00
222.00 107.00 61.00 70.00
224.00 104.00 62.00 71.00
223.00 104.00 62.00 71.00
214.00 103.00 62.00 71.00
192.00 70.00 61.00 70.00
175.00 73.00 60.00 69.00
171.00 68.00 60.00 68.00
191.00 53.00 59.00 68.00
177.00 82.00 60.00 69.00
184.00 67.00 60.00 69.00
188.00 59.00 60.00 69.00
186.00 55.00 61.00 70.00
179.00 52.00 61.00 70.00
175.00 53.00 61.00 70.00
167.00 56.00 62.00 71.00
155.00 59.00 62.00 71.00
141.00 64.00 62.00 71.00
127.00 68.00 62.00 71.00
112.00 72.00 62.00 72.00
98.00 79.00 63.00 72.00
88.00 77.00 63.00 72.00
84.00 74.00 63.00 72.00
89.00 70.00 62.00 72.00
105.00 66.00 63.00 72.00
123.00 65.00 62.00 71.00
155.00 64.00 62.00 71.00
185.00 72.00 62.00 71.00
207.00 88.00 62.00 71.00
230.00 87.00 62.00 71.00
251.00 102.00 63.00 72.00
259.00 99.00 63.00 72.00
253.00 94.00 63.00 73.00
241.00 76.00 64.00 73.00
235.00 58.00 64.00 74.00
230.00 56.00 64.00 74.00
227.00 62.00 64.00 74.00
223.00 82.00 64.00 74.00
216.00 87.00 64.00 74.00
209.00 88.00 64.00 74.00
196.00 86.00 64.00 73.00
185.00 87.00 64.00 73.00
176.00 92.00 63.00 73.00
173.00 97.00 63.00 72.00
181.00 98.00 62.00 71.00
203.00 98.00 62.00 71.00
232.00 105.00 62.00 71.00
256.00 111.00 62.00 72.00
269.00 107.00 63.00 72.00
265.00 100.00 63.00 72.00
257.00 95.00 64.00 73.00
249.00 93.00 65.00 74.00
246.00 95.00 66.00 75.00
240.00 92.00 66.00 76.00
228.00 87.00 66.00 76.00
168.00 80.00 66.00 76.00
136.00 84.00 66.00 75.00
123.00 87.00 65.00 75.00
120.00 88.00 65.00 75.00
140.00 86.00 65.00 75.00
182.00 80.00 65.00 74.00
189.00 71.00 64.00 74.00
169.00 83.00 63.00 73.00
170.00 83.00 63.00 72.00
169.00 82.00 62.00 71.00
169.00 82.00 61.00 70.00
199.00 71.00 62.00 71.00
161.00 89.00 61.00 70.00
144.00 110.00 61.00 70.00
137.00 124.00 62.00 71.00
157.00 120.00 61.00 70.00
176.00 112.00 61.00 70.00
199.00 102.00 61.00 70.00
226.00 89.00 61.00 70.00
245.00 78.00 62.00 71.00
239.00 73.00 62.00 71.00
201.00 82.00 61.00 70.00
178.00 98.00 61.00 70.00
170.00 104.00 61.00 70.00
177.00 108.00 60.00 69.00
207.00 122.00 60.00 69.00
240.00 128.00 61.00 70.00
271.00 121.00 61.00 70.00
302.00 110.00 61.00 70.00
330.00 96.00 61.00 70.00
355.00 70.00 62.00 71.00
321.00 65.00 62.00 71.00
280.00 74.00 62.00 71.00
235.00 82.00 62.00 71.00
192.00 88.00 62.00 72.00
152.00 94.00 62.00 71.00
161.00 83.00 63.00 72.00
144.00 89.00 63.00 72.00
100.00 111.00 63.00 72.00
113.00 123.00 62.00 71.00
138.00 137.00 62.00 71.00
159.00 134.00 62.00 71.00
196.00 137.00 61.00 70.00
201.00 119.00 62.00 71.00
182.00 100.00 61.00 70.00
151.00 96.00 62.00 71.00
123.00 95.00 62.00 71.00
104.00 98.00 62.00 71.00
96.00 103.00 62.00 71.00
104.00 106.00 62.00 72.00
124.00 103.00 63.00 72.00
152.00 92.00 63.00 72.00
