168.00 80.00 49.00 50.00
168.00 80.00 49.00 50.00
167.00 80.00 49.00 50.00
167.00 79.00 49.00 50.00
166.00 79.00 50.00 51.00
166.00 79.00 50.00 51.00
165.00 78.00 50.00 51.00
164.00 78.00 51.00 52.00
163.00 78.00 51.00 52.00
162.00 77.00 51.00 52.00
160.00 76.00 50.00 51.00
157.00 76.00 50.00 51.00
152.00 74.00 50.00 51.00
149.00 73.00 50.00 51.00
147.00 73.00 49.00 50.00
144.00 71.00 49.00 50.00
140.00 70.00 49.00 50.00
136.00 68.00 50.00 51.00
132.00 67.00 50.00 51.00
127.00 66.00 50.00 51.00
122.00 65.00 50.00 51.00
118.00 64.00 50.00 51.00
115.00 63.00 50.00 51.00
112.00 62.00 49.00 50.00
108.00 61.00 49.00 50.00
104.00 61.00 48.00 49.00
100.00 61.00 47.00 48.00
96.00 62.00 47.00 48.00
93.00 63.00 46.00 47.00
90.00 65.00 46.00 47.00
87.00 66.00 46.00 47.00
85.00 67.00 45.00 46.00
84.00 69.00 44.00 45.00
83.00 71.00 44.00 45.00
83.00 72.00 44.00 45.00
83.00 72.00 44.00 45.00
84.00 73.00 44.00 44.00
83.00 74.00 43.00 44.00
85.00 75.00 43.00 44.00
86.00 76.00 43.00 44.00
86.00 78.00 43.00 44.00
87.00 81.00 42.00 43.00
87.00 84.00 42.00 43.00
86.00 88.00 42.00 42.00
86.00 92.00 41.00 42.00
88.00 95.00 41.00 42.00
91.00 98.00 40.00 41.00
94.00 101.00 40.00 41.00
97.00 103.00 40.00 41.00
100.00 106.00 40.00 40.00
103.00 107.00 39.00 40.00
106.00 109.00 40.00 41.00
109.00 110.00 40.00 41.00
114.00 110.00 40.00 41.00
120.00 109.00 41.00 42.00
125.00 109.00 41.00 42.00
130.00 109.00 42.00 43.00
134.00 108.00 42.00 43.00
138.00 108.00 43.00 44.00
142.00 107.00 43.00 44.00
147.00 107.00 44.00 45.00
151.00 107.00 45.00 46.00
155.00 107.00 45.00 46.00
161.00 107.00 46.00 47.00
167.00 106.00 47.00 48.00
172.00 105.00 48.00 49.00
176.00 105.00 48.00 49.00
180.00 106.00 48.00 49.00
184.00 107.00 49.00 50.00
188.00 109.00 49.00 50.00
193.00 111.00 50.00 51.00
196.00 113.00 50.00 51.00
199.00 115.00 50.00 51.00
201.00 117.00 50.00 51.00
203.00 119.00 50.00 51.00
207.00 122.00 51.00 52.00
208.00 124.00 51.00 52.00
209.00 127.00 51.00 52.00
209.00 130.00 51.00 52.00
208.00 132.00 51.00 52.00
208.00 135.00 51.00 52.00
207.00 137.00 51.00 52.00
205.00 139.00 51.00 52.00
202.00 142.00 51.00 52.00
199.00 143.00 50.00 51.00
198.00 145.00 50.00 52.00
195.00 145.00 51.00 52.00
193.00 146.00 51.00 52.00
189.00 146.00 51.00 52.00
187.00 147.00 51.00 52.00
183.00 146.00 51.00 52.00
180.00 146.00 51.00 52.00
178.00 145.00 51.00 52.00
176.00 143.00 51.00 52.00
175.00 140.00 51.00 52.00
175.00 135.00 51.00 52.00
175.00 131.00 51.00 52.00
175.00 126.00 51.00 52.00
174.00 121.00 50.00 52.00
174.00 117.00 50.00 51.00
174.00 114.00 50.00 51.00
174.00 110.00 50.00 51.00
174.00 105.00 49.00 50.00
174.00 101.00 49.00 50.00
174.00 97.00 49.00 50.00
175.00 93.00 49.00 50.00
175.00 89.00 49.00 50.00
176.00 88.00 49.00 50.00
175.00 87.00 49.00 50.00
174.00 88.00 49.00 49.00
172.00 88.00 48.00 49.00
172.00 90.00 48.00 49.00
170.00 90.00 48.00 49.00
169.00 92.00 48.00 49.00
169.00 93.00 48.00 49.00
169.00 93.00 48.00 49.00
170.00 94.00 48.00 49.00
170.00 95.00 47.00 48.00
171.00 95.00 47.00 48.00
171.00 96.00 46.00 47.00
172.00 96.00 46.00 47.00
173.00 96.00 45.00 46.00
175.00 96.00 45.00 45.00
177.00 97.00 44.00 45.00
178.00 97.00 44.00 44.00
179.00 97.00 43.00 44.00
181.00 96.00 43.00 44.00
184.00 96.00 42.00 43.00
185.00 94.00 42.00 43.00
186.00 91.00 41.00 42.00
187.00 89.00 41.00 42.00
189.00 85.00 41.00 42.00
191.00 82.00 41.00 42.00
193.00 79.00 41.00 41.00
192.00 76.00 40.00 41.00
191.00 72.00 40.00 41.00
188.00 69.00 40.00 40.00
186.00 65.00 39.00 40.00
185.00 62.00 39.00 40.00
185.00 59.00 39.00 40.00
192.00 49.00 39.00 40.00
191.00 47.00 39.00 40.00
192.00 43.00 39.00 40.00
194.00 41.00 39.00 40.00
193.00 39.00 39.00 40.00
195.00 37.00 38.00 39.00
194.00 37.00 38.00 39.00
193.00 37.00 38.00 39.00
193.00 38.00 38.00 38.00
191.00 37.00 38.00 39.00
187.00 38.00 38.00 39.00
185.00 39.00 38.00 39.00
180.00 42.00 38.00 38.00
199.00 47.00 38.00 38.00
195.00 45.00 38.00 39.00
185.00 39.00 38.00 39.00
181.00 39.00 38.00 39.00
167.00 61.00 39.00 39.00
167.00 63.00 39.00 40.00
170.00 64.00 39.00 40.00
169.00 67.00 39.00 40.00
170.00 72.00 39.00 40.00
170.00 76.00 39.00 40.00
169.00 79.00 39.00 40.00
168.00 82.00 39.00 40.00
168.00 86.00 39.00 40.00
169.00 88.00 39.00 40.00
171.00 91.00 39.00 40.00
174.00 93.00 39.00 40.00
176.00 95.00 39.00 40.00
179.00 96.00 39.00 40.00
180.00 98.00 40.00 41.00
179.00 97.00 40.00 41.00
175.00 96.00 41.00 42.00
171.00 95.00 41.00 42.00
166.00 93.00 41.00 42.00
159.00 92.00 41.00 42.00
154.00 90.00 41.00 42.00
148.00 89.00 41.00 41.00
140.00 85.00 40.00 41.00
132.00 83.00 40.00 41.00
123.00 81.00 41.00 41.00
114.00 79.00 41.00 41.00
106.00 76.00 41.00 42.00
99.00 74.00 41.00 42.00
92.00 72.00 41.00 42.00
83.00 70.00 41.00 42.00
75.00 70.00 42.00 42.00
68.00 69.00 42.00 42.00
62.00 67.00 42.00 42.00
56.00 67.00 42.00 42.00
50.00 68.00 42.00 42.00
45.00 70.00 41.00 42.00
40.00 73.00 41.00 42.00
37.00 76.00 41.00 42.00
35.00 79.00 42.00 43.00
34.00 83.00 43.00 43.00
36.00 86.00 42.00 43.00
39.00 89.00 42.00 43.00
42.00 91.00 42.00 43.00
45.00 94.00 42.00 43.00
49.00 98.00 42.00 43.00
53.00 103.00 41.00 42.00
55.00 108.00 41.00 42.00
57.00 114.00 41.00 42.00
59.00 119.00 41.00 42.00
63.00 126.00 41.00 42.00
66.00 131.00 42.00 42.00
69.00 136.00 41.00 42.00
72.00 140.00 42.00 42.00
75.00 142.00 41.00 42.00
79.00 144.00 41.00 42.00
83.00 146.00 41.00 42.00
87.00 147.00 42.00 42.00
91.00 148.00 42.00 43.00
95.00 150.00 42.00 43.00
100.00 151.00 42.00 43.00
104.00 153.00 42.00 43.00
108.00 157.00 42.00 43.00
112.00 162.00 42.00 43.00
116.00 166.00 42.00 43.00
121.00 171.00 42.00 43.00
126.00 174.00 42.00 43.00
132.00 179.00 42.00 43.00
136.00 182.00 42.00 43.00
141.00 183.00 42.00 43.00
146.00 183.00 42.00 43.00
151.00 182.00 42.00 43.00
156.00 181.00 42.00 43.00
162.00 180.00 41.00 42.00
167.00 178.00 41.00 42.00
171.00 176.00 41.00 42.00
174.00 172.00 41.00 42.00
175.00 169.00 41.00 42.00
176.00 165.00 41.00 42.00
177.00 162.00 42.00 42.00
179.00 159.00 42.00 43.00
181.00 156.00 42.00 43.00
182.00 153.00 42.00 43.00
184.00 151.00 42.00 43.00
186.00 148.00 43.00 44.00
187.00 147.00 43.00 44.00
187.00 145.00 43.00 44.00
187.00 143.00 43.00 44.00
186.00 142.00 43.00 44.00
187.00 140.00 43.00 44.00
186.00 138.00 43.00 44.00
186.00 135.00 43.00 44.00
185.00 131.00 43.00 44.00
183.00 127.00 43.00 44.00
182.00 123.00 44.00 44.00
181.00 117.00 44.00 45.00
181.00 113.00 44.00 45.00
180.00 109.00 44.00 45.00
178.00 105.00 44.00 45.00
177.00 102.00 45.00 46.00
175.00 100.00 45.00 46.00
174.00 99.00 45.00 46.00
173.00 98.00 45.00 46.00
172.00 98.00 45.00 46.00
171.00 97.00 45.00 46.00
172.00 96.00 45.00 46.00
171.00 96.00 45.00 46.00
171.00 95.00 45.00 46.00
