272.00 256.00 131.00 28.00
266.00 257.00 131.00 28.00
266.00 257.00 133.00 28.00
269.00 257.00 132.00 28.00
272.00 257.00 133.00 28.00
272.00 257.00 133.00 28.00
272.00 256.00 134.00 29.00
272.00 256.00 134.00 29.00
261.00 257.00 136.00 29.00
254.00 256.00 135.00 29.00
255.00 256.00 134.00 29.00
234.00 255.00 137.00 29.00
232.00 254.00 139.00 30.00
220.00 253.00 140.00 30.00
215.00 253.00 140.00 30.00
215.00 252.00 140.00 30.00
209.00 254.00 141.00 30.00
208.00 254.00 142.00 30.00
202.00 258.00 140.00 30.00
201.00 259.00 140.00 30.00
200.00 259.00 140.00 30.00
202.00 262.00 140.00 30.00
202.00 262.00 140.00 30.00
203.00 270.00 141.00 30.00
205.00 273.00 141.00 30.00
205.00 273.00 141.00 30.00
211.00 274.00 142.00 30.00
211.00 274.00 143.00 31.00
210.00 271.00 145.00 31.00
208.00 271.00 147.00 31.00
207.00 271.00 149.00 32.00
208.00 275.00 150.00 32.00
208.00 275.00 149.00 32.00
187.00 274.00 146.00 31.00
189.00 274.00 145.00 31.00
189.00 274.00 145.00 31.00
189.00 274.00 145.00 31.00
189.00 274.00 145.00 31.00
186.00 307.00 144.00 31.00
172.00 305.00 146.00 31.00
174.00 305.00 144.00 31.00
255.00 310.00 146.00 31.00
237.00 274.00 148.00 32.00
243.00 265.00 151.00 32.00
240.00 261.00 151.00 32.00
240.00 262.00 151.00 32.00
215.00 257.00 151.00 32.00
215.00 258.00 151.00 32.00
216.00 252.00 150.00 32.00
208.00 248.00 147.00 32.00
208.00 248.00 146.00 31.00
248.00 239.00 149.00 32.00
252.00 244.00 152.00 32.00
238.00 236.00 154.00 33.00
233.00 233.00 156.00 33.00
232.00 233.00 156.00 33.00
227.00 235.00 157.00 34.00
225.00 235.00 159.00 34.00
228.00 241.00 160.00 34.00
229.00 243.00 159.00 34.00
229.00 242.00 159.00 34.00
233.00 246.00 158.00 34.00
234.00 247.00 158.00 34.00
242.00 247.00 158.00 34.00
245.00 248.00 157.00 34.00
245.00 248.00 156.00 33.00
255.00 249.00 156.00 33.00
255.00 248.00 155.00 33.00
258.00 251.00 154.00 33.00
260.00 251.00 153.00 33.00
261.00 252.00 153.00 33.00
273.00 252.00 153.00 33.00
273.00 253.00 153.00 33.00
278.00 255.00 153.00 33.00
280.00 254.00 153.00 33.00
280.00 254.00 153.00 33.00
285.00 256.00 152.00 32.00
284.00 256.00 153.00 33.00
288.00 256.00 151.00 32.00
284.00 260.00 150.00 32.00
285.00 261.00 150.00 32.00
285.00 264.00 149.00 32.00
285.00 264.00 149.00 32.00
286.00 269.00 148.00 32.00
286.00 271.00 147.00 31.00
286.00 271.00 147.00 31.00
287.00 271.00 147.00 31.00
287.00 270.00 147.00 31.00
299.00 266.00 147.00 31.00
303.00 265.00 148.00 32.00
304.00 266.00 148.00 32.00
304.00 267.00 149.00 32.00
304.00 267.00 149.00 32.00
310.00 265.00 150.00 32.00
315.00 268.00 150.00 32.00
315.00 268.00 151.00 32.00
320.00 273.00 153.00 33.00
321.00 273.00 155.00 33.00
322.00 277.00 156.00 33.00
321.00 278.00 157.00 33.00
321.00 278.00 157.00 34.00
320.00 278.00 158.00 34.00
320.00 278.00 158.00 34.00
322.00 275.00 157.00 33.00
326.00 272.00 156.00 33.00
326.00 272.00 155.00 33.00
335.00 266.00 156.00 33.00
336.00 266.00 155.00 33.00
343.00 262.00 154.00 33.00
346.00 264.00 154.00 33.00
346.00 264.00 153.00 33.00
334.00 265.00 152.00 33.00
334.00 264.00 152.00 32.00
311.00 265.00 149.00 32.00
300.00 263.00 146.00 31.00
301.00 264.00 145.00 31.00
287.00 265.00 142.00 30.00
288.00 267.00 141.00 30.00
289.00 271.00 138.00 29.00
298.00 270.00 134.00 29.00
299.00 270.00 132.00 28.00
319.00 273.00 130.00 28.00
319.00 274.00 128.00 27.00
341.00 277.00 125.00 27.00
336.00 268.00 125.00 27.00
335.00 267.00 126.00 27.00
315.00 278.00 127.00 27.00
314.00 277.00 127.00 27.00
330.00 276.00 128.00 27.00
341.00 277.00 129.00 28.00
341.00 276.00 128.00 27.00
367.00 274.00 127.00 27.00
389.00 269.00 127.00 27.00
413.00 269.00 129.00 28.00
422.00 269.00 130.00 28.00
427.00 266.00 127.00 27.00
433.00 263.00 125.00 27.00
432.00 263.00 125.00 27.00
428.00 264.00 123.00 26.00
428.00 265.00 121.00 26.00
430.00 265.00 118.00 25.00
416.00 265.00 119.00 25.00
415.00 265.00 120.00 26.00
401.00 262.00 122.00 26.00
402.00 261.00 123.00 26.00
401.00 260.00 124.00 27.00
400.00 267.00 126.00 27.00
399.00 267.00 127.00 27.00
403.00 272.00 128.00 27.00
401.00 277.00 128.00 27.00
401.00 276.00 128.00 27.00
400.00 275.00 128.00 27.00
400.00 275.00 129.00 27.00
396.00 266.00 128.00 27.00
412.00 266.00 128.00 27.00
411.00 266.00 128.00 27.00
412.00 267.00 128.00 27.00
411.00 267.00 129.00 28.00
419.00 263.00 130.00 28.00
421.00 262.00 130.00 28.00
420.00 262.00 130.00 28.00
445.00 266.00 131.00 28.00
445.00 265.00 130.00 28.00
443.00 269.00 129.00 27.00
440.00 270.00 128.00 27.00
440.00 270.00 128.00 27.00
441.00 273.00 127.00 27.00
442.00 273.00 126.00 27.00
439.00 270.00 125.00 27.00
436.00 266.00 123.00 26.00
436.00 266.00 121.00 26.00
431.00 258.00 119.00 25.00
432.00 258.00 117.00 25.00
433.00 259.00 116.00 25.00
431.00 259.00 113.00 24.00
434.00 262.00 113.00 24.00
429.00 262.00 113.00 24.00
429.00 262.00 113.00 24.00
429.00 259.00 113.00 24.00
428.00 255.00 113.00 24.00
428.00 255.00 112.00 24.00
428.00 251.00 113.00 24.00
429.00 252.00 113.00 24.00
438.00 251.00 113.00 24.00
429.00 250.00 114.00 24.00
428.00 250.00 114.00 24.00
405.00 250.00 114.00 24.00
405.00 250.00 115.00 25.00
424.00 248.00 115.00 24.00
415.00 245.00 115.00 25.00
415.00 245.00 115.00 25.00
400.00 253.00 116.00 25.00
399.00 253.00 116.00 25.00
383.00 259.00 117.00 25.00
375.00 258.00 117.00 25.00
375.00 258.00 117.00 25.00
352.00 252.00 118.00 25.00
351.00 251.00 118.00 25.00
334.00 250.00 118.00 25.00
324.00 253.00 119.00 25.00
324.00 253.00 119.00 25.00
296.00 265.00 119.00 25.00
296.00 265.00 120.00 26.00
273.00 273.00 121.00 26.00
262.00 275.00 122.00 26.00
261.00 275.00 123.00 26.00
248.00 278.00 124.00 26.00
247.00 278.00 124.00 27.00
231.00 277.00 125.00 27.00
223.00 279.00 125.00 27.00
223.00 278.00 126.00 27.00
204.00 288.00 126.00 27.00
204.00 289.00 126.00 27.00
182.00 296.00 128.00 27.00
171.00 300.00 129.00 28.00
171.00 300.00 130.00 28.00
149.00 308.00 131.00 28.00
149.00 307.00 131.00 28.00
129.00 316.00 132.00 28.00
118.00 321.00 134.00 29.00
117.00 320.00 135.00 29.00
100.00 327.00 137.00 29.00
99.00 326.00 138.00 29.00
77.00 334.00 138.00 29.00
67.00 338.00 139.00 30.00
67.00 337.00 139.00 30.00
56.00 343.00 141.00 30.00
55.00 342.00 142.00 30.00
40.00 346.00 143.00 31.00
33.00 349.00 145.00 31.00
33.00 349.00 145.00 31.00
21.00 354.00 146.00 31.00
19.00 353.00 148.00 32.00
2.00 357.00 149.00 32.00
-10.00 360.00 149.00 32.00
-11.00 360.00 149.00 32.00
-37.00 369.00 151.00 32.00
-40.00 370.00 154.00 33.00
-53.00 380.00 152.00 32.00
-58.00 384.00 151.00 32.00
-59.00 384.00 152.00 32.00
-72.00 392.00 152.00 33.00
-73.00 392.00 153.00 33.00
-89.00 401.00 155.00 33.00
-97.00 405.00 159.00 34.00
-102.00 404.00 163.00 35.00
-111.00 406.00 163.00 35.00
-113.00 407.00 165.00 35.00
-121.00 412.00 161.00 34.00
-123.00 412.00 161.00 34.00
-124.00 412.00 163.00 35.00
-140.00 417.00 167.00 36.00
-146.00 416.00 174.00 37.00
-164.00 420.00 178.00 38.00
-174.00 429.00 179.00 38.00
-179.00 429.00 179.00 38.00
-187.00 448.00 178.00 38.00
-193.00 447.00 178.00 38.00
-210.00 476.00 177.00 38.00
-227.00 506.00 176.00 38.00
-244.00 538.00 176.00 38.00
-257.00 566.00 175.00 37.00
-271.00 595.00 175.00 37.00
-285.00 623.00 174.00 37.00
-298.00 651.00 173.00 37.00
-311.00 679.00 173.00 37.00
-323.00 706.00 172.00 37.00
-336.00 733.00 172.00 37.00
-348.00 761.00 171.00 37.00
-359.00 788.00 170.00 36.00
-371.00 815.00 170.00 36.00
-383.00 841.00 169.00 36.00
-395.00 868.00 169.00 36.00
-406.00 895.00 168.00 36.00
-418.00 922.00 167.00 36.00
-430.00 949.00 167.00 36.00
-441.00 975.00 166.00 36.00
-453.00 1000.00 166.00 35.00
-465.00 1025.00 165.00 35.00
-477.00 1050.00 165.00 35.00
-488.00 1075.00 164.00 35.00
-500.00 1100.00 163.00 35.00
-512.00 1125.00 163.00 35.00
-523.00 1151.00 162.00 35.00
-535.00 1175.00 162.00 35.00
-547.00 1200.00 161.00 34.00
-560.00 1226.00 161.00 34.00
-573.00 1252.00 160.00 34.00
-585.00 1278.00 160.00 34.00
-599.00 1302.00 159.00 34.00
-612.00 1327.00 158.00 34.00
-625.00 1352.00 158.00 34.00
-638.00 1377.00 157.00 34.00
-650.00 1402.00 157.00 34.00
-663.00 1426.00 156.00 33.00
-676.00 1451.00 156.00 33.00
-689.00 1476.00 155.00 33.00
-701.00 1501.00 155.00 33.00
-713.00 1525.00 154.00 33.00
-724.00 1549.00 154.00 33.00
-736.00 1573.00 153.00 33.00
-748.00 1595.00 152.00 33.00
-760.00 1618.00 152.00 32.00
-771.00 1641.00 151.00 32.00
-783.00 1664.00 151.00 32.00
-795.00 1687.00 150.00 32.00
-806.00 1711.00 150.00 32.00
-818.00 1734.00 149.00 32.00
-830.00 1757.00 149.00 32.00
-841.00 1780.00 148.00 32.00
-853.00 1803.00 148.00 32.00
-865.00 1826.00 147.00 31.00
-876.00 1849.00 147.00 31.00
-887.00 1871.00 146.00 31.00
-898.00 1894.00 146.00 31.00
-909.00 1916.00 145.00 31.00
-919.00 1938.00 145.00 31.00
-930.00 1960.00 144.00 31.00
-941.00 1982.00 144.00 31.00
-952.00 2005.00 143.00 31.00
-963.00 2027.00 143.00 31.00
-975.00 2049.00 142.00 30.00
-986.00 2070.00 142.00 30.00
-997.00 2092.00 141.00 30.00
-1007.00 2114.00 141.00 30.00
-1018.00 2136.00 140.00 30.00
-1028.00 2157.00 140.00 30.00
-1039.00 2179.00 139.00 30.00
-1050.00 2200.00 139.00 30.00
-1061.00 2221.00 138.00 30.00
-1071.00 2242.00 138.00 29.00
-1082.00 2263.00 137.00 29.00
-1093.00 2285.00 137.00 29.00
-1104.00 2307.00 137.00 29.00
-1114.00 2328.00 136.00 29.00
-1125.00 2349.00 136.00 29.00
-1136.00 2370.00 135.00 29.00
-1147.00 2391.00 135.00 29.00
-1157.00 2412.00 134.00 29.00
-1168.00 2433.00 134.00 29.00
-1179.00 2454.00 133.00 28.00
-1190.00 2474.00 133.00 28.00
-1200.00 2494.00 132.00 28.00
-1211.00 2514.00 132.00 28.00
-1222.00 2535.00 131.00 28.00
-1233.00 2555.00 131.00 28.00
-1243.00 2575.00 130.00 28.00
-1253.00 2595.00 130.00 28.00
-1263.00 2615.00 130.00 28.00
-1272.00 2635.00 129.00 28.00
-1282.00 2655.00 129.00 28.00
-1292.00 2675.00 128.00 27.00
-1302.00 2695.00 128.00 27.00
-1311.00 2715.00 127.00 27.00
-1321.00 2735.00 127.00 27.00
-1331.00 2755.00 127.00 27.00
-1341.00 2775.00 126.00 27.00
-1350.00 2795.00 126.00 27.00
-1360.00 2815.00 125.00 27.00
-1370.00 2835.00 125.00 27.00
-1380.00 2854.00 124.00 27.00
-1389.00 2872.00 124.00 26.00
-1399.00 2891.00 123.00 26.00
-1409.00 2910.00 123.00 26.00
-1419.00 2929.00 123.00 26.00
-1428.00 2948.00 122.00 26.00
-1438.00 2967.00 122.00 26.00
-1448.00 2986.00 121.00 26.00
-1458.00 3005.00 121.00 26.00
-1468.00 3024.00 121.00 26.00
-1478.00 3043.00 120.00 26.00
-1487.00 3062.00 120.00 26.00
-1497.00 3081.00 119.00 25.00
-1507.00 3100.00 119.00 25.00
-1517.00 3118.00 118.00 25.00
-1526.00 3136.00 118.00 25.00
-1536.00 3154.00 118.00 25.00
-1546.00 3172.00 117.00 25.00
-1556.00 3190.00 117.00 25.00
-1566.00 3208.00 116.00 25.00
-1575.00 3226.00 116.00 25.00
-1585.00 3244.00 116.00 25.00
-1595.00 3262.00 115.00 25.00
-1605.00 3280.00 115.00 25.00
-1614.00 3298.00 114.00 24.00
-1624.00 3316.00 114.00 24.00
-1634.00 3333.00 114.00 24.00
-1644.00 3350.00 113.00 24.00
-1652.00 3367.00 113.00 24.00
-1661.00 3384.00 113.00 24.00
-1670.00 3400.00 112.00 24.00
-1679.00 3417.00 112.00 24.00
-1687.00 3434.00 111.00 24.00
-1696.00 3451.00 111.00 24.00
-1705.00 3468.00 111.00 24.00
-1714.00 3485.00 110.00 24.00
-1723.00 3502.00 110.00 23.00
-1731.00 3519.00 109.00 23.00
-1740.00 3535.00 109.00 23.00
-1749.00 3551.00 109.00 23.00
-1758.00 3567.00 108.00 23.00
-1767.00 3583.00 108.00 23.00
-1775.00 3599.00 108.00 23.00
-1784.00 3615.00 107.00 23.00
-1793.00 3631.00 107.00 23.00
