191.00 182.00 14.00 13.00
193.00 189.00 14.00 13.00
193.00 189.00 14.00 13.00
194.00 192.00 14.00 13.00
196.00 198.00 14.00 13.00
197.00 201.00 14.00 13.00
199.00 204.00 14.00 13.00
202.00 206.00 14.00 13.00
207.00 208.00 14.00 13.00
213.00 206.00 14.00 13.00
230.00 200.00 14.00 13.00
230.00 201.00 14.00 13.00
238.00 197.00 14.00 13.00
253.00 188.00 14.00 13.00
258.00 185.00 14.00 13.00
262.00 182.00 14.00 13.00
264.00 180.00 14.00 13.00
264.00 180.00 14.00 13.00
263.00 181.00 14.00 13.00
255.00 188.00 14.00 13.00
255.00 188.00 14.00 13.00
248.00 194.00 14.00 13.00
226.00 210.00 14.00 13.00
227.00 210.00 14.00 13.00
235.00 226.00 14.00 13.00
235.00 226.00 14.00 13.00
235.00 227.00 14.00 13.00
235.00 225.00 15.00 14.00
234.00 226.00 14.00 13.00
235.00 226.00 14.00 13.00
234.00 226.00 14.00 13.00
234.00 226.00 14.00 13.00
234.00 226.00 14.00 13.00
234.00 226.00 14.00 13.00
234.00 226.00 14.00 13.00
234.00 226.00 14.00 13.00
234.00 226.00 14.00 13.00
234.00 226.00 14.00 13.00
234.00 226.00 14.00 13.00
234.00 226.00 14.00 13.00
234.00 226.00 14.00 13.00
234.00 226.00 14.00 13.00
234.00 226.00 14.00 13.00
234.00 226.00 14.00 13.00
234.00 226.00 14.00 13.00
235.00 226.00 14.00 13.00
235.00 226.00 14.00 13.00
235.00 226.00 14.00 13.00
235.00 226.00 14.00 13.00
235.00 226.00 14.00 13.00
235.00 226.00 14.00 13.00
235.00 226.00 14.00 13.00
234.00 226.00 14.00 13.00
234.00 226.00 14.00 13.00
234.00 226.00 14.00 13.00
234.00 226.00 14.00 13.00
235.00 226.00 14.00 13.00
235.00 226.00 14.00 13.00
235.00 226.00 14.00 13.00
235.00 226.00 14.00 13.00
235.00 226.00 14.00 13.00
235.00 226.00 14.00 13.00
235.00 226.00 14.00 13.00
235.00 226.00 14.00 13.00
234.00 226.00 14.00 13.00
234.00 226.00 14.00 13.00
234.00 226.00 14.00 13.00
234.00 226.00 14.00 13.00
234.00 226.00 14.00 13.00
234.00 226.00 14.00 13.00
234.00 226.00 14.00 13.00
234.00 226.00 14.00 13.00
235.00 226.00 14.00 13.00
234.00 226.00 14.00 13.00
234.00 226.00 14.00 13.00
234.00 226.00 14.00 13.00
234.00 226.00 14.00 13.00
234.00 226.00 14.00 13.00
234.00 226.00 14.00 13.00
234.00 226.00 14.00 13.00
234.00 226.00 14.00 13.00
234.00 226.00 14.00 13.00
234.00 226.00 14.00 13.00
234.00 226.00 14.00 13.00
234.00 226.00 14.00 13.00
234.00 226.00 14.00 13.00
234.00 226.00 14.00 13.00
234.00 226.00 14.00 13.00
235.00 226.00 14.00 13.00
235.00 226.00 14.00 13.00
235.00 226.00 14.00 13.00
235.00 226.00 14.00 13.00
235.00 226.00 14.00 13.00
235.00 226.00 14.00 13.00
235.00 226.00 14.00 13.00
235.00 226.00 14.00 13.00
235.00 226.00 14.00 13.00
235.00 226.00 14.00 13.00
235.00 226.00 14.00 13.00
235.00 226.00 14.00 13.00
235.00 226.00 14.00 13.00
235.00 226.00 14.00 13.00
235.00 226.00 14.00 13.00
235.00 226.00 14.00 13.00
235.00 226.00 14.00 13.00
235.00 226.00 14.00 13.00
235.00 226.00 14.00 13.00
235.00 226.00 14.00 13.00
235.00 226.00 14.00 13.00
235.00 226.00 14.00 13.00
235.00 226.00 14.00 13.00
235.00 226.00 14.00 13.00
235.00 226.00 14.00 13.00
235.00 226.00 14.00 13.00
235.00 226.00 14.00 13.00
235.00 226.00 14.00 13.00
235.00 226.00 14.00 13.00
235.00 226.00 14.00 13.00
235.00 226.00 14.00 13.00
234.00 226.00 14.00 13.00
235.00 226.00 14.00 13.00
235.00 226.00 14.00 13.00
235.00 226.00 14.00 13.00
234.00 226.00 14.00 13.00
235.00 226.00 14.00 13.00
235.00 226.00 14.00 13.00
235.00 226.00 14.00 13.00
235.00 226.00 14.00 13.00
235.00 226.00 14.00 13.00
235.00 226.00 14.00 13.00
235.00 226.00 14.00 13.00
235.00 226.00 14.00 13.00
235.00 226.00 14.00 13.00
235.00 226.00 14.00 13.00
235.00 226.00 14.00 13.00
235.00 226.00 14.00 13.00
235.00 226.00 14.00 13.00
235.00 226.00 14.00 13.00
235.00 226.00 14.00 13.00
235.00 226.00 14.00 13.00
235.00 226.00 14.00 13.00
235.00 226.00 14.00 13.00
235.00 226.00 14.00 13.00
235.00 226.00 14.00 13.00
235.00 226.00 14.00 13.00
235.00 226.00 14.00 13.00
235.00 226.00 14.00 13.00
235.00 226.00 14.00 13.00
235.00 226.00 14.00 13.00
235.00 226.00 14.00 13.00
235.00 226.00 14.00 13.00
235.00 226.00 14.00 13.00
235.00 226.00 14.00 13.00
235.00 226.00 14.00 13.00
235.00 226.00 14.00 13.00
235.00 226.00 14.00 13.00
235.00 226.00 14.00 13.00
235.00 226.00 14.00 13.00
235.00 226.00 14.00 13.00
235.00 226.00 14.00 13.00
235.00 226.00 14.00 13.00
235.00 226.00 14.00 13.00
235.00 226.00 14.00 13.00
235.00 226.00 14.00 13.00
235.00 226.00 14.00 13.00
235.00 226.00 14.00 13.00
235.00 226.00 14.00 13.00
235.00 226.00 14.00 13.00
235.00 226.00 14.00 13.00
235.00 226.00 14.00 13.00
235.00 226.00 14.00 13.00
235.00 226.00 14.00 13.00
235.00 226.00 14.00 13.00
235.00 226.00 14.00 13.00
235.00 226.00 14.00 13.00
235.00 226.00 14.00 13.00
235.00 226.00 14.00 13.00
235.00 226.00 14.00 13.00
235.00 226.00 14.00 13.00
235.00 226.00 14.00 13.00
235.00 226.00 14.00 13.00
235.00 226.00 14.00 13.00
235.00 226.00 14.00 13.00
235.00 226.00 14.00 13.00
235.00 226.00 14.00 13.00
235.00 226.00 14.00 13.00
235.00 226.00 14.00 13.00
235.00 226.00 14.00 13.00
235.00 226.00 14.00 13.00
235.00 226.00 14.00 13.00
235.00 226.00 14.00 13.00
235.00 226.00 14.00 13.00
235.00 226.00 14.00 13.00
235.00 226.00 14.00 13.00
235.00 226.00 14.00 13.00
235.00 226.00 14.00 13.00
235.00 226.00 14.00 13.00
235.00 226.00 14.00 13.00
235.00 226.00 14.00 13.00
235.00 226.00 14.00 13.00
235.00 226.00 14.00 13.00
235.00 226.00 14.00 13.00
235.00 226.00 14.00 13.00
235.00 226.00 14.00 13.00
235.00 226.00 14.00 13.00
235.00 226.00 14.00 13.00
235.00 226.00 14.00 13.00
235.00 226.00 14.00 13.00
235.00 226.00 14.00 13.00
235.00 226.00 14.00 13.00
235.00 226.00 14.00 13.00
235.00 226.00 14.00 13.00
235.00 226.00 14.00 13.00
235.00 226.00 14.00 13.00
235.00 226.00 14.00 13.00
235.00 226.00 14.00 13.00
235.00 226.00 14.00 13.00
235.00 226.00 14.00 13.00
235.00 226.00 14.00 13.00
235.00 226.00 14.00 13.00
235.00 226.00 14.00 13.00
235.00 226.00 14.00 13.00
235.00 226.00 14.00 13.00
235.00 226.00 14.00 13.00
235.00 226.00 14.00 13.00
235.00 226.00 14.00 13.00
235.00 226.00 14.00 13.00
235.00 226.00 14.00 13.00
235.00 226.00 14.00 13.00
235.00 226.00 14.00 13.00
235.00 226.00 14.00 13.00
235.00 226.00 14.00 13.00
235.00 226.00 14.00 13.00
235.00 226.00 14.00 13.00
235.00 226.00 14.00 13.00
