450.00 91.00 31.00 37.00
446.00 96.00 31.00 37.00
442.00 99.00 31.00 37.00
437.00 102.00 31.00 37.00
433.00 104.00 31.00 37.00
441.00 107.00 31.00 37.00
435.00 108.00 31.00 37.00
430.00 109.00 31.00 37.00
426.00 110.00 31.00 37.00
430.00 110.00 32.00 39.00
443.00 113.00 33.00 40.00
451.00 116.00 33.00 40.00
449.00 127.00 34.00 40.00
412.00 133.00 35.00 41.00
406.00 120.00 35.00 42.00
405.00 123.00 35.00 41.00
404.00 127.00 35.00 41.00
403.00 130.00 35.00 42.00
403.00 134.00 36.00 43.00
399.00 135.00 35.00 42.00
399.00 138.00 34.00 41.00
396.00 142.00 34.00 41.00
401.00 138.00 35.00 42.00
402.00 140.00 35.00 42.00
402.00 141.00 35.00 42.00
402.00 141.00 36.00 44.00
398.00 141.00 37.00 44.00
399.00 141.00 37.00 44.00
394.00 137.00 38.00 45.00
370.00 140.00 37.00 45.00
382.00 132.00 37.00 44.00
381.00 132.00 37.00 44.00
381.00 131.00 37.00 44.00
388.00 136.00 37.00 44.00
388.00 139.00 37.00 44.00
380.00 135.00 37.00 44.00
381.00 136.00 36.00 43.00
380.00 137.00 37.00 44.00
390.00 141.00 36.00 43.00
390.00 140.00 36.00 43.00
389.00 139.00 36.00 43.00
389.00 138.00 37.00 44.00
390.00 144.00 37.00 44.00
392.00 144.00 37.00 44.00
400.00 135.00 37.00 44.00
418.00 136.00 37.00 44.00
409.00 123.00 37.00 44.00
428.00 123.00 37.00 44.00
418.00 109.00 37.00 45.00
392.00 87.00 38.00 45.00
384.00 100.00 38.00 45.00
388.00 100.00 38.00 45.00
408.00 109.00 38.00 45.00
404.00 153.00 38.00 45.00
390.00 157.00 38.00 46.00
390.00 157.00 38.00 46.00
390.00 156.00 39.00 46.00
391.00 160.00 39.00 46.00
393.00 162.00 39.00 47.00
397.00 157.00 39.00 47.00
405.00 153.00 39.00 47.00
414.00 144.00 40.00 47.00
415.00 139.00 39.00 47.00
433.00 137.00 39.00 47.00
420.00 129.00 40.00 48.00
390.00 134.00 40.00 48.00
376.00 129.00 40.00 48.00
394.00 107.00 41.00 49.00
409.00 117.00 41.00 48.00
442.00 158.00 41.00 49.00
462.00 169.00 41.00 49.00
482.00 187.00 41.00 49.00
483.00 165.00 41.00 49.00
479.00 166.00 41.00 49.00
474.00 181.00 41.00 49.00
497.00 204.00 42.00 50.00
503.00 207.00 42.00 50.00
484.00 200.00 42.00 50.00
489.00 203.00 42.00 50.00
489.00 202.00 42.00 51.00
494.00 204.00 43.00 52.00
511.00 210.00 43.00 52.00
520.00 210.00 44.00 52.00
534.00 210.00 44.00 52.00
525.00 208.00 44.00 52.00
527.00 208.00 43.00 52.00
527.00 208.00 43.00 52.00
541.00 207.00 43.00 51.00
537.00 209.00 43.00 51.00
546.00 207.00 43.00 51.00
545.00 210.00 43.00 52.00
550.00 211.00 43.00 51.00
549.00 214.00 43.00 51.00
556.00 215.00 42.00 50.00
560.00 217.00 42.00 50.00
562.00 218.00 42.00 50.00
561.00 220.00 42.00 50.00
557.00 215.00 42.00 50.00
566.00 220.00 41.00 49.00
565.00 219.00 42.00 50.00
567.00 219.00 42.00 50.00
566.00 218.00 42.00 50.00
565.00 216.00 41.00 50.00
560.00 217.00 42.00 50.00
558.00 215.00 41.00 49.00
562.00 212.00 41.00 49.00
560.00 212.00 41.00 49.00
559.00 212.00 41.00 49.00
554.00 213.00 41.00 49.00
555.00 212.00 41.00 49.00
555.00 212.00 41.00 48.00
549.00 215.00 41.00 48.00
551.00 215.00 40.00 48.00
548.00 216.00 40.00 48.00
550.00 215.00 40.00 48.00
548.00 212.00 40.00 48.00
551.00 218.00 40.00 48.00
542.00 213.00 40.00 48.00
535.00 218.00 41.00 48.00
537.00 289.00 41.00 49.00
552.00 289.00 42.00 50.00
573.00 298.00 41.00 49.00
583.00 294.00 42.00 50.00
584.00 293.00 42.00 50.00
573.00 299.00 42.00 50.00
576.00 300.00 42.00 50.00
576.00 300.00 41.00 49.00
570.00 300.00 42.00 50.00
561.00 289.00 42.00 50.00
558.00 280.00 43.00 51.00
566.00 275.00 44.00 53.00
564.00 244.00 45.00 53.00
569.00 243.00 45.00 54.00
564.00 224.00 46.00 55.00
553.00 206.00 48.00 57.00
551.00 199.00 49.00 58.00
540.00 185.00 50.00 60.00
528.00 171.00 52.00 62.00
527.00 160.00 53.00 63.00
528.00 144.00 53.00 63.00
517.00 136.00 53.00 63.00
517.00 126.00 53.00 63.00
510.00 113.00 54.00 64.00
499.00 116.00 55.00 66.00
497.00 118.00 56.00 66.00
479.00 98.00 56.00 67.00
480.00 68.00 56.00 67.00
480.00 64.00 58.00 69.00
475.00 48.00 58.00 69.00
445.00 34.00 59.00 70.00
432.00 27.00 59.00 71.00
420.00 14.00 63.00 75.00
399.00 24.00 64.00 76.00
400.00 27.00 63.00 76.00
384.00 20.00 64.00 77.00
373.00 9.00 64.00 76.00
362.00 -3.00 64.00 76.00
352.00 -9.00 66.00 79.00
343.00 -25.00 66.00 79.00
324.00 -24.00 66.00 79.00
317.00 -29.00 66.00 79.00
323.00 -35.00 66.00 79.00
300.00 -43.00 67.00 80.00
292.00 -52.00 69.00 82.00
311.00 -65.00 69.00 83.00
326.00 -75.00 69.00 82.00
315.00 -85.00 69.00 82.00
313.00 -97.00 69.00 82.00
311.00 -108.00 70.00 83.00
309.00 -118.00 69.00 82.00
311.00 -129.00 69.00 82.00
310.00 -141.00 68.00 82.00
310.00 -152.00 68.00 82.00
311.00 -163.00 68.00 82.00
312.00 -174.00 68.00 81.00
313.00 -183.00 68.00 81.00
313.00 -194.00 68.00 81.00
313.00 -202.00 67.00 80.00
295.00 -214.00 67.00 80.00
312.00 -226.00 68.00 81.00
284.00 -236.00 68.00 81.00
286.00 -250.00 68.00 82.00
280.00 -260.00 67.00 80.00
284.00 -277.00 66.00 78.00
298.00 -294.00 66.00 78.00
319.00 -301.00 66.00 79.00
301.00 -313.00 67.00 80.00
307.00 -329.00 67.00 80.00
305.00 -340.00 66.00 79.00
323.00 -348.00 66.00 79.00
295.00 -344.00 66.00 79.00
294.00 -345.00 65.00 78.00
279.00 -347.00 65.00 77.00
278.00 -350.00 65.00 77.00
284.00 -354.00 65.00 78.00
284.00 -359.00 66.00 78.00
283.00 -361.00 66.00 78.00
283.00 -363.00 65.00 78.00
284.00 -366.00 65.00 78.00
285.00 -369.00 64.00 77.00
285.00 -373.00 64.00 76.00
285.00 -377.00 63.00 76.00
287.00 -380.00 64.00 76.00
281.00 -380.00 63.00 75.00
284.00 -382.00 63.00 75.00
286.00 -385.00 61.00 73.00
284.00 -387.00 61.00 72.00
285.00 -390.00 60.00 72.00
285.00 -391.00 60.00 71.00
284.00 -396.00 60.00 72.00
285.00 -398.00 59.00 71.00
284.00 -402.00 59.00 70.00
285.00 -404.00 58.00 70.00
279.00 -407.00 58.00 70.00
270.00 -412.00 58.00 69.00
270.00 -418.00 58.00 69.00
269.00 -421.00 57.00 68.00
270.00 -424.00 56.00 66.00
270.00 -428.00 56.00 67.00
266.00 -431.00 57.00 68.00
267.00 -438.00 59.00 70.00
208.00 -442.00 59.00 71.00
207.00 -449.00 59.00 71.00
206.00 -455.00 59.00 71.00
207.00 -462.00 60.00 71.00
206.00 -467.00 60.00 71.00
205.00 -473.00 61.00 72.00
205.00 -481.00 63.00 75.00
204.00 -488.00 63.00 75.00
204.00 -495.00 64.00 76.00
203.00 -500.00 64.00 76.00
201.00 -506.00 65.00 77.00
202.00 -511.00 64.00 77.00
201.00 -517.00 64.00 77.00
201.00 -522.00 64.00 77.00
199.00 -529.00 65.00 78.00
196.00 -535.00 65.00 77.00
191.00 -543.00 65.00 78.00
189.00 -547.00 64.00 76.00
189.00 -553.00 64.00 76.00
191.00 -561.00 63.00 76.00
192.00 -564.00 63.00 75.00
194.00 -569.00 64.00 76.00
163.00 -574.00 64.00 76.00
160.00 -583.00 64.00 76.00
162.00 -590.00 64.00 76.00
164.00 -596.00 64.00 76.00
164.00 -603.00 64.00 76.00
163.00 -612.00 64.00 76.00
158.00 -618.00 64.00 77.00
149.00 -623.00 64.00 76.00
143.00 -633.00 64.00 77.00
157.00 -638.00 65.00 77.00
161.00 -643.00 66.00 78.00
160.00 -647.00 66.00 79.00
160.00 -653.00 67.00 80.00
159.00 -657.00 67.00 80.00
155.00 -661.00 68.00 81.00
156.00 -665.00 68.00 81.00
157.00 -672.00 67.00 80.00
158.00 -679.00 67.00 80.00
90.00 -683.00 67.00 80.00
88.00 -688.00 66.00 79.00
90.00 -695.00 66.00 79.00
91.00 -701.00 66.00 78.00
92.00 -709.00 66.00 79.00
92.00 -715.00 67.00 79.00
92.00 -722.00 67.00 80.00
94.00 -728.00 67.00 80.00
46.00 -733.00 67.00 79.00
46.00 -739.00 66.00 79.00
47.00 -744.00 65.00 78.00
46.00 -751.00 66.00 78.00
46.00 -759.00 66.00 79.00
45.00 -765.00 66.00 79.00
45.00 -772.00 65.00 78.00
45.00 -780.00 65.00 77.00
45.00 -786.00 65.00 77.00
45.00 -793.00 65.00 77.00
45.00 -800.00 65.00 78.00
44.00 -806.00 64.00 76.00
43.00 -812.00 63.00 76.00
44.00 -817.00 63.00 75.00
43.00 -824.00 62.00 74.00
43.00 -831.00 62.00 74.00
43.00 -837.00 62.00 74.00
44.00 -843.00 62.00 74.00
43.00 -850.00 62.00 74.00
44.00 -855.00 61.00 72.00
45.00 -861.00 60.00 72.00
45.00 -867.00 61.00 72.00
45.00 -872.00 60.00 72.00
45.00 -879.00 59.00 71.00
45.00 -885.00 60.00 71.00
45.00 -890.00 58.00 70.00
46.00 -895.00 59.00 70.00
45.00 -901.00 58.00 69.00
45.00 -905.00 58.00 70.00
45.00 -911.00 59.00 70.00
45.00 -917.00 58.00 70.00
44.00 -923.00 59.00 70.00
45.00 -929.00 59.00 70.00
46.00 -936.00 59.00 71.00
45.00 -941.00 59.00 70.00
46.00 -947.00 58.00 69.00
46.00 -952.00 57.00 68.00
47.00 -958.00 56.00 67.00
47.00 -963.00 55.00 66.00
49.00 -968.00 54.00 65.00
51.00 -974.00 55.00 66.00
50.00 -979.00 55.00 66.00
89.00 -984.00 54.00 65.00
89.00 -988.00 53.00 64.00
88.00 -991.00 53.00 63.00
89.00 -994.00 52.00 62.00
88.00 -997.00 52.00 62.00
87.00 -1001.00 53.00 63.00
86.00 -1004.00 54.00 64.00
114.00 -1008.00 54.00 65.00
114.00 -1016.00 55.00 66.00
136.00 -1020.00 56.00 66.00
155.00 -1025.00 55.00 66.00
154.00 -1029.00 55.00 66.00
136.00 -1035.00 54.00 65.00
136.00 -1040.00 55.00 66.00
137.00 -1046.00 55.00 66.00
139.00 -1052.00 55.00 65.00
140.00 -1057.00 55.00 65.00
143.00 -1062.00 54.00 64.00
183.00 -1069.00 54.00 65.00
185.00 -1074.00 55.00 66.00
185.00 -1079.00 55.00 66.00
188.00 -1084.00 54.00 65.00
188.00 -1089.00 54.00 65.00
189.00 -1094.00 54.00 65.00
190.00 -1100.00 54.00 65.00
190.00 -1105.00 55.00 66.00
190.00 -1110.00 55.00 66.00
190.00 -1115.00 56.00 67.00
187.00 -1120.00 55.00 66.00
183.00 -1124.00 55.00 66.00
187.00 -1129.00 55.00 66.00
200.00 -1133.00 55.00 65.00
203.00 -1136.00 57.00 68.00
207.00 -1142.00 59.00 70.00
206.00 -1150.00 61.00 73.00
202.00 -1156.00 63.00 75.00
171.00 -1160.00 63.00 75.00
171.00 -1163.00 63.00 75.00
170.00 -1168.00 63.00 76.00
169.00 -1173.00 63.00 75.00
171.00 -1178.00 62.00 74.00
177.00 -1182.00 63.00 75.00
180.00 -1184.00 63.00 75.00
185.00 -1188.00 63.00 75.00
190.00 -1191.00 62.00 73.00
190.00 -1195.00 61.00 73.00
196.00 -1199.00 61.00 73.00
194.00 -1204.00 63.00 75.00
194.00 -1208.00 63.00 75.00
199.00 -1211.00 62.00 74.00
201.00 -1216.00 63.00 75.00
205.00 -1222.00 62.00 74.00
212.00 -1226.00 62.00 74.00
221.00 -1229.00 63.00 75.00
226.00 -1232.00 63.00 75.00
228.00 -1235.00 63.00 75.00
239.00 -1241.00 67.00 80.00
239.00 -1247.00 67.00 79.00
251.00 -1249.00 65.00 78.00
260.00 -1254.00 64.00 77.00
271.00 -1258.00 64.00 76.00
293.00 -1262.00 65.00 78.00
309.00 -1268.00 65.00 78.00
305.00 -1272.00 65.00 78.00
303.00 -1276.00 64.00 77.00
308.00 -1282.00 64.00 76.00
326.00 -1285.00 63.00 75.00
269.00 -1290.00 63.00 75.00
212.00 -1292.00 62.00 74.00
228.00 -1294.00 63.00 75.00
234.00 -1297.00 62.00 74.00
250.00 -1297.00 61.00 73.00
263.00 -1301.00 61.00 72.00
268.00 -1306.00 61.00 72.00
287.00 -1307.00 60.00 72.00
298.00 -1310.00 60.00 72.00
309.00 -1313.00 61.00 73.00
320.00 -1316.00 59.00 71.00
336.00 -1321.00 59.00 71.00
352.00 -1324.00 58.00 69.00
365.00 -1328.00 57.00 69.00
380.00 -1330.00 57.00 68.00
394.00 -1333.00 57.00 68.00
411.00 -1336.00 56.00 67.00
426.00 -1339.00 56.00 67.00
440.00 -1342.00 56.00 67.00
457.00 -1345.00 55.00 66.00
473.00 -1347.00 55.00 65.00
488.00 -1349.00 54.00 65.00
498.00 -1353.00 55.00 66.00
518.00 -1357.00 54.00 65.00
529.00 -1361.00 54.00 64.00
543.00 -1364.00 54.00 65.00
552.00 -1366.00 55.00 65.00
566.00 -1369.00 53.00 63.00
579.00 -1373.00 53.00 63.00
592.00 -1377.00 53.00 64.00
