250.00 168.00 106.00 105.00
249.00 172.00 105.00 104.00
241.00 183.00 102.00 101.00
225.00 198.00 100.00 99.00
217.00 211.00 104.00 103.00
223.00 207.00 104.00 103.00
222.00 198.00 105.00 104.00
219.00 199.00 103.00 102.00
198.00 207.00 102.00 101.00
155.00 246.00 101.00 100.00
232.00 245.00 102.00 101.00
250.00 223.00 102.00 101.00
233.00 209.00 103.00 102.00
222.00 204.00 104.00 103.00
211.00 203.00 104.00 103.00
197.00 209.00 104.00 103.00
197.00 218.00 103.00 102.00
210.00 213.00 101.00 100.00
226.00 181.00 100.00 99.00
223.00 153.00 99.00 98.00
206.00 144.00 101.00 100.00
211.00 164.00 98.00 97.00
238.00 192.00 95.00 94.00
265.00 228.00 95.00 94.00
276.00 245.00 99.00 98.00
264.00 245.00 102.00 101.00
248.00 249.00 103.00 102.00
243.00 251.00 105.00 104.00
236.00 241.00 104.00 103.00
231.00 227.00 103.00 102.00
230.00 218.00 104.00 103.00
237.00 211.00 103.00 102.00
248.00 197.00 102.00 102.00
246.00 176.00 101.00 100.00
234.00 157.00 100.00 99.00
227.00 133.00 102.00 101.00
234.00 123.00 102.00 102.00
250.00 130.00 102.00 101.00
257.00 133.00 104.00 104.00
260.00 141.00 104.00 103.00
269.00 172.00 103.00 102.00
273.00 211.00 103.00 102.00
278.00 234.00 103.00 102.00
280.00 238.00 104.00 103.00
276.00 235.00 103.00 102.00
270.00 223.00 103.00 102.00
268.00 215.00 104.00 103.00
270.00 195.00 103.00 102.00
273.00 165.00 104.00 103.00
274.00 163.00 103.00 102.00
276.00 180.00 104.00 103.00
272.00 185.00 104.00 103.00
270.00 181.00 104.00 103.00
274.00 182.00 104.00 103.00
280.00 187.00 103.00 102.00
289.00 197.00 102.00 101.00
285.00 211.00 101.00 100.00
264.00 216.00 100.00 99.00
230.00 214.00 98.00 97.00
208.00 211.00 101.00 100.00
213.00 210.00 100.00 99.00
236.00 212.00 98.00 98.00
271.00 214.00 98.00 97.00
312.00 216.00 97.00 96.00
337.00 221.00 99.00 98.00
335.00 223.00 100.00 99.00
322.00 212.00 99.00 98.00
300.00 192.00 98.00 97.00
270.00 170.00 97.00 96.00
250.00 162.00 100.00 99.00
248.00 171.00 101.00 100.00
256.00 187.00 101.00 100.00
261.00 201.00 101.00 100.00
276.00 214.00 101.00 100.00
301.00 225.00 101.00 100.00
315.00 234.00 102.00 101.00
312.00 244.00 102.00 101.00
303.00 252.00 103.00 102.00
292.00 249.00 102.00 101.00
266.00 237.00 101.00 100.00
237.00 230.00 101.00 100.00
219.00 231.00 102.00 101.00
217.00 236.00 103.00 102.00
226.00 232.00 102.00 101.00
245.00 211.00 100.00 99.00
260.00 183.00 100.00 99.00
275.00 156.00 99.00 98.00
301.00 144.00 101.00 100.00
325.00 147.00 101.00 100.00
334.00 157.00 102.00 101.00
333.00 172.00 102.00 101.00
321.00 183.00 101.00 100.00
301.00 194.00 99.00 98.00
277.00 211.00 98.00 97.00
257.00 229.00 99.00 98.00
242.00 230.00 100.00 99.00
229.00 218.00 100.00 99.00
218.00 208.00 102.00 102.00
210.00 204.00 104.00 103.00
220.00 197.00 101.00 100.00
238.00 179.00 100.00 99.00
252.00 169.00 102.00 101.00
267.00 175.00 101.00 100.00
283.00 190.00 101.00 100.00
304.00 217.00 99.00 98.00
312.00 225.00 102.00 101.00
299.00 210.00 100.00 99.00
265.00 194.00 102.00 102.00
221.00 196.00 101.00 100.00
187.00 212.00 101.00 100.00
172.00 232.00 101.00 100.00
171.00 239.00 102.00 101.00
186.00 221.00 101.00 100.00
210.00 192.00 100.00 99.00
232.00 176.00 101.00 100.00
240.00 177.00 102.00 101.00
237.00 193.00 103.00 102.00
231.00 208.00 103.00 102.00
229.00 205.00 104.00 103.00
236.00 196.00 104.00 103.00
245.00 197.00 104.00 103.00
243.00 208.00 103.00 102.00
231.00 221.00 102.00 101.00
215.00 224.00 103.00 102.00
209.00 210.00 103.00 102.00
206.00 194.00 103.00 102.00
202.00 192.00 104.00 103.00
205.00 205.00 103.00 102.00
214.00 228.00 103.00 102.00
213.00 253.00 102.00 101.00
208.00 252.00 102.00 101.00
207.00 224.00 103.00 102.00
208.00 202.00 103.00 102.00
199.00 185.00 101.00 100.00
180.00 176.00 102.00 101.00
170.00 185.00 103.00 102.00
177.00 198.00 103.00 102.00
190.00 204.00 103.00 102.00
208.00 204.00 104.00 103.00
231.00 210.00 103.00 102.00
256.00 224.00 102.00 101.00
282.00 239.00 101.00 100.00
301.00 244.00 103.00 102.00
291.00 239.00 104.00 103.00
255.00 228.00 105.00 104.00
207.00 218.00 105.00 104.00
176.00 217.00 105.00 104.00
145.00 223.00 104.00 103.00
115.00 224.00 105.00 104.00
122.00 214.00 103.00 102.00
184.00 199.00 103.00 102.00
222.00 193.00 103.00 102.00
233.00 188.00 104.00 103.00
233.00 190.00 104.00 103.00
241.00 199.00 103.00 102.00
248.00 211.00 103.00 102.00
236.00 218.00 103.00 102.00
203.00 219.00 104.00 103.00
177.00 224.00 104.00 103.00
183.00 225.00 104.00 103.00
224.00 218.00 102.00 101.00
267.00 214.00 103.00 102.00
281.00 215.00 104.00 103.00
275.00 216.00 104.00 103.00
264.00 206.00 103.00 102.00
257.00 198.00 104.00 103.00
253.00 193.00 104.00 103.00
257.00 187.00 104.00 103.00
272.00 192.00 104.00 103.00
279.00 201.00 104.00 103.00
270.00 204.00 105.00 104.00
246.00 207.00 104.00 103.00
215.00 227.00 102.00 101.00
193.00 244.00 102.00 101.00
181.00 248.00 104.00 103.00
186.00 245.00 104.00 103.00
207.00 239.00 104.00 103.00
214.00 236.00 104.00 103.00
198.00 233.00 104.00 103.00
180.00 229.00 104.00 103.00
178.00 222.00 104.00 103.00
197.00 218.00 105.00 104.00
253.00 211.00 103.00 102.00
284.00 201.00 102.00 101.00
284.00 196.00 103.00 102.00
253.00 192.00 104.00 103.00
218.00 183.00 103.00 102.00
202.00 180.00 104.00 103.00
186.00 184.00 104.00 103.00
174.00 188.00 105.00 104.00
179.00 188.00 105.00 104.00
203.00 191.00 104.00 103.00
274.00 195.00 104.00 103.00
298.00 193.00 104.00 103.00
297.00 191.00 104.00 103.00
281.00 195.00 103.00 102.00
260.00 199.00 103.00 102.00
241.00 208.00 101.00 100.00
216.00 214.00 103.00 102.00
180.00 202.00 101.00 100.00
152.00 189.00 103.00 102.00
147.00 186.00 104.00 103.00
166.00 187.00 103.00 102.00
191.00 193.00 103.00 102.00
200.00 196.00 104.00 103.00
197.00 189.00 103.00 102.00
203.00 179.00 102.00 101.00
212.00 171.00 103.00 102.00
220.00 172.00 103.00 102.00
223.00 182.00 102.00 101.00
215.00 193.00 102.00 101.00
208.00 207.00 102.00 101.00
220.00 230.00 100.00 99.00
230.00 249.00 101.00 100.00
217.00 251.00 102.00 101.00
199.00 240.00 101.00 100.00
190.00 212.00 101.00 100.00
188.00 174.00 102.00 101.00
197.00 159.00 101.00 100.00
209.00 160.00 101.00 100.00
226.00 173.00 100.00 99.00
245.00 186.00 100.00 100.00
249.00 187.00 103.00 102.00
240.00 187.00 103.00 102.00
220.00 193.00 102.00 101.00
199.00 203.00 100.00 99.00
193.00 213.00 101.00 100.00
196.00 217.00 103.00 102.00
194.00 209.00 102.00 101.00
194.00 185.00 102.00 101.00
208.00 165.00 100.00 99.00
238.00 163.00 100.00 99.00
276.00 170.00 99.00 98.00
300.00 188.00 98.00 97.00
307.00 210.00 99.00 98.00
302.00 221.00 101.00 100.00
303.00 224.00 102.00 101.00
306.00 220.00 102.00 101.00
297.00 224.00 101.00 100.00
272.00 229.00 101.00 100.00
247.00 228.00 101.00 100.00
239.00 237.00 100.00 99.00
226.00 241.00 101.00 100.00
215.00 231.00 100.00 99.00
217.00 217.00 100.00 99.00
221.00 208.00 100.00 99.00
228.00 204.00 101.00 100.00
243.00 203.00 101.00 100.00
260.00 196.00 99.00 98.00
266.00 180.00 99.00 98.00
268.00 169.00 100.00 99.00
279.00 181.00 99.00 98.00
292.00 217.00 98.00 97.00
287.00 250.00 99.00 98.00
270.00 258.00 99.00 98.00
260.00 235.00 99.00 98.00
255.00 193.00 99.00 98.00
248.00 168.00 99.00 98.00
243.00 160.00 100.00 99.00
231.00 166.00 98.00 97.00
214.00 173.00 100.00 99.00
224.00 172.00 99.00 98.00
254.00 161.00 97.00 96.00
275.00 149.00 96.00 95.00
286.00 145.00 98.00 97.00
286.00 158.00 98.00 98.00
270.00 176.00 97.00 96.00
252.00 188.00 98.00 97.00
244.00 189.00 100.00 99.00
247.00 186.00 100.00 99.00
255.00 189.00 99.00 98.00
247.00 201.00 97.00 96.00
220.00 211.00 97.00 96.00
209.00 213.00 99.00 98.00
221.00 205.00 97.00 96.00
237.00 190.00 96.00 95.00
248.00 186.00 98.00 97.00
248.00 194.00 98.00 97.00
246.00 202.00 98.00 97.00
245.00 206.00 99.00 98.00
237.00 211.00 98.00 97.00
222.00 222.00 97.00 96.00
216.00 236.00 97.00 96.00
225.00 239.00 98.00 97.00
228.00 233.00 98.00 97.00
223.00 228.00 98.00 97.00
221.00 225.00 98.00 98.00
233.00 217.00 95.00 94.00
261.00 192.00 93.00 92.00
284.00 169.00 94.00 93.00
288.00 164.00 97.00 96.00
286.00 172.00 98.00 97.00
282.00 194.00 98.00 97.00
275.00 218.00 98.00 97.00
268.00 230.00 97.00 96.00
250.00 229.00 96.00 95.00
228.00 230.00 96.00 95.00
225.00 241.00 95.00 94.00
235.00 250.00 96.00 95.00
245.00 247.00 96.00 95.00
246.00 229.00 96.00 95.00
248.00 213.00 96.00 95.00
264.00 212.00 96.00 95.00
294.00 215.00 96.00 95.00
308.00 213.00 97.00 96.00
302.00 207.00 96.00 95.00
289.00 205.00 96.00 95.00
278.00 214.00 95.00 95.00
273.00 230.00 95.00 94.00
265.00 242.00 95.00 94.00
260.00 244.00 96.00 95.00
269.00 239.00 96.00 95.00
274.00 231.00 96.00 95.00
268.00 222.00 96.00 95.00
264.00 215.00 96.00 95.00
263.00 210.00 96.00 95.00
267.00 208.00 96.00 95.00
275.00 201.00 95.00 94.00
276.00 193.00 96.00 95.00
278.00 201.00 95.00 94.00
286.00 216.00 93.00 92.00
294.00 229.00 93.00 93.00
297.00 233.00 95.00 94.00
283.00 232.00 95.00 94.00
256.00 240.00 94.00 93.00
233.00 240.00 94.00 93.00
220.00 226.00 93.00 92.00
210.00 198.00 92.00 92.00
211.00 175.00 93.00 92.00
219.00 167.00 94.00 93.00
232.00 175.00 92.00 92.00
246.00 184.00 93.00 92.00
254.00 187.00 95.00 94.00
261.00 191.00 94.00 93.00
273.00 207.00 93.00 92.00
291.00 234.00 91.00 90.00
300.00 254.00 92.00 91.00
293.00 249.00 91.00 91.00
283.00 220.00 91.00 90.00
273.00 205.00 91.00 91.00
254.00 199.00 92.00 91.00
234.00 204.00 91.00 90.00
227.00 221.00 91.00 90.00
235.00 233.00 92.00 91.00
247.00 233.00 93.00 92.00
271.00 231.00 93.00 92.00
282.00 236.00 93.00 92.00
283.00 245.00 92.00 91.00
281.00 259.00 92.00 91.00
278.00 263.00 94.00 93.00
278.00 259.00 94.00 93.00
279.00 253.00 93.00 92.00
282.00 244.00 93.00 92.00
283.00 235.00 93.00 92.00
278.00 237.00 92.00 91.00
268.00 244.00 92.00 91.00
261.00 246.00 92.00 92.00
259.00 236.00 92.00 91.00
260.00 224.00 92.00 91.00
257.00 221.00 92.00 91.00
251.00 224.00 92.00 92.00
255.00 229.00 91.00 91.00
267.00 231.00 91.00 91.00
285.00 224.00 89.00 88.00
299.00 211.00 88.00 87.00
300.00 199.00 90.00 89.00
295.00 196.00 91.00 90.00
290.00 202.00 91.00 90.00
286.00 211.00 91.00 90.00
269.00 215.00 90.00 90.00
246.00 207.00 89.00 88.00
230.00 197.00 91.00 90.00
229.00 202.00 90.00 90.00
233.00 218.00 90.00 89.00
252.00 257.00 89.00 88.00
282.00 284.00 91.00 90.00
309.00 267.00 88.00 87.00
323.00 246.00 89.00 88.00
321.00 235.00 88.00 87.00
305.00 226.00 89.00 88.00
284.00 234.00 87.00 86.00
256.00 243.00 89.00 88.00
231.00 241.00 90.00 90.00
247.00 239.00 91.00 90.00
291.00 241.00 91.00 90.00
318.00 239.00 90.00 90.00
335.00 232.00 90.00 89.00
345.00 234.00 90.00 89.00
352.00 241.00 90.00 89.00
355.00 240.00 90.00 90.00
355.00 233.00 91.00 90.00
347.00 236.00 89.00 89.00
325.00 252.00 88.00 87.00
304.00 265.00 89.00 88.00
303.00 259.00 89.00 88.00
312.00 247.00 89.00 88.00
322.00 244.00 89.00 88.00
334.00 254.00 87.00 87.00
352.00 262.00 89.00 88.00
363.00 251.00 88.00 88.00
347.00 226.00 87.00 86.00
310.00 184.00 87.00 86.00
293.00 168.00 88.00 87.00
289.00 175.00 88.00 87.00
288.00 193.00 88.00 87.00
279.00 214.00 86.00 86.00
258.00 235.00 84.00 84.00
236.00 244.00 87.00 86.00
225.00 246.00 89.00 88.00
225.00 248.00 90.00 89.00
236.00 250.00 90.00 89.00
253.00 239.00 89.00 88.00
257.00 207.00 89.00 88.00
247.00 184.00 88.00 87.00
240.00 175.00 89.00 88.00
235.00 182.00 88.00 87.00
218.00 196.00 87.00 86.00
202.00 209.00 87.00 87.00
194.00 211.00 88.00 87.00
192.00 216.00 88.00 87.00
186.00 229.00 88.00 87.00
189.00 238.00 88.00 88.00
211.00 238.00 88.00 87.00
244.00 235.00 88.00 87.00
275.00 225.00 87.00 86.00
300.00 220.00 88.00 87.00
316.00 228.00 87.00 87.00
317.00 242.00 87.00 86.00
297.00 251.00 88.00 87.00
241.00 234.00 87.00 86.00
216.00 221.00 87.00 86.00
193.00 220.00 87.00 87.00
185.00 230.00 86.00 86.00
212.00 234.00 87.00 86.00
238.00 223.00 85.00 84.00
252.00 205.00 85.00 84.00
269.00 199.00 86.00 85.00
294.00 202.00 87.00 86.00
326.00 208.00 86.00 85.00
338.00 211.00 88.00 87.00
331.00 208.00 88.00 87.00
308.00 203.00 87.00 86.00
274.00 190.00 85.00 84.00
244.00 163.00 85.00 85.00
255.00 151.00 85.00 85.00
285.00 145.00 86.00 85.00
302.00 134.00 86.00 85.00
308.00 124.00 87.00 86.00
308.00 131.00 87.00 87.00
309.00 156.00 87.00 86.00
313.00 193.00 86.00 85.00
313.00 230.00 86.00 85.00
312.00 232.00 86.00 86.00
309.00 220.00 86.00 85.00
302.00 206.00 86.00 85.00
297.00 196.00 86.00 85.00
295.00 176.00 86.00 86.00
294.00 143.00 86.00 85.00
295.00 97.00 87.00 86.00
311.00 81.00 87.00 86.00
327.00 97.00 87.00 86.00
338.00 137.00 87.00 86.00
328.00 172.00 84.00 84.00
310.00 188.00 84.00 83.00
298.00 207.00 84.00 83.00
287.00 222.00 85.00 84.00
278.00 232.00 86.00 85.00
272.00 237.00 87.00 86.00
277.00 240.00 88.00 87.00
285.00 238.00 87.00 86.00
293.00 227.00 86.00 86.00
299.00 215.00 85.00 85.00
312.00 201.00 84.00 84.00
320.00 193.00 86.00 85.00
326.00 195.00 86.00 86.00
337.00 204.00 86.00 85.00
338.00 221.00 86.00 85.00
325.00 240.00 84.00 83.00
303.00 258.00 83.00 82.00
281.00 268.00 85.00 84.00
270.00 266.00 86.00 86.00
265.00 262.00 85.00 84.00
249.00 238.00 84.00 84.00
245.00 199.00 84.00 83.00
267.00 185.00 84.00 83.00
286.00 179.00 85.00 84.00
300.00 185.00 85.00 84.00
315.00 201.00 83.00 83.00
331.00 217.00 83.00 82.00
347.00 239.00 82.00 81.00
355.00 260.00 83.00 82.00
349.00 269.00 85.00 84.00
333.00 270.00 86.00 85.00
303.00 273.00 86.00 86.00
261.00 275.00 86.00 86.00
224.00 272.00 86.00 85.00
219.00 254.00 86.00 85.00
227.00 227.00 86.00 85.00
228.00 202.00 86.00 85.00
243.00 191.00 85.00 85.00
272.00 187.00 85.00 84.00
301.00 188.00 85.00 84.00
316.00 189.00 86.00 85.00
322.00 195.00 86.00 85.00
327.00 207.00 86.00 85.00
331.00 221.00 86.00 85.00
320.00 236.00 85.00 85.00
288.00 238.00 86.00 85.00
249.00 236.00 86.00 85.00
203.00 235.00 86.00 85.00
186.00 233.00 87.00 86.00
199.00 234.00 86.00 85.00
237.00 235.00 86.00 85.00
256.00 233.00 87.00 86.00
261.00 229.00 87.00 86.00
276.00 229.00 86.00 85.00
357.00 222.00 86.00 85.00
373.00 213.00 86.00 85.00
358.00 207.00 86.00 86.00
303.00 209.00 87.00 86.00
232.00 218.00 87.00 86.00
169.00 221.00 87.00 86.00
168.00 215.00 84.00 83.00
201.00 191.00 82.00 82.00
224.00 169.00 82.00 82.00
224.00 162.00 84.00 84.00
226.00 174.00 84.00 83.00
237.00 200.00 84.00 83.00
244.00 232.00 84.00 83.00
239.00 252.00 85.00 84.00
245.00 266.00 85.00 84.00
253.00 270.00 86.00 85.00
241.00 261.00 85.00 84.00
225.00 258.00 86.00 85.00
229.00 273.00 84.00 84.00
256.00 290.00 84.00 84.00
277.00 290.00 85.00 84.00
277.00 277.00 85.00 84.00
276.00 253.00 85.00 85.00
283.00 213.00 86.00 85.00
275.00 164.00 85.00 84.00
258.00 154.00 85.00 84.00
242.00 167.00 85.00 84.00
234.00 188.00 85.00 84.00
230.00 223.00 86.00 85.00
230.00 251.00 85.00 84.00
238.00 260.00 86.00 85.00
247.00 254.00 85.00 84.00
252.00 239.00 85.00 85.00
250.00 231.00 86.00 85.00
263.00 229.00 86.00 85.00
285.00 220.00 84.00 83.00
287.00 208.00 83.00 83.00
276.00 194.00 84.00 83.00
284.00 185.00 84.00 83.00
299.00 184.00 84.00 83.00
302.00 202.00 84.00 83.00
289.00 236.00 83.00 83.00
278.00 258.00 84.00 83.00
288.00 267.00 85.00 84.00
294.00 261.00 84.00 84.00
282.00 247.00 84.00 83.00
276.00 241.00 86.00 85.00
279.00 242.00 86.00 85.00
279.00 238.00 86.00 85.00
272.00 232.00 85.00 84.00
265.00 223.00 86.00 85.00
261.00 224.00 86.00 85.00
255.00 230.00 85.00 85.00
245.00 232.00 86.00 85.00
245.00 228.00 85.00 84.00
266.00 223.00 85.00 85.00
292.00 225.00 85.00 84.00
283.00 237.00 84.00 83.00
263.00 244.00 85.00 84.00
260.00 243.00 85.00 84.00
269.00 233.00 84.00 84.00
274.00 220.00 85.00 84.00
274.00 217.00 86.00 85.00
278.00 222.00 86.00 85.00
287.00 226.00 86.00 86.00
284.00 226.00 86.00 86.00
278.00 225.00 86.00 85.00
277.00 220.00 87.00 86.00
280.00 224.00 86.00 86.00
282.00 234.00 85.00 84.00
275.00 248.00 84.00 83.00
271.00 252.00 86.00 85.00
281.00 243.00 83.00 82.00
292.00 228.00 84.00 83.00
290.00 223.00 85.00 85.00
281.00 232.00 84.00 83.00
273.00 243.00 85.00 84.00
272.00 238.00 85.00 84.00
275.00 218.00 85.00 84.00
278.00 209.00 86.00 85.00
281.00 217.00 86.00 85.00
281.00 232.00 85.00 84.00
275.00 240.00 86.00 85.00
269.00 241.00 87.00 86.00
271.00 237.00 86.00 85.00
274.00 233.00 86.00 85.00
266.00 234.00 85.00 85.00
257.00 245.00 85.00 84.00
254.00 254.00 86.00 85.00
255.00 252.00 86.00 85.00
257.00 244.00 86.00 85.00
257.00 239.00 86.00 85.00
255.00 246.00 86.00 85.00
256.00 259.00 86.00 85.00
258.00 264.00 86.00 86.00
258.00 265.00 86.00 86.00
257.00 265.00 86.00 85.00
255.00 261.00 86.00 85.00
247.00 254.00 86.00 85.00
246.00 248.00 85.00 84.00
249.00 235.00 85.00 85.00
247.00 225.00 86.00 85.00
246.00 224.00 86.00 85.00
249.00 227.00 86.00 85.00
253.00 225.00 86.00 85.00
256.00 215.00 86.00 85.00
260.00 212.00 86.00 85.00
260.00 222.00 86.00 85.00
261.00 238.00 86.00 85.00
263.00 246.00 86.00 85.00
260.00 243.00 85.00 85.00
261.00 234.00 85.00 84.00
271.00 228.00 85.00 84.00
273.00 231.00 85.00 84.00
269.00 239.00 85.00 84.00
260.00 243.00 85.00 84.00
258.00 242.00 85.00 84.00
261.00 233.00 85.00 84.00
259.00 227.00 86.00 85.00
249.00 239.00 85.00 84.00
243.00 254.00 85.00 84.00
245.00 257.00 85.00 84.00
257.00 256.00 85.00 84.00
278.00 247.00 83.00 82.00
287.00 234.00 84.00 84.00
270.00 239.00 83.00 82.00
253.00 253.00 83.00 82.00
269.00 260.00 85.00 84.00
291.00 254.00 83.00 82.00
286.00 240.00 81.00 81.00
263.00 230.00 84.00 83.00
247.00 232.00 85.00 84.00
243.00 235.00 86.00 85.00
247.00 234.00 86.00 85.00
247.00 231.00 86.00 85.00
242.00 231.00 85.00 85.00
240.00 231.00 86.00 85.00
248.00 239.00 85.00 84.00
249.00 248.00 85.00 84.00
257.00 256.00 85.00 84.00
317.00 256.00 84.00 83.00
324.00 248.00 85.00 84.00
301.00 248.00 84.00 83.00
249.00 263.00 83.00 82.00
226.00 274.00 84.00 83.00
232.00 277.00 85.00 84.00
256.00 269.00 84.00 83.00
264.00 263.00 85.00 84.00
252.00 265.00 85.00 84.00
235.00 266.00 86.00 85.00
224.00 267.00 85.00 85.00
232.00 270.00 85.00 84.00
248.00 271.00 84.00 83.00
253.00 265.00 85.00 84.00
252.00 258.00 84.00 84.00
244.00 254.00 85.00 84.00
244.00 250.00 84.00 84.00
254.00 241.00 84.00 83.00
256.00 234.00 85.00 84.00
253.00 229.00 85.00 84.00
253.00 223.00 85.00 84.00
257.00 217.00 85.00 84.00
259.00 227.00 85.00 84.00
252.00 257.00 84.00 83.00
241.00 290.00 83.00 83.00
239.00 290.00 83.00 82.00
247.00 269.00 83.00 82.00
255.00 250.00 83.00 82.00
264.00 233.00 82.00 81.00
268.00 216.00 83.00 82.00
262.00 202.00 82.00 81.00
257.00 188.00 83.00 82.00
259.00 173.00 83.00 82.00
263.00 163.00 84.00 83.00
270.00 171.00 83.00 82.00
279.00 187.00 83.00 82.00
282.00 213.00 82.00 82.00
286.00 244.00 82.00 81.00
287.00 242.00 82.00 81.00
284.00 219.00 82.00 81.00
283.00 204.00 83.00 82.00
298.00 201.00 83.00 82.00
319.00 210.00 82.00 81.00
325.00 220.00 82.00 82.00
313.00 224.00 83.00 82.00
301.00 226.00 83.00 82.00
302.00 233.00 83.00 83.00
306.00 249.00 83.00 82.00
317.00 276.00 81.00 80.00
323.00 283.00 83.00 82.00
314.00 274.00 81.00 81.00
304.00 255.00 81.00 80.00
300.00 232.00 82.00 81.00
298.00 211.00 82.00 81.00
295.00 205.00 83.00 82.00
295.00 213.00 82.00 82.00
304.00 225.00 81.00 81.00
316.00 232.00 82.00 81.00
317.00 237.00 82.00 81.00
313.00 243.00 82.00 82.00
306.00 253.00 81.00 81.00
302.00 254.00 82.00 81.00
301.00 245.00 82.00 81.00
301.00 231.00 82.00 81.00
303.00 215.00 82.00 81.00
305.00 206.00 82.00 81.00
305.00 202.00 82.00 81.00
308.00 203.00 82.00 81.00
317.00 209.00 81.00 81.00
334.00 223.00 79.00 78.00
342.00 242.00 79.00 78.00
322.00 258.00 79.00 78.00
288.00 259.00 80.00 79.00
268.00 255.00 80.00 79.00
252.00 247.00 79.00 78.00
240.00 224.00 77.00 77.00
239.00 192.00 78.00 77.00
256.00 182.00 78.00 77.00
274.00 188.00 77.00 76.00
286.00 201.00 77.00 76.00
289.00 211.00 79.00 78.00
292.00 214.00 79.00 79.00
297.00 216.00 80.00 79.00
300.00 218.00 81.00 80.00
301.00 220.00 80.00 79.00
300.00 221.00 80.00 79.00
