352.00 197.00 56.00 100.00
353.00 194.00 56.00 100.00
354.00 193.00 56.00 100.00
356.00 192.00 56.00 100.00
357.00 193.00 56.00 100.00
357.00 193.00 56.00 100.00
356.00 193.00 56.00 100.00
357.00 193.00 56.00 100.00
357.00 192.00 56.00 100.00
355.00 190.00 56.00 100.00
355.00 189.00 56.00 100.00
354.00 187.00 56.00 100.00
354.00 185.00 56.00 101.00
354.00 184.00 56.00 100.00
355.00 181.00 56.00 100.00
356.00 179.00 56.00 100.00
357.00 175.00 56.00 100.00
359.00 170.00 57.00 101.00
362.00 167.00 56.00 101.00
364.00 169.00 57.00 101.00
367.00 178.00 56.00 100.00
370.00 197.00 55.00 98.00
372.00 224.00 54.00 96.00
372.00 248.00 54.00 96.00
370.00 264.00 55.00 98.00
368.00 265.00 56.00 100.00
366.00 250.00 55.00 99.00
365.00 223.00 55.00 99.00
367.00 203.00 55.00 98.00
364.00 185.00 55.00 99.00
361.00 169.00 56.00 100.00
357.00 160.00 57.00 101.00
356.00 163.00 57.00 101.00
352.00 176.00 56.00 101.00
342.00 194.00 56.00 100.00
324.00 210.00 56.00 100.00
306.00 217.00 56.00 100.00
298.00 211.00 56.00 100.00
306.00 205.00 56.00 100.00
328.00 193.00 56.00 99.00
345.00 164.00 56.00 99.00
348.00 137.00 55.00 99.00
333.00 110.00 55.00 99.00
325.00 112.00 56.00 100.00
331.00 138.00 56.00 100.00
341.00 174.00 55.00 99.00
356.00 204.00 56.00 100.00
378.00 280.00 56.00 100.00
385.00 291.00 56.00 100.00
386.00 270.00 55.00 99.00
377.00 213.00 54.00 97.00
380.00 174.00 55.00 98.00
389.00 158.00 56.00 101.00
393.00 167.00 56.00 100.00
377.00 203.00 56.00 100.00
354.00 246.00 56.00 100.00
335.00 264.00 56.00 100.00
339.00 252.00 55.00 99.00
350.00 217.00 56.00 99.00
356.00 171.00 56.00 99.00
352.00 145.00 56.00 100.00
337.00 141.00 56.00 100.00
323.00 172.00 56.00 100.00
314.00 225.00 56.00 99.00
311.00 268.00 55.00 98.00
313.00 272.00 55.00 98.00
318.00 231.00 54.00 97.00
306.00 209.00 53.00 95.00
307.00 135.00 54.00 96.00
309.00 137.00 54.00 97.00
304.00 173.00 54.00 96.00
298.00 226.00 53.00 95.00
311.00 256.00 53.00 95.00
343.00 249.00 54.00 96.00
353.00 230.00 54.00 96.00
329.00 201.00 53.00 95.00
285.00 165.00 53.00 94.00
289.00 174.00 52.00 94.00
307.00 213.00 52.00 93.00
313.00 250.00 52.00 92.00
322.00 276.00 52.00 93.00
333.00 269.00 53.00 94.00
340.00 228.00 52.00 94.00
320.00 179.00 52.00 93.00
296.00 149.00 53.00 95.00
290.00 158.00 54.00 96.00
280.00 200.00 54.00 96.00
272.00 243.00 54.00 96.00
276.00 257.00 55.00 97.00
291.00 236.00 54.00 97.00
291.00 213.00 54.00 96.00
278.00 128.00 54.00 96.00
267.00 107.00 56.00 99.00
272.00 131.00 55.00 99.00
269.00 189.00 55.00 98.00
266.00 247.00 54.00 96.00
267.00 264.00 55.00 98.00
272.00 249.00 55.00 98.00
274.00 205.00 55.00 98.00
263.00 162.00 54.00 97.00
257.00 148.00 55.00 99.00
249.00 161.00 55.00 99.00
238.00 199.00 55.00 98.00
263.00 242.00 55.00 98.00
305.00 251.00 55.00 98.00
337.00 237.00 55.00 98.00
349.00 214.00 55.00 99.00
344.00 199.00 56.00 100.00
341.00 198.00 56.00 100.00
347.00 205.00 56.00 100.00
359.00 213.00 56.00 100.00
367.00 226.00 56.00 100.00
370.00 234.00 57.00 101.00
365.00 230.00 56.00 101.00
350.00 210.00 56.00 100.00
313.00 184.00 55.00 99.00
258.00 169.00 55.00 99.00
232.00 177.00 56.00 99.00
236.00 195.00 55.00 99.00
259.00 215.00 55.00 99.00
283.00 222.00 56.00 100.00
308.00 220.00 56.00 100.00
328.00 212.00 56.00 101.00
343.00 198.00 56.00 101.00
342.00 188.00 56.00 101.00
332.00 192.00 56.00 101.00
323.00 195.00 57.00 101.00
314.00 193.00 58.00 103.00
316.00 193.00 57.00 103.00
327.00 200.00 57.00 103.00
325.00 205.00 58.00 103.00
303.00 203.00 57.00 102.00
282.00 196.00 57.00 102.00
280.00 187.00 57.00 102.00
288.00 177.00 57.00 102.00
285.00 172.00 57.00 102.00
285.00 161.00 57.00 102.00
292.00 152.00 57.00 102.00
295.00 145.00 58.00 103.00
295.00 144.00 58.00 103.00
303.00 153.00 58.00 103.00
303.00 159.00 58.00 103.00
298.00 155.00 57.00 102.00
311.00 146.00 58.00 103.00
337.00 139.00 58.00 103.00
338.00 141.00 58.00 103.00
336.00 152.00 58.00 103.00
335.00 161.00 57.00 102.00
313.00 163.00 58.00 104.00
257.00 156.00 58.00 103.00
218.00 158.00 58.00 103.00
207.00 167.00 58.00 103.00
223.00 175.00 57.00 102.00
277.00 178.00 57.00 101.00
355.00 168.00 57.00 101.00
397.00 160.00 57.00 102.00
407.00 158.00 57.00 102.00
417.00 170.00 57.00 102.00
410.00 176.00 57.00 102.00
380.00 179.00 57.00 101.00
325.00 179.00 57.00 103.00
276.00 181.00 57.00 102.00
270.00 189.00 57.00 102.00
257.00 197.00 57.00 102.00
257.00 192.00 57.00 102.00
286.00 178.00 57.00 102.00
322.00 170.00 58.00 103.00
365.00 165.00 57.00 101.00
408.00 170.00 57.00 102.00
437.00 174.00 57.00 101.00
448.00 178.00 57.00 102.00
436.00 179.00 57.00 101.00
416.00 175.00 57.00 101.00
418.00 176.00 57.00 102.00
441.00 179.00 57.00 102.00
460.00 177.00 57.00 102.00
485.00 175.00 57.00 102.00
515.00 175.00 58.00 103.00
525.00 174.00 58.00 104.00
526.00 179.00 58.00 104.00
524.00 188.00 58.00 104.00
514.00 191.00 58.00 103.00
488.00 191.00 58.00 103.00
459.00 187.00 57.00 102.00
447.00 188.00 57.00 102.00
448.00 191.00 57.00 101.00
473.00 191.00 57.00 102.00
497.00 187.00 58.00 103.00
487.00 188.00 58.00 103.00
440.00 192.00 57.00 102.00
396.00 194.00 57.00 102.00
381.00 192.00 57.00 102.00
374.00 190.00 57.00 101.00
365.00 195.00 57.00 102.00
354.00 201.00 57.00 102.00
358.00 206.00 57.00 102.00
379.00 205.00 57.00 101.00
402.00 198.00 56.00 100.00
401.00 189.00 56.00 100.00
374.00 183.00 56.00 99.00
349.00 181.00 56.00 100.00
332.00 180.00 56.00 100.00
319.00 182.00 57.00 102.00
309.00 187.00 57.00 102.00
307.00 192.00 57.00 102.00
317.00 197.00 57.00 102.00
328.00 194.00 57.00 102.00
333.00 186.00 57.00 102.00
326.00 181.00 57.00 102.00
312.00 183.00 57.00 102.00
293.00 185.00 57.00 102.00
273.00 181.00 57.00 102.00
258.00 175.00 57.00 102.00
255.00 178.00 57.00 102.00
262.00 183.00 57.00 102.00
279.00 188.00 57.00 101.00
307.00 186.00 57.00 102.00
330.00 178.00 57.00 103.00
336.00 177.00 58.00 103.00
323.00 181.00 57.00 102.00
301.00 188.00 57.00 103.00
283.00 189.00 58.00 103.00
258.00 185.00 57.00 103.00
241.00 179.00 57.00 102.00
239.00 176.00 57.00 102.00
235.00 162.00 56.00 101.00
220.00 134.00 56.00 101.00
234.00 125.00 56.00 100.00
255.00 144.00 57.00 101.00
264.00 182.00 57.00 101.00
289.00 252.00 56.00 99.00
298.00 275.00 56.00 100.00
296.00 273.00 56.00 99.00
294.00 242.00 55.00 97.00
308.00 191.00 55.00 98.00
317.00 167.00 55.00 98.00
330.00 164.00 55.00 99.00
342.00 188.00 55.00 99.00
347.00 239.00 55.00 99.00
348.00 294.00 54.00 97.00
362.00 330.00 54.00 97.00
365.00 331.00 55.00 99.00
358.00 304.00 54.00 97.00
353.00 250.00 54.00 96.00
346.00 211.00 54.00 97.00
326.00 189.00 55.00 98.00
313.00 198.00 55.00 99.00
321.00 232.00 55.00 99.00
344.00 287.00 55.00 98.00
355.00 313.00 55.00 99.00
354.00 315.00 56.00 99.00
345.00 295.00 55.00 98.00
316.00 235.00 55.00 98.00
301.00 190.00 55.00 98.00
304.00 161.00 55.00 99.00
314.00 167.00 55.00 99.00
319.00 205.00 55.00 99.00
320.00 276.00 54.00 97.00
327.00 312.00 54.00 97.00
324.00 322.00 55.00 98.00
311.00 303.00 55.00 97.00
298.00 273.00 55.00 98.00
306.00 234.00 54.00 97.00
320.00 165.00 55.00 97.00
329.00 177.00 55.00 97.00
327.00 218.00 54.00 97.00
322.00 280.00 54.00 96.00
311.00 313.00 54.00 96.00
303.00 311.00 54.00 96.00
304.00 271.00 53.00 95.00
312.00 218.00 53.00 95.00
329.00 199.00 54.00 96.00
342.00 213.00 54.00 96.00
350.00 263.00 54.00 97.00
342.00 321.00 54.00 96.00
334.00 341.00 55.00 98.00
329.00 321.00 54.00 97.00
315.00 282.00 54.00 97.00
304.00 230.00 54.00 96.00
300.00 169.00 54.00 97.00
311.00 183.00 54.00 97.00
318.00 224.00 54.00 96.00
331.00 298.00 53.00 95.00
334.00 325.00 53.00 95.00
328.00 321.00 53.00 95.00
317.00 287.00 53.00 94.00
314.00 247.00 53.00 95.00
313.00 160.00 54.00 96.00
306.00 140.00 55.00 98.00
301.00 151.00 55.00 99.00
299.00 189.00 55.00 98.00
306.00 253.00 55.00 98.00
332.00 301.00 54.00 97.00
334.00 307.00 55.00 98.00
326.00 287.00 54.00 96.00
313.00 255.00 54.00 96.00
299.00 216.00 54.00 96.00
298.00 144.00 54.00 97.00
308.00 146.00 55.00 97.00
307.00 177.00 55.00 97.00
300.00 249.00 54.00 96.00
302.00 296.00 54.00 96.00
311.00 314.00 54.00 97.00
319.00 300.00 54.00 97.00
328.00 260.00 54.00 97.00
328.00 210.00 54.00 96.00
315.00 167.00 54.00 96.00
309.00 154.00 55.00 98.00
309.00 168.00 55.00 99.00
306.00 204.00 55.00 98.00
311.00 262.00 54.00 97.00
317.00 291.00 54.00 97.00
321.00 290.00 54.00 97.00
333.00 256.00 54.00 97.00
339.00 207.00 54.00 97.00
329.00 170.00 54.00 97.00
317.00 149.00 55.00 98.00
318.00 154.00 55.00 99.00
320.00 180.00 55.00 99.00
315.00 220.00 55.00 98.00
320.00 270.00 54.00 97.00
328.00 294.00 54.00 97.00
331.00 290.00 54.00 97.00
334.00 265.00 53.00 96.00
335.00 216.00 53.00 95.00
328.00 169.00 53.00 95.00
320.00 143.00 54.00 96.00
318.00 144.00 55.00 98.00
316.00 158.00 55.00 98.00
317.00 188.00 55.00 98.00
330.00 248.00 54.00 97.00
326.00 279.00 54.00 97.00
314.00 287.00 54.00 97.00
314.00 264.00 54.00 97.00
322.00 218.00 54.00 96.00
321.00 183.00 54.00 96.00
315.00 157.00 54.00 97.00
311.00 154.00 55.00 98.00
309.00 172.00 55.00 99.00
299.00 202.00 55.00 99.00
288.00 235.00 55.00 99.00
282.00 266.00 55.00 98.00
279.00 279.00 55.00 98.00
292.00 278.00 56.00 99.00
326.00 259.00 56.00 99.00
355.00 245.00 55.00 99.00
388.00 245.00 55.00 99.00
415.00 252.00 55.00 98.00
439.00 259.00 55.00 98.00
445.00 261.00 56.00 99.00
431.00 262.00 56.00 99.00
397.00 260.00 55.00 99.00
351.00 258.00 55.00 99.00
313.00 258.00 55.00 98.00
297.00 256.00 55.00 98.00
300.00 251.00 55.00 98.00
320.00 245.00 55.00 99.00
363.00 229.00 55.00 99.00
379.00 215.00 55.00 99.00
381.00 207.00 56.00 99.00
383.00 202.00 56.00 100.00
384.00 195.00 56.00 100.00
373.00 198.00 56.00 100.00
344.00 210.00 56.00 99.00
302.00 226.00 56.00 99.00
266.00 238.00 56.00 99.00
262.00 244.00 56.00 99.00
287.00 245.00 56.00 101.00
335.00 231.00 56.00 99.00
383.00 204.00 56.00 100.00
411.00 183.00 56.00 100.00
423.00 170.00 56.00 100.00
423.00 161.00 56.00 101.00
407.00 155.00 56.00 100.00
369.00 151.00 56.00 101.00
331.00 156.00 56.00 100.00
295.00 174.00 56.00 100.00
248.00 194.00 56.00 100.00
197.00 207.00 57.00 101.00
160.00 211.00 57.00 101.00
154.00 208.00 57.00 102.00
201.00 204.00 56.00 101.00
270.00 193.00 57.00 101.00
331.00 165.00 56.00 101.00
356.00 148.00 57.00 101.00
366.00 146.00 57.00 102.00
385.00 160.00 57.00 102.00
393.00 164.00 57.00 102.00
383.00 157.00 57.00 101.00
351.00 143.00 57.00 101.00
300.00 129.00 57.00 102.00
244.00 122.00 57.00 103.00
205.00 122.00 58.00 104.00
171.00 121.00 58.00 103.00
157.00 117.00 58.00 104.00
175.00 108.00 59.00 105.00
209.00 97.00 59.00 106.00
239.00 92.00 59.00 106.00
258.00 94.00 59.00 105.00
269.00 102.00 59.00 105.00
263.00 110.00 58.00 104.00
241.00 116.00 58.00 104.00
225.00 120.00 58.00 104.00
229.00 128.00 58.00 103.00
249.00 139.00 58.00 103.00
270.00 145.00 58.00 103.00
298.00 138.00 57.00 102.00
323.00 125.00 57.00 102.00
332.00 120.00 57.00 103.00
338.00 122.00 58.00 103.00
333.00 128.00 58.00 104.00
320.00 135.00 58.00 103.00
298.00 139.00 57.00 103.00
268.00 139.00 57.00 102.00
254.00 143.00 57.00 102.00
255.00 139.00 57.00 102.00
264.00 122.00 57.00 102.00
293.00 94.00 57.00 101.00
336.00 85.00 58.00 103.00
361.00 90.00 57.00 103.00
376.00 103.00 57.00 102.00
386.00 122.00 57.00 102.00
378.00 133.00 57.00 102.00
356.00 140.00 57.00 102.00
328.00 148.00 57.00 102.00
309.00 148.00 57.00 102.00
315.00 144.00 57.00 102.00
326.00 127.00 57.00 101.00
328.00 104.00 57.00 102.00
334.00 98.00 57.00 102.00
356.00 117.00 56.00 101.00
381.00 148.00 56.00 99.00
387.00 172.00 55.00 99.00
365.00 185.00 56.00 101.00
320.00 189.00 57.00 102.00
264.00 184.00 58.00 103.00
230.00 162.00 57.00 103.00
231.00 149.00 57.00 102.00
225.00 134.00 57.00 102.00
214.00 119.00 57.00 102.00
213.00 112.00 58.00 103.00
246.00 127.00 57.00 102.00
293.00 163.00 57.00 101.00
329.00 196.00 56.00 99.00
344.00 220.00 55.00 99.00
337.00 230.00 56.00 100.00
314.00 225.00 55.00 98.00
291.00 199.00 54.00 97.00
295.00 161.00 54.00 97.00
328.00 121.00 54.00 97.00
354.00 94.00 54.00 97.00
380.00 84.00 56.00 99.00
392.00 98.00 56.00 101.00
402.00 135.00 56.00 100.00
407.00 171.00 55.00 99.00
402.00 197.00 55.00 99.00
377.00 209.00 56.00 100.00
332.00 207.00 57.00 101.00
296.00 188.00 56.00 101.00
286.00 159.00 56.00 100.00
292.00 122.00 56.00 100.00
304.00 95.00 56.00 100.00
327.00 92.00 56.00 100.00
353.00 112.00 56.00 100.00
376.00 145.00 55.00 99.00
397.00 184.00 55.00 98.00
392.00 206.00 55.00 98.00
360.00 216.00 56.00 100.00
326.00 201.00 56.00 99.00
288.00 166.00 56.00 99.00
244.00 117.00 55.00 99.00
234.00 73.00 55.00 99.00
259.00 55.00 57.00 102.00
292.00 70.00 57.00 102.00
308.00 100.00 57.00 101.00
337.00 143.00 56.00 99.00
352.00 171.00 56.00 100.00
341.00 188.00 57.00 101.00
315.00 189.00 57.00 102.00
302.00 169.00 57.00 102.00
303.00 141.00 57.00 101.00
308.00 118.00 57.00 102.00
318.00 114.00 58.00 103.00
336.00 127.00 58.00 103.00
342.00 148.00 58.00 103.00
330.00 167.00 57.00 103.00
316.00 180.00 58.00 104.00
312.00 186.00 59.00 105.00
316.00 181.00 58.00 104.00
325.00 156.00 58.00 104.00
331.00 130.00 58.00 103.00
315.00 114.00 58.00 104.00
283.00 117.00 58.00 103.00
276.00 149.00 58.00 104.00
297.00 191.00 57.00 102.00
306.00 203.00 58.00 103.00
310.00 191.00 58.00 103.00
330.00 163.00 57.00 103.00
346.00 132.00 57.00 102.00
340.00 114.00 58.00 103.00
328.00 120.00 58.00 104.00
315.00 149.00 58.00 103.00
324.00 190.00 57.00 103.00
315.00 210.00 58.00 103.00
282.00 211.00 58.00 103.00
276.00 183.00 57.00 103.00
298.00 147.00 57.00 103.00
304.00 130.00 58.00 103.00
297.00 132.00 58.00 103.00
301.00 162.00 57.00 103.00
330.00 208.00 57.00 101.00
330.00 223.00 57.00 102.00
317.00 214.00 57.00 102.00
320.00 183.00 57.00 102.00
324.00 176.00 58.00 103.00
323.00 200.00 58.00 103.00
298.00 241.00 58.00 103.00
285.00 265.00 58.00 103.00
290.00 248.00 57.00 102.00
293.00 196.00 56.00 101.00
300.00 158.00 57.00 101.00
322.00 158.00 57.00 102.00
330.00 190.00 57.00 102.00
323.00 254.00 57.00 102.00
310.00 301.00 57.00 101.00
298.00 298.00 56.00 101.00
291.00 267.00 56.00 100.00
297.00 189.00 56.00 100.00
312.00 170.00 56.00 100.00
324.00 188.00 56.00 101.00
328.00 243.00 56.00 100.00
311.00 284.00 56.00 100.00
296.00 285.00 56.00 99.00
285.00 253.00 55.00 97.00
293.00 191.00 55.00 98.00
322.00 179.00 55.00 99.00
334.00 196.00 55.00 99.00
338.00 253.00 54.00 97.00
327.00 289.00 55.00 98.00
307.00 291.00 55.00 98.00
278.00 245.00 54.00 97.00
279.00 184.00 54.00 97.00
303.00 178.00 55.00 98.00
312.00 206.00 54.00 97.00
305.00 286.00 54.00 97.00
304.00 336.00 55.00 98.00
313.00 331.00 55.00 98.00
323.00 297.00 54.00 97.00
324.00 252.00 54.00 96.00
322.00 228.00 55.00 98.00
316.00 245.00 56.00 99.00
308.00 292.00 55.00 98.00
313.00 324.00 55.00 99.00
317.00 313.00 55.00 98.00
318.00 268.00 54.00 97.00
306.00 216.00 54.00 97.00
296.00 200.00 55.00 98.00
295.00 225.00 55.00 98.00
282.00 266.00 55.00 98.00
268.00 279.00 55.00 99.00
261.00 255.00 55.00 97.00
273.00 198.00 55.00 98.00
298.00 177.00 55.00 99.00
312.00 190.00 55.00 99.00
311.00 244.00 56.00 99.00
285.00 289.00 56.00 99.00
275.00 289.00 55.00 99.00
281.00 261.00 55.00 99.00
287.00 168.00 55.00 98.00
286.00 133.00 55.00 99.00
279.00 129.00 56.00 100.00
272.00 164.00 55.00 99.00
273.00 225.00 55.00 98.00
267.00 259.00 55.00 99.00
257.00 241.00 55.00 98.00
269.00 190.00 55.00 99.00
291.00 158.00 56.00 99.00
299.00 156.00 56.00 100.00
290.00 177.00 57.00 101.00
274.00 210.00 56.00 101.00
258.00 233.00 56.00 101.00
241.00 241.00 57.00 101.00
225.00 235.00 57.00 101.00
230.00 229.00 57.00 102.00
255.00 229.00 57.00 101.00
268.00 231.00 57.00 101.00
272.00 230.00 57.00 102.00
283.00 222.00 57.00 101.00
292.00 208.00 56.00 101.00
295.00 195.00 57.00 101.00
303.00 194.00 57.00 102.00
300.00 199.00 57.00 102.00
292.00 204.00 57.00 102.00
283.00 204.00 57.00 102.00
269.00 202.00 57.00 102.00
263.00 199.00 57.00 102.00
280.00 193.00 57.00 102.00
301.00 175.00 57.00 101.00
312.00 158.00 57.00 102.00
330.00 154.00 58.00 103.00
349.00 157.00 58.00 103.00
344.00 161.00 58.00 103.00
321.00 161.00 58.00 103.00
298.00 159.00 58.00 103.00
293.00 160.00 58.00 104.00
287.00 160.00 58.00 103.00
276.00 154.00 58.00 103.00
272.00 143.00 57.00 103.00
283.00 133.00 58.00 103.00
293.00 128.00 58.00 104.00
300.00 130.00 58.00 104.00
303.00 136.00 59.00 105.00
306.00 142.00 59.00 105.00
315.00 145.00 59.00 105.00
324.00 151.00 59.00 105.00
319.00 156.00 58.00 104.00
306.00 162.00 58.00 103.00
297.00 167.00 58.00 104.00
298.00 171.00 58.00 104.00
308.00 177.00 58.00 104.00
318.00 187.00 58.00 104.00
323.00 198.00 58.00 104.00
319.00 207.00 58.00 103.00
315.00 215.00 58.00 103.00
317.00 221.00 58.00 103.00
319.00 224.00 58.00 104.00
317.00 224.00 58.00 103.00
310.00 227.00 58.00 103.00
305.00 230.00 58.00 103.00
307.00 233.00 58.00 104.00
307.00 236.00 58.00 104.00
