70.00 51.00 107.00 87.00
70.00 51.00 107.00 87.00
68.00 51.00 107.00 87.00
70.00 52.00 107.00 87.00
68.00 52.00 107.00 87.00
67.00 51.00 107.00 87.00
68.00 52.00 107.00 87.00
67.00 53.00 107.00 87.00
67.00 53.00 107.00 87.00
66.00 53.00 106.00 86.00
67.00 53.00 106.00 86.00
66.00 52.00 106.00 86.00
66.00 52.00 106.00 86.00
67.00 52.00 106.00 86.00
67.00 53.00 105.00 85.00
65.00 52.00 105.00 86.00
64.00 52.00 106.00 86.00
64.00 52.00 106.00 86.00
65.00 53.00 105.00 86.00
64.00 52.00 106.00 86.00
64.00 53.00 105.00 85.00
63.00 53.00 105.00 85.00
63.00 53.00 104.00 85.00
64.00 54.00 103.00 84.00
63.00 52.00 105.00 85.00
63.00 54.00 104.00 85.00
62.00 51.00 104.00 85.00
62.00 53.00 103.00 84.00
62.00 53.00 103.00 84.00
62.00 53.00 103.00 84.00
63.00 53.00 103.00 83.00
63.00 52.00 102.00 83.00
62.00 52.00 102.00 83.00
63.00 52.00 102.00 83.00
63.00 51.00 102.00 83.00
63.00 52.00 101.00 82.00
62.00 51.00 102.00 83.00
63.00 52.00 101.00 82.00
64.00 53.00 101.00 82.00
63.00 53.00 100.00 82.00
64.00 52.00 101.00 82.00
64.00 53.00 100.00 81.00
65.00 53.00 100.00 81.00
65.00 54.00 100.00 81.00
65.00 55.00 100.00 81.00
67.00 55.00 99.00 81.00
65.00 56.00 99.00 80.00
67.00 56.00 100.00 81.00
66.00 55.00 99.00 81.00
67.00 55.00 99.00 81.00
67.00 55.00 99.00 80.00
69.00 56.00 98.00 80.00
68.00 56.00 98.00 80.00
68.00 57.00 98.00 80.00
68.00 57.00 98.00 80.00
69.00 58.00 98.00 80.00
69.00 59.00 98.00 80.00
69.00 59.00 98.00 80.00
70.00 60.00 97.00 79.00
70.00 59.00 97.00 79.00
71.00 59.00 97.00 79.00
70.00 59.00 98.00 79.00
70.00 60.00 98.00 80.00
71.00 60.00 97.00 79.00
71.00 58.00 97.00 79.00
72.00 59.00 96.00 78.00
72.00 59.00 96.00 78.00
72.00 58.00 96.00 78.00
72.00 59.00 96.00 78.00
72.00 58.00 96.00 78.00
72.00 58.00 96.00 78.00
73.00 57.00 95.00 78.00
72.00 56.00 95.00 77.00
72.00 56.00 95.00 77.00
72.00 55.00 95.00 77.00
72.00 55.00 95.00 77.00
71.00 55.00 95.00 77.00
71.00 56.00 95.00 77.00
71.00 57.00 94.00 77.00
71.00 57.00 94.00 77.00
70.00 57.00 95.00 77.00
71.00 59.00 94.00 76.00
71.00 58.00 94.00 76.00
71.00 59.00 94.00 76.00
70.00 59.00 94.00 76.00
71.00 59.00 94.00 76.00
70.00 59.00 94.00 76.00
70.00 60.00 93.00 76.00
70.00 59.00 94.00 76.00
70.00 59.00 93.00 76.00
71.00 61.00 93.00 76.00
70.00 61.00 93.00 76.00
70.00 61.00 93.00 76.00
70.00 60.00 93.00 76.00
70.00 60.00 93.00 76.00
70.00 59.00 93.00 76.00
71.00 60.00 92.00 75.00
71.00 59.00 92.00 75.00
71.00 59.00 92.00 75.00
72.00 60.00 92.00 75.00
73.00 60.00 91.00 74.00
72.00 60.00 91.00 74.00
73.00 59.00 91.00 74.00
74.00 58.00 91.00 74.00
74.00 58.00 91.00 74.00
74.00 57.00 91.00 74.00
75.00 57.00 91.00 74.00
75.00 57.00 91.00 74.00
76.00 57.00 91.00 74.00
77.00 58.00 90.00 73.00
76.00 58.00 90.00 73.00
77.00 58.00 90.00 73.00
77.00 58.00 90.00 73.00
78.00 59.00 90.00 73.00
78.00 59.00 90.00 73.00
79.00 59.00 89.00 72.00
80.00 61.00 89.00 72.00
79.00 60.00 89.00 72.00
80.00 62.00 89.00 72.00
80.00 63.00 89.00 72.00
80.00 63.00 89.00 72.00
81.00 63.00 89.00 72.00
81.00 63.00 89.00 72.00
82.00 64.00 88.00 71.00
83.00 65.00 88.00 72.00
84.00 65.00 87.00 71.00
84.00 66.00 87.00 71.00
85.00 66.00 87.00 71.00
85.00 67.00 87.00 70.00
86.00 69.00 86.00 70.00
86.00 69.00 86.00 70.00
86.00 68.00 87.00 70.00
87.00 67.00 87.00 71.00
88.00 67.00 86.00 70.00
89.00 67.00 86.00 70.00
89.00 65.00 86.00 70.00
90.00 65.00 86.00 70.00
90.00 65.00 85.00 69.00
91.00 64.00 85.00 69.00
91.00 63.00 85.00 69.00
92.00 62.00 84.00 68.00
93.00 62.00 84.00 68.00
93.00 61.00 84.00 68.00
95.00 61.00 83.00 68.00
94.00 59.00 83.00 68.00
95.00 60.00 83.00 68.00
95.00 58.00 83.00 68.00
96.00 57.00 84.00 68.00
96.00 57.00 84.00 68.00
98.00 57.00 83.00 68.00
98.00 57.00 83.00 68.00
99.00 57.00 83.00 68.00
99.00 57.00 83.00 68.00
101.00 58.00 83.00 67.00
101.00 58.00 83.00 67.00
102.00 60.00 83.00 67.00
103.00 60.00 83.00 67.00
104.00 61.00 82.00 67.00
105.00 62.00 81.00 66.00
106.00 63.00 81.00 66.00
106.00 63.00 81.00 66.00
106.00 64.00 81.00 66.00
107.00 63.00 81.00 66.00
108.00 64.00 81.00 66.00
109.00 64.00 80.00 65.00
109.00 64.00 80.00 65.00
110.00 64.00 80.00 65.00
111.00 65.00 80.00 65.00
111.00 66.00 80.00 65.00
112.00 66.00 80.00 65.00
112.00 67.00 79.00 64.00
113.00 66.00 79.00 64.00
114.00 67.00 79.00 64.00
114.00 67.00 79.00 64.00
115.00 68.00 78.00 63.00
116.00 68.00 78.00 63.00
116.00 67.00 78.00 64.00
116.00 65.00 78.00 64.00
118.00 65.00 77.00 63.00
119.00 65.00 77.00 62.00
119.00 65.00 77.00 62.00
120.00 65.00 76.00 62.00
121.00 64.00 76.00 62.00
122.00 65.00 75.00 61.00
122.00 64.00 76.00 62.00
121.00 65.00 76.00 61.00
122.00 65.00 75.00 61.00
122.00 64.00 75.00 61.00
124.00 64.00 75.00 61.00
124.00 64.00 75.00 61.00
125.00 64.00 74.00 60.00
126.00 63.00 74.00 60.00
127.00 63.00 74.00 60.00
127.00 62.00 74.00 60.00
128.00 62.00 74.00 60.00
130.00 62.00 73.00 59.00
130.00 62.00 73.00 59.00
131.00 63.00 72.00 59.00
132.00 63.00 72.00 58.00
133.00 63.00 71.00 58.00
134.00 64.00 71.00 58.00
134.00 63.00 70.00 57.00
135.00 66.00 71.00 57.00
137.00 65.00 70.00 57.00
138.00 65.00 70.00 57.00
139.00 65.00 69.00 56.00
141.00 66.00 69.00 56.00
141.00 66.00 69.00 56.00
142.00 66.00 68.00 56.00
144.00 67.00 68.00 55.00
144.00 67.00 68.00 55.00
145.00 67.00 67.00 55.00
145.00 68.00 67.00 55.00
147.00 67.00 67.00 54.00
148.00 67.00 66.00 54.00
149.00 67.00 66.00 54.00
150.00 66.00 66.00 54.00
151.00 67.00 66.00 54.00
152.00 67.00 66.00 54.00
152.00 66.00 66.00 54.00
153.00 67.00 66.00 53.00
155.00 66.00 65.00 53.00
156.00 68.00 65.00 53.00
156.00 68.00 64.00 52.00
158.00 68.00 63.00 52.00
159.00 68.00 64.00 52.00
159.00 67.00 64.00 52.00
161.00 68.00 64.00 52.00
162.00 68.00 64.00 52.00
162.00 67.00 64.00 52.00
163.00 68.00 64.00 52.00
164.00 69.00 63.00 51.00
164.00 68.00 64.00 52.00
166.00 69.00 65.00 53.00
166.00 68.00 65.00 53.00
166.00 69.00 66.00 53.00
167.00 69.00 66.00 53.00
167.00 69.00 67.00 54.00
167.00 68.00 66.00 53.00
169.00 69.00 66.00 54.00
169.00 68.00 66.00 54.00
170.00 68.00 66.00 54.00
171.00 68.00 66.00 54.00
172.00 68.00 66.00 54.00
172.00 68.00 66.00 54.00
173.00 67.00 66.00 54.00
174.00 69.00 66.00 53.00
175.00 68.00 66.00 53.00
175.00 68.00 65.00 53.00
176.00 68.00 65.00 53.00
177.00 68.00 65.00 53.00
178.00 67.00 65.00 53.00
178.00 67.00 65.00 53.00
178.00 65.00 65.00 53.00
181.00 65.00 65.00 53.00
180.00 63.00 65.00 53.00
181.00 64.00 65.00 53.00
182.00 63.00 65.00 53.00
182.00 64.00 65.00 53.00
183.00 64.00 64.00 52.00
183.00 64.00 65.00 52.00
184.00 65.00 64.00 52.00
184.00 64.00 64.00 52.00
185.00 64.00 64.00 52.00
186.00 65.00 64.00 52.00
187.00 66.00 64.00 52.00
188.00 65.00 63.00 52.00
189.00 66.00 63.00 52.00
189.00 66.00 63.00 52.00
189.00 67.00 64.00 52.00
189.00 68.00 64.00 52.00
190.00 69.00 63.00 52.00
191.00 71.00 64.00 52.00
192.00 71.00 63.00 51.00
191.00 69.00 63.00 52.00
193.00 69.00 63.00 51.00
192.00 68.00 63.00 51.00
193.00 65.00 63.00 51.00
193.00 65.00 63.00 51.00
194.00 64.00 63.00 52.00
195.00 64.00 63.00 52.00
195.00 65.00 63.00 51.00
195.00 64.00 63.00 51.00
196.00 66.00 63.00 51.00
197.00 67.00 63.00 51.00
197.00 68.00 63.00 51.00
197.00 67.00 62.00 51.00
197.00 67.00 63.00 51.00
197.00 66.00 62.00 51.00
197.00 66.00 63.00 51.00
198.00 65.00 63.00 51.00
198.00 64.00 63.00 51.00
199.00 65.00 62.00 51.00
198.00 64.00 63.00 51.00
200.00 65.00 62.00 50.00
198.00 66.00 63.00 51.00
200.00 68.00 62.00 50.00
200.00 68.00 62.00 50.00
199.00 68.00 62.00 51.00
201.00 69.00 62.00 51.00
201.00 68.00 62.00 50.00
201.00 67.00 63.00 51.00
200.00 68.00 63.00 51.00
201.00 67.00 62.00 51.00
201.00 68.00 62.00 51.00
202.00 67.00 62.00 50.00
203.00 68.00 62.00 50.00
204.00 69.00 62.00 50.00
205.00 68.00 62.00 50.00
205.00 69.00 62.00 50.00
206.00 69.00 62.00 50.00
205.00 69.00 62.00 50.00
206.00 70.00 61.00 50.00
206.00 70.00 62.00 50.00
207.00 70.00 62.00 50.00
208.00 70.00 62.00 51.00
208.00 69.00 62.00 51.00
209.00 69.00 63.00 51.00
209.00 67.00 62.00 51.00
209.00 67.00 63.00 51.00
210.00 67.00 62.00 51.00
210.00 68.00 62.00 51.00
211.00 68.00 62.00 51.00
211.00 69.00 63.00 51.00
211.00 69.00 62.00 50.00
212.00 70.00 62.00 50.00
212.00 70.00 61.00 50.00
214.00 70.00 61.00 49.00
214.00 71.00 61.00 49.00
215.00 71.00 60.00 49.00
215.00 70.00 60.00 49.00
215.00 70.00 61.00 49.00
215.00 70.00 61.00 49.00
216.00 70.00 61.00 50.00
215.00 68.00 61.00 50.00
216.00 68.00 62.00 50.00
216.00 69.00 62.00 51.00
216.00 68.00 63.00 51.00
216.00 69.00 63.00 51.00
217.00 69.00 62.00 51.00
219.00 70.00 62.00 50.00
218.00 69.00 62.00 50.00
219.00 69.00 61.00 50.00
220.00 69.00 61.00 49.00
221.00 68.00 60.00 49.00
220.00 67.00 61.00 49.00
222.00 68.00 60.00 49.00
221.00 69.00 60.00 49.00
221.00 73.00 60.00 49.00
221.00 76.00 60.00 49.00
222.00 77.00 61.00 49.00
223.00 77.00 60.00 49.00
222.00 76.00 61.00 49.00
223.00 75.00 61.00 49.00
224.00 73.00 61.00 49.00
224.00 68.00 61.00 49.00
225.00 62.00 61.00 50.00
225.00 58.00 61.00 50.00
224.00 56.00 61.00 50.00
226.00 58.00 61.00 50.00
225.00 58.00 61.00 50.00
225.00 60.00 61.00 50.00
225.00 62.00 61.00 50.00
226.00 66.00 61.00 49.00
227.00 68.00 60.00 49.00
227.00 69.00 60.00 49.00
228.00 71.00 61.00 49.00
228.00 71.00 61.00 49.00
228.00 71.00 61.00 49.00
229.00 70.00 61.00 49.00
229.00 70.00 60.00 49.00
229.00 68.00 61.00 49.00
230.00 69.00 60.00 49.00
229.00 68.00 60.00 49.00
230.00 68.00 60.00 49.00
230.00 67.00 60.00 49.00
230.00 67.00 61.00 49.00
230.00 68.00 61.00 49.00
230.00 67.00 60.00 49.00
231.00 68.00 61.00 49.00
231.00 68.00 60.00 49.00
231.00 68.00 60.00 49.00
231.00 69.00 60.00 49.00
230.00 69.00 61.00 49.00
231.00 72.00 60.00 49.00
231.00 73.00 60.00 49.00
231.00 73.00 61.00 49.00
232.00 73.00 60.00 49.00
232.00 75.00 60.00 49.00
232.00 76.00 60.00 49.00
230.00 75.00 60.00 49.00
231.00 75.00 61.00 49.00
232.00 73.00 61.00 50.00
231.00 69.00 61.00 50.00
231.00 69.00 61.00 50.00
231.00 68.00 61.00 50.00
231.00 70.00 61.00 49.00
231.00 74.00 61.00 49.00
230.00 73.00 60.00 49.00
230.00 75.00 61.00 49.00
231.00 75.00 61.00 49.00
230.00 74.00 61.00 49.00
230.00 72.00 61.00 49.00
231.00 71.00 60.00 49.00
230.00 70.00 61.00 49.00
230.00 68.00 61.00 49.00
229.00 66.00 61.00 49.00
230.00 67.00 61.00 50.00
229.00 65.00 62.00 50.00
230.00 66.00 61.00 49.00
230.00 66.00 60.00 49.00
230.00 67.00 61.00 50.00
230.00 67.00 61.00 49.00
230.00 67.00 61.00 49.00
230.00 69.00 61.00 49.00
229.00 69.00 61.00 49.00
229.00 67.00 61.00 50.00
228.00 69.00 61.00 50.00
228.00 68.00 61.00 50.00
228.00 66.00 62.00 50.00
227.00 67.00 62.00 50.00
228.00 66.00 62.00 51.00
227.00 66.00 62.00 51.00
226.00 67.00 63.00 51.00
227.00 69.00 61.00 50.00
226.00 69.00 61.00 50.00
226.00 69.00 61.00 50.00
226.00 69.00 61.00 50.00
224.00 68.00 61.00 50.00
224.00 68.00 61.00 50.00
224.00 67.00 62.00 50.00
223.00 67.00 63.00 51.00
223.00 67.00 62.00 51.00
223.00 68.00 62.00 51.00
222.00 67.00 62.00 50.00
221.00 67.00 62.00 51.00
222.00 68.00 63.00 51.00
221.00 68.00 62.00 50.00
220.00 68.00 62.00 50.00
219.00 68.00 63.00 51.00
220.00 68.00 62.00 50.00
218.00 68.00 63.00 51.00
218.00 68.00 63.00 51.00
217.00 68.00 63.00 51.00
218.00 69.00 62.00 51.00
217.00 69.00 63.00 51.00
216.00 68.00 63.00 51.00
216.00 68.00 63.00 51.00
216.00 70.00 62.00 51.00
215.00 69.00 64.00 52.00
214.00 69.00 63.00 52.00
214.00 70.00 63.00 52.00
214.00 68.00 63.00 51.00
214.00 69.00 63.00 51.00
213.00 69.00 63.00 51.00
212.00 69.00 63.00 51.00
212.00 68.00 63.00 51.00
211.00 68.00 63.00 51.00
212.00 68.00 62.00 51.00
211.00 68.00 64.00 52.00
211.00 68.00 64.00 52.00
210.00 67.00 63.00 52.00
211.00 67.00 63.00 51.00
210.00 66.00 64.00 52.00
210.00 67.00 65.00 52.00
210.00 67.00 64.00 52.00
210.00 67.00 64.00 52.00
208.00 66.00 65.00 53.00
209.00 67.00 64.00 52.00
209.00 67.00 64.00 52.00
209.00 67.00 65.00 53.00
208.00 68.00 64.00 52.00
209.00 68.00 65.00 53.00
209.00 68.00 64.00 52.00
207.00 68.00 65.00 53.00
208.00 68.00 65.00 53.00
207.00 67.00 65.00 53.00
209.00 69.00 64.00 52.00
208.00 68.00 65.00 53.00
208.00 68.00 65.00 53.00
206.00 68.00 65.00 53.00
207.00 68.00 65.00 53.00
206.00 67.00 65.00 53.00
207.00 67.00 65.00 53.00
207.00 67.00 65.00 53.00
207.00 67.00 65.00 53.00
207.00 67.00 65.00 53.00
206.00 67.00 65.00 53.00
206.00 67.00 65.00 53.00
206.00 66.00 65.00 53.00
205.00 66.00 66.00 53.00
205.00 67.00 66.00 53.00
205.00 67.00 65.00 53.00
205.00 67.00 65.00 53.00
205.00 67.00 65.00 53.00
204.00 67.00 66.00 53.00
204.00 68.00 66.00 54.00
203.00 67.00 66.00 54.00
204.00 68.00 66.00 54.00
204.00 67.00 67.00 54.00
203.00 67.00 67.00 54.00
203.00 67.00 67.00 55.00
202.00 67.00 67.00 54.00
203.00 68.00 67.00 54.00
202.00 67.00 67.00 54.00
202.00 67.00 67.00 54.00
202.00 67.00 67.00 55.00
201.00 65.00 68.00 55.00
202.00 65.00 67.00 55.00
200.00 63.00 68.00 55.00
202.00 63.00 67.00 54.00
200.00 63.00 68.00 55.00
201.00 63.00 67.00 55.00
200.00 62.00 68.00 55.00
201.00 64.00 68.00 55.00
201.00 64.00 67.00 55.00
201.00 63.00 68.00 55.00
201.00 64.00 68.00 55.00
201.00 64.00 68.00 55.00
201.00 63.00 68.00 55.00
201.00 65.00 68.00 55.00
200.00 63.00 69.00 56.00
200.00 64.00 69.00 56.00
200.00 64.00 69.00 56.00
201.00 63.00 69.00 56.00
200.00 64.00 69.00 56.00
201.00 63.00 69.00 56.00
200.00 64.00 69.00 56.00
200.00 64.00 69.00 56.00
200.00 65.00 70.00 57.00
200.00 65.00 70.00 57.00
201.00 66.00 69.00 56.00
201.00 66.00 69.00 56.00
200.00 65.00 70.00 57.00
201.00 66.00 69.00 56.00
200.00 64.00 70.00 57.00
201.00 64.00 70.00 57.00
201.00 64.00 70.00 57.00
201.00 66.00 71.00 58.00
201.00 66.00 71.00 58.00
202.00 66.00 71.00 58.00
202.00 66.00 70.00 57.00
202.00 66.00 71.00 57.00
202.00 66.00 71.00 58.00
202.00 66.00 71.00 58.00
203.00 66.00 71.00 58.00
202.00 65.00 71.00 58.00
204.00 66.00 71.00 58.00
203.00 65.00 72.00 58.00
203.00 64.00 72.00 58.00
204.00 65.00 72.00 58.00
204.00 65.00 72.00 58.00
204.00 64.00 72.00 59.00
204.00 63.00 72.00 59.00
205.00 63.00 72.00 58.00
205.00 63.00 73.00 59.00
205.00 62.00 73.00 59.00
205.00 62.00 74.00 60.00
206.00 62.00 74.00 60.00
206.00 62.00 74.00 61.00
207.00 63.00 74.00 60.00
207.00 61.00 74.00 61.00
208.00 62.00 74.00 60.00
207.00 61.00 74.00 61.00
209.00 62.00 74.00 60.00
209.00 60.00 74.00 61.00
210.00 61.00 74.00 60.00
211.00 60.00 74.00 60.00
211.00 60.00 75.00 61.00
211.00 60.00 75.00 61.00
212.00 62.00 75.00 61.00
213.00 62.00 75.00 61.00
213.00 63.00 76.00 62.00
214.00 63.00 76.00 62.00
214.00 63.00 76.00 62.00
215.00 63.00 76.00 61.00
215.00 62.00 77.00 62.00
216.00 63.00 76.00 62.00
216.00 62.00 76.00 62.00
217.00 62.00 76.00 62.00
218.00 62.00 77.00 63.00
219.00 61.00 77.00 62.00
219.00 61.00 77.00 63.00
220.00 63.00 78.00 63.00
220.00 62.00 78.00 64.00
220.00 62.00 79.00 65.00
221.00 64.00 78.00 64.00
222.00 64.00 78.00 64.00
224.00 65.00 79.00 64.00
225.00 65.00 79.00 64.00
224.00 64.00 79.00 64.00
226.00 63.00 79.00 64.00
226.00 63.00 79.00 65.00
228.00 64.00 79.00 64.00
228.00 63.00 79.00 65.00
230.00 64.00 79.00 64.00
230.00 64.00 79.00 65.00
230.00 63.00 81.00 66.00
232.00 63.00 81.00 66.00
233.00 64.00 80.00 65.00
233.00 63.00 81.00 66.00
234.00 63.00 81.00 66.00
235.00 63.00 81.00 66.00
236.00 63.00 81.00 66.00
237.00 62.00 82.00 67.00
238.00 62.00 82.00 66.00
238.00 60.00 82.00 67.00
240.00 60.00 82.00 67.00
240.00 60.00 83.00 67.00
242.00 60.00 84.00 68.00
241.00 60.00 84.00 68.00
242.00 59.00 84.00 68.00
243.00 58.00 84.00 69.00
244.00 58.00 84.00 68.00
245.00 58.00 84.00 68.00
246.00 59.00 85.00 69.00
247.00 59.00 84.00 69.00
247.00 59.00 85.00 69.00
248.00 60.00 86.00 70.00
248.00 59.00 86.00 70.00
249.00 59.00 86.00 70.00
250.00 60.00 86.00 70.00
251.00 60.00 87.00 70.00
251.00 61.00 87.00 70.00
253.00 61.00 87.00 70.00
253.00 61.00 87.00 71.00
253.00 63.00 87.00 71.00
254.00 62.00 87.00 71.00
256.00 64.00 87.00 71.00
256.00 64.00 88.00 71.00
258.00 62.00 87.00 71.00
257.00 63.00 88.00 72.00
258.00 63.00 88.00 72.00
259.00 63.00 89.00 72.00
260.00 63.00 89.00 72.00
260.00 62.00 89.00 72.00
261.00 63.00 89.00 72.00
262.00 63.00 88.00 72.00
263.00 62.00 89.00 73.00
264.00 61.00 89.00 73.00
264.00 60.00 91.00 74.00
265.00 61.00 91.00 74.00
265.00 60.00 92.00 74.00
265.00 59.00 91.00 74.00
268.00 61.00 91.00 74.00
268.00 60.00 92.00 75.00
269.00 60.00 92.00 75.00
269.00 60.00 92.00 75.00
270.00 60.00 91.00 74.00
271.00 59.00 93.00 76.00
272.00 58.00 93.00 75.00
271.00 57.00 93.00 76.00
273.00 60.00 93.00 76.00
272.00 59.00 94.00 76.00
273.00 60.00 94.00 76.00
274.00 61.00 94.00 76.00
274.00 61.00 94.00 76.00
274.00 61.00 94.00 77.00
275.00 60.00 95.00 77.00
