143.00 125.00 30.00 54.00
143.00 125.00 30.00 54.00
143.00 125.00 30.00 54.00
142.00 124.00 31.00 55.00
142.00 125.00 30.00 54.00
143.00 125.00 30.00 54.00
143.00 126.00 30.00 54.00
143.00 126.00 30.00 55.00
143.00 126.00 30.00 54.00
142.00 126.00 31.00 55.00
142.00 126.00 30.00 55.00
143.00 126.00 30.00 55.00
143.00 126.00 30.00 54.00
142.00 125.00 31.00 55.00
142.00 124.00 31.00 55.00
142.00 123.00 31.00 56.00
141.00 122.00 31.00 57.00
141.00 121.00 32.00 58.00
140.00 121.00 33.00 60.00
139.00 121.00 35.00 62.00
139.00 121.00 35.00 64.00
138.00 121.00 36.00 65.00
139.00 121.00 37.00 66.00
138.00 120.00 37.00 67.00
138.00 120.00 38.00 68.00
138.00 120.00 39.00 70.00
136.00 119.00 40.00 71.00
136.00 119.00 40.00 73.00
136.00 119.00 41.00 74.00
136.00 118.00 42.00 76.00
136.00 119.00 43.00 78.00
136.00 119.00 44.00 80.00
136.00 119.00 45.00 81.00
136.00 118.00 46.00 83.00
135.00 118.00 46.00 83.00
135.00 118.00 46.00 83.00
134.00 119.00 45.00 82.00
134.00 120.00 44.00 80.00
133.00 122.00 43.00 78.00
132.00 124.00 43.00 77.00
131.00 126.00 42.00 75.00
131.00 127.00 40.00 72.00
130.00 127.00 39.00 69.00
129.00 127.00 38.00 68.00
127.00 125.00 37.00 66.00
128.00 124.00 36.00 64.00
130.00 124.00 35.00 63.00
133.00 125.00 34.00 61.00
137.00 125.00 34.00 61.00
139.00 124.00 34.00 61.00
143.00 125.00 33.00 60.00
147.00 125.00 33.00 60.00
151.00 125.00 33.00 59.00
152.00 129.00 33.00 59.00
149.00 130.00 32.00 58.00
146.00 130.00 32.00 58.00
145.00 129.00 32.00 58.00
144.00 130.00 33.00 59.00
141.00 134.00 33.00 59.00
139.00 137.00 33.00 59.00
138.00 139.00 33.00 59.00
139.00 139.00 33.00 59.00
140.00 138.00 34.00 61.00
140.00 137.00 34.00 62.00
140.00 135.00 36.00 64.00
139.00 131.00 37.00 66.00
137.00 128.00 38.00 68.00
135.00 126.00 39.00 70.00
133.00 123.00 40.00 72.00
134.00 118.00 41.00 73.00
136.00 109.00 41.00 74.00
139.00 100.00 42.00 75.00
139.00 91.00 43.00 77.00
140.00 84.00 43.00 78.00
138.00 77.00 44.00 80.00
134.00 74.00 45.00 81.00
129.00 72.00 46.00 82.00
121.00 77.00 46.00 83.00
108.00 88.00 47.00 84.00
98.00 102.00 47.00 85.00
91.00 117.00 47.00 85.00
92.00 128.00 47.00 85.00
97.00 139.00 48.00 86.00
105.00 151.00 48.00 86.00
116.00 160.00 48.00 86.00
130.00 168.00 48.00 86.00
142.00 171.00 47.00 85.00
153.00 172.00 46.00 84.00
158.00 171.00 46.00 82.00
160.00 166.00 45.00 81.00
160.00 157.00 44.00 79.00
159.00 149.00 43.00 77.00
157.00 141.00 41.00 75.00
154.00 133.00 40.00 73.00
148.00 126.00 39.00 71.00
141.00 121.00 39.00 70.00
132.00 117.00 38.00 69.00
123.00 116.00 38.00 69.00
116.00 119.00 38.00 68.00
112.00 124.00 37.00 67.00
112.00 128.00 36.00 65.00
113.00 130.00 36.00 64.00
118.00 132.00 35.00 63.00
123.00 133.00 35.00 63.00
128.00 132.00 35.00 63.00
134.00 131.00 35.00 62.00
141.00 129.00 34.00 62.00
145.00 126.00 34.00 61.00
148.00 124.00 34.00 61.00
151.00 121.00 33.00 60.00
153.00 119.00 33.00 60.00
152.00 116.00 33.00 60.00
150.00 114.00 33.00 59.00
148.00 112.00 33.00 59.00
143.00 110.00 33.00 59.00
138.00 111.00 33.00 59.00
134.00 115.00 33.00 59.00
132.00 118.00 33.00 59.00
133.00 123.00 33.00 59.00
133.00 126.00 33.00 59.00
135.00 127.00 33.00 59.00
135.00 127.00 33.00 60.00
137.00 124.00 33.00 60.00
138.00 123.00 33.00 60.00
138.00 122.00 33.00 59.00
137.00 122.00 33.00 59.00
135.00 119.00 33.00 59.00
134.00 116.00 33.00 59.00
132.00 114.00 33.00 59.00
133.00 115.00 32.00 58.00
132.00 114.00 32.00 58.00
131.00 114.00 32.00 58.00
131.00 114.00 32.00 58.00
132.00 113.00 32.00 58.00
131.00 114.00 32.00 58.00
130.00 110.00 32.00 58.00
130.00 110.00 32.00 58.00
129.00 112.00 32.00 58.00
129.00 112.00 32.00 57.00
129.00 113.00 32.00 57.00
129.00 114.00 32.00 58.00
129.00 113.00 32.00 58.00
130.00 115.00 32.00 58.00
131.00 116.00 32.00 58.00
132.00 118.00 32.00 58.00
132.00 118.00 32.00 57.00
133.00 119.00 32.00 57.00
131.00 118.00 32.00 57.00
129.00 119.00 32.00 57.00
128.00 119.00 32.00 57.00
122.00 121.00 32.00 57.00
131.00 122.00 32.00 57.00
128.00 120.00 32.00 58.00
124.00 115.00 32.00 57.00
123.00 108.00 32.00 57.00
118.00 106.00 32.00 58.00
118.00 103.00 32.00 58.00
122.00 99.00 32.00 58.00
120.00 112.00 32.00 58.00
121.00 112.00 32.00 58.00
122.00 113.00 32.00 58.00
122.00 113.00 32.00 58.00
127.00 112.00 32.00 58.00
129.00 115.00 32.00 58.00
129.00 118.00 32.00 58.00
130.00 120.00 32.00 58.00
129.00 123.00 32.00 58.00
129.00 125.00 32.00 58.00
128.00 127.00 32.00 58.00
128.00 129.00 33.00 59.00
128.00 132.00 33.00 59.00
127.00 133.00 33.00 59.00
126.00 135.00 33.00 59.00
125.00 136.00 33.00 59.00
123.00 138.00 33.00 60.00
123.00 140.00 33.00 60.00
124.00 143.00 34.00 61.00
124.00 143.00 34.00 61.00
129.00 143.00 34.00 61.00
134.00 142.00 34.00 61.00
137.00 140.00 34.00 61.00
141.00 139.00 34.00 61.00
146.00 140.00 34.00 62.00
146.00 141.00 34.00 61.00
146.00 140.00 34.00 61.00
145.00 140.00 34.00 62.00
145.00 139.00 34.00 62.00
146.00 139.00 34.00 62.00
148.00 138.00 34.00 61.00
149.00 139.00 34.00 61.00
151.00 139.00 34.00 61.00
152.00 139.00 34.00 61.00
155.00 139.00 33.00 60.00
159.00 138.00 33.00 60.00
163.00 138.00 33.00 60.00
167.00 139.00 33.00 60.00
171.00 141.00 33.00 60.00
176.00 144.00 33.00 59.00
181.00 145.00 33.00 59.00
186.00 147.00 33.00 59.00
192.00 149.00 33.00 59.00
196.00 151.00 33.00 60.00
196.00 153.00 33.00 60.00
196.00 156.00 33.00 60.00
196.00 157.00 34.00 60.00
196.00 156.00 34.00 61.00
197.00 155.00 35.00 62.00
198.00 153.00 35.00 64.00
199.00 148.00 36.00 65.00
198.00 140.00 37.00 66.00
196.00 129.00 37.00 67.00
194.00 118.00 38.00 69.00
192.00 109.00 39.00 70.00
190.00 100.00 40.00 72.00
189.00 93.00 41.00 74.00
188.00 86.00 42.00 75.00
186.00 81.00 43.00 77.00
181.00 79.00 44.00 79.00
175.00 78.00 45.00 81.00
166.00 79.00 46.00 82.00
154.00 79.00 47.00 84.00
138.00 79.00 47.00 85.00
119.00 76.00 47.00 85.00
99.00 76.00 48.00 86.00
80.00 74.00 48.00 86.00
64.00 75.00 48.00 87.00
53.00 76.00 48.00 87.00
45.00 81.00 49.00 87.00
39.00 85.00 49.00 88.00
38.00 91.00 49.00 88.00
39.00 95.00 49.00 88.00
44.00 100.00 48.00 87.00
47.00 104.00 48.00 86.00
51.00 107.00 47.00 85.00
56.00 109.00 47.00 84.00
62.00 110.00 46.00 82.00
68.00 110.00 45.00 81.00
74.00 110.00 44.00 79.00
79.00 110.00 43.00 77.00
83.00 111.00 42.00 75.00
88.00 114.00 41.00 74.00
93.00 117.00 41.00 73.00
96.00 122.00 40.00 72.00
100.00 126.00 40.00 72.00
105.00 130.00 39.00 71.00
110.00 129.00 39.00 70.00
114.00 130.00 39.00 69.00
114.00 130.00 38.00 69.00
115.00 129.00 38.00 68.00
116.00 128.00 37.00 66.00
117.00 127.00 36.00 66.00
118.00 126.00 36.00 65.00
117.00 124.00 35.00 64.00
118.00 123.00 35.00 62.00
117.00 120.00 34.00 62.00
117.00 118.00 34.00 61.00
116.00 116.00 33.00 60.00
115.00 113.00 33.00 59.00
115.00 113.00 32.00 58.00
116.00 111.00 31.00 57.00
119.00 111.00 31.00 56.00
119.00 110.00 31.00 55.00
122.00 108.00 30.00 54.00
123.00 108.00 30.00 54.00
124.00 108.00 29.00 53.00
126.00 108.00 29.00 52.00
127.00 109.00 28.00 51.00
128.00 109.00 28.00 51.00
129.00 111.00 28.00 50.00
129.00 113.00 28.00 50.00
132.00 112.00 28.00 50.00
134.00 112.00 27.00 49.00
136.00 111.00 27.00 49.00
136.00 109.00 27.00 49.00
136.00 108.00 27.00 49.00
133.00 106.00 27.00 49.00
131.00 106.00 27.00 49.00
127.00 107.00 27.00 49.00
124.00 107.00 27.00 49.00
122.00 110.00 27.00 49.00
120.00 113.00 27.00 49.00
119.00 117.00 27.00 49.00
118.00 122.00 27.00 49.00
119.00 127.00 28.00 50.00
119.00 131.00 28.00 50.00
121.00 137.00 28.00 50.00
122.00 141.00 28.00 50.00
123.00 143.00 28.00 51.00
126.00 146.00 28.00 51.00
127.00 146.00 29.00 52.00
129.00 147.00 29.00 52.00
131.00 147.00 29.00 52.00
130.00 144.00 29.00 53.00
129.00 142.00 30.00 53.00
127.00 141.00 30.00 54.00
125.00 142.00 30.00 55.00
123.00 142.00 31.00 55.00
122.00 142.00 31.00 56.00
120.00 142.00 31.00 57.00
120.00 144.00 32.00 57.00
119.00 146.00 32.00 58.00
119.00 148.00 33.00 59.00
118.00 149.00 33.00 60.00
119.00 150.00 33.00 60.00
120.00 152.00 34.00 61.00
122.00 153.00 34.00 61.00
123.00 153.00 34.00 61.00
122.00 154.00 34.00 62.00
122.00 153.00 34.00 62.00
123.00 152.00 35.00 62.00
122.00 153.00 35.00 62.00
122.00 153.00 34.00 62.00
123.00 149.00 34.00 62.00
127.00 149.00 34.00 62.00
130.00 151.00 34.00 62.00
132.00 153.00 34.00 62.00
134.00 155.00 34.00 62.00
136.00 157.00 34.00 62.00
139.00 159.00 34.00 62.00
141.00 161.00 34.00 61.00
142.00 165.00 34.00 61.00
143.00 168.00 34.00 61.00
144.00 169.00 34.00 61.00
145.00 169.00 34.00 60.00
146.00 167.00 33.00 60.00
146.00 165.00 34.00 61.00
147.00 165.00 34.00 60.00
146.00 164.00 34.00 61.00
147.00 164.00 34.00 61.00
156.00 127.00 33.00 59.00
159.00 130.00 33.00 59.00
159.00 133.00 32.00 57.00
161.00 134.00 31.00 57.00
161.00 136.00 31.00 56.00
161.00 138.00 31.00 56.00
159.00 138.00 31.00 56.00
157.00 140.00 31.00 55.00
154.00 141.00 31.00 55.00
150.00 140.00 30.00 55.00
146.00 138.00 30.00 54.00
142.00 135.00 30.00 54.00
140.00 133.00 30.00 54.00
137.00 129.00 29.00 53.00
136.00 126.00 29.00 52.00
135.00 124.00 29.00 51.00
135.00 123.00 28.00 51.00
134.00 121.00 28.00 50.00
133.00 119.00 27.00 49.00
132.00 116.00 27.00 49.00
132.00 114.00 27.00 48.00
131.00 113.00 27.00 48.00
131.00 113.00 27.00 48.00
130.00 112.00 27.00 48.00
130.00 112.00 26.00 48.00
129.00 111.00 26.00 47.00
129.00 113.00 26.00 47.00
128.00 113.00 26.00 47.00
129.00 115.00 26.00 46.00
129.00 116.00 26.00 47.00
129.00 119.00 26.00 47.00
129.00 121.00 26.00 47.00
129.00 123.00 26.00 47.00
131.00 127.00 26.00 47.00
132.00 130.00 27.00 48.00
132.00 132.00 27.00 48.00
132.00 134.00 27.00 49.00
133.00 137.00 27.00 49.00
132.00 139.00 27.00 49.00
132.00 141.00 28.00 50.00
130.00 140.00 28.00 50.00
130.00 140.00 28.00 50.00
128.00 140.00 28.00 50.00
126.00 139.00 28.00 51.00
125.00 138.00 29.00 52.00
125.00 138.00 29.00 53.00
126.00 139.00 30.00 53.00
127.00 142.00 30.00 54.00
128.00 144.00 30.00 55.00
129.00 146.00 31.00 56.00
131.00 150.00 32.00 57.00
132.00 152.00 32.00 58.00
133.00 153.00 33.00 59.00
134.00 153.00 34.00 61.00
132.00 150.00 34.00 62.00
128.00 148.00 35.00 62.00
122.00 148.00 35.00 63.00
117.00 148.00 35.00 64.00
114.00 148.00 36.00 65.00
113.00 149.00 36.00 65.00
111.00 150.00 37.00 66.00
109.00 151.00 37.00 66.00
108.00 155.00 37.00 67.00
108.00 158.00 37.00 67.00
110.00 159.00 37.00 66.00
115.00 159.00 37.00 66.00
123.00 160.00 37.00 66.00
130.00 160.00 36.00 66.00
136.00 159.00 36.00 65.00
142.00 157.00 36.00 65.00
146.00 152.00 36.00 65.00
148.00 146.00 36.00 65.00
147.00 140.00 36.00 65.00
146.00 135.00 36.00 65.00
142.00 131.00 36.00 65.00
138.00 128.00 36.00 65.00
133.00 127.00 36.00 65.00
127.00 128.00 36.00 65.00
120.00 130.00 36.00 65.00
113.00 133.00 36.00 65.00
110.00 134.00 36.00 65.00
110.00 135.00 36.00 64.00
109.00 135.00 36.00 64.00
109.00 136.00 36.00 64.00
111.00 137.00 35.00 64.00
114.00 136.00 35.00 63.00
120.00 134.00 35.00 63.00
127.00 132.00 35.00 63.00
135.00 129.00 35.00 63.00
145.00 126.00 35.00 62.00
153.00 123.00 34.00 62.00
157.00 122.00 34.00 62.00
164.00 117.00 34.00 61.00
169.00 114.00 33.00 60.00
172.00 110.00 33.00 59.00
178.00 108.00 32.00 58.00
182.00 106.00 32.00 57.00
187.00 106.00 31.00 56.00
190.00 107.00 31.00 55.00
192.00 110.00 30.00 55.00
190.00 113.00 30.00 54.00
188.00 116.00 30.00 54.00
186.00 120.00 30.00 53.00
185.00 125.00 29.00 53.00
185.00 131.00 29.00 53.00
183.00 134.00 29.00 52.00
180.00 134.00 29.00 52.00
179.00 133.00 29.00 52.00
176.00 130.00 29.00 52.00
174.00 128.00 29.00 53.00
170.00 126.00 29.00 53.00
164.00 124.00 30.00 53.00
159.00 122.00 30.00 54.00
149.00 126.00 30.00 55.00
142.00 131.00 31.00 56.00
137.00 135.00 32.00 57.00
136.00 138.00 32.00 58.00
136.00 138.00 33.00 59.00
138.00 138.00 33.00 60.00
139.00 139.00 34.00 60.00
143.00 139.00 34.00 61.00
143.00 141.00 34.00 62.00
146.00 140.00 35.00 62.00
145.00 139.00 35.00 63.00
145.00 138.00 35.00 64.00
144.00 135.00 36.00 64.00
143.00 133.00 36.00 64.00
142.00 129.00 36.00 64.00
140.00 125.00 36.00 64.00
139.00 123.00 36.00 65.00
139.00 124.00 36.00 65.00
139.00 128.00 36.00 65.00
138.00 133.00 36.00 65.00
138.00 136.00 36.00 65.00
140.00 140.00 36.00 65.00
142.00 144.00 36.00 65.00
144.00 144.00 36.00 64.00
146.00 143.00 35.00 64.00
147.00 143.00 35.00 63.00
150.00 145.00 35.00 63.00
152.00 149.00 35.00 63.00
154.00 151.00 35.00 63.00
154.00 151.00 35.00 63.00
