298.00 160.00 48.00 80.00
298.00 163.00 48.00 80.00
298.00 165.00 49.00 81.00
300.00 169.00 49.00 81.00
301.00 172.00 49.00 81.00
303.00 176.00 49.00 81.00
306.00 179.00 49.00 82.00
310.00 181.00 49.00 82.00
315.00 183.00 50.00 83.00
320.00 183.00 51.00 84.00
323.00 183.00 51.00 85.00
324.00 183.00 52.00 86.00
325.00 183.00 51.00 86.00
323.00 182.00 52.00 87.00
321.00 182.00 52.00 87.00
318.00 182.00 53.00 88.00
315.00 182.00 54.00 89.00
313.00 183.00 54.00 91.00
312.00 183.00 55.00 92.00
311.00 183.00 55.00 91.00
309.00 182.00 56.00 93.00
305.00 181.00 56.00 93.00
301.00 181.00 56.00 93.00
296.00 180.00 57.00 94.00
292.00 180.00 57.00 95.00
291.00 182.00 57.00 95.00
295.00 185.00 58.00 96.00
301.00 187.00 59.00 98.00
310.00 189.00 58.00 96.00
320.00 193.00 58.00 97.00
330.00 198.00 58.00 96.00
339.00 202.00 58.00 97.00
347.00 206.00 58.00 97.00
353.00 212.00 59.00 98.00
355.00 218.00 59.00 98.00
350.00 224.00 59.00 98.00
341.00 228.00 59.00 98.00
328.00 229.00 59.00 98.00
316.00 229.00 59.00 98.00
303.00 205.00 59.00 98.00
286.00 226.00 59.00 98.00
272.00 221.00 59.00 98.00
260.00 215.00 59.00 98.00
250.00 208.00 58.00 97.00
243.00 200.00 58.00 97.00
240.00 192.00 58.00 97.00
241.00 183.00 58.00 97.00
247.00 176.00 58.00 96.00
258.00 172.00 57.00 96.00
270.00 170.00 58.00 97.00
283.00 170.00 58.00 97.00
297.00 170.00 58.00 97.00
310.00 171.00 58.00 97.00
323.00 172.00 57.00 96.00
335.00 170.00 58.00 96.00
347.00 169.00 58.00 96.00
360.00 167.00 58.00 96.00
375.00 167.00 58.00 96.00
389.00 169.00 58.00 96.00
403.00 173.00 58.00 97.00
406.00 180.00 58.00 97.00
414.00 186.00 58.00 97.00
439.00 191.00 58.00 97.00
443.00 199.00 58.00 97.00
441.00 203.00 58.00 96.00
431.00 208.00 58.00 97.00
417.00 209.00 58.00 97.00
400.00 207.00 58.00 97.00
383.00 207.00 58.00 97.00
366.00 206.00 59.00 98.00
350.00 207.00 59.00 99.00
339.00 207.00 59.00 99.00
328.00 205.00 59.00 99.00
319.00 202.00 60.00 100.00
309.00 198.00 60.00 100.00
298.00 195.00 59.00 99.00
289.00 191.00 59.00 98.00
281.00 186.00 58.00 97.00
275.00 184.00 58.00 97.00
270.00 182.00 58.00 97.00
267.00 181.00 58.00 97.00
262.00 180.00 59.00 98.00
259.00 179.00 59.00 98.00
256.00 180.00 58.00 97.00
253.00 180.00 58.00 97.00
249.00 180.00 58.00 96.00
246.00 180.00 58.00 97.00
244.00 178.00 58.00 97.00
242.00 177.00 58.00 97.00
241.00 176.00 58.00 97.00
237.00 175.00 58.00 97.00
233.00 172.00 58.00 97.00
230.00 171.00 58.00 97.00
228.00 169.00 58.00 97.00
224.00 166.00 59.00 98.00
259.00 167.00 58.00 97.00
258.00 168.00 58.00 96.00
258.00 167.00 58.00 96.00
256.00 167.00 58.00 97.00
256.00 167.00 58.00 96.00
255.00 167.00 58.00 97.00
254.00 167.00 58.00 96.00
253.00 169.00 57.00 96.00
251.00 167.00 57.00 96.00
252.00 168.00 58.00 97.00
253.00 168.00 58.00 97.00
256.00 168.00 58.00 96.00
224.00 170.00 58.00 97.00
229.00 169.00 59.00 98.00
234.00 170.00 59.00 98.00
239.00 170.00 59.00 99.00
245.00 170.00 59.00 98.00
251.00 171.00 59.00 98.00
256.00 170.00 59.00 99.00
260.00 169.00 60.00 100.00
265.00 168.00 60.00 100.00
268.00 168.00 60.00 99.00
271.00 166.00 59.00 99.00
275.00 166.00 59.00 99.00
277.00 166.00 59.00 99.00
279.00 165.00 59.00 99.00
280.00 164.00 59.00 99.00
281.00 162.00 60.00 99.00
282.00 160.00 60.00 99.00
282.00 157.00 60.00 99.00
283.00 156.00 60.00 99.00
285.00 154.00 60.00 99.00
285.00 152.00 60.00 99.00
284.00 149.00 59.00 99.00
283.00 145.00 60.00 100.00
282.00 140.00 60.00 100.00
282.00 136.00 60.00 100.00
282.00 133.00 60.00 100.00
283.00 130.00 60.00 101.00
283.00 129.00 60.00 101.00
284.00 128.00 60.00 101.00
285.00 128.00 60.00 101.00
287.00 127.00 61.00 101.00
290.00 128.00 61.00 101.00
291.00 127.00 61.00 101.00
293.00 128.00 61.00 101.00
293.00 127.00 61.00 102.00
292.00 127.00 61.00 102.00
292.00 127.00 61.00 102.00
291.00 127.00 62.00 103.00
288.00 127.00 61.00 102.00
284.00 128.00 61.00 102.00
281.00 130.00 61.00 102.00
277.00 130.00 61.00 102.00
274.00 132.00 61.00 102.00
271.00 134.00 61.00 101.00
268.00 138.00 60.00 101.00
264.00 141.00 60.00 101.00
261.00 145.00 60.00 100.00
260.00 147.00 60.00 100.00
261.00 151.00 60.00 100.00
263.00 154.00 60.00 100.00
269.00 158.00 60.00 100.00
274.00 161.00 60.00 100.00
281.00 165.00 61.00 101.00
289.00 171.00 61.00 101.00
297.00 177.00 61.00 102.00
307.00 183.00 62.00 103.00
317.00 187.00 62.00 103.00
328.00 192.00 62.00 103.00
340.00 195.00 62.00 103.00
350.00 193.00 62.00 103.00
360.00 188.00 62.00 103.00
366.00 182.00 61.00 102.00
369.00 172.00 61.00 102.00
368.00 161.00 62.00 103.00
363.00 150.00 63.00 105.00
354.00 140.00 63.00 105.00
342.00 132.00 63.00 105.00
325.00 128.00 63.00 105.00
309.00 130.00 63.00 105.00
292.00 134.00 63.00 104.00
280.00 144.00 62.00 104.00
270.00 157.00 62.00 104.00
263.00 171.00 62.00 104.00
260.00 184.00 62.00 103.00
259.00 195.00 62.00 103.00
262.00 203.00 61.00 102.00
268.00 212.00 62.00 103.00
275.00 219.00 62.00 103.00
284.00 224.00 62.00 103.00
296.00 229.00 61.00 102.00
308.00 231.00 61.00 102.00
323.00 229.00 60.00 101.00
335.00 232.00 60.00 100.00
349.00 228.00 60.00 101.00
359.00 223.00 61.00 101.00
367.00 216.00 60.00 101.00
367.00 208.00 60.00 100.00
363.00 200.00 59.00 99.00
354.00 193.00 59.00 99.00
342.00 187.00 59.00 99.00
330.00 184.00 59.00 98.00
317.00 179.00 59.00 98.00
303.00 176.00 59.00 98.00
288.00 173.00 59.00 98.00
272.00 169.00 59.00 99.00
257.00 167.00 59.00 99.00
244.00 167.00 59.00 99.00
234.00 168.00 60.00 99.00
224.00 169.00 60.00 99.00
215.00 169.00 60.00 100.00
208.00 169.00 60.00 100.00
202.00 169.00 60.00 100.00
199.00 171.00 60.00 100.00
197.00 172.00 60.00 100.00
199.00 176.00 60.00 100.00
204.00 179.00 60.00 100.00
213.00 184.00 60.00 100.00
226.00 189.00 60.00 100.00
241.00 194.00 60.00 100.00
259.00 200.00 60.00 100.00
276.00 203.00 60.00 99.00
290.00 203.00 59.00 99.00
304.00 201.00 59.00 99.00
315.00 197.00 59.00 98.00
321.00 192.00 59.00 98.00
322.00 184.00 59.00 98.00
320.00 178.00 59.00 99.00
314.00 173.00 59.00 99.00
307.00 171.00 60.00 100.00
300.00 169.00 60.00 101.00
293.00 168.00 61.00 101.00
289.00 168.00 61.00 102.00
285.00 167.00 61.00 102.00
284.00 168.00 62.00 103.00
286.00 167.00 62.00 104.00
290.00 168.00 62.00 104.00
295.00 168.00 62.00 104.00
302.00 168.00 62.00 104.00
308.00 167.00 63.00 104.00
313.00 164.00 63.00 105.00
318.00 161.00 63.00 105.00
320.00 156.00 63.00 104.00
322.00 151.00 63.00 105.00
323.00 145.00 63.00 105.00
322.00 140.00 62.00 104.00
322.00 136.00 62.00 104.00
321.00 133.00 62.00 103.00
323.00 132.00 62.00 103.00
324.00 135.00 62.00 103.00
326.00 142.00 62.00 104.00
326.00 151.00 62.00 103.00
324.00 161.00 62.00 103.00
320.00 173.00 61.00 102.00
316.00 186.00 60.00 100.00
314.00 200.00 60.00 99.00
315.00 216.00 59.00 99.00
315.00 233.00 59.00 98.00
328.00 224.00 59.00 98.00
335.00 223.00 59.00 98.00
337.00 230.00 58.00 97.00
339.00 233.00 58.00 97.00
338.00 235.00 57.00 95.00
339.00 236.00 57.00 95.00
339.00 237.00 57.00 95.00
337.00 236.00 57.00 94.00
335.00 233.00 56.00 93.00
332.00 231.00 56.00 93.00
327.00 225.00 56.00 93.00
323.00 218.00 56.00 94.00
277.00 248.00 57.00 94.00
278.00 236.00 56.00 94.00
280.00 226.00 56.00 94.00
286.00 218.00 56.00 94.00
296.00 210.00 56.00 94.00
309.00 205.00 56.00 94.00
321.00 200.00 56.00 94.00
334.00 197.00 57.00 95.00
349.00 194.00 57.00 96.00
365.00 190.00 58.00 96.00
382.00 188.00 58.00 96.00
395.00 185.00 58.00 97.00
401.00 180.00 59.00 98.00
399.00 172.00 59.00 98.00
392.00 164.00 60.00 99.00
381.00 155.00 60.00 100.00
368.00 146.00 60.00 100.00
354.00 137.00 60.00 100.00
340.00 131.00 60.00 101.00
324.00 125.00 61.00 101.00
307.00 122.00 61.00 102.00
291.00 119.00 61.00 102.00
275.00 120.00 61.00 102.00
260.00 123.00 61.00 102.00
245.00 127.00 61.00 102.00
