176.00 75.00 47.00 102.00
175.00 77.00 47.00 101.00
172.00 81.00 46.00 99.00
171.00 82.00 46.00 99.00
170.00 84.00 46.00 99.00
169.00 85.00 46.00 100.00
166.00 88.00 46.00 99.00
164.00 88.00 45.00 98.00
161.00 86.00 45.00 99.00
158.00 84.00 45.00 97.00
153.00 80.00 44.00 96.00
150.00 79.00 44.00 95.00
148.00 78.00 45.00 97.00
146.00 79.00 44.00 96.00
142.00 74.00 45.00 98.00
141.00 71.00 46.00 99.00
139.00 67.00 46.00 101.00
138.00 64.00 47.00 101.00
136.00 60.00 47.00 101.00
134.00 58.00 46.00 100.00
134.00 59.00 46.00 99.00
134.00 60.00 45.00 98.00
134.00 66.00 45.00 99.00
133.00 70.00 46.00 99.00
133.00 75.00 46.00 100.00
134.00 79.00 46.00 100.00
135.00 78.00 47.00 102.00
135.00 74.00 47.00 103.00
134.00 67.00 48.00 104.00
133.00 58.00 48.00 104.00
132.00 50.00 47.00 101.00
131.00 47.00 46.00 100.00
130.00 46.00 46.00 99.00
128.00 45.00 46.00 99.00
129.00 52.00 45.00 98.00
130.00 54.00 44.00 96.00
130.00 55.00 44.00 95.00
131.00 58.00 44.00 95.00
131.00 62.00 43.00 94.00
132.00 64.00 43.00 93.00
132.00 67.00 43.00 93.00
133.00 71.00 43.00 94.00
134.00 78.00 44.00 95.00
135.00 78.00 45.00 97.00
134.00 78.00 46.00 100.00
133.00 76.00 47.00 102.00
132.00 72.00 48.00 104.00
131.00 69.00 49.00 106.00
131.00 67.00 49.00 106.00
129.00 66.00 48.00 105.00
127.00 67.00 48.00 104.00
127.00 69.00 48.00 104.00
125.00 71.00 48.00 103.00
124.00 72.00 47.00 102.00
124.00 72.00 47.00 103.00
125.00 71.00 48.00 104.00
126.00 68.00 48.00 105.00
128.00 66.00 49.00 106.00
133.00 64.00 50.00 107.00
133.00 64.00 50.00 109.00
134.00 63.00 51.00 110.00
135.00 62.00 52.00 112.00
139.00 54.00 53.00 114.00
142.00 49.00 53.00 115.00
145.00 47.00 53.00 115.00
148.00 44.00 53.00 115.00
154.00 41.00 53.00 114.00
156.00 40.00 53.00 114.00
158.00 40.00 54.00 116.00
159.00 40.00 54.00 118.00
162.00 39.00 55.00 119.00
164.00 39.00 55.00 120.00
165.00 38.00 56.00 121.00
167.00 38.00 56.00 121.00
169.00 39.00 56.00 123.00
171.00 41.00 57.00 123.00
172.00 45.00 56.00 123.00
173.00 50.00 57.00 123.00
174.00 55.00 57.00 124.00
175.00 57.00 58.00 127.00
175.00 57.00 59.00 128.00
176.00 57.00 59.00 127.00
177.00 46.00 58.00 125.00
178.00 44.00 57.00 123.00
178.00 45.00 56.00 123.00
178.00 45.00 56.00 122.00
176.00 45.00 56.00 122.00
174.00 43.00 56.00 121.00
173.00 43.00 56.00 121.00
171.00 42.00 55.00 120.00
167.00 40.00 55.00 118.00
166.00 39.00 53.00 116.00
167.00 43.00 53.00 116.00
166.00 42.00 53.00 115.00
165.00 41.00 53.00 115.00
164.00 41.00 53.00 115.00
165.00 42.00 53.00 116.00
164.00 44.00 53.00 115.00
164.00 50.00 53.00 114.00
165.00 53.00 53.00 115.00
165.00 56.00 53.00 114.00
165.00 60.00 52.00 113.00
164.00 62.00 52.00 112.00
162.00 61.00 51.00 112.00
160.00 60.00 52.00 112.00
157.00 56.00 52.00 113.00
150.00 47.00 52.00 114.00
148.00 42.00 53.00 114.00
145.00 39.00 52.00 114.00
144.00 36.00 53.00 114.00
139.00 34.00 53.00 115.00
138.00 34.00 53.00 116.00
136.00 35.00 53.00 116.00
136.00 38.00 54.00 116.00
136.00 47.00 54.00 117.00
135.00 54.00 54.00 118.00
135.00 58.00 55.00 120.00
137.00 58.00 57.00 123.00
136.00 50.00 57.00 124.00
135.00 41.00 58.00 125.00
134.00 32.00 58.00 125.00
134.00 27.00 57.00 124.00
131.00 20.00 57.00 124.00
129.00 18.00 57.00 124.00
128.00 18.00 57.00 124.00
128.00 22.00 57.00 123.00
128.00 29.00 56.00 122.00
128.00 32.00 55.00 120.00
128.00 35.00 55.00 119.00
128.00 40.00 54.00 118.00
128.00 49.00 54.00 117.00
128.00 53.00 54.00 117.00
129.00 55.00 54.00 116.00
129.00 57.00 54.00 117.00
130.00 60.00 55.00 119.00
131.00 58.00 56.00 121.00
133.00 57.00 56.00 122.00
135.00 56.00 57.00 124.00
137.00 51.00 57.00 125.00
139.00 50.00 58.00 125.00
142.00 50.00 58.00 126.00
144.00 52.00 58.00 125.00
147.00 56.00 57.00 124.00
148.00 58.00 57.00 123.00
149.00 60.00 56.00 122.00
151.00 61.00 56.00 121.00
154.00 60.00 56.00 121.00
156.00 59.00 55.00 120.00
157.00 57.00 55.00 120.00
158.00 55.00 55.00 119.00
158.00 50.00 56.00 121.00
160.00 49.00 57.00 125.00
159.00 47.00 58.00 126.00
160.00 44.00 60.00 130.00
162.00 37.00 62.00 135.00
164.00 32.00 64.00 139.00
166.00 29.00 65.00 141.00
167.00 26.00 66.00 143.00
172.00 22.00 66.00 143.00
173.00 22.00 66.00 144.00
174.00 22.00 66.00 143.00
174.00 21.00 67.00 145.00
175.00 20.00 67.00 146.00
176.00 20.00 68.00 147.00
176.00 20.00 68.00 148.00
177.00 21.00 69.00 149.00
178.00 25.00 68.00 148.00
179.00 30.00 68.00 147.00
181.00 35.00 67.00 145.00
181.00 39.00 67.00 145.00
180.00 39.00 67.00 146.00
179.00 37.00 68.00 148.00
177.00 33.00 68.00 147.00
177.00 31.00 67.00 145.00
176.00 31.00 66.00 142.00
175.00 31.00 65.00 141.00
174.00 32.00 64.00 139.00
173.00 32.00 64.00 139.00
171.00 32.00 63.00 137.00
168.00 31.00 62.00 135.00
167.00 31.00 61.00 132.00
168.00 32.00 60.00 130.00
168.00 33.00 59.00 129.00
169.00 34.00 59.00 128.00
170.00 35.00 59.00 127.00
170.00 34.00 59.00 127.00
171.00 36.00 59.00 128.00
172.00 38.00 59.00 128.00
173.00 41.00 59.00 128.00
174.00 45.00 58.00 127.00
175.00 52.00 58.00 126.00
176.00 56.00 57.00 124.00
175.00 58.00 56.00 122.00
173.00 58.00 56.00 122.00
167.00 51.00 56.00 121.00
163.00 47.00 56.00 122.00
159.00 42.00 57.00 123.00
155.00 38.00 57.00 124.00
148.00 32.00 57.00 124.00
147.00 32.00 57.00 124.00
144.00 31.00 57.00 124.00
142.00 33.00 57.00 124.00
138.00 38.00 57.00 124.00
138.00 44.00 57.00 124.00
137.00 50.00 57.00 124.00
136.00 55.00 57.00 125.00
141.00 58.00 59.00 129.00
141.00 50.00 60.00 131.00
141.00 41.00 61.00 131.00
141.00 34.00 60.00 131.00
141.00 24.00 59.00 128.00
140.00 22.00 58.00 127.00
137.00 19.00 58.00 126.00
136.00 19.00 58.00 126.00
136.00 26.00 57.00 124.00
136.00 30.00 56.00 123.00
136.00 34.00 56.00 122.00
136.00 37.00 56.00 122.00
134.00 42.00 56.00 122.00
134.00 45.00 57.00 123.00
133.00 50.00 57.00 123.00
131.00 53.00 57.00 124.00
131.00 60.00 57.00 124.00
130.00 59.00 58.00 125.00
130.00 59.00 58.00 126.00
