150.00 53.00 40.00 148.00
148.00 54.00 40.00 149.00
146.00 54.00 41.00 151.00
144.00 54.00 42.00 155.00
142.00 55.00 43.00 157.00
139.00 55.00 43.00 160.00
137.00 59.00 42.00 157.00
135.00 60.00 43.00 160.00
133.00 62.00 43.00 159.00
132.00 65.00 42.00 157.00
131.00 65.00 43.00 158.00
130.00 64.00 44.00 161.00
130.00 69.00 42.00 155.00
130.00 69.00 41.00 153.00
129.00 69.00 41.00 151.00
128.00 67.00 41.00 151.00
127.00 64.00 42.00 154.00
127.00 61.00 42.00 154.00
127.00 60.00 42.00 156.00
125.00 59.00 42.00 156.00
125.00 59.00 42.00 154.00
125.00 60.00 41.00 152.00
125.00 62.00 41.00 151.00
124.00 62.00 41.00 150.00
124.00 64.00 41.00 150.00
125.00 65.00 41.00 152.00
125.00 65.00 41.00 152.00
127.00 66.00 41.00 152.00
128.00 68.00 41.00 151.00
129.00 69.00 41.00 150.00
131.00 70.00 40.00 150.00
132.00 69.00 40.00 150.00
133.00 68.00 40.00 149.00
133.00 65.00 41.00 152.00
135.00 63.00 41.00 150.00
137.00 61.00 40.00 148.00
139.00 58.00 40.00 149.00
141.00 56.00 41.00 150.00
142.00 55.00 40.00 150.00
145.00 56.00 40.00 149.00
146.00 58.00 40.00 149.00
148.00 58.00 41.00 152.00
149.00 60.00 41.00 153.00
151.00 62.00 42.00 154.00
153.00 64.00 42.00 155.00
154.00 65.00 42.00 154.00
157.00 66.00 42.00 154.00
159.00 67.00 41.00 153.00
162.00 67.00 41.00 152.00
163.00 69.00 41.00 151.00
165.00 71.00 40.00 150.00
167.00 72.00 40.00 148.00
168.00 72.00 40.00 147.00
169.00 71.00 40.00 148.00
170.00 69.00 40.00 148.00
171.00 67.00 40.00 148.00
172.00 65.00 40.00 149.00
173.00 64.00 40.00 148.00
173.00 61.00 40.00 149.00
174.00 62.00 40.00 148.00
173.00 60.00 40.00 149.00
173.00 61.00 40.00 149.00
174.00 63.00 40.00 149.00
174.00 64.00 40.00 149.00
175.00 66.00 40.00 149.00
175.00 67.00 40.00 149.00
174.00 67.00 40.00 148.00
173.00 68.00 40.00 149.00
173.00 69.00 40.00 148.00
172.00 68.00 40.00 148.00
171.00 67.00 40.00 148.00
170.00 65.00 40.00 148.00
168.00 63.00 40.00 148.00
166.00 60.00 40.00 148.00
164.00 57.00 40.00 147.00
162.00 55.00 40.00 148.00
161.00 54.00 40.00 149.00
159.00 53.00 41.00 150.00
157.00 52.00 41.00 150.00
156.00 54.00 40.00 149.00
154.00 56.00 40.00 150.00
152.00 57.00 40.00 149.00
150.00 58.00 41.00 150.00
147.00 60.00 41.00 150.00
144.00 61.00 41.00 150.00
142.00 64.00 40.00 150.00
141.00 67.00 41.00 150.00
139.00 68.00 41.00 151.00
138.00 69.00 41.00 150.00
136.00 70.00 40.00 149.00
135.00 71.00 40.00 148.00
134.00 71.00 40.00 147.00
134.00 71.00 40.00 146.00
133.00 70.00 40.00 146.00
132.00 68.00 39.00 146.00
132.00 66.00 40.00 146.00
131.00 64.00 40.00 146.00
130.00 63.00 40.00 147.00
130.00 63.00 40.00 147.00
129.00 63.00 40.00 146.00
129.00 63.00 40.00 147.00
129.00 63.00 40.00 147.00
129.00 64.00 39.00 146.00
129.00 64.00 39.00 146.00
130.00 65.00 40.00 146.00
130.00 65.00 40.00 147.00
131.00 66.00 40.00 148.00
132.00 67.00 40.00 148.00
133.00 67.00 40.00 149.00
134.00 65.00 40.00 150.00
135.00 64.00 41.00 150.00
136.00 62.00 40.00 149.00
138.00 60.00 40.00 150.00
139.00 59.00 40.00 149.00
141.00 58.00 41.00 150.00
142.00 57.00 41.00 151.00
144.00 59.00 41.00 150.00
144.00 62.00 40.00 149.00
145.00 66.00 40.00 148.00
147.00 71.00 40.00 147.00
148.00 73.00 39.00 146.00
149.00 76.00 39.00 146.00
150.00 79.00 39.00 144.00
151.00 82.00 39.00 143.00
152.00 83.00 38.00 142.00
155.00 84.00 39.00 142.00
154.00 86.00 38.00 140.00
156.00 86.00 38.00 139.00
158.00 86.00 38.00 140.00
160.00 85.00 38.00 140.00
163.00 83.00 38.00 140.00
164.00 80.00 38.00 140.00
166.00 77.00 38.00 142.00
166.00 74.00 38.00 142.00
168.00 71.00 39.00 143.00
169.00 68.00 39.00 144.00
169.00 66.00 39.00 144.00
168.00 62.00 39.00 145.00
168.00 60.00 40.00 147.00
169.00 57.00 40.00 148.00
168.00 55.00 40.00 149.00
167.00 54.00 40.00 149.00
167.00 53.00 40.00 149.00
166.00 53.00 40.00 150.00
166.00 53.00 41.00 150.00
166.00 52.00 41.00 151.00
166.00 52.00 41.00 152.00
165.00 52.00 41.00 152.00
164.00 51.00 41.00 153.00
164.00 51.00 41.00 153.00
