129.00 80.00 64.00 78.00
121.00 79.00 64.00 78.00
114.00 76.00 65.00 79.00
107.00 70.00 65.00 80.00
100.00 64.00 65.00 80.00
95.00 60.00 66.00 80.00
95.00 60.00 66.00 80.00
93.00 61.00 65.00 80.00
93.00 68.00 65.00 79.00
92.00 75.00 64.00 78.00
90.00 80.00 64.00 78.00
87.00 83.00 63.00 77.00
81.00 85.00 63.00 77.00
74.00 84.00 63.00 76.00
69.00 83.00 63.00 76.00
64.00 79.00 62.00 76.00
64.00 75.00 62.00 75.00
65.00 71.00 61.00 74.00
68.00 71.00 61.00 74.00
72.00 71.00 60.00 73.00
78.00 75.00 59.00 72.00
80.00 79.00 59.00 72.00
81.00 81.00 59.00 71.00
86.00 83.00 58.00 71.00
91.00 86.00 58.00 70.00
95.00 86.00 57.00 70.00
100.00 83.00 57.00 69.00
104.00 78.00 57.00 70.00
109.00 70.00 58.00 70.00
117.00 63.00 58.00 71.00
126.00 59.00 59.00 72.00
133.00 60.00 60.00 73.00
138.00 64.00 60.00 73.00
139.00 67.00 61.00 74.00
141.00 69.00 61.00 74.00
142.00 69.00 62.00 75.00
144.00 71.00 62.00 76.00
143.00 71.00 63.00 77.00
142.00 70.00 64.00 78.00
144.00 68.00 64.00 78.00
144.00 66.00 64.00 78.00
142.00 63.00 64.00 78.00
144.00 63.00 64.00 78.00
143.00 65.00 64.00 78.00
142.00 66.00 64.00 78.00
142.00 68.00 64.00 78.00
141.00 68.00 64.00 79.00
140.00 68.00 65.00 79.00
140.00 68.00 65.00 79.00
143.00 68.00 65.00 79.00
145.00 64.00 64.00 78.00
149.00 59.00 64.00 78.00
154.00 57.00 63.00 77.00
157.00 56.00 63.00 76.00
160.00 63.00 62.00 76.00
160.00 70.00 62.00 75.00
158.00 76.00 61.00 75.00
159.00 81.00 61.00 74.00
157.00 82.00 60.00 74.00
154.00 79.00 60.00 73.00
152.00 73.00 59.00 72.00
157.00 68.00 59.00 72.00
163.00 64.00 59.00 71.00
168.00 67.00 58.00 71.00
168.00 69.00 57.00 69.00
168.00 74.00 55.00 68.00
165.00 77.00 55.00 67.00
158.00 78.00 54.00 65.00
153.00 79.00 53.00 65.00
146.00 78.00 52.00 64.00
138.00 73.00 51.00 63.00
134.00 70.00 51.00 62.00
132.00 64.00 51.00 62.00
136.00 62.00 51.00 62.00
137.00 64.00 51.00 62.00
137.00 67.00 51.00 63.00
137.00 70.00 51.00 63.00
137.00 72.00 51.00 63.00
135.00 73.00 51.00 62.00
133.00 74.00 51.00 62.00
131.00 75.00 51.00 62.00
128.00 72.00 51.00 62.00
131.00 68.00 51.00 62.00
134.00 67.00 50.00 61.00
138.00 65.00 50.00 61.00
147.00 69.00 50.00 61.00
153.00 73.00 50.00 61.00
159.00 73.00 50.00 61.00
166.00 70.00 51.00 62.00
171.00 69.00 51.00 62.00
174.00 66.00 51.00 62.00
176.00 65.00 51.00 62.00
177.00 65.00 50.00 61.00
177.00 61.00 50.00 60.00
179.00 58.00 49.00 60.00
180.00 57.00 49.00 59.00
178.00 56.00 48.00 59.00
179.00 58.00 47.00 58.00
182.00 65.00 47.00 57.00
179.00 73.00 46.00 56.00
175.00 77.00 46.00 56.00
171.00 79.00 46.00 56.00
165.00 79.00 46.00 56.00
160.00 74.00 46.00 56.00
160.00 71.00 46.00 56.00
164.00 66.00 47.00 57.00
165.00 65.00 47.00 57.00
166.00 67.00 47.00 58.00
165.00 70.00 48.00 58.00
166.00 73.00 47.00 58.00
166.00 76.00 47.00 58.00
166.00 78.00 47.00 58.00
167.00 81.00 47.00 57.00
166.00 82.00 47.00 57.00
169.00 82.00 47.00 57.00
171.00 78.00 46.00 56.00
170.00 74.00 46.00 56.00
174.00 74.00 45.00 55.00
177.00 77.00 44.00 54.00
177.00 82.00 44.00 53.00
175.00 85.00 43.00 53.00
171.00 88.00 42.00 52.00
167.00 88.00 42.00 51.00
165.00 88.00 41.00 51.00
165.00 86.00 41.00 50.00
162.00 84.00 41.00 50.00
159.00 81.00 40.00 49.00
153.00 79.00 40.00 49.00
151.00 78.00 40.00 49.00
149.00 72.00 40.00 49.00
148.00 66.00 40.00 49.00
146.00 65.00 40.00 49.00
143.00 69.00 40.00 49.00
143.00 72.00 40.00 49.00
142.00 73.00 41.00 49.00
139.00 77.00 41.00 50.00
136.00 79.00 41.00 50.00
136.00 80.00 41.00 50.00
134.00 80.00 41.00 50.00
136.00 79.00 41.00 50.00
143.00 79.00 40.00 49.00
149.00 81.00 40.00 49.00
157.00 80.00 40.00 49.00
162.00 80.00 40.00 49.00
165.00 80.00 40.00 48.00
168.00 82.00 39.00 48.00
166.00 84.00 39.00 47.00
167.00 84.00 39.00 47.00
172.00 81.00 39.00 47.00
168.00 80.00 39.00 47.00
165.00 81.00 39.00 47.00
168.00 78.00 39.00 47.00
163.00 74.00 39.00 47.00
165.00 74.00 39.00 47.00
161.00 68.00 39.00 48.00
163.00 73.00 40.00 48.00
161.00 74.00 40.00 49.00
159.00 75.00 40.00 49.00
163.00 77.00 40.00 49.00
165.00 78.00 40.00 49.00
167.00 79.00 40.00 49.00
168.00 80.00 40.00 48.00
169.00 80.00 40.00 48.00
169.00 80.00 39.00 48.00
169.00 80.00 39.00 48.00
168.00 81.00 39.00 48.00
165.00 80.00 39.00 48.00
162.00 80.00 39.00 48.00
159.00 79.00 39.00 48.00
157.00 78.00 39.00 48.00
152.00 77.00 39.00 48.00
148.00 77.00 40.00 48.00
146.00 76.00 40.00 49.00
142.00 74.00 40.00 49.00
142.00 75.00 41.00 49.00
141.00 75.00 41.00 50.00
141.00 81.00 41.00 50.00
141.00 79.00 40.00 49.00
143.00 78.00 40.00 49.00
143.00 78.00 40.00 49.00
146.00 77.00 40.00 49.00
148.00 76.00 40.00 49.00
148.00 76.00 39.00 48.00
147.00 78.00 39.00 47.00
142.00 78.00 39.00 47.00
143.00 76.00 39.00 47.00
143.00 75.00 39.00 47.00
144.00 74.00 39.00 47.00
144.00 73.00 39.00 48.00
145.00 72.00 39.00 48.00
144.00 70.00 40.00 48.00
148.00 70.00 40.00 49.00
149.00 68.00 40.00 49.00
150.00 67.00 40.00 49.00
143.00 64.00 41.00 50.00
143.00 63.00 41.00 50.00
142.00 65.00 41.00 50.00
137.00 65.00 41.00 50.00
136.00 68.00 42.00 51.00
132.00 66.00 42.00 52.00
135.00 67.00 43.00 52.00
135.00 65.00 43.00 53.00
142.00 63.00 44.00 53.00
145.00 59.00 44.00 54.00
148.00 55.00 45.00 55.00
153.00 56.00 45.00 55.00
158.00 58.00 46.00 56.00
160.00 60.00 46.00 56.00
164.00 60.00 46.00 56.00
167.00 60.00 46.00 56.00
166.00 55.00 46.00 56.00
167.00 51.00 46.00 56.00
170.00 50.00 46.00 56.00
174.00 50.00 46.00 56.00
171.00 54.00 45.00 55.00
171.00 60.00 45.00 55.00
168.00 65.00 45.00 55.00
161.00 68.00 45.00 55.00
154.00 70.00 45.00 54.00
148.00 71.00 45.00 54.00
140.00 69.00 45.00 55.00
139.00 69.00 45.00 54.00
137.00 67.00 45.00 55.00
135.00 62.00 45.00 55.00
139.00 63.00 45.00 55.00
141.00 65.00 45.00 55.00
144.00 65.00 46.00 55.00
148.00 68.00 46.00 56.00
150.00 70.00 46.00 56.00
153.00 74.00 46.00 56.00
158.00 78.00 47.00 57.00
160.00 78.00 47.00 57.00
163.00 76.00 48.00 58.00
164.00 70.00 48.00 59.00
164.00 66.00 49.00 60.00
164.00 64.00 50.00 60.00
167.00 66.00 50.00 61.00
168.00 68.00 51.00 62.00
167.00 68.00 51.00 63.00
167.00 66.00 52.00 63.00
164.00 63.00 52.00 63.00
163.00 58.00 52.00 63.00
162.00 53.00 52.00 63.00
162.00 49.00 51.00 63.00
158.00 43.00 51.00 63.00
157.00 46.00 51.00 63.00
151.00 50.00 51.00 63.00
146.00 52.00 51.00 62.00
143.00 52.00 51.00 63.00
142.00 53.00 51.00 62.00
142.00 53.00 50.00 61.00
141.00 55.00 50.00 60.00
139.00 56.00 49.00 60.00
138.00 56.00 49.00 59.00
140.00 53.00 48.00 59.00
143.00 54.00 48.00 58.00
145.00 58.00 47.00 58.00
147.00 63.00 47.00 57.00
147.00 68.00 47.00 57.00
146.00 71.00 46.00 57.00
148.00 74.00 47.00 57.00
145.00 73.00 47.00 57.00
146.00 67.00 47.00 57.00
149.00 58.00 47.00 58.00
153.00 53.00 48.00 58.00
155.00 56.00 48.00 59.00
157.00 60.00 49.00 59.00
157.00 66.00 49.00 59.00
155.00 67.00 49.00 60.00
153.00 69.00 49.00 60.00
152.00 71.00 49.00 59.00
152.00 72.00 49.00 59.00
152.00 70.00 48.00 59.00
154.00 69.00 48.00 59.00
155.00 70.00 48.00 58.00
150.00 68.00 47.00 58.00
145.00 69.00 47.00 57.00
142.00 70.00 47.00 57.00
138.00 70.00 46.00 56.00
132.00 69.00 46.00 56.00
127.00 68.00 45.00 55.00
123.00 67.00 46.00 56.00
119.00 67.00 46.00 56.00
122.00 66.00 46.00 56.00
123.00 64.00 46.00 56.00
125.00 58.00 46.00 56.00
129.00 59.00 46.00 56.00
132.00 63.00 46.00 56.00
134.00 69.00 46.00 56.00
138.00 74.00 46.00 56.00
145.00 75.00 45.00 55.00
152.00 73.00 45.00 55.00
157.00 69.00 45.00 55.00
160.00 64.00 44.00 54.00
163.00 61.00 44.00 54.00
166.00 58.00 44.00 54.00
167.00 57.00 44.00 54.00
168.00 58.00 44.00 54.00
167.00 59.00 44.00 54.00
167.00 60.00 44.00 54.00
167.00 63.00 44.00 54.00
163.00 65.00 44.00 54.00
160.00 66.00 44.00 54.00
160.00 68.00 45.00 55.00
156.00 66.00 45.00 55.00
157.00 64.00 45.00 55.00
157.00 62.00 45.00 55.00
157.00 62.00 45.00 55.00
156.00 63.00 46.00 56.00
156.00 63.00 46.00 56.00
156.00 65.00 47.00 57.00
158.00 65.00 47.00 57.00
160.00 66.00 47.00 58.00
160.00 66.00 47.00 57.00
159.00 67.00 47.00 57.00
161.00 69.00 46.00 57.00
160.00 72.00 46.00 56.00
155.00 77.00 46.00 56.00
155.00 81.00 46.00 56.00
156.00 84.00 45.00 55.00
156.00 88.00 45.00 55.00
154.00 90.00 45.00 55.00
151.00 89.00 45.00 54.00
152.00 87.00 45.00 54.00
153.00 85.00 44.00 54.00
150.00 82.00 44.00 54.00
152.00 79.00 45.00 55.00
154.00 77.00 45.00 55.00
157.00 78.00 46.00 55.00
161.00 79.00 45.00 55.00
164.00 79.00 45.00 55.00
165.00 80.00 45.00 55.00
168.00 80.00 45.00 55.00
171.00 79.00 45.00 54.00
171.00 75.00 44.00 54.00
170.00 72.00 44.00 54.00
167.00 71.00 44.00 54.00
163.00 68.00 44.00 53.00
159.00 69.00 44.00 54.00
154.00 72.00 44.00 54.00
149.00 75.00 44.00 54.00
144.00 76.00 44.00 54.00
141.00 78.00 44.00 54.00
136.00 79.00 44.00 54.00
132.00 80.00 44.00 54.00
131.00 79.00 44.00 53.00
128.00 77.00 43.00 53.00
130.00 73.00 43.00 52.00
132.00 71.00 42.00 52.00
135.00 73.00 42.00 52.00
137.00 78.00 42.00 51.00
141.00 82.00 42.00 51.00
146.00 87.00 41.00 50.00
151.00 90.00 40.00 49.00
157.00 91.00 40.00 49.00
161.00 89.00 40.00 49.00
167.00 86.00 40.00 49.00
174.00 84.00 40.00 49.00
178.00 85.00 40.00 49.00
180.00 87.00 40.00 48.00
183.00 91.00 40.00 49.00
183.00 94.00 40.00 48.00
181.00 96.00 39.00 48.00
177.00 94.00 39.00 48.00
172.00 92.00 39.00 48.00
171.00 90.00 39.00 48.00
169.00 89.00 39.00 48.00
165.00 90.00 39.00 47.00
164.00 90.00 39.00 47.00
165.00 89.00 39.00 48.00
163.00 89.00 39.00 47.00
161.00 90.00 39.00 47.00
159.00 90.00 39.00 48.00
156.00 90.00 39.00 48.00
156.00 90.00 39.00 48.00
155.00 90.00 40.00 48.00
155.00 90.00 39.00 48.00
154.00 88.00 39.00 48.00
156.00 86.00 39.00 48.00
158.00 85.00 39.00 48.00
161.00 85.00 40.00 48.00
167.00 87.00 40.00 48.00
172.00 89.00 40.00 48.00
176.00 93.00 40.00 49.00
178.00 95.00 40.00 49.00
180.00 96.00 41.00 50.00
181.00 96.00 41.00 50.00
183.00 94.00 42.00 51.00
184.00 92.00 42.00 51.00
183.00 90.00 42.00 52.00
183.00 89.00 42.00 52.00
183.00 88.00 43.00 52.00
184.00 87.00 42.00 51.00
184.00 83.00 42.00 52.00
188.00 80.00 43.00 52.00
191.00 81.00 43.00 52.00
191.00 84.00 42.00 51.00
192.00 87.00 42.00 52.00
195.00 89.00 43.00 52.00
191.00 93.00 43.00 53.00
191.00 91.00 44.00 53.00
188.00 90.00 44.00 54.00
186.00 90.00 44.00 54.00
183.00 88.00 44.00 54.00
178.00 86.00 44.00 54.00
176.00 85.00 45.00 54.00
177.00 87.00 45.00 54.00
176.00 87.00 45.00 54.00
175.00 87.00 45.00 54.00
174.00 86.00 45.00 54.00
170.00 84.00 45.00 55.00
166.00 80.00 45.00 55.00
165.00 76.00 45.00 55.00
165.00 74.00 46.00 56.00
160.00 72.00 46.00 56.00
167.00 71.00 46.00 56.00
170.00 72.00 46.00 56.00
175.00 76.00 46.00 56.00
179.00 79.00 46.00 56.00
180.00 80.00 46.00 56.00
183.00 80.00 46.00 56.00
186.00 80.00 46.00 56.00
184.00 79.00 46.00 56.00
182.00 79.00 45.00 55.00
180.00 76.00 45.00 55.00
180.00 73.00 45.00 55.00
178.00 74.00 45.00 55.00
175.00 77.00 45.00 55.00
174.00 81.00 45.00 55.00
172.00 84.00 45.00 55.00
170.00 85.00 45.00 54.00
165.00 84.00 44.00 54.00
158.00 82.00 44.00 54.00
157.00 79.00 44.00 54.00
154.00 78.00 44.00 54.00
150.00 77.00 44.00 54.00
149.00 75.00 44.00 54.00
146.00 76.00 44.00 54.00
145.00 77.00 44.00 54.00
145.00 79.00 44.00 54.00
146.00 80.00 44.00 53.00
150.00 80.00 43.00 53.00
155.00 80.00 43.00 52.00
160.00 80.00 43.00 52.00
165.00 80.00 43.00 52.00
170.00 78.00 43.00 52.00
172.00 78.00 42.00 52.00
176.00 76.00 42.00 52.00
177.00 77.00 42.00 52.00
179.00 80.00 42.00 52.00
179.00 84.00 42.00 51.00
178.00 87.00 42.00 51.00
176.00 90.00 42.00 51.00
174.00 92.00 42.00 51.00
173.00 93.00 42.00 51.00
170.00 93.00 41.00 50.00
166.00 89.00 41.00 50.00
166.00 86.00 41.00 50.00
161.00 84.00 41.00 50.00
158.00 84.00 41.00 50.00
153.00 87.00 41.00 50.00
151.00 89.00 41.00 50.00
150.00 89.00 41.00 50.00
148.00 87.00 41.00 50.00
147.00 87.00 42.00 51.00
145.00 86.00 42.00 51.00
143.00 86.00 42.00 52.00
141.00 85.00 43.00 52.00
138.00 85.00 43.00 52.00
136.00 84.00 43.00 52.00
133.00 82.00 43.00 52.00
