74.00 86.00 56.00 48.00
74.00 86.00 55.00 47.00
74.00 86.00 55.00 47.00
73.00 86.00 54.00 46.00
72.00 85.00 54.00 46.00
71.00 86.00 54.00 47.00
70.00 84.00 55.00 47.00
73.00 82.00 53.00 46.00
70.00 79.00 54.00 46.00
67.00 76.00 54.00 46.00
68.00 75.00 53.00 46.00
67.00 75.00 53.00 45.00
66.00 76.00 52.00 45.00
66.00 76.00 52.00 44.00
67.00 77.00 51.00 44.00
65.00 78.00 51.00 44.00
65.00 82.00 50.00 43.00
64.00 83.00 50.00 43.00
63.00 84.00 50.00 43.00
62.00 86.00 50.00 43.00
62.00 88.00 50.00 42.00
60.00 90.00 50.00 43.00
58.00 91.00 50.00 43.00
58.00 93.00 49.00 42.00
58.00 94.00 49.00 42.00
58.00 94.00 48.00 41.00
58.00 94.00 48.00 41.00
58.00 94.00 47.00 40.00
58.00 95.00 47.00 40.00
58.00 95.00 47.00 40.00
59.00 93.00 47.00 40.00
60.00 90.00 47.00 40.00
60.00 88.00 47.00 40.00
60.00 85.00 46.00 40.00
61.00 85.00 46.00 39.00
61.00 85.00 45.00 39.00
61.00 86.00 45.00 39.00
61.00 86.00 46.00 39.00
62.00 88.00 46.00 39.00
64.00 91.00 45.00 39.00
64.00 94.00 44.00 38.00
66.00 97.00 44.00 38.00
66.00 97.00 44.00 38.00
67.00 98.00 44.00 38.00
67.00 99.00 44.00 37.00
68.00 101.00 43.00 37.00
70.00 103.00 44.00 37.00
71.00 103.00 43.00 37.00
73.00 104.00 43.00 37.00
74.00 104.00 43.00 37.00
75.00 104.00 43.00 37.00
77.00 103.00 42.00 36.00
81.00 100.00 42.00 36.00
84.00 99.00 41.00 35.00
85.00 101.00 41.00 35.00
82.00 105.00 40.00 35.00
88.00 96.00 40.00 34.00
91.00 96.00 40.00 34.00
88.00 105.00 40.00 34.00
90.00 106.00 39.00 33.00
92.00 107.00 39.00 33.00
94.00 109.00 38.00 33.00
104.00 99.00 38.00 33.00
93.00 111.00 38.00 33.00
105.00 103.00 38.00 33.00
107.00 106.00 38.00 32.00
108.00 105.00 37.00 32.00
110.00 105.00 37.00 32.00
111.00 106.00 37.00 32.00
115.00 106.00 37.00 32.00
118.00 107.00 37.00 32.00
122.00 105.00 37.00 32.00
124.00 102.00 36.00 31.00
125.00 102.00 36.00 31.00
130.00 100.00 36.00 31.00
135.00 98.00 36.00 31.00
140.00 99.00 35.00 30.00
142.00 99.00 35.00 30.00
146.00 100.00 35.00 30.00
147.00 100.00 35.00 30.00
150.00 100.00 35.00 30.00
155.00 100.00 35.00 30.00
147.00 110.00 35.00 30.00
150.00 111.00 35.00 30.00
162.00 103.00 35.00 30.00
163.00 104.00 35.00 30.00
166.00 104.00 35.00 30.00
156.00 104.00 35.00 30.00
170.00 101.00 35.00 30.00
174.00 100.00 35.00 30.00
178.00 100.00 34.00 30.00
179.00 99.00 34.00 29.00
182.00 98.00 34.00 29.00
185.00 97.00 34.00 29.00
188.00 96.00 34.00 29.00
192.00 97.00 34.00 29.00
194.00 97.00 34.00 29.00
196.00 97.00 34.00 29.00
196.00 96.00 34.00 29.00
199.00 97.00 35.00 30.00
201.00 97.00 35.00 30.00
204.00 99.00 35.00 30.00
206.00 100.00 35.00 30.00
208.00 100.00 36.00 30.00
209.00 100.00 36.00 31.00
211.00 100.00 36.00 31.00
213.00 99.00 35.00 30.00
216.00 99.00 36.00 30.00
218.00 98.00 36.00 31.00
220.00 98.00 36.00 31.00
221.00 98.00 36.00 31.00
223.00 98.00 36.00 31.00
226.00 97.00 36.00 31.00
229.00 97.00 36.00 31.00
233.00 97.00 36.00 31.00
235.00 97.00 36.00 31.00
237.00 96.00 36.00 31.00
240.00 96.00 36.00 31.00
245.00 96.00 36.00 31.00
249.00 96.00 36.00 31.00
254.00 97.00 36.00 31.00
257.00 97.00 36.00 31.00
258.00 97.00 36.00 31.00
263.00 98.00 36.00 31.00
266.00 98.00 36.00 31.00
270.00 98.00 36.00 31.00
274.00 98.00 36.00 31.00
