118.00 57.00 82.00 98.00
118.00 57.00 82.00 98.00
118.00 56.00 82.00 98.00
118.00 55.00 82.00 98.00
118.00 55.00 81.00 97.00
118.00 55.00 81.00 97.00
118.00 54.00 82.00 98.00
119.00 55.00 82.00 98.00
120.00 54.00 82.00 97.00
120.00 54.00 82.00 98.00
122.00 55.00 81.00 96.00
121.00 55.00 80.00 96.00
122.00 55.00 80.00 96.00
122.00 55.00 80.00 96.00
121.00 54.00 81.00 96.00
120.00 54.00 81.00 97.00
119.00 53.00 81.00 97.00
119.00 53.00 81.00 97.00
118.00 53.00 81.00 97.00
118.00 52.00 81.00 97.00
117.00 51.00 81.00 96.00
117.00 52.00 81.00 96.00
116.00 52.00 81.00 97.00
116.00 53.00 80.00 95.00
115.00 53.00 79.00 95.00
115.00 54.00 79.00 95.00
114.00 54.00 80.00 95.00
113.00 54.00 80.00 96.00
113.00 54.00 80.00 95.00
113.00 56.00 79.00 95.00
112.00 56.00 79.00 94.00
112.00 56.00 79.00 94.00
111.00 56.00 79.00 94.00
110.00 56.00 79.00 94.00
109.00 56.00 79.00 94.00
108.00 55.00 79.00 95.00
107.00 56.00 79.00 95.00
106.00 55.00 80.00 95.00
106.00 56.00 80.00 95.00
106.00 56.00 80.00 96.00
106.00 56.00 80.00 96.00
106.00 56.00 80.00 96.00
104.00 57.00 80.00 95.00
104.00 57.00 80.00 95.00
103.00 57.00 80.00 95.00
102.00 57.00 80.00 95.00
102.00 57.00 80.00 95.00
100.00 56.00 80.00 96.00
99.00 55.00 80.00 96.00
99.00 55.00 80.00 96.00
100.00 55.00 80.00 96.00
102.00 55.00 80.00 96.00
103.00 54.00 80.00 96.00
104.00 54.00 80.00 96.00
104.00 55.00 80.00 96.00
105.00 55.00 80.00 96.00
105.00 54.00 80.00 96.00
105.00 54.00 80.00 95.00
105.00 53.00 80.00 95.00
105.00 52.00 80.00 95.00
106.00 52.00 80.00 95.00
107.00 53.00 80.00 96.00
109.00 52.00 80.00 96.00
112.00 52.00 80.00 96.00
116.00 51.00 80.00 95.00
119.00 50.00 79.00 95.00
122.00 50.00 79.00 94.00
122.00 48.00 79.00 94.00
124.00 47.00 79.00 94.00
125.00 47.00 79.00 94.00
126.00 47.00 79.00 94.00
127.00 48.00 79.00 94.00
129.00 50.00 79.00 94.00
129.00 50.00 79.00 94.00
129.00 51.00 79.00 94.00
129.00 52.00 79.00 94.00
128.00 53.00 79.00 94.00
128.00 53.00 79.00 94.00
127.00 54.00 78.00 94.00
127.00 54.00 79.00 94.00
126.00 53.00 79.00 94.00
126.00 54.00 78.00 93.00
125.00 55.00 78.00 93.00
125.00 55.00 78.00 93.00
125.00 55.00 77.00 92.00
126.00 56.00 76.00 91.00
125.00 56.00 76.00 91.00
125.00 56.00 76.00 91.00
123.00 55.00 77.00 92.00
123.00 56.00 77.00 92.00
122.00 56.00 78.00 93.00
121.00 56.00 78.00 93.00
121.00 56.00 78.00 93.00
121.00 55.00 78.00 93.00
122.00 56.00 77.00 92.00
122.00 55.00 77.00 92.00
122.00 55.00 77.00 92.00
121.00 54.00 77.00 92.00
121.00 55.00 77.00 91.00
121.00 56.00 76.00 91.00
122.00 56.00 76.00 91.00
121.00 55.00 76.00 91.00
122.00 54.00 76.00 91.00
123.00 55.00 75.00 90.00
123.00 54.00 76.00 91.00
124.00 54.00 76.00 91.00
125.00 54.00 77.00 91.00
127.00 54.00 76.00 91.00
127.00 54.00 76.00 91.00
126.00 54.00 76.00 91.00
126.00 54.00 77.00 92.00
126.00 54.00 77.00 92.00
126.00 54.00 77.00 92.00
126.00 54.00 77.00 92.00
127.00 54.00 77.00 92.00
126.00 54.00 77.00 92.00
125.00 54.00 77.00 92.00
125.00 54.00 77.00 92.00
125.00 54.00 77.00 91.00
125.00 54.00 76.00 91.00
124.00 54.00 76.00 91.00
123.00 54.00 77.00 92.00
124.00 55.00 77.00 92.00
123.00 54.00 77.00 92.00
123.00 55.00 77.00 91.00
123.00 55.00 77.00 92.00
124.00 54.00 77.00 92.00
123.00 54.00 77.00 92.00
123.00 53.00 77.00 92.00
123.00 53.00 77.00 92.00
124.00 54.00 77.00 93.00
125.00 54.00 77.00 92.00
126.00 54.00 76.00 91.00
126.00 54.00 76.00 91.00
126.00 54.00 76.00 91.00
126.00 55.00 76.00 91.00
126.00 54.00 77.00 91.00
127.00 55.00 76.00 91.00
127.00 55.00 76.00 90.00
127.00 55.00 76.00 91.00
127.00 54.00 76.00 91.00
127.00 54.00 76.00 91.00
127.00 54.00 76.00 91.00
127.00 55.00 76.00 91.00
127.00 55.00 76.00 91.00
127.00 55.00 76.00 91.00
127.00 54.00 76.00 91.00
127.00 54.00 76.00 91.00
128.00 55.00 75.00 90.00
128.00 55.00 75.00 90.00
128.00 55.00 75.00 90.00
128.00 55.00 75.00 90.00
127.00 55.00 76.00 91.00
127.00 56.00 76.00 91.00
126.00 55.00 76.00 91.00
126.00 55.00 76.00 91.00
126.00 55.00 76.00 91.00
126.00 56.00 76.00 91.00
126.00 55.00 76.00 91.00
126.00 55.00 76.00 91.00
126.00 55.00 76.00 91.00
125.00 55.00 76.00 91.00
126.00 56.00 76.00 91.00
125.00 55.00 76.00 91.00
126.00 56.00 76.00 91.00
126.00 56.00 76.00 90.00
126.00 56.00 76.00 91.00
126.00 56.00 76.00 91.00
126.00 56.00 76.00 90.00
126.00 57.00 76.00 90.00
125.00 56.00 76.00 90.00
126.00 57.00 76.00 90.00
125.00 56.00 76.00 91.00
125.00 56.00 76.00 91.00
125.00 56.00 76.00 91.00
125.00 56.00 76.00 91.00
125.00 56.00 77.00 92.00
125.00 56.00 77.00 92.00
125.00 56.00 76.00 91.00
125.00 56.00 76.00 91.00
125.00 56.00 76.00 91.00
124.00 56.00 76.00 91.00
125.00 56.00 76.00 91.00
124.00 56.00 76.00 91.00
125.00 56.00 76.00 91.00
124.00 56.00 76.00 91.00
124.00 56.00 76.00 91.00
124.00 56.00 77.00 92.00
124.00 56.00 77.00 92.00
123.00 56.00 77.00 92.00
123.00 56.00 77.00 92.00
123.00 56.00 77.00 92.00
124.00 57.00 77.00 92.00
123.00 56.00 77.00 92.00
123.00 56.00 77.00 92.00
123.00 56.00 77.00 92.00
123.00 56.00 77.00 92.00
123.00 55.00 77.00 92.00
124.00 56.00 77.00 92.00
123.00 55.00 77.00 92.00
124.00 56.00 77.00 92.00
124.00 56.00 77.00 91.00
124.00 56.00 76.00 91.00
124.00 55.00 77.00 92.00
123.00 55.00 77.00 92.00
122.00 55.00 78.00 93.00
122.00 56.00 77.00 92.00
121.00 55.00 78.00 93.00
121.00 55.00 77.00 92.00
121.00 55.00 77.00 92.00
121.00 55.00 77.00 92.00
123.00 54.00 77.00 92.00
124.00 53.00 77.00 93.00
125.00 54.00 77.00 93.00
126.00 54.00 77.00 93.00
128.00 55.00 77.00 92.00
129.00 54.00 77.00 92.00
131.00 55.00 77.00 92.00
131.00 55.00 77.00 92.00
131.00 55.00 77.00 92.00
131.00 55.00 76.00 91.00
131.00 55.00 76.00 91.00
131.00 54.00 77.00 92.00
131.00 54.00 77.00 92.00
131.00 54.00 77.00 92.00
131.00 53.00 77.00 92.00
131.00 53.00 77.00 92.00
132.00 54.00 76.00 91.00
131.00 54.00 76.00 91.00
132.00 54.00 76.00 91.00
131.00 53.00 76.00 91.00
131.00 53.00 76.00 91.00
131.00 53.00 76.00 91.00
130.00 52.00 76.00 91.00
130.00 53.00 76.00 91.00
129.00 52.00 76.00 91.00
130.00 53.00 76.00 90.00
129.00 52.00 76.00 91.00
129.00 52.00 76.00 91.00
129.00 52.00 75.00 90.00
128.00 51.00 76.00 91.00
128.00 51.00 76.00 91.00
128.00 51.00 76.00 91.00
128.00 51.00 76.00 91.00
128.00 51.00 76.00 91.00
128.00 51.00 76.00 90.00
128.00 51.00 76.00 90.00
128.00 51.00 76.00 90.00
128.00 51.00 76.00 90.00
127.00 51.00 75.00 89.00
127.00 51.00 76.00 90.00
127.00 51.00 75.00 90.00
126.00 51.00 75.00 90.00
126.00 51.00 75.00 90.00
126.00 51.00 76.00 90.00
126.00 51.00 75.00 90.00
125.00 51.00 75.00 90.00
125.00 51.00 75.00 90.00
124.00 50.00 76.00 90.00
124.00 51.00 75.00 90.00
124.00 51.00 75.00 90.00
124.00 51.00 75.00 89.00
124.00 52.00 74.00 89.00
124.00 52.00 74.00 89.00
124.00 52.00 74.00 88.00
124.00 51.00 74.00 89.00
124.00 52.00 74.00 89.00
124.00 52.00 75.00 89.00
123.00 51.00 75.00 90.00
123.00 51.00 75.00 90.00
124.00 51.00 75.00 90.00
124.00 51.00 75.00 90.00
124.00 51.00 76.00 91.00
124.00 51.00 76.00 91.00
124.00 50.00 76.00 91.00
124.00 51.00 75.00 90.00
124.00 51.00 76.00 90.00
124.00 51.00 76.00 91.00
123.00 51.00 76.00 90.00
124.00 52.00 75.00 90.00
124.00 52.00 75.00 90.00
123.00 51.00 75.00 90.00
124.00 52.00 75.00 90.00
123.00 52.00 75.00 90.00
123.00 52.00 75.00 90.00
124.00 52.00 75.00 90.00
124.00 52.00 75.00 90.00
124.00 53.00 75.00 90.00
125.00 53.00 75.00 89.00
125.00 53.00 75.00 90.00
126.00 53.00 75.00 90.00
126.00 53.00 75.00 90.00
127.00 54.00 75.00 90.00
126.00 53.00 76.00 90.00
127.00 54.00 76.00 91.00
126.00 55.00 76.00 90.00
126.00 55.00 75.00 90.00
124.00 55.00 75.00 90.00
123.00 56.00 75.00 90.00
121.00 56.00 75.00 90.00
120.00 57.00 75.00 89.00
119.00 57.00 75.00 89.00
118.00 57.00 75.00 89.00
117.00 56.00 75.00 89.00
117.00 56.00 75.00 89.00
116.00 55.00 75.00 90.00
116.00 55.00 75.00 90.00
117.00 55.00 75.00 90.00
117.00 55.00 75.00 90.00
116.00 55.00 75.00 90.00
114.00 55.00 76.00 91.00
114.00 56.00 76.00 91.00
112.00 56.00 76.00 91.00
111.00 56.00 76.00 91.00
109.00 56.00 76.00 91.00
107.00 57.00 76.00 91.00
104.00 56.00 77.00 92.00
103.00 57.00 77.00 91.00
100.00 57.00 77.00 91.00
98.00 57.00 77.00 92.00
95.00 56.00 77.00 92.00
90.00 51.00 77.00 92.00
88.00 51.00 76.00 90.00
85.00 51.00 75.00 90.00
83.00 51.00 75.00 90.00
81.00 52.00 74.00 89.00
81.00 52.00 74.00 88.00
79.00 53.00 73.00 88.00
79.00 54.00 73.00 87.00
78.00 54.00 73.00 87.00
78.00 54.00 73.00 87.00
78.00 54.00 73.00 87.00
78.00 54.00 73.00 87.00
77.00 54.00 73.00 87.00
75.00 54.00 73.00 87.00
73.00 55.00 73.00 87.00
72.00 55.00 72.00 87.00
71.00 56.00 72.00 86.00
70.00 56.00 72.00 86.00
68.00 56.00 72.00 86.00
66.00 56.00 71.00 85.00
65.00 57.00 71.00 85.00
64.00 57.00 71.00 85.00
65.00 58.00 71.00 85.00
66.00 58.00 71.00 85.00
65.00 58.00 71.00 85.00
65.00 58.00 71.00 85.00
65.00 58.00 71.00 85.00
65.00 58.00 71.00 85.00
66.00 58.00 71.00 85.00
66.00 58.00 71.00 85.00
67.00 57.00 71.00 85.00
68.00 57.00 71.00 85.00
70.00 57.00 71.00 85.00
70.00 57.00 71.00 85.00
71.00 57.00 71.00 85.00
72.00 57.00 70.00 84.00
72.00 57.00 70.00 84.00
71.00 57.00 70.00 84.00
72.00 56.00 70.00 84.00
72.00 55.00 71.00 84.00
74.00 55.00 71.00 84.00
76.00 53.00 71.00 85.00
79.00 52.00 71.00 85.00
83.00 52.00 71.00 85.00
86.00 50.00 71.00 85.00
90.00 49.00 71.00 85.00
95.00 48.00 71.00 85.00
100.00 47.00 71.00 85.00
104.00 47.00 71.00 85.00
106.00 47.00 71.00 85.00
109.00 47.00 71.00 84.00
110.00 47.00 71.00 84.00
111.00 47.00 70.00 84.00
113.00 48.00 70.00 84.00
116.00 47.00 70.00 84.00
120.00 48.00 70.00 84.00
124.00 47.00 70.00 84.00
129.00 47.00 70.00 83.00
135.00 47.00 69.00 83.00
139.00 47.00 69.00 83.00
142.00 47.00 69.00 82.00
144.00 48.00 68.00 82.00
142.00 48.00 69.00 82.00
140.00 48.00 69.00 82.00
137.00 48.00 68.00 82.00
131.00 49.00 69.00 82.00
124.00 48.00 69.00 82.00
117.00 48.00 69.00 82.00
110.00 49.00 69.00 82.00
103.00 48.00 69.00 83.00
96.00 49.00 70.00 83.00
89.00 50.00 70.00 84.00
83.00 50.00 70.00 84.00
79.00 51.00 71.00 85.00
75.00 51.00 71.00 85.00
73.00 52.00 70.00 84.00
71.00 52.00 70.00 84.00
70.00 53.00 70.00 84.00
69.00 54.00 70.00 84.00
68.00 55.00 70.00 83.00
67.00 56.00 69.00 83.00
66.00 57.00 69.00 82.00
65.00 58.00 69.00 82.00
63.00 59.00 68.00 82.00
62.00 59.00 68.00 82.00
60.00 60.00 69.00 83.00
58.00 60.00 70.00 83.00
57.00 60.00 70.00 83.00
57.00 61.00 69.00 83.00
57.00 61.00 69.00 82.00
57.00 62.00 69.00 82.00
56.00 61.00 69.00 83.00
54.00 61.00 69.00 83.00
55.00 61.00 69.00 83.00
54.00 62.00 69.00 83.00
54.00 62.00 69.00 82.00
55.00 63.00 68.00 82.00
55.00 63.00 68.00 81.00
55.00 63.00 68.00 81.00
56.00 63.00 68.00 81.00
55.00 62.00 68.00 81.00
57.00 63.00 68.00 81.00
57.00 63.00 68.00 82.00
57.00 62.00 69.00 82.00
57.00 62.00 70.00 83.00
58.00 61.00 70.00 84.00
59.00 61.00 70.00 84.00
60.00 61.00 70.00 84.00
60.00 61.00 70.00 84.00
60.00 61.00 71.00 84.00
61.00 61.00 71.00 85.00
61.00 61.00 71.00 85.00
61.00 61.00 71.00 85.00
61.00 60.00 71.00 85.00
62.00 61.00 71.00 85.00
62.00 61.00 71.00 85.00
62.00 61.00 71.00 85.00
62.00 61.00 71.00 85.00
61.00 61.00 71.00 85.00
60.00 61.00 71.00 85.00
60.00 62.00 71.00 85.00
58.00 62.00 71.00 85.00
58.00 63.00 71.00 84.00
58.00 63.00 71.00 84.00
58.00 64.00 70.00 84.00
58.00 63.00 70.00 84.00
58.00 64.00 70.00 84.00
58.00 64.00 70.00 83.00
58.00 64.00 70.00 83.00
57.00 64.00 70.00 84.00
57.00 64.00 70.00 84.00
56.00 63.00 71.00 85.00
56.00 63.00 71.00 85.00
56.00 63.00 71.00 85.00
56.00 64.00 71.00 84.00
56.00 64.00 71.00 84.00
56.00 65.00 71.00 84.00
55.00 64.00 71.00 84.00
55.00 65.00 70.00 84.00
55.00 65.00 70.00 84.00
55.00 65.00 70.00 83.00
56.00 66.00 69.00 83.00
57.00 66.00 69.00 82.00
56.00 66.00 69.00 82.00
56.00 66.00 68.00 82.00
57.00 67.00 68.00 81.00
56.00 66.00 68.00 81.00
56.00 66.00 68.00 81.00
57.00 67.00 68.00 81.00
57.00 67.00 68.00 81.00
57.00 67.00 67.00 80.00
58.00 68.00 67.00 80.00
57.00 67.00 67.00 80.00
57.00 67.00 67.00 80.00
57.00 68.00 67.00 80.00
57.00 69.00 67.00 79.00
57.00 70.00 66.00 79.00
56.00 70.00 66.00 79.00
55.00 70.00 67.00 79.00
55.00 70.00 66.00 79.00
55.00 70.00 66.00 79.00
55.00 71.00 66.00 79.00
56.00 71.00 66.00 78.00
56.00 72.00 65.00 78.00
55.00 72.00 65.00 78.00
57.00 73.00 65.00 77.00
57.00 73.00 65.00 77.00
57.00 73.00 64.00 77.00
58.00 74.00 64.00 77.00
57.00 73.00 64.00 77.00
57.00 73.00 64.00 77.00
57.00 73.00 64.00 77.00
58.00 73.00 64.00 76.00
57.00 73.00 64.00 77.00
57.00 73.00 64.00 77.00
57.00 72.00 65.00 78.00
57.00 72.00 65.00 78.00
57.00 71.00 66.00 78.00
57.00 71.00 66.00 79.00
57.00 70.00 68.00 81.00
56.00 69.00 69.00 82.00
57.00 68.00 70.00 83.00
58.00 67.00 71.00 84.00
58.00 67.00 71.00 85.00
58.00 66.00 71.00 85.00
59.00 66.00 71.00 85.00
60.00 66.00 72.00 86.00
61.00 65.00 72.00 86.00
62.00 65.00 72.00 86.00
64.00 65.00 72.00 85.00
65.00 65.00 72.00 86.00
67.00 65.00 72.00 86.00
67.00 64.00 72.00 86.00
69.00 65.00 71.00 85.00
70.00 64.00 72.00 86.00
72.00 64.00 72.00 86.00
74.00 64.00 71.00 85.00
74.00 63.00 72.00 86.00
76.00 64.00 71.00 85.00
76.00 63.00 71.00 85.00
78.00 63.00 71.00 85.00
80.00 63.00 71.00 85.00
81.00 62.00 71.00 84.00
83.00 63.00 70.00 84.00
84.00 63.00 70.00 84.00
85.00 62.00 70.00 83.00
88.00 64.00 69.00 83.00
90.00 64.00 69.00 83.00
93.00 65.00 69.00 83.00
94.00 65.00 70.00 83.00
97.00 66.00 69.00 83.00
99.00 67.00 69.00 83.00
102.00 67.00 69.00 82.00
103.00 66.00 69.00 82.00
105.00 67.00 69.00 82.00
105.00 67.00 69.00 82.00
106.00 67.00 68.00 82.00
108.00 67.00 68.00 81.00
109.00 67.00 68.00 81.00
110.00 68.00 68.00 82.00
111.00 68.00 68.00 82.00
112.00 69.00 68.00 82.00
113.00 69.00 69.00 82.00
114.00 68.00 69.00 82.00
115.00 68.00 69.00 82.00
116.00 69.00 69.00 82.00
116.00 69.00 69.00 82.00
118.00 71.00 69.00 82.00
119.00 71.00 69.00 82.00
120.00 72.00 69.00 82.00
122.00 73.00 68.00 81.00
123.00 74.00 68.00 81.00
125.00 76.00 68.00 81.00
126.00 76.00 68.00 81.00
127.00 76.00 68.00 81.00
129.00 78.00 68.00 81.00
131.00 79.00 68.00 81.00
132.00 78.00 68.00 81.00
134.00 79.00 68.00 81.00
136.00 81.00 67.00 80.00
138.00 84.00 66.00 79.00
140.00 85.00 66.00 79.00
139.00 86.00 66.00 79.00
139.00 87.00 66.00 78.00
139.00 88.00 65.00 78.00
139.00 88.00 65.00 78.00
139.00 90.00 65.00 78.00
140.00 92.00 65.00 78.00
140.00 94.00 65.00 78.00
141.00 96.00 65.00 77.00
141.00 96.00 65.00 77.00
143.00 102.00 64.00 77.00
148.00 113.00 64.00 77.00
149.00 112.00 64.00 77.00
143.00 96.00 64.00 77.00
143.00 94.00 64.00 77.00
143.00 94.00 64.00 77.00
142.00 93.00 64.00 77.00
141.00 91.00 64.00 77.00
140.00 90.00 64.00 76.00
140.00 89.00 64.00 76.00
140.00 88.00 64.00 76.00
139.00 88.00 64.00 76.00
139.00 89.00 64.00 76.00
139.00 88.00 64.00 77.00
139.00 89.00 65.00 77.00
138.00 89.00 65.00 77.00
138.00 89.00 65.00 77.00
138.00 90.00 64.00 77.00
138.00 91.00 64.00 77.00
138.00 92.00 64.00 76.00
138.00 92.00 63.00 76.00
138.00 91.00 64.00 76.00
138.00 91.00 64.00 76.00
138.00 91.00 64.00 76.00
138.00 92.00 64.00 76.00
138.00 91.00 64.00 76.00
138.00 92.00 64.00 76.00
138.00 92.00 63.00 76.00
138.00 93.00 63.00 75.00
137.00 92.00 64.00 76.00
136.00 93.00 64.00 76.00
136.00 93.00 64.00 76.00
136.00 95.00 63.00 76.00
136.00 95.00 63.00 76.00
135.00 96.00 63.00 75.00
134.00 95.00 63.00 76.00
135.00 95.00 63.00 76.00
136.00 94.00 64.00 76.00
136.00 94.00 63.00 76.00
136.00 93.00 63.00 76.00
136.00 93.00 64.00 76.00
136.00 92.00 64.00 76.00
137.00 93.00 64.00 76.00
136.00 93.00 64.00 76.00
136.00 93.00 64.00 76.00
138.00 94.00 63.00 76.00
138.00 93.00 64.00 76.00
137.00 93.00 64.00 76.00
136.00 93.00 64.00 77.00
135.00 93.00 64.00 77.00
136.00 93.00 65.00 77.00
137.00 93.00 64.00 76.00
137.00 93.00 64.00 76.00
136.00 94.00 64.00 77.00
135.00 93.00 65.00 77.00
135.00 92.00 65.00 77.00
136.00 93.00 65.00 77.00
136.00 92.00 64.00 77.00
137.00 92.00 64.00 77.00
138.00 92.00 64.00 77.00
138.00 92.00 64.00 77.00
139.00 92.00 65.00 77.00
139.00 92.00 64.00 77.00
139.00 92.00 65.00 77.00
139.00 92.00 64.00 77.00
139.00 92.00 64.00 77.00
137.00 91.00 65.00 77.00
137.00 90.00 65.00 78.00
135.00 89.00 65.00 78.00
134.00 90.00 65.00 78.00
132.00 89.00 65.00 78.00
129.00 88.00 66.00 78.00
127.00 88.00 66.00 78.00
125.00 89.00 66.00 78.00
125.00 90.00 66.00 78.00
125.00 91.00 65.00 78.00
124.00 92.00 65.00 78.00
123.00 93.00 65.00 78.00
122.00 93.00 66.00 79.00
123.00 93.00 66.00 78.00
124.00 94.00 65.00 78.00
125.00 94.00 65.00 78.00
125.00 95.00 65.00 77.00
126.00 97.00 64.00 77.00
126.00 98.00 64.00 77.00
128.00 99.00 64.00 76.00
129.00 99.00 63.00 76.00
130.00 101.00 63.00 76.00
130.00 101.00 63.00 75.00
130.00 101.00 63.00 75.00
131.00 102.00 62.00 75.00
130.00 102.00 63.00 75.00
130.00 102.00 62.00 75.00
130.00 102.00 62.00 75.00
130.00 102.00 62.00 74.00
129.00 101.00 62.00 74.00
130.00 101.00 62.00 74.00
130.00 101.00 62.00 74.00
129.00 101.00 62.00 74.00
129.00 100.00 62.00 74.00
129.00 100.00 62.00 74.00
129.00 100.00 62.00 74.00
129.00 99.00 62.00 75.00
129.00 99.00 62.00 75.00
129.00 99.00 63.00 75.00
129.00 98.00 63.00 75.00
129.00 99.00 63.00 75.00
129.00 99.00 63.00 75.00
129.00 98.00 63.00 75.00
130.00 99.00 62.00 74.00
129.00 98.00 62.00 74.00
129.00 98.00 63.00 75.00
129.00 99.00 62.00 75.00
130.00 99.00 63.00 75.00
130.00 98.00 62.00 74.00
130.00 98.00 62.00 74.00
131.00 98.00 61.00 73.00
131.00 98.00 61.00 72.00
131.00 98.00 61.00 73.00
129.00 98.00 62.00 74.00
129.00 99.00 63.00 75.00
127.00 98.00 64.00 76.00
127.00 98.00 64.00 76.00
127.00 98.00 64.00 76.00
127.00 98.00 63.00 76.00
128.00 98.00 64.00 76.00
127.00 99.00 64.00 77.00
127.00 98.00 64.00 77.00
128.00 98.00 64.00 77.00
129.00 99.00 65.00 77.00
129.00 99.00 65.00 77.00
129.00 98.00 65.00 78.00
128.00 98.00 65.00 78.00
127.00 98.00 65.00 78.00
128.00 98.00 65.00 78.00
128.00 98.00 65.00 78.00
128.00 98.00 65.00 78.00
128.00 98.00 65.00 77.00
128.00 98.00 64.00 77.00
128.00 98.00 64.00 76.00
129.00 99.00 64.00 77.00
128.00 98.00 64.00 77.00
128.00 98.00 64.00 77.00
128.00 98.00 65.00 77.00
128.00 98.00 64.00 77.00
128.00 98.00 64.00 77.00
128.00 98.00 64.00 77.00
128.00 98.00 64.00 77.00
128.00 99.00 64.00 77.00
127.00 98.00 65.00 77.00
126.00 97.00 66.00 78.00
126.00 98.00 66.00 79.00
125.00 97.00 66.00 79.00
126.00 97.00 66.00 79.00
126.00 98.00 66.00 79.00
126.00 97.00 65.00 78.00
126.00 97.00 65.00 78.00
126.00 97.00 65.00 78.00
127.00 97.00 65.00 78.00
127.00 97.00 64.00 77.00
127.00 96.00 64.00 76.00
128.00 96.00 64.00 76.00
128.00 97.00 64.00 77.00
127.00 96.00 64.00 76.00
128.00 97.00 64.00 77.00
127.00 96.00 64.00 76.00
127.00 96.00 64.00 77.00
127.00 96.00 65.00 77.00
127.00 96.00 64.00 76.00
127.00 96.00 64.00 77.00
128.00 97.00 64.00 77.00
128.00 96.00 64.00 77.00
127.00 95.00 65.00 77.00
127.00 95.00 65.00 78.00
127.00 95.00 65.00 78.00
127.00 94.00 65.00 78.00
127.00 94.00 65.00 78.00
127.00 94.00 65.00 78.00
128.00 94.00 65.00 78.00
127.00 94.00 65.00 78.00
127.00 93.00 65.00 78.00
127.00 93.00 65.00 78.00
127.00 92.00 65.00 78.00
128.00 92.00 65.00 78.00
129.00 91.00 65.00 78.00
129.00 91.00 66.00 79.00
130.00 90.00 66.00 79.00
130.00 90.00 66.00 79.00
130.00 89.00 67.00 80.00
130.00 89.00 67.00 80.00
130.00 87.00 67.00 80.00
130.00 87.00 67.00 80.00
130.00 86.00 67.00 80.00
129.00 85.00 67.00 81.00
129.00 85.00 68.00 81.00
128.00 83.00 68.00 82.00
128.00 82.00 69.00 82.00
127.00 82.00 69.00 82.00
127.00 82.00 69.00 82.00
127.00 81.00 69.00 82.00
127.00 82.00 69.00 82.00
127.00 82.00 69.00 82.00
127.00 82.00 68.00 82.00
128.00 82.00 69.00 82.00
127.00 82.00 69.00 82.00
128.00 82.00 69.00 83.00
128.00 81.00 69.00 83.00
128.00 81.00 70.00 83.00
128.00 82.00 70.00 83.00
128.00 83.00 70.00 83.00
128.00 83.00 70.00 83.00
128.00 83.00 70.00 83.00
128.00 83.00 70.00 83.00
128.00 84.00 70.00 83.00
127.00 83.00 70.00 83.00
127.00 84.00 70.00 83.00
126.00 83.00 70.00 83.00
126.00 84.00 69.00 83.00
125.00 83.00 70.00 84.00
124.00 83.00 70.00 84.00
125.00 84.00 70.00 83.00
125.00 85.00 70.00 83.00
125.00 85.00 70.00 83.00
124.00 84.00 70.00 84.00
125.00 85.00 70.00 83.00
125.00 85.00 70.00 83.00
125.00 85.00 70.00 83.00
124.00 85.00 70.00 84.00
124.00 85.00 70.00 84.00
124.00 85.00 70.00 84.00
124.00 85.00 70.00 84.00
124.00 85.00 70.00 84.00
123.00 85.00 70.00 84.00
124.00 86.00 70.00 84.00
123.00 85.00 70.00 84.00
123.00 86.00 70.00 84.00
123.00 85.00 70.00 84.00
122.00 85.00 70.00 84.00
121.00 84.00 71.00 85.00
121.00 84.00 71.00 85.00
