110.00 111.00 37.00 116.00
115.00 110.00 37.00 115.00
116.00 109.00 37.00 115.00
117.00 111.00 36.00 113.00
117.00 111.00 36.00 112.00
116.00 111.00 36.00 113.00
115.00 112.00 36.00 114.00
115.00 111.00 37.00 115.00
115.00 110.00 36.00 114.00
116.00 111.00 36.00 111.00
116.00 112.00 35.00 110.00
118.00 115.00 35.00 110.00
120.00 117.00 35.00 109.00
123.00 117.00 34.00 108.00
123.00 116.00 34.00 107.00
125.00 115.00 34.00 107.00
126.00 117.00 34.00 107.00
126.00 118.00 34.00 105.00
123.00 119.00 33.00 104.00
120.00 120.00 33.00 103.00
116.00 121.00 33.00 103.00
113.00 120.00 33.00 102.00
111.00 120.00 32.00 101.00
108.00 118.00 32.00 100.00
107.00 120.00 32.00 99.00
106.00 122.00 32.00 99.00
105.00 122.00 31.00 99.00
104.00 122.00 31.00 98.00
103.00 119.00 31.00 98.00
101.00 114.00 31.00 98.00
101.00 112.00 31.00 97.00
100.00 112.00 31.00 96.00
99.00 112.00 30.00 95.00
97.00 110.00 30.00 95.00
98.00 108.00 30.00 95.00
100.00 108.00 30.00 93.00
100.00 108.00 30.00 93.00
100.00 102.00 29.00 91.00
97.00 98.00 29.00 90.00
96.00 100.00 29.00 90.00
88.00 102.00 29.00 89.00
79.00 101.00 29.00 89.00
76.00 100.00 28.00 89.00
76.00 99.00 28.00 88.00
76.00 104.00 28.00 87.00
75.00 110.00 28.00 87.00
63.00 110.00 28.00 87.00
74.00 107.00 28.00 87.00
72.00 96.00 28.00 87.00
74.00 84.00 28.00 86.00
75.00 81.00 28.00 86.00
77.00 81.00 27.00 86.00
83.00 88.00 27.00 85.00
85.00 107.00 27.00 85.00
94.00 122.00 27.00 85.00
105.00 132.00 27.00 85.00
106.00 131.00 27.00 85.00
114.00 118.00 27.00 85.00
125.00 98.00 27.00 85.00
133.00 93.00 27.00 85.00
132.00 101.00 27.00 85.00
131.00 119.00 27.00 85.00
133.00 128.00 27.00 85.00
122.00 145.00 27.00 84.00
102.00 150.00 27.00 83.00
105.00 131.00 26.00 83.00
96.00 110.00 27.00 83.00
93.00 105.00 26.00 83.00
92.00 107.00 27.00 83.00
87.00 115.00 26.00 83.00
92.00 126.00 26.00 83.00
106.00 132.00 26.00 83.00
109.00 122.00 26.00 82.00
123.00 102.00 26.00 82.00
135.00 94.00 26.00 82.00
142.00 83.00 26.00 82.00
139.00 84.00 26.00 83.00
136.00 95.00 26.00 83.00
132.00 114.00 26.00 82.00
123.00 120.00 26.00 82.00
99.00 122.00 26.00 82.00
98.00 106.00 26.00 82.00
87.00 96.00 26.00 83.00
90.00 101.00 27.00 83.00
93.00 110.00 27.00 84.00
93.00 115.00 27.00 84.00
110.00 124.00 27.00 84.00
120.00 123.00 27.00 83.00
123.00 114.00 27.00 83.00
133.00 102.00 27.00 83.00
140.00 100.00 27.00 83.00
140.00 101.00 27.00 83.00
139.00 110.00 26.00 83.00
142.00 125.00 26.00 82.00
137.00 133.00 26.00 82.00
123.00 126.00 26.00 82.00
123.00 115.00 26.00 82.00
119.00 110.00 26.00 82.00
117.00 110.00 26.00 82.00
113.00 114.00 26.00 83.00
113.00 117.00 26.00 83.00
117.00 119.00 27.00 83.00
121.00 124.00 26.00 83.00
120.00 127.00 26.00 83.00
116.00 123.00 26.00 82.00
114.00 108.00 26.00 82.00
117.00 107.00 26.00 82.00
115.00 109.00 26.00 81.00
114.00 112.00 26.00 81.00
116.00 119.00 26.00 81.00
107.00 123.00 26.00 80.00
91.00 111.00 25.00 80.00
96.00 94.00 25.00 80.00
75.00 80.00 25.00 80.00
69.00 78.00 25.00 80.00
66.00 81.00 25.00 80.00
65.00 91.00 25.00 79.00
76.00 100.00 25.00 79.00
107.00 111.00 25.00 79.00
119.00 111.00 25.00 79.00
131.00 105.00 25.00 79.00
162.00 92.00 25.00 78.00
182.00 99.00 25.00 78.00
183.00 109.00 25.00 78.00
189.00 122.00 25.00 78.00
185.00 130.00 25.00 78.00
180.00 132.00 25.00 78.00
149.00 136.00 25.00 78.00
141.00 123.00 25.00 78.00
131.00 113.00 25.00 78.00
124.00 115.00 25.00 78.00
120.00 117.00 25.00 77.00
116.00 117.00 25.00 77.00
119.00 122.00 24.00 77.00
128.00 130.00 25.00 77.00
130.00 128.00 25.00 77.00
138.00 113.00 25.00 78.00
140.00 101.00 25.00 78.00
152.00 89.00 25.00 77.00
152.00 84.00 25.00 77.00
151.00 90.00 24.00 77.00
151.00 101.00 24.00 77.00
133.00 110.00 24.00 77.00
119.00 110.00 24.00 76.00
115.00 103.00 24.00 76.00
113.00 90.00 24.00 76.00
109.00 84.00 24.00 76.00
119.00 89.00 24.00 76.00
123.00 95.00 24.00 76.00
128.00 98.00 24.00 76.00
138.00 107.00 24.00 75.00
144.00 113.00 24.00 75.00
147.00 114.00 24.00 75.00
156.00 100.00 24.00 75.00
162.00 93.00 24.00 75.00
157.00 92.00 24.00 75.00
152.00 98.00 24.00 75.00
147.00 108.00 24.00 75.00
137.00 120.00 24.00 75.00
117.00 123.00 24.00 75.00
117.00 111.00 24.00 75.00
109.00 102.00 24.00 75.00
107.00 94.00 24.00 75.00
120.00 94.00 24.00 75.00
126.00 100.00 24.00 75.00
144.00 108.00 24.00 75.00
152.00 112.00 24.00 75.00
161.00 118.00 24.00 75.00
169.00 106.00 24.00 75.00
183.00 88.00 24.00 75.00
190.00 86.00 24.00 75.00
179.00 91.00 24.00 75.00
177.00 95.00 24.00 74.00
174.00 105.00 24.00 74.00
152.00 109.00 24.00 74.00
147.00 111.00 24.00 74.00
130.00 98.00 24.00 74.00
115.00 90.00 24.00 75.00
115.00 90.00 24.00 75.00
115.00 96.00 24.00 75.00
122.00 103.00 24.00 75.00
135.00 113.00 24.00 75.00
154.00 119.00 24.00 75.00
163.00 112.00 24.00 75.00
171.00 104.00 24.00 75.00
184.00 94.00 24.00 74.00
183.00 96.00 24.00 74.00
173.00 100.00 24.00 74.00
170.00 107.00 24.00 75.00
158.00 118.00 24.00 75.00
140.00 121.00 24.00 75.00
126.00 118.00 24.00 74.00
109.00 97.00 24.00 74.00
98.00 88.00 24.00 75.00
99.00 88.00 24.00 75.00
101.00 88.00 24.00 75.00
107.00 91.00 24.00 76.00
117.00 99.00 24.00 76.00
126.00 96.00 24.00 76.00
139.00 85.00 24.00 75.00
151.00 70.00 24.00 75.00
158.00 69.00 24.00 75.00
158.00 66.00 24.00 75.00
153.00 68.00 24.00 75.00
145.00 83.00 24.00 76.00
129.00 101.00 24.00 75.00
104.00 111.00 24.00 75.00
101.00 108.00 24.00 75.00
87.00 100.00 24.00 75.00
73.00 96.00 24.00 75.00
78.00 98.00 24.00 75.00
77.00 101.00 24.00 75.00
91.00 105.00 24.00 75.00
96.00 106.00 24.00 75.00
100.00 105.00 24.00 75.00
117.00 91.00 24.00 75.00
137.00 71.00 24.00 75.00
149.00 65.00 24.00 75.00
148.00 73.00 24.00 75.00
149.00 82.00 24.00 75.00
140.00 96.00 24.00 74.00
115.00 99.00 24.00 74.00
104.00 98.00 24.00 74.00
84.00 85.00 24.00 74.00
75.00 82.00 24.00 74.00
65.00 82.00 24.00 74.00
65.00 87.00 23.00 73.00
68.00 96.00 23.00 73.00
86.00 103.00 23.00 73.00
99.00 99.00 23.00 73.00
105.00 96.00 23.00 72.00
128.00 86.00 23.00 73.00
147.00 74.00 23.00 73.00
152.00 72.00 23.00 72.00
145.00 85.00 23.00 73.00
134.00 101.00 23.00 72.00
123.00 110.00 23.00 72.00
98.00 115.00 23.00 72.00
93.00 112.00 23.00 72.00
82.00 100.00 23.00 72.00
80.00 93.00 23.00 72.00
88.00 91.00 23.00 72.00
95.00 92.00 23.00 72.00
102.00 97.00 23.00 72.00
119.00 99.00 23.00 72.00
120.00 90.00 23.00 72.00
124.00 88.00 23.00 73.00
134.00 76.00 23.00 72.00
140.00 69.00 23.00 72.00
142.00 65.00 23.00 72.00
