264.00 311.00 37.00 69.00
265.00 309.00 37.00 69.00
266.00 309.00 37.00 69.00
266.00 306.00 38.00 70.00
267.00 303.00 37.00 69.00
267.00 299.00 37.00 69.00
269.00 297.00 36.00 68.00
270.00 295.00 36.00 68.00
270.00 293.00 36.00 67.00
270.00 292.00 36.00 68.00
268.00 293.00 36.00 67.00
267.00 295.00 36.00 67.00
266.00 295.00 35.00 66.00
265.00 292.00 35.00 66.00
265.00 292.00 35.00 65.00
264.00 292.00 35.00 65.00
261.00 290.00 35.00 66.00
258.00 289.00 36.00 67.00
256.00 289.00 36.00 67.00
255.00 289.00 36.00 67.00
253.00 288.00 36.00 67.00
251.00 287.00 36.00 67.00
250.00 286.00 36.00 67.00
251.00 285.00 36.00 67.00
249.00 284.00 35.00 66.00
248.00 285.00 35.00 65.00
247.00 285.00 35.00 66.00
246.00 285.00 35.00 66.00
245.00 284.00 35.00 66.00
245.00 285.00 35.00 65.00
244.00 285.00 35.00 66.00
238.00 299.00 35.00 66.00
238.00 284.00 36.00 67.00
238.00 282.00 37.00 68.00
237.00 281.00 36.00 67.00
235.00 279.00 36.00 66.00
233.00 277.00 36.00 66.00
232.00 278.00 36.00 67.00
231.00 279.00 35.00 66.00
231.00 276.00 35.00 66.00
230.00 276.00 36.00 66.00
229.00 277.00 35.00 66.00
228.00 277.00 36.00 66.00
229.00 275.00 36.00 67.00
231.00 277.00 36.00 66.00
230.00 277.00 36.00 67.00
232.00 276.00 36.00 67.00
235.00 276.00 36.00 67.00
235.00 277.00 36.00 68.00
235.00 285.00 36.00 68.00
222.00 302.00 36.00 68.00
224.00 302.00 36.00 68.00
228.00 313.00 37.00 68.00
231.00 321.00 36.00 68.00
235.00 317.00 37.00 68.00
234.00 297.00 37.00 68.00
235.00 298.00 37.00 69.00
236.00 299.00 37.00 69.00
236.00 300.00 37.00 69.00
236.00 300.00 37.00 69.00
229.00 275.00 37.00 69.00
230.00 273.00 37.00 69.00
230.00 273.00 37.00 69.00
231.00 274.00 37.00 68.00
231.00 274.00 37.00 69.00
230.00 274.00 37.00 69.00
229.00 274.00 37.00 69.00
228.00 276.00 37.00 69.00
229.00 275.00 37.00 69.00
229.00 274.00 37.00 69.00
228.00 273.00 37.00 69.00
227.00 271.00 37.00 68.00
226.00 271.00 36.00 68.00
226.00 271.00 36.00 68.00
225.00 269.00 36.00 67.00
225.00 270.00 36.00 67.00
225.00 272.00 36.00 67.00
226.00 270.00 36.00 67.00
225.00 271.00 36.00 67.00
224.00 272.00 36.00 67.00
223.00 273.00 36.00 67.00
221.00 274.00 36.00 67.00
222.00 275.00 35.00 66.00
221.00 276.00 35.00 66.00
219.00 277.00 35.00 65.00
218.00 278.00 35.00 66.00
218.00 280.00 35.00 66.00
220.00 281.00 36.00 66.00
219.00 278.00 36.00 67.00
221.00 277.00 36.00 67.00
221.00 276.00 35.00 66.00
221.00 276.00 35.00 66.00
223.00 278.00 35.00 66.00
223.00 279.00 35.00 66.00
224.00 280.00 35.00 66.00
226.00 281.00 35.00 66.00
228.00 283.00 35.00 66.00
230.00 283.00 35.00 66.00
232.00 283.00 35.00 65.00
233.00 283.00 35.00 66.00
235.00 285.00 35.00 66.00
236.00 285.00 35.00 66.00
238.00 285.00 35.00 66.00
239.00 286.00 35.00 66.00
239.00 286.00 36.00 66.00
240.00 286.00 35.00 66.00
242.00 286.00 35.00 65.00
244.00 286.00 34.00 64.00
245.00 287.00 35.00 65.00
246.00 287.00 35.00 65.00
248.00 288.00 35.00 65.00
250.00 287.00 35.00 65.00
254.00 287.00 35.00 65.00
254.00 287.00 35.00 64.00
251.00 288.00 34.00 64.00
251.00 288.00 34.00 63.00
252.00 288.00 34.00 63.00
252.00 289.00 34.00 63.00
252.00 290.00 34.00 63.00
252.00 289.00 34.00 64.00
250.00 286.00 34.00 64.00
250.00 286.00 34.00 64.00
251.00 287.00 34.00 64.00
251.00 286.00 34.00 64.00
251.00 287.00 34.00 64.00
251.00 287.00 34.00 64.00
251.00 286.00 34.00 64.00
252.00 286.00 34.00 64.00
251.00 290.00 34.00 64.00
252.00 291.00 34.00 64.00
253.00 290.00 35.00 64.00
254.00 290.00 35.00 65.00
255.00 291.00 35.00 66.00
255.00 290.00 35.00 66.00
255.00 291.00 35.00 66.00
256.00 293.00 35.00 65.00
256.00 293.00 35.00 66.00
257.00 293.00 35.00 65.00
258.00 293.00 35.00 65.00
258.00 293.00 35.00 65.00
259.00 293.00 35.00 65.00
259.00 293.00 35.00 64.00
259.00 295.00 35.00 65.00
258.00 296.00 35.00 65.00
258.00 295.00 35.00 65.00
257.00 295.00 35.00 65.00
257.00 294.00 35.00 65.00
255.00 294.00 35.00 64.00
254.00 294.00 35.00 65.00
252.00 293.00 35.00 65.00
250.00 296.00 35.00 65.00
250.00 296.00 35.00 65.00
252.00 295.00 35.00 65.00
251.00 294.00 35.00 65.00
251.00 295.00 35.00 66.00
251.00 294.00 35.00 66.00
251.00 294.00 36.00 67.00
252.00 293.00 36.00 67.00
253.00 293.00 36.00 67.00
254.00 294.00 36.00 66.00
255.00 294.00 36.00 66.00
256.00 294.00 35.00 66.00
257.00 293.00 35.00 65.00
257.00 294.00 35.00 65.00
259.00 294.00 35.00 65.00
260.00 295.00 35.00 65.00
259.00 296.00 35.00 65.00
262.00 295.00 35.00 65.00
262.00 294.00 35.00 65.00
263.00 294.00 35.00 65.00
263.00 294.00 35.00 65.00
263.00 293.00 35.00 65.00
265.00 294.00 35.00 65.00
266.00 291.00 35.00 66.00
267.00 292.00 35.00 65.00
267.00 294.00 35.00 66.00
267.00 294.00 35.00 66.00
268.00 296.00 35.00 65.00
268.00 296.00 35.00 65.00
269.00 297.00 34.00 64.00
270.00 298.00 34.00 64.00
271.00 299.00 34.00 64.00
270.00 301.00 35.00 64.00
270.00 301.00 35.00 64.00
271.00 302.00 35.00 65.00
271.00 303.00 35.00 64.00
271.00 303.00 34.00 64.00
271.00 303.00 34.00 64.00
271.00 304.00 34.00 64.00
271.00 304.00 34.00 64.00
270.00 303.00 34.00 64.00
271.00 303.00 34.00 63.00
272.00 303.00 34.00 63.00
272.00 303.00 33.00 62.00
272.00 305.00 34.00 63.00
272.00 304.00 33.00 62.00
271.00 305.00 33.00 62.00
270.00 306.00 33.00 62.00
272.00 306.00 33.00 62.00
271.00 307.00 33.00 62.00
270.00 306.00 33.00 62.00
269.00 307.00 33.00 61.00
267.00 307.00 33.00 61.00
266.00 309.00 33.00 61.00
266.00 307.00 33.00 61.00
267.00 307.00 33.00 61.00
268.00 308.00 33.00 61.00
269.00 309.00 32.00 60.00
269.00 311.00 32.00 60.00
270.00 311.00 32.00 60.00
271.00 312.00 32.00 60.00
272.00 313.00 32.00 60.00
272.00 312.00 32.00 60.00
271.00 311.00 32.00 60.00
271.00 312.00 32.00 60.00
271.00 312.00 32.00 60.00
271.00 313.00 32.00 60.00
272.00 312.00 32.00 60.00
273.00 311.00 32.00 60.00
274.00 311.00 32.00 60.00
276.00 311.00 32.00 60.00
276.00 312.00 32.00 59.00
276.00 312.00 32.00 59.00
278.00 312.00 32.00 59.00
278.00 313.00 32.00 60.00
278.00 313.00 32.00 60.00
280.00 311.00 32.00 60.00
279.00 310.00 32.00 60.00
278.00 310.00 33.00 61.00
277.00 310.00 33.00 61.00
275.00 312.00 33.00 61.00
275.00 311.00 33.00 62.00
275.00 310.00 33.00 62.00
274.00 310.00 33.00 62.00
273.00 307.00 34.00 63.00
272.00 307.00 34.00 63.00
270.00 305.00 33.00 62.00
270.00 305.00 33.00 62.00
268.00 304.00 33.00 61.00
268.00 304.00 33.00 61.00
270.00 305.00 33.00 61.00
270.00 302.00 33.00 61.00
269.00 301.00 33.00 61.00
269.00 298.00 32.00 60.00
270.00 293.00 32.00 60.00
270.00 291.00 32.00 60.00
268.00 293.00 32.00 60.00
270.00 297.00 32.00 60.00
270.00 298.00 32.00 59.00
265.00 292.00 32.00 59.00
261.00 288.00 32.00 59.00
254.00 285.00 32.00 59.00
251.00 285.00 32.00 59.00
248.00 285.00 32.00 59.00
250.00 288.00 32.00 59.00
252.00 287.00 32.00 59.00
253.00 287.00 32.00 60.00
252.00 287.00 32.00 59.00
251.00 288.00 32.00 60.00
247.00 286.00 32.00 60.00
247.00 287.00 32.00 59.00
245.00 285.00 32.00 59.00
243.00 285.00 32.00 60.00
243.00 288.00 32.00 60.00
244.00 289.00 32.00 60.00
244.00 288.00 32.00 60.00
244.00 289.00 33.00 61.00
245.00 291.00 33.00 61.00
244.00 292.00 32.00 60.00
243.00 290.00 32.00 60.00
243.00 290.00 32.00 60.00
241.00 290.00 32.00 60.00
240.00 290.00 32.00 59.00
240.00 289.00 32.00 59.00
240.00 290.00 32.00 59.00
240.00 291.00 32.00 59.00
240.00 292.00 32.00 60.00
238.00 292.00 32.00 60.00
237.00 293.00 32.00 60.00
236.00 296.00 32.00 60.00
235.00 295.00 32.00 61.00
234.00 295.00 32.00 61.00
233.00 295.00 32.00 60.00
233.00 295.00 32.00 59.00
234.00 294.00 32.00 59.00
234.00 293.00 32.00 59.00
234.00 292.00 31.00 58.00
233.00 289.00 31.00 58.00
233.00 286.00 31.00 58.00
234.00 284.00 31.00 58.00
234.00 283.00 31.00 58.00
234.00 284.00 31.00 58.00
233.00 282.00 31.00 58.00
235.00 281.00 31.00 58.00
236.00 279.00 32.00 59.00
236.00 278.00 32.00 60.00
236.00 278.00 32.00 60.00
238.00 279.00 32.00 59.00
239.00 279.00 32.00 59.00
241.00 279.00 32.00 60.00
244.00 279.00 32.00 60.00
245.00 278.00 32.00 60.00
249.00 278.00 32.00 60.00
251.00 277.00 32.00 60.00
253.00 277.00 32.00 60.00
257.00 278.00 32.00 60.00
259.00 278.00 32.00 60.00
263.00 278.00 32.00 60.00
268.00 278.00 32.00 60.00
272.00 279.00 32.00 60.00
277.00 280.00 32.00 60.00
281.00 282.00 32.00 60.00
285.00 282.00 32.00 60.00
286.00 281.00 32.00 60.00
288.00 281.00 32.00 60.00
286.00 282.00 32.00 60.00
285.00 280.00 32.00 60.00
287.00 282.00 32.00 59.00
287.00 281.00 32.00 60.00
289.00 279.00 32.00 60.00
289.00 279.00 32.00 59.00
291.00 279.00 32.00 59.00
292.00 279.00 32.00 60.00
294.00 279.00 32.00 60.00
293.00 278.00 32.00 59.00
293.00 279.00 31.00 59.00
292.00 280.00 31.00 58.00
292.00 280.00 31.00 58.00
291.00 279.00 31.00 58.00
292.00 279.00 31.00 58.00
291.00 276.00 31.00 58.00
291.00 275.00 31.00 58.00
287.00 276.00 31.00 58.00
287.00 276.00 31.00 59.00
287.00 273.00 31.00 59.00
282.00 270.00 31.00 58.00
280.00 276.00 31.00 59.00
278.00 284.00 31.00 58.00
282.00 291.00 31.00 58.00
287.00 291.00 31.00 58.00
291.00 289.00 31.00 58.00
291.00 291.00 31.00 58.00
286.00 296.00 31.00 58.00
285.00 298.00 31.00 58.00
281.00 293.00 31.00 58.00
279.00 286.00 31.00 58.00
277.00 285.00 31.00 58.00
272.00 288.00 31.00 58.00
268.00 289.00 31.00 59.00
266.00 288.00 31.00 58.00
262.00 289.00 31.00 59.00
260.00 293.00 31.00 58.00
259.00 293.00 31.00 58.00
260.00 294.00 31.00 58.00
260.00 296.00 31.00 58.00
259.00 298.00 31.00 59.00
257.00 300.00 31.00 58.00
257.00 301.00 31.00 58.00
257.00 302.00 32.00 59.00
258.00 301.00 32.00 59.00
259.00 303.00 31.00 59.00
257.00 304.00 31.00 58.00
254.00 304.00 31.00 58.00
254.00 305.00 31.00 57.00
251.00 303.00 31.00 57.00
250.00 301.00 31.00 57.00
247.00 301.00 31.00 57.00
244.00 303.00 31.00 57.00
237.00 302.00 31.00 57.00
233.00 302.00 31.00 57.00
227.00 301.00 31.00 57.00
221.00 300.00 31.00 57.00
220.00 301.00 30.00 57.00
217.00 302.00 30.00 57.00
216.00 306.00 30.00 56.00
215.00 312.00 30.00 56.00
215.00 317.00 30.00 56.00
215.00 319.00 30.00 56.00
214.00 322.00 30.00 56.00
214.00 323.00 30.00 56.00
212.00 323.00 30.00 56.00
209.00 325.00 30.00 56.00
206.00 326.00 30.00 56.00
203.00 324.00 30.00 56.00
200.00 327.00 30.00 56.00
196.00 328.00 30.00 56.00
194.00 329.00 30.00 56.00
192.00 334.00 30.00 56.00
189.00 338.00 30.00 56.00
188.00 337.00 30.00 56.00
189.00 337.00 30.00 56.00
188.00 338.00 30.00 56.00
187.00 341.00 30.00 55.00
184.00 342.00 30.00 55.00
183.00 344.00 30.00 55.00
182.00 348.00 30.00 55.00
180.00 349.00 30.00 55.00
177.00 350.00 29.00 55.00
177.00 352.00 29.00 55.00
174.00 354.00 29.00 55.00
171.00 355.00 29.00 55.00
171.00 356.00 29.00 54.00
171.00 357.00 29.00 55.00
171.00 356.00 29.00 54.00
173.00 357.00 29.00 54.00
171.00 358.00 29.00 54.00
173.00 357.00 29.00 54.00
176.00 355.00 29.00 54.00
177.00 352.00 29.00 54.00
179.00 351.00 29.00 54.00
179.00 353.00 29.00 54.00
180.00 352.00 29.00 53.00
183.00 349.00 29.00 53.00
186.00 347.00 29.00 53.00
189.00 345.00 29.00 54.00
193.00 343.00 29.00 54.00
196.00 339.00 29.00 54.00
203.00 339.00 29.00 54.00
207.00 337.00 29.00 54.00
210.00 334.00 29.00 53.00
212.00 332.00 28.00 53.00
212.00 334.00 28.00 53.00
215.00 334.00 28.00 53.00
216.00 335.00 29.00 53.00
216.00 336.00 28.00 53.00
216.00 337.00 28.00 52.00
217.00 338.00 28.00 52.00
217.00 338.00 28.00 51.00
218.00 339.00 27.00 51.00
219.00 338.00 27.00 51.00
221.00 338.00 27.00 51.00
221.00 337.00 28.00 51.00
222.00 335.00 28.00 51.00
221.00 334.00 28.00 52.00
220.00 335.00 28.00 52.00
220.00 333.00 28.00 52.00
219.00 333.00 28.00 52.00
217.00 333.00 28.00 52.00
217.00 333.00 28.00 52.00
216.00 333.00 28.00 52.00
215.00 334.00 28.00 52.00
215.00 335.00 28.00 52.00
214.00 334.00 28.00 52.00
215.00 333.00 28.00 52.00
215.00 333.00 28.00 52.00
215.00 332.00 28.00 52.00
216.00 332.00 28.00 51.00
216.00 333.00 28.00 52.00
214.00 334.00 28.00 52.00
214.00 335.00 28.00 52.00
216.00 335.00 28.00 52.00
217.00 336.00 28.00 52.00
217.00 337.00 27.00 51.00
217.00 337.00 27.00 51.00
218.00 335.00 27.00 50.00
218.00 335.00 27.00 50.00
218.00 336.00 27.00 50.00
218.00 335.00 27.00 50.00
216.00 334.00 27.00 50.00
216.00 334.00 27.00 50.00
216.00 335.00 27.00 50.00
216.00 332.00 27.00 50.00
218.00 333.00 27.00 50.00
220.00 332.00 27.00 51.00
222.00 328.00 27.00 51.00
223.00 328.00 27.00 51.00
223.00 329.00 28.00 51.00
223.00 329.00 27.00 51.00
223.00 329.00 27.00 51.00
223.00 329.00 28.00 51.00
222.00 329.00 28.00 51.00
223.00 330.00 28.00 51.00
222.00 330.00 28.00 51.00
222.00 328.00 27.00 51.00
221.00 328.00 28.00 51.00
220.00 330.00 28.00 51.00
220.00 331.00 27.00 51.00
221.00 331.00 27.00 50.00
219.00 333.00 27.00 50.00
220.00 334.00 27.00 50.00
220.00 332.00 27.00 50.00
221.00 331.00 26.00 49.00
221.00 333.00 26.00 49.00
219.00 332.00 26.00 49.00
218.00 330.00 26.00 49.00
218.00 331.00 26.00 49.00
220.00 332.00 26.00 49.00
220.00 332.00 26.00 49.00
222.00 333.00 26.00 49.00
222.00 335.00 26.00 49.00
223.00 335.00 26.00 49.00
223.00 333.00 26.00 49.00
225.00 331.00 26.00 49.00
227.00 329.00 26.00 49.00
228.00 328.00 26.00 49.00
228.00 328.00 26.00 49.00
229.00 327.00 26.00 49.00
229.00 326.00 27.00 49.00
230.00 327.00 27.00 50.00
230.00 327.00 27.00 50.00
230.00 328.00 27.00 50.00
230.00 330.00 27.00 50.00
231.00 333.00 27.00 50.00
232.00 334.00 27.00 50.00
232.00 335.00 27.00 50.00
232.00 336.00 27.00 50.00
233.00 335.00 27.00 50.00
233.00 336.00 27.00 50.00
229.00 338.00 27.00 50.00
228.00 338.00 27.00 50.00
228.00 337.00 27.00 51.00
226.00 337.00 27.00 50.00
225.00 337.00 27.00 50.00
223.00 336.00 27.00 51.00
223.00 335.00 27.00 51.00
223.00 336.00 27.00 50.00
224.00 335.00 27.00 50.00
224.00 334.00 27.00 50.00
224.00 334.00 27.00 50.00
224.00 334.00 27.00 50.00
224.00 334.00 27.00 50.00
225.00 334.00 27.00 50.00
224.00 335.00 27.00 50.00
223.00 337.00 27.00 50.00
222.00 338.00 27.00 50.00
221.00 337.00 27.00 50.00
221.00 337.00 26.00 49.00
220.00 337.00 26.00 49.00
219.00 339.00 26.00 49.00
218.00 340.00 26.00 49.00
217.00 339.00 26.00 49.00
216.00 341.00 26.00 49.00
214.00 341.00 26.00 49.00
216.00 340.00 26.00 49.00
215.00 340.00 26.00 49.00
214.00 340.00 26.00 49.00
216.00 339.00 26.00 49.00
216.00 335.00 26.00 49.00
217.00 334.00 27.00 50.00
217.00 331.00 27.00 50.00
217.00 332.00 27.00 50.00
215.00 331.00 27.00 50.00
215.00 329.00 27.00 50.00
215.00 330.00 27.00 50.00
212.00 331.00 27.00 50.00
212.00 332.00 27.00 49.00
212.00 332.00 27.00 50.00
210.00 332.00 27.00 50.00
208.00 333.00 27.00 50.00
208.00 333.00 27.00 51.00
205.00 332.00 27.00 51.00
204.00 333.00 27.00 51.00
203.00 332.00 27.00 51.00
203.00 332.00 27.00 51.00
201.00 332.00 28.00 52.00
201.00 333.00 28.00 52.00
201.00 333.00 28.00 52.00
202.00 331.00 28.00 52.00
202.00 332.00 28.00 52.00
204.00 332.00 28.00 52.00
205.00 332.00 28.00 52.00
204.00 333.00 28.00 52.00
202.00 334.00 28.00 52.00
202.00 335.00 28.00 52.00
201.00 336.00 28.00 52.00
200.00 337.00 28.00 52.00
198.00 338.00 28.00 52.00
197.00 340.00 28.00 52.00
195.00 340.00 28.00 52.00
196.00 340.00 28.00 52.00
195.00 339.00 28.00 52.00
195.00 339.00 28.00 52.00
194.00 339.00 28.00 52.00
196.00 336.00 28.00 52.00
197.00 336.00 28.00 52.00
196.00 336.00 28.00 52.00
196.00 336.00 28.00 52.00
197.00 334.00 28.00 52.00
197.00 333.00 28.00 52.00
199.00 331.00 28.00 52.00
199.00 329.00 28.00 52.00
199.00 331.00 28.00 52.00
197.00 332.00 28.00 53.00
197.00 330.00 28.00 52.00
198.00 331.00 28.00 52.00
196.00 331.00 28.00 53.00
197.00 329.00 28.00 53.00
196.00 328.00 28.00 52.00
196.00 329.00 28.00 53.00
192.00 330.00 28.00 53.00
190.00 330.00 29.00 53.00
189.00 331.00 28.00 53.00
188.00 332.00 28.00 53.00
186.00 333.00 29.00 53.00
185.00 333.00 28.00 53.00
184.00 333.00 29.00 53.00
183.00 332.00 29.00 53.00
183.00 332.00 29.00 53.00
182.00 332.00 28.00 53.00
183.00 332.00 29.00 54.00
183.00 333.00 29.00 54.00
181.00 333.00 29.00 54.00
181.00 333.00 29.00 54.00
181.00 332.00 29.00 53.00
182.00 332.00 29.00 54.00
181.00 332.00 29.00 54.00
181.00 332.00 29.00 54.00
180.00 332.00 29.00 54.00
180.00 334.00 29.00 54.00
180.00 334.00 29.00 54.00
179.00 334.00 29.00 54.00
178.00 335.00 29.00 54.00
177.00 334.00 29.00 54.00
176.00 335.00 29.00 55.00
175.00 334.00 29.00 55.00
174.00 335.00 29.00 55.00
173.00 336.00 29.00 54.00
174.00 337.00 29.00 55.00
175.00 338.00 30.00 55.00
177.00 338.00 30.00 55.00
178.00 339.00 30.00 56.00
184.00 341.00 30.00 56.00
188.00 339.00 30.00 57.00
192.00 338.00 30.00 57.00
194.00 337.00 30.00 57.00
195.00 335.00 30.00 57.00
198.00 335.00 30.00 56.00
197.00 335.00 30.00 56.00
196.00 334.00 30.00 57.00
194.00 334.00 30.00 56.00
193.00 332.00 30.00 56.00
191.00 331.00 30.00 56.00
190.00 330.00 30.00 56.00
191.00 328.00 30.00 56.00
191.00 325.00 30.00 56.00
190.00 322.00 30.00 56.00
187.00 320.00 30.00 57.00
184.00 317.00 30.00 56.00
179.00 316.00 30.00 57.00
174.00 315.00 30.00 56.00
173.00 319.00 30.00 56.00
172.00 321.00 30.00 56.00
172.00 323.00 30.00 56.00
171.00 324.00 30.00 56.00
173.00 323.00 30.00 56.00
173.00 323.00 30.00 56.00
171.00 324.00 30.00 56.00
171.00 326.00 30.00 56.00
171.00 326.00 30.00 56.00
173.00 328.00 30.00 56.00
174.00 328.00 30.00 56.00
174.00 329.00 30.00 55.00
175.00 330.00 30.00 55.00
175.00 331.00 30.00 55.00
174.00 332.00 30.00 55.00
175.00 333.00 30.00 55.00
175.00 334.00 29.00 55.00
174.00 336.00 29.00 55.00
175.00 335.00 29.00 54.00
176.00 335.00 29.00 53.00
177.00 334.00 29.00 53.00
176.00 333.00 28.00 53.00
177.00 332.00 28.00 52.00
177.00 332.00 27.00 51.00
177.00 331.00 27.00 51.00
179.00 327.00 27.00 50.00
180.00 326.00 26.00 49.00
180.00 325.00 26.00 48.00
181.00 323.00 26.00 48.00
182.00 322.00 25.00 47.00
183.00 322.00 25.00 46.00
182.00 323.00 25.00 46.00
180.00 327.00 24.00 45.00
183.00 329.00 24.00 45.00
183.00 331.00 24.00 44.00
187.00 334.00 23.00 44.00
188.00 340.00 23.00 43.00
185.00 344.00 23.00 42.00
181.00 346.00 22.00 42.00
180.00 344.00 22.00 41.00
179.00 343.00 22.00 41.00
179.00 340.00 22.00 40.00
179.00 336.00 21.00 39.00
178.00 336.00 21.00 39.00
178.00 336.00 21.00 39.00
178.00 338.00 21.00 39.00
180.00 337.00 21.00 39.00
181.00 334.00 21.00 39.00
182.00 335.00 21.00 39.00
182.00 336.00 21.00 40.00
183.00 339.00 22.00 41.00
184.00 339.00 22.00 41.00
183.00 337.00 22.00 42.00
181.00 336.00 23.00 42.00
180.00 337.00 23.00 43.00
179.00 336.00 23.00 43.00
179.00 335.00 24.00 44.00
178.00 333.00 24.00 45.00
176.00 330.00 24.00 45.00
176.00 331.00 25.00 46.00
175.00 331.00 25.00 47.00
174.00 328.00 25.00 47.00
175.00 328.00 26.00 48.00
176.00 328.00 26.00 49.00
178.00 330.00 27.00 50.00
178.00 329.00 27.00 50.00
180.00 330.00 27.00 51.00
179.00 331.00 28.00 52.00
178.00 332.00 28.00 53.00
180.00 334.00 29.00 53.00
181.00 333.00 29.00 54.00
179.00 333.00 29.00 55.00
177.00 332.00 30.00 56.00
176.00 332.00 30.00 57.00
172.00 331.00 31.00 58.00
167.00 327.00 32.00 59.00
163.00 322.00 32.00 60.00
163.00 319.00 32.00 60.00
161.00 315.00 33.00 61.00
159.00 315.00 33.00 62.00
155.00 314.00 34.00 63.00
155.00 313.00 35.00 65.00
155.00 314.00 35.00 66.00
156.00 314.00 36.00 67.00
159.00 313.00 36.00 67.00
162.00 314.00 37.00 68.00
167.00 314.00 37.00 69.00
169.00 311.00 37.00 70.00
172.00 306.00 38.00 71.00
175.00 303.00 39.00 72.00
188.00 304.00 39.00 73.00
203.00 302.00 39.00 74.00
202.00 283.00 40.00 75.00
199.00 284.00 41.00 76.00
181.00 285.00 42.00 78.00
172.00 280.00 42.00 79.00
169.00 282.00 43.00 80.00
162.00 289.00 44.00 81.00
149.00 291.00 44.00 83.00
145.00 296.00 45.00 84.00
144.00 299.00 45.00 85.00
143.00 301.00 46.00 86.00
149.00 304.00 46.00 86.00
148.00 306.00 46.00 86.00
149.00 308.00 46.00 86.00
149.00 306.00 46.00 86.00
151.00 305.00 46.00 86.00
152.00 308.00 46.00 86.00
151.00 308.00 46.00 86.00
152.00 305.00 46.00 86.00
150.00 303.00 46.00 86.00
149.00 305.00 46.00 86.00
147.00 307.00 46.00 86.00
146.00 307.00 46.00 86.00
145.00 310.00 46.00 86.00
143.00 311.00 46.00 86.00
144.00 312.00 46.00 86.00
145.00 311.00 46.00 86.00
145.00 311.00 46.00 86.00
145.00 311.00 46.00 86.00
146.00 311.00 46.00 86.00
148.00 313.00 46.00 86.00
150.00 314.00 46.00 87.00
150.00 312.00 46.00 87.00
151.00 311.00 46.00 87.00
153.00 312.00 46.00 86.00
154.00 315.00 46.00 87.00
155.00 314.00 46.00 86.00
157.00 314.00 47.00 87.00
159.00 316.00 47.00 87.00
159.00 319.00 47.00 87.00
158.00 320.00 47.00 87.00
160.00 323.00 46.00 86.00
157.00 326.00 47.00 87.00
157.00 330.00 46.00 86.00
158.00 332.00 47.00 87.00
160.00 331.00 46.00 86.00
160.00 327.00 46.00 86.00
158.00 322.00 46.00 86.00
155.00 318.00 46.00 86.00
152.00 312.00 46.00 86.00
152.00 309.00 46.00 86.00
150.00 305.00 46.00 87.00
143.00 300.00 46.00 86.00
141.00 296.00 46.00 86.00
145.00 293.00 46.00 86.00
149.00 291.00 46.00 86.00
149.00 287.00 47.00 87.00
153.00 285.00 46.00 87.00
155.00 285.00 46.00 86.00
156.00 283.00 46.00 86.00
147.00 276.00 46.00 86.00
148.00 279.00 46.00 86.00
148.00 283.00 46.00 87.00
151.00 285.00 47.00 87.00
151.00 285.00 46.00 86.00
149.00 286.00 46.00 86.00
147.00 289.00 46.00 86.00
144.00 289.00 46.00 86.00
141.00 288.00 46.00 87.00
141.00 286.00 46.00 87.00
138.00 288.00 46.00 86.00
136.00 290.00 46.00 87.00
134.00 291.00 46.00 86.00
133.00 294.00 46.00 86.00
134.00 294.00 46.00 87.00
134.00 294.00 46.00 86.00
134.00 297.00 46.00 86.00
131.00 299.00 46.00 87.00
131.00 301.00 47.00 87.00
129.00 302.00 47.00 87.00
128.00 304.00 47.00 87.00
128.00 306.00 47.00 87.00
130.00 308.00 46.00 87.00
131.00 311.00 46.00 87.00
131.00 312.00 47.00 87.00
130.00 310.00 47.00 87.00
131.00 311.00 47.00 87.00
132.00 311.00 47.00 88.00
131.00 310.00 47.00 88.00
129.00 311.00 47.00 88.00
129.00 312.00 47.00 88.00
129.00 311.00 47.00 87.00
129.00 311.00 47.00 87.00
131.00 313.00 47.00 87.00
131.00 314.00 47.00 87.00
130.00 315.00 47.00 87.00
132.00 312.00 47.00 87.00
132.00 311.00 47.00 88.00
130.00 307.00 47.00 87.00
132.00 306.00 47.00 87.00
129.00 306.00 47.00 87.00
129.00 305.00 47.00 87.00
130.00 304.00 47.00 88.00
131.00 303.00 47.00 88.00
131.00 304.00 47.00 88.00
131.00 304.00 47.00 87.00
131.00 305.00 47.00 88.00
134.00 306.00 47.00 88.00
136.00 304.00 47.00 88.00
135.00 304.00 47.00 88.00
135.00 307.00 47.00 88.00
134.00 308.00 47.00 88.00
133.00 306.00 47.00 88.00
135.00 308.00 47.00 88.00
136.00 312.00 47.00 88.00
137.00 309.00 47.00 89.00
140.00 310.00 47.00 88.00
141.00 312.00 47.00 89.00
144.00 315.00 47.00 89.00
146.00 314.00 48.00 89.00
149.00 312.00 47.00 88.00
152.00 313.00 47.00 88.00
152.00 312.00 47.00 88.00
152.00 309.00 47.00 88.00
150.00 308.00 48.00 90.00
149.00 305.00 48.00 89.00
147.00 301.00 48.00 89.00
144.00 303.00 48.00 90.00
143.00 306.00 48.00 90.00
144.00 310.00 48.00 90.00
141.00 315.00 48.00 90.00
138.00 323.00 48.00 90.00
134.00 328.00 48.00 89.00
133.00 326.00 48.00 90.00
132.00 323.00 48.00 89.00
134.00 322.00 48.00 90.00
134.00 320.00 48.00 90.00
133.00 320.00 48.00 90.00
132.00 322.00 48.00 90.00
133.00 322.00 48.00 90.00
133.00 325.00 49.00 91.00
135.00 329.00 49.00 91.00
137.00 329.00 48.00 90.00
139.00 331.00 48.00 90.00
144.00 335.00 48.00 90.00
148.00 339.00 48.00 90.00
148.00 343.00 48.00 89.00
152.00 347.00 48.00 90.00
151.00 352.00 48.00 89.00
147.00 358.00 48.00 90.00
144.00 361.00 48.00 90.00
142.00 360.00 48.00 90.00
136.00 360.00 48.00 89.00
132.00 363.00 48.00 89.00
129.00 364.00 48.00 90.00
128.00 367.00 49.00 90.00
125.00 368.00 49.00 91.00
120.00 371.00 49.00 91.00
117.00 377.00 49.00 91.00
116.00 381.00 49.00 91.00
117.00 388.00 49.00 92.00
114.00 391.00 49.00 91.00
118.00 389.00 49.00 91.00
122.00 381.00 49.00 91.00
127.00 379.00 49.00 92.00
126.00 380.00 49.00 91.00
127.00 378.00 49.00 91.00
131.00 373.00 49.00 91.00
133.00 371.00 49.00 91.00
141.00 370.00 49.00 91.00
142.00 369.00 49.00 91.00
143.00 370.00 49.00 92.00
144.00 369.00 49.00 91.00
141.00 367.00 49.00 92.00
139.00 370.00 49.00 91.00
139.00 373.00 49.00 92.00
136.00 372.00 49.00 92.00
138.00 371.00 49.00 92.00
138.00 369.00 49.00 91.00
137.00 368.00 49.00 92.00
136.00 369.00 49.00 92.00
137.00 369.00 49.00 92.00
137.00 369.00 49.00 92.00
138.00 368.00 49.00 92.00
142.00 368.00 49.00 92.00
143.00 367.00 49.00 92.00
148.00 366.00 49.00 92.00
153.00 361.00 49.00 92.00
159.00 357.00 49.00 92.00
167.00 353.00 49.00 91.00
169.00 353.00 49.00 92.00
170.00 355.00 49.00 92.00
179.00 358.00 49.00 92.00
185.00 365.00 50.00 92.00
185.00 373.00 49.00 92.00
182.00 381.00 49.00 92.00
182.00 389.00 49.00 92.00
185.00 392.00 50.00 92.00
192.00 386.00 49.00 92.00
201.00 379.00 49.00 92.00
208.00 377.00 49.00 92.00
213.00 377.00 49.00 92.00
219.00 378.00 50.00 92.00
225.00 376.00 50.00 92.00
233.00 371.00 50.00 93.00
242.00 370.00 50.00 93.00
247.00 370.00 50.00 92.00
254.00 369.00 49.00 92.00
258.00 364.00 49.00 92.00
258.00 362.00 49.00 91.00
255.00 361.00 49.00 91.00
254.00 356.00 49.00 92.00
251.00 354.00 49.00 91.00
247.00 355.00 49.00 91.00
239.00 355.00 49.00 91.00
234.00 356.00 49.00 91.00
229.00 357.00 49.00 91.00
225.00 355.00 49.00 91.00
221.00 352.00 49.00 91.00
216.00 350.00 48.00 90.00
213.00 352.00 48.00 90.00
211.00 351.00 49.00 91.00
210.00 352.00 49.00 91.00
209.00 354.00 49.00 91.00
208.00 356.00 49.00 91.00
208.00 356.00 49.00 91.00
208.00 355.00 49.00 91.00
209.00 358.00 49.00 91.00
210.00 358.00 49.00 91.00
214.00 356.00 49.00 91.00
215.00 357.00 49.00 91.00
214.00 356.00 49.00 91.00
215.00 355.00 49.00 91.00
216.00 353.00 49.00 92.00
217.00 352.00 49.00 91.00
216.00 354.00 49.00 92.00
215.00 355.00 49.00 92.00
214.00 355.00 49.00 92.00
215.00 353.00 49.00 92.00
216.00 352.00 50.00 92.00
215.00 353.00 50.00 92.00
217.00 351.00 50.00 93.00
218.00 351.00 49.00 92.00
220.00 350.00 49.00 92.00
225.00 348.00 49.00 92.00
227.00 346.00 49.00 92.00
230.00 347.00 49.00 92.00
233.00 345.00 49.00 92.00
235.00 345.00 49.00 92.00
237.00 344.00 49.00 92.00
238.00 345.00 50.00 92.00
237.00 345.00 50.00 92.00
236.00 345.00 50.00 92.00
233.00 347.00 49.00 92.00
229.00 344.00 49.00 92.00
229.00 342.00 49.00 92.00
227.00 342.00 49.00 92.00
226.00 342.00 50.00 92.00
226.00 340.00 50.00 93.00
225.00 341.00 50.00 92.00
227.00 342.00 50.00 92.00
228.00 338.00 49.00 92.00
224.00 338.00 50.00 93.00
221.00 342.00 50.00 92.00
220.00 342.00 50.00 93.00
221.00 342.00 50.00 92.00
222.00 343.00 49.00 92.00
221.00 340.00 50.00 92.00
220.00 340.00 50.00 92.00
219.00 344.00 50.00 92.00
217.00 345.00 50.00 93.00
217.00 343.00 49.00 92.00
216.00 343.00 49.00 92.00
215.00 347.00 49.00 92.00
214.00 346.00 49.00 92.00
216.00 345.00 49.00 92.00
215.00 347.00 49.00 92.00
214.00 346.00 49.00 92.00
217.00 344.00 49.00 92.00
219.00 343.00 49.00 92.00
220.00 341.00 49.00 92.00
223.00 341.00 49.00 92.00
225.00 337.00 49.00 92.00
228.00 337.00 49.00 92.00
227.00 338.00 49.00 92.00
227.00 339.00 49.00 91.00
227.00 338.00 49.00 92.00
227.00 336.00 49.00 92.00
227.00 334.00 49.00 91.00
227.00 331.00 50.00 92.00
225.00 330.00 49.00 92.00
223.00 329.00 49.00 92.00
222.00 328.00 50.00 92.00
222.00 329.00 50.00 92.00
221.00 329.00 50.00 92.00
221.00 329.00 49.00 92.00
221.00 331.00 49.00 92.00
222.00 332.00 49.00 92.00
221.00 332.00 49.00 92.00
221.00 330.00 49.00 92.00
224.00 328.00 49.00 92.00
229.00 327.00 49.00 92.00
229.00 324.00 49.00 92.00
229.00 322.00 49.00 92.00
230.00 320.00 50.00 93.00
226.00 318.00 50.00 93.00
226.00 319.00 50.00 92.00
223.00 318.00 49.00 92.00
222.00 316.00 49.00 92.00
219.00 315.00 49.00 92.00
219.00 313.00 49.00 92.00
216.00 315.00 49.00 92.00
212.00 320.00 49.00 91.00
204.00 322.00 49.00 91.00
200.00 325.00 49.00 92.00
198.00 327.00 49.00 92.00
193.00 327.00 49.00 92.00
192.00 330.00 49.00 92.00
188.00 332.00 49.00 92.00
188.00 334.00 49.00 92.00
188.00 334.00 49.00 92.00
187.00 336.00 49.00 91.00
188.00 335.00 50.00 92.00
188.00 333.00 49.00 92.00
189.00 330.00 49.00 92.00
192.00 328.00 49.00 92.00
192.00 324.00 49.00 92.00
193.00 322.00 49.00 92.00
197.00 321.00 49.00 91.00
198.00 317.00 49.00 92.00
200.00 316.00 49.00 92.00
200.00 312.00 49.00 92.00
202.00 310.00 49.00 92.00
203.00 310.00 49.00 92.00
201.00 308.00 49.00 92.00
204.00 308.00 49.00 92.00
204.00 308.00 49.00 92.00
201.00 310.00 49.00 92.00
200.00 308.00 50.00 92.00
200.00 306.00 50.00 92.00
196.00 304.00 50.00 93.00
194.00 302.00 50.00 93.00
194.00 299.00 50.00 93.00
194.00 299.00 50.00 93.00
194.00 299.00 49.00 92.00
193.00 298.00 49.00 92.00
192.00 298.00 50.00 92.00
196.00 299.00 49.00 92.00
196.00 297.00 49.00 92.00
197.00 298.00 49.00 92.00
196.00 299.00 49.00 92.00
196.00 298.00 49.00 92.00
197.00 300.00 49.00 91.00
196.00 301.00 49.00 91.00
196.00 302.00 49.00 92.00
194.00 303.00 49.00 92.00
194.00 304.00 50.00 92.00
194.00 306.00 50.00 93.00
193.00 308.00 50.00 93.00
191.00 310.00 49.00 92.00
188.00 312.00 49.00 92.00
186.00 312.00 49.00 92.00
187.00 312.00 49.00 92.00
184.00 311.00 49.00 92.00
183.00 313.00 49.00 91.00
181.00 312.00 49.00 92.00
180.00 310.00 49.00 91.00
181.00 312.00 49.00 91.00
180.00 311.00 49.00 92.00
181.00 310.00 49.00 92.00
182.00 309.00 49.00 91.00
179.00 307.00 49.00 91.00
178.00 308.00 49.00 91.00
179.00 308.00 49.00 92.00
181.00 308.00 49.00 92.00
179.00 307.00 49.00 92.00
181.00 306.00 49.00 91.00
181.00 306.00 50.00 92.00
179.00 309.00 50.00 93.00
179.00 309.00 50.00 93.00
179.00 307.00 50.00 93.00
180.00 309.00 50.00 93.00
181.00 309.00 50.00 92.00
182.00 308.00 50.00 92.00
182.00 307.00 49.00 92.00
182.00 307.00 50.00 92.00
182.00 307.00 49.00 92.00
183.00 306.00 49.00 91.00
183.00 305.00 48.00 90.00
183.00 307.00 48.00 90.00
183.00 307.00 48.00 90.00
182.00 307.00 48.00 89.00
179.00 311.00 48.00 89.00
179.00 311.00 48.00 89.00
179.00 308.00 48.00 89.00
178.00 311.00 48.00 89.00
178.00 312.00 47.00 88.00
179.00 309.00 47.00 89.00
181.00 310.00 48.00 89.00
180.00 309.00 47.00 88.00
183.00 306.00 47.00 88.00
184.00 304.00 48.00 89.00
184.00 306.00 47.00 89.00
186.00 306.00 48.00 89.00
189.00 304.00 48.00 89.00
192.00 305.00 48.00 89.00
198.00 310.00 48.00 90.00
200.00 312.00 48.00 90.00
203.00 313.00 48.00 90.00
207.00 316.00 49.00 91.00
210.00 318.00 49.00 91.00
213.00 321.00 49.00 91.00
214.00 323.00 49.00 91.00
214.00 325.00 49.00 91.00
214.00 327.00 49.00 91.00
213.00 329.00 49.00 91.00
212.00 330.00 49.00 92.00
212.00 329.00 49.00 91.00
214.00 332.00 48.00 89.00
215.00 331.00 48.00 90.00
216.00 331.00 48.00 90.00
217.00 336.00 49.00 91.00
218.00 337.00 49.00 91.00
223.00 336.00 49.00 91.00
223.00 337.00 49.00 92.00
223.00 341.00 49.00 91.00
224.00 343.00 49.00 91.00
227.00 343.00 48.00 90.00
229.00 344.00 48.00 90.00
230.00 343.00 49.00 91.00
230.00 342.00 49.00 91.00
230.00 343.00 49.00 91.00
229.00 344.00 49.00 91.00
229.00 344.00 49.00 91.00
229.00 343.00 49.00 91.00
229.00 344.00 49.00 91.00
228.00 345.00 49.00 91.00
228.00 345.00 49.00 91.00
228.00 346.00 49.00 92.00
227.00 348.00 49.00 92.00
226.00 349.00 49.00 91.00
226.00 349.00 49.00 91.00
227.00 348.00 49.00 91.00
226.00 347.00 49.00 91.00
226.00 350.00 49.00 91.00
226.00 349.00 49.00 91.00
228.00 346.00 48.00 90.00
231.00 346.00 48.00 90.00
232.00 346.00 48.00 90.00
234.00 346.00 48.00 89.00
235.00 346.00 48.00 89.00
238.00 350.00 48.00 89.00
240.00 353.00 48.00 89.00
243.00 353.00 48.00 89.00
246.00 357.00 48.00 90.00
247.00 361.00 48.00 90.00
251.00 361.00 48.00 90.00
256.00 360.00 48.00 90.00
260.00 359.00 49.00 91.00
265.00 357.00 49.00 91.00
268.00 356.00 49.00 91.00
271.00 356.00 49.00 92.00
275.00 357.00 49.00 92.00
280.00 357.00 49.00 92.00
287.00 356.00 49.00 92.00
294.00 359.00 49.00 92.00
304.00 360.00 49.00 91.00
312.00 359.00 49.00 91.00
315.00 358.00 49.00 91.00
319.00 360.00 48.00 90.00
324.00 361.00 48.00 90.00
329.00 360.00 48.00 90.00
330.00 361.00 48.00 90.00
332.00 362.00 48.00 90.00
335.00 360.00 49.00 91.00
338.00 361.00 48.00 90.00
338.00 363.00 48.00 90.00
339.00 363.00 48.00 90.00
338.00 365.00 48.00 90.00
339.00 367.00 49.00 91.00
341.00 364.00 49.00 91.00
342.00 362.00 49.00 91.00
344.00 359.00 49.00 91.00
345.00 355.00 49.00 92.00
344.00 354.00 50.00 92.00
344.00 353.00 50.00 93.00
345.00 349.00 49.00 92.00
345.00 347.00 50.00 92.00
347.00 348.00 49.00 92.00
345.00 347.00 49.00 92.00
343.00 349.00 49.00 92.00
340.00 348.00 49.00 92.00
339.00 344.00 49.00 92.00
336.00 344.00 49.00 91.00
333.00 343.00 49.00 91.00
330.00 339.00 49.00 91.00
330.00 337.00 49.00 91.00
330.00 331.00 49.00 91.00
329.00 327.00 49.00 91.00
330.00 325.00 49.00 92.00
329.00 322.00 49.00 92.00
326.00 320.00 50.00 93.00
323.00 319.00 50.00 92.00
320.00 317.00 50.00 93.00
317.00 315.00 50.00 93.00
312.00 315.00 50.00 93.00
307.00 314.00 50.00 93.00
303.00 311.00 50.00 93.00
300.00 307.00 50.00 94.00
297.00 305.00 50.00 94.00
296.00 302.00 50.00 94.00
297.00 299.00 51.00 95.00
297.00 299.00 51.00 95.00
299.00 299.00 51.00 95.00
302.00 297.00 51.00 95.00
304.00 296.00 51.00 95.00
305.00 299.00 51.00 95.00
308.00 302.00 51.00 94.00
313.00 302.00 51.00 94.00
318.00 303.00 51.00 94.00
321.00 304.00 50.00 94.00
324.00 308.00 50.00 94.00
328.00 309.00 51.00 94.00
328.00 309.00 51.00 95.00
325.00 312.00 51.00 94.00
327.00 315.00 51.00 94.00
327.00 316.00 50.00 94.00
327.00 320.00 50.00 94.00
322.00 322.00 50.00 93.00
315.00 318.00 50.00 93.00
310.00 317.00 50.00 93.00
306.00 317.00 51.00 94.00
302.00 317.00 51.00 95.00
301.00 320.00 51.00 96.00
301.00 318.00 52.00 96.00
302.00 321.00 52.00 97.00
303.00 327.00 53.00 98.00
304.00 330.00 53.00 98.00
308.00 332.00 53.00 99.00
310.00 336.00 53.00 99.00
309.00 337.00 53.00 99.00
309.00 336.00 53.00 99.00
310.00 337.00 53.00 99.00
309.00 343.00 53.00 99.00
313.00 344.00 53.00 99.00
316.00 342.00 53.00 98.00
316.00 345.00 52.00 98.00
318.00 347.00 52.00 97.00
321.00 346.00 52.00 97.00
326.00 345.00 52.00 98.00
330.00 347.00 52.00 97.00
333.00 347.00 52.00 97.00
336.00 346.00 52.00 97.00
339.00 347.00 52.00 97.00
342.00 350.00 52.00 97.00
342.00 352.00 52.00 97.00
344.00 352.00 52.00 97.00
341.00 349.00 52.00 97.00
336.00 350.00 52.00 97.00
331.00 349.00 52.00 96.00
325.00 346.00 52.00 96.00
321.00 347.00 51.00 96.00
315.00 345.00 51.00 95.00
312.00 347.00 51.00 96.00
307.00 347.00 52.00 96.00
306.00 344.00 52.00 96.00
302.00 345.00 52.00 96.00
301.00 348.00 52.00 97.00
300.00 350.00 52.00 98.00
300.00 350.00 53.00 98.00
302.00 348.00 53.00 99.00
303.00 350.00 53.00 99.00
305.00 347.00 53.00 99.00
308.00 344.00 53.00 99.00
310.00 343.00 53.00 99.00
312.00 342.00 53.00 99.00
313.00 342.00 53.00 99.00
315.00 342.00 53.00 100.00
317.00 342.00 53.00 100.00
320.00 342.00 53.00 99.00
319.00 342.00 53.00 99.00
318.00 345.00 53.00 99.00
315.00 347.00 53.00 99.00
313.00 346.00 53.00 99.00
308.00 349.00 53.00 99.00
303.00 351.00 53.00 99.00
298.00 349.00 53.00 98.00
292.00 349.00 52.00 98.00
287.00 349.00 53.00 98.00
280.00 349.00 53.00 99.00
276.00 346.00 53.00 99.00
270.00 345.00 53.00 100.00
263.00 346.00 53.00 99.00
257.00 349.00 53.00 99.00
251.00 349.00 53.00 99.00
247.00 348.00 54.00 100.00
244.00 350.00 54.00 100.00
240.00 349.00 53.00 100.00
237.00 349.00 53.00 99.00
236.00 350.00 53.00 99.00
235.00 352.00 53.00 100.00
233.00 350.00 54.00 100.00
233.00 349.00 54.00 101.00
232.00 352.00 54.00 101.00
231.00 352.00 54.00 102.00
229.00 353.00 54.00 101.00
226.00 358.00 55.00 102.00
224.00 361.00 55.00 102.00
225.00 359.00 55.00 102.00
220.00 361.00 54.00 101.00
212.00 365.00 54.00 102.00
209.00 368.00 54.00 101.00
206.00 372.00 54.00 101.00
205.00 375.00 55.00 102.00
203.00 377.00 55.00 102.00
203.00 375.00 55.00 102.00
200.00 375.00 55.00 102.00
198.00 377.00 55.00 102.00
200.00 375.00 55.00 102.00
201.00 374.00 54.00 102.00
202.00 375.00 55.00 102.00
205.00 375.00 55.00 102.00
206.00 377.00 54.00 101.00
211.00 375.00 54.00 101.00
216.00 375.00 54.00 101.00
218.00 376.00 54.00 101.00
222.00 374.00 54.00 100.00
227.00 372.00 54.00 100.00
231.00 373.00 54.00 100.00
235.00 372.00 54.00 100.00
240.00 374.00 54.00 100.00
244.00 374.00 53.00 100.00
248.00 373.00 54.00 100.00
251.00 374.00 54.00 100.00
253.00 373.00 54.00 101.00
255.00 372.00 54.00 101.00
259.00 369.00 54.00 101.00
263.00 368.00 54.00 101.00
265.00 369.00 54.00 101.00
266.00 367.00 54.00 101.00
267.00 369.00 55.00 102.00
266.00 371.00 55.00 102.00
266.00 370.00 55.00 102.00
264.00 371.00 55.00 102.00
261.00 373.00 55.00 103.00
259.00 372.00 55.00 103.00
255.00 372.00 55.00 102.00
254.00 374.00 55.00 102.00
254.00 375.00 55.00 102.00
252.00 375.00 55.00 102.00
250.00 374.00 55.00 102.00
247.00 373.00 55.00 102.00
247.00 373.00 55.00 102.00
247.00 372.00 54.00 102.00
245.00 372.00 54.00 101.00
244.00 372.00 55.00 102.00
244.00 369.00 55.00 102.00
244.00 367.00 54.00 101.00
244.00 367.00 54.00 101.00
244.00 362.00 54.00 101.00
250.00 357.00 54.00 101.00
248.00 358.00 54.00 101.00
246.00 359.00 54.00 101.00
245.00 354.00 54.00 101.00
244.00 347.00 55.00 102.00
244.00 343.00 54.00 101.00
244.00 343.00 54.00 101.00
243.00 341.00 54.00 101.00
242.00 340.00 55.00 102.00
240.00 338.00 55.00 102.00
237.00 337.00 55.00 102.00
235.00 336.00 55.00 102.00
233.00 336.00 55.00 102.00
232.00 338.00 55.00 102.00
231.00 339.00 55.00 102.00
229.00 339.00 55.00 102.00
230.00 340.00 55.00 102.00
231.00 338.00 55.00 103.00
230.00 338.00 55.00 103.00
231.00 337.00 55.00 103.00
232.00 336.00 55.00 103.00
233.00 332.00 56.00 104.00
237.00 328.00 56.00 104.00
242.00 327.00 56.00 104.00
245.00 325.00 56.00 104.00
249.00 325.00 56.00 104.00
254.00 328.00 56.00 104.00
260.00 327.00 56.00 104.00
264.00 326.00 56.00 104.00
270.00 329.00 56.00 104.00
275.00 328.00 55.00 103.00
280.00 329.00 56.00 104.00
280.00 332.00 56.00 104.00
283.00 334.00 56.00 104.00
287.00 332.00 56.00 104.00
291.00 330.00 56.00 104.00
292.00 330.00 55.00 103.00
294.00 329.00 55.00 103.00
295.00 329.00 55.00 103.00
294.00 329.00 55.00 103.00
295.00 328.00 56.00 104.00
293.00 329.00 56.00 104.00
293.00 329.00 56.00 105.00
292.00 330.00 56.00 105.00
291.00 327.00 57.00 105.00
290.00 327.00 57.00 106.00
288.00 328.00 56.00 105.00
288.00 326.00 56.00 105.00
286.00 325.00 56.00 105.00
283.00 325.00 57.00 106.00
279.00 322.00 57.00 106.00
279.00 321.00 57.00 107.00
275.00 319.00 57.00 107.00
273.00 320.00 57.00 107.00
273.00 323.00 57.00 106.00
272.00 323.00 57.00 106.00
274.00 323.00 57.00 106.00
275.00 322.00 57.00 106.00
276.00 323.00 57.00 107.00
277.00 324.00 57.00 107.00
279.00 324.00 58.00 107.00
279.00 327.00 57.00 107.00
281.00 325.00 58.00 107.00
284.00 322.00 58.00 107.00
285.00 325.00 58.00 108.00
285.00 330.00 58.00 108.00
286.00 332.00 57.00 107.00
290.00 332.00 57.00 107.00
293.00 335.00 57.00 106.00
295.00 336.00 57.00 106.00
295.00 339.00 57.00 106.00
294.00 340.00 57.00 106.00
293.00 340.00 57.00 106.00
292.00 339.00 57.00 106.00
291.00 339.00 57.00 106.00
291.00 341.00 57.00 107.00
288.00 340.00 57.00 107.00
285.00 342.00 57.00 107.00
282.00 346.00 57.00 107.00
278.00 349.00 57.00 107.00
276.00 352.00 57.00 107.00
272.00 353.00 58.00 108.00
267.00 358.00 58.00 108.00
261.00 361.00 58.00 109.00
259.00 363.00 58.00 109.00
259.00 362.00 58.00 109.00
258.00 361.00 59.00 109.00
260.00 360.00 59.00 109.00
262.00 359.00 59.00 110.00
262.00 357.00 59.00 110.00
262.00 355.00 59.00 111.00
263.00 353.00 60.00 111.00
267.00 350.00 60.00 112.00
271.00 350.00 60.00 111.00
272.00 350.00 60.00 111.00
276.00 352.00 59.00 110.00
274.00 353.00 59.00 111.00
274.00 353.00 59.00 111.00
276.00 351.00 59.00 111.00
276.00 351.00 59.00 110.00
277.00 355.00 59.00 110.00
275.00 356.00 59.00 110.00
274.00 355.00 59.00 110.00
273.00 354.00 59.00 110.00
272.00 353.00 59.00 111.00
269.00 350.00 60.00 111.00
265.00 351.00 60.00 112.00
262.00 353.00 61.00 113.00
260.00 351.00 61.00 114.00
256.00 352.00 61.00 114.00
254.00 352.00 61.00 114.00
252.00 354.00 61.00 114.00
252.00 356.00 61.00 114.00
253.00 353.00 61.00 115.00
255.00 354.00 62.00 115.00
261.00 354.00 62.00 116.00
265.00 354.00 62.00 116.00
267.00 353.00 62.00 117.00
272.00 350.00 63.00 117.00
277.00 351.00 62.00 116.00
280.00 352.00 62.00 116.00
281.00 354.00 62.00 116.00
280.00 354.00 62.00 116.00
281.00 354.00 62.00 116.00
282.00 354.00 62.00 116.00
281.00 353.00 63.00 117.00
280.00 353.00 63.00 117.00
279.00 353.00 63.00 117.00
278.00 353.00 63.00 118.00
274.00 355.00 64.00 119.00
271.00 355.00 64.00 120.00
268.00 353.00 64.00 120.00
266.00 353.00 64.00 120.00
262.00 353.00 64.00 119.00
260.00 352.00 64.00 119.00
255.00 354.00 64.00 119.00
251.00 355.00 64.00 119.00
249.00 354.00 64.00 119.00
246.00 355.00 64.00 118.00
244.00 352.00 64.00 119.00
240.00 351.00 64.00 120.00
233.00 352.00 64.00 120.00
226.00 356.00 64.00 120.00
223.00 354.00 65.00 121.00
220.00 355.00 65.00 122.00
217.00 358.00 65.00 122.00
213.00 358.00 66.00 123.00
210.00 358.00 66.00 124.00
205.00 359.00 67.00 124.00
200.00 357.00 67.00 124.00
196.00 357.00 67.00 124.00
191.00 354.00 67.00 125.00
185.00 355.00 67.00 125.00
180.00 357.00 67.00 125.00
175.00 355.00 67.00 125.00
172.00 353.00 67.00 125.00
166.00 352.00 67.00 125.00
162.00 351.00 68.00 126.00
158.00 348.00 68.00 127.00
154.00 346.00 68.00 128.00
151.00 346.00 69.00 128.00
150.00 343.00 69.00 129.00
149.00 342.00 70.00 130.00
145.00 339.00 70.00 131.00
143.00 337.00 70.00 131.00
140.00 339.00 71.00 132.00
136.00 337.00 71.00 133.00
132.00 339.00 72.00 133.00
129.00 338.00 72.00 134.00
126.00 336.00 72.00 134.00
124.00 337.00 71.00 133.00
121.00 339.00 71.00 133.00
118.00 341.00 71.00 132.00
113.00 343.00 71.00 132.00
112.00 342.00 70.00 131.00
109.00 342.00 70.00 131.00
106.00 342.00 69.00 129.00
104.00 342.00 69.00 129.00
103.00 342.00 69.00 129.00
101.00 344.00 69.00 129.00
99.00 345.00 69.00 129.00
96.00 345.00 69.00 129.00
95.00 346.00 70.00 130.00
93.00 348.00 70.00 130.00
91.00 346.00 70.00 130.00
93.00 345.00 69.00 130.00
95.00 344.00 69.00 129.00
94.00 342.00 70.00 130.00
97.00 341.00 70.00 130.00
96.00 339.00 70.00 131.00
98.00 339.00 70.00 130.00
101.00 339.00 69.00 130.00
105.00 336.00 69.00 129.00
109.00 335.00 69.00 128.00
112.00 335.00 68.00 127.00
113.00 332.00 69.00 128.00
114.00 333.00 69.00 129.00
115.00 335.00 69.00 129.00
118.00 334.00 69.00 128.00
118.00 336.00 69.00 128.00
118.00 336.00 69.00 128.00
117.00 337.00 68.00 128.00
113.00 340.00 69.00 128.00
113.00 340.00 69.00 128.00
112.00 339.00 69.00 129.00
112.00 338.00 69.00 129.00
110.00 337.00 69.00 129.00
108.00 336.00 69.00 129.00
106.00 333.00 69.00 129.00
101.00 334.00 69.00 129.00
96.00 334.00 69.00 129.00
95.00 332.00 70.00 130.00
90.00 330.00 70.00 130.00
86.00 326.00 70.00 130.00
83.00 324.00 70.00 130.00
79.00 323.00 70.00 130.00
76.00 323.00 70.00 130.00
73.00 323.00 70.00 131.00
71.00 320.00 70.00 131.00
71.00 319.00 70.00 131.00
70.00 319.00 71.00 132.00
68.00 318.00 71.00 132.00
68.00 318.00 71.00 132.00
68.00 316.00 71.00 132.00
70.00 317.00 70.00 131.00
71.00 316.00 70.00 130.00
72.00 318.00 70.00 130.00
73.00 316.00 70.00 130.00
73.00 314.00 70.00 131.00
75.00 313.00 71.00 132.00
77.00 315.00 71.00 132.00
77.00 314.00 71.00 132.00
77.00 315.00 71.00 132.00
77.00 310.00 72.00 133.00
76.00 310.00 72.00 134.00
74.00 310.00 72.00 134.00
72.00 312.00 72.00 134.00
71.00 311.00 72.00 134.00
70.00 307.00 72.00 134.00
68.00 307.00 72.00 134.00
68.00 303.00 72.00 134.00
68.00 301.00 72.00 134.00
65.00 301.00 72.00 134.00
63.00 298.00 72.00 134.00
63.00 295.00 72.00 134.00
62.00 295.00 72.00 133.00
60.00 296.00 71.00 133.00
59.00 296.00 71.00 133.00
55.00 294.00 71.00 132.00
55.00 296.00 70.00 130.00
53.00 296.00 70.00 130.00
50.00 299.00 69.00 129.00
47.00 301.00 69.00 129.00
47.00 303.00 69.00 128.00
45.00 302.00 68.00 128.00
44.00 303.00 68.00 128.00
42.00 305.00 68.00 128.00
41.00 302.00 68.00 128.00
43.00 299.00 69.00 128.00
45.00 297.00 68.00 127.00
46.00 294.00 68.00 127.00
47.00 294.00 68.00 126.00
49.00 293.00 68.00 126.00
50.00 288.00 67.00 126.00
51.00 285.00 67.00 126.00
53.00 281.00 68.00 126.00
52.00 280.00 68.00 127.00
53.00 278.00 68.00 127.00
56.00 273.00 68.00 127.00
54.00 272.00 68.00 127.00
51.00 275.00 68.00 127.00
52.00 275.00 68.00 127.00
52.00 274.00 68.00 127.00
50.00 276.00 68.00 127.00
49.00 275.00 69.00 128.00
50.00 273.00 68.00 127.00
49.00 273.00 68.00 128.00
45.00 277.00 68.00 127.00
44.00 276.00 68.00 127.00
42.00 274.00 68.00 127.00
41.00 277.00 68.00 127.00
36.00 278.00 68.00 126.00
35.00 279.00 67.00 126.00
32.00 279.00 67.00 126.00
31.00 279.00 67.00 125.00
31.00 279.00 67.00 125.00
31.00 278.00 67.00 125.00
32.00 279.00 67.00 124.00
33.00 276.00 67.00 124.00
34.00 274.00 67.00 125.00
32.00 271.00 67.00 125.00
32.00 271.00 67.00 124.00
32.00 269.00 66.00 124.00
34.00 267.00 67.00 125.00
32.00 267.00 67.00 124.00
33.00 267.00 67.00 124.00
32.00 264.00 67.00 124.00
31.00 261.00 66.00 124.00
32.00 261.00 66.00 124.00
32.00 260.00 66.00 124.00
35.00 255.00 67.00 124.00
34.00 253.00 67.00 124.00
34.00 253.00 67.00 125.00
34.00 250.00 67.00 125.00
32.00 250.00 67.00 125.00
30.00 249.00 67.00 126.00
30.00 249.00 67.00 126.00
