93.00 113.00 34.00 109.00
95.00 108.00 34.00 108.00
97.00 106.00 33.00 107.00
103.00 106.00 33.00 106.00
104.00 106.00 33.00 106.00
104.00 102.00 33.00 107.00
106.00 100.00 33.00 107.00
108.00 105.00 33.00 106.00
106.00 108.00 33.00 106.00
109.00 113.00 33.00 105.00
114.00 116.00 32.00 103.00
123.00 120.00 33.00 104.00
128.00 117.00 31.00 101.00
129.00 96.00 32.00 103.00
134.00 89.00 32.00 103.00
136.00 87.00 32.00 103.00
131.00 86.00 32.00 101.00
120.00 80.00 31.00 99.00
122.00 84.00 31.00 98.00
119.00 93.00 30.00 97.00
113.00 102.00 30.00 97.00
108.00 106.00 30.00 96.00
98.00 107.00 30.00 95.00
104.00 111.00 30.00 95.00
103.00 108.00 29.00 94.00
103.00 98.00 29.00 94.00
103.00 94.00 29.00 93.00
102.00 89.00 29.00 93.00
102.00 84.00 29.00 93.00
104.00 84.00 30.00 95.00
110.00 93.00 29.00 94.00
111.00 100.00 30.00 95.00
116.00 108.00 30.00 95.00
123.00 110.00 30.00 95.00
124.00 110.00 30.00 95.00
122.00 101.00 30.00 95.00
123.00 94.00 30.00 96.00
117.00 83.00 30.00 96.00
112.00 78.00 30.00 97.00
110.00 76.00 30.00 98.00
108.00 74.00 30.00 98.00
106.00 82.00 30.00 97.00
103.00 97.00 30.00 97.00
94.00 113.00 30.00 97.00
89.00 121.00 30.00 97.00
88.00 122.00 30.00 97.00
89.00 111.00 30.00 97.00
90.00 100.00 30.00 96.00
93.00 92.00 30.00 96.00
95.00 87.00 30.00 95.00
96.00 83.00 29.00 94.00
100.00 80.00 29.00 93.00
105.00 81.00 29.00 93.00
105.00 88.00 29.00 93.00
109.00 102.00 29.00 94.00
114.00 111.00 29.00 93.00
115.00 110.00 29.00 93.00
121.00 109.00 29.00 93.00
126.00 101.00 29.00 93.00
125.00 94.00 29.00 92.00
119.00 89.00 29.00 92.00
110.00 83.00 28.00 91.00
110.00 79.00 28.00 91.00
107.00 78.00 28.00 90.00
100.00 82.00 28.00 90.00
94.00 90.00 28.00 89.00
84.00 100.00 28.00 89.00
83.00 109.00 27.00 88.00
80.00 110.00 27.00 88.00
78.00 106.00 27.00 88.00
76.00 101.00 27.00 87.00
82.00 98.00 27.00 87.00
89.00 95.00 27.00 87.00
95.00 87.00 27.00 87.00
98.00 85.00 27.00 87.00
104.00 83.00 27.00 86.00
109.00 84.00 27.00 86.00
114.00 93.00 27.00 85.00
127.00 107.00 27.00 85.00
134.00 113.00 27.00 85.00
146.00 110.00 27.00 85.00
156.00 101.00 27.00 85.00
164.00 97.00 26.00 85.00
162.00 99.00 26.00 84.00
149.00 95.00 26.00 84.00
144.00 92.00 26.00 84.00
138.00 83.00 26.00 84.00
131.00 84.00 26.00 85.00
123.00 94.00 26.00 85.00
116.00 107.00 26.00 85.00
110.00 120.00 26.00 85.00
111.00 126.00 26.00 84.00
117.00 136.00 26.00 84.00
119.00 134.00 26.00 84.00
119.00 124.00 26.00 84.00
118.00 115.00 26.00 85.00
116.00 109.00 27.00 85.00
116.00 108.00 27.00 86.00
116.00 106.00 27.00 85.00
121.00 101.00 26.00 85.00
122.00 102.00 26.00 84.00
123.00 106.00 26.00 85.00
133.00 117.00 26.00 85.00
136.00 121.00 27.00 85.00
137.00 126.00 26.00 85.00
141.00 116.00 26.00 85.00
147.00 99.00 27.00 85.00
152.00 88.00 27.00 85.00
151.00 85.00 27.00 85.00
146.00 81.00 26.00 85.00
144.00 75.00 27.00 86.00
142.00 76.00 27.00 85.00
134.00 87.00 26.00 84.00
119.00 92.00 26.00 84.00
113.00 93.00 26.00 84.00
109.00 98.00 26.00 83.00
95.00 95.00 26.00 83.00
88.00 88.00 26.00 83.00
89.00 78.00 26.00 83.00
96.00 72.00 26.00 83.00
99.00 69.00 26.00 84.00
108.00 75.00 26.00 83.00
114.00 86.00 26.00 83.00
119.00 105.00 26.00 83.00
124.00 119.00 26.00 83.00
128.00 121.00 26.00 82.00
129.00 116.00 26.00 82.00
138.00 110.00 26.00 82.00
139.00 104.00 25.00 81.00
134.00 99.00 25.00 81.00
127.00 101.00 25.00 81.00
116.00 105.00 25.00 80.00
109.00 110.00 25.00 80.00
87.00 122.00 25.00 80.00
77.00 133.00 25.00 80.00
73.00 128.00 25.00 80.00
70.00 118.00 25.00 80.00
71.00 111.00 25.00 80.00
82.00 104.00 25.00 80.00
89.00 99.00 25.00 80.00
99.00 100.00 25.00 80.00
109.00 103.00 25.00 80.00
113.00 114.00 25.00 80.00
123.00 124.00 25.00 80.00
135.00 142.00 25.00 80.00
130.00 135.00 25.00 79.00
135.00 114.00 25.00 79.00
138.00 104.00 25.00 79.00
133.00 101.00 24.00 78.00
130.00 101.00 24.00 78.00
126.00 101.00 24.00 78.00
121.00 106.00 24.00 78.00
113.00 117.00 24.00 78.00
100.00 123.00 24.00 78.00
101.00 127.00 24.00 77.00
102.00 126.00 24.00 78.00
105.00 123.00 24.00 78.00
112.00 116.00 24.00 78.00
120.00 109.00 24.00 78.00
127.00 103.00 24.00 78.00
128.00 101.00 24.00 78.00
128.00 102.00 24.00 78.00
128.00 111.00 24.00 77.00
126.00 119.00 24.00 77.00
130.00 125.00 24.00 77.00
130.00 123.00 24.00 76.00
132.00 116.00 24.00 77.00
138.00 108.00 24.00 77.00
135.00 104.00 24.00 77.00
130.00 100.00 24.00 77.00
127.00 96.00 24.00 77.00
121.00 96.00 24.00 77.00
118.00 100.00 24.00 77.00
108.00 112.00 24.00 77.00
100.00 128.00 24.00 77.00
95.00 133.00 24.00 77.00
93.00 121.00 24.00 77.00
92.00 113.00 24.00 77.00
93.00 110.00 24.00 76.00
94.00 105.00 24.00 76.00
93.00 103.00 24.00 76.00
95.00 107.00 24.00 76.00
99.00 114.00 24.00 75.00
105.00 119.00 24.00 76.00
107.00 119.00 24.00 76.00
109.00 115.00 24.00 76.00
114.00 100.00 24.00 76.00
116.00 93.00 24.00 76.00
110.00 92.00 24.00 76.00
104.00 93.00 24.00 76.00
101.00 92.00 24.00 76.00
94.00 96.00 24.00 76.00
81.00 108.00 24.00 76.00
60.00 116.00 24.00 76.00
54.00 126.00 24.00 76.00
52.00 124.00 23.00 75.00
50.00 112.00 23.00 75.00
56.00 111.00 23.00 75.00
64.00 107.00 23.00 75.00
71.00 101.00 23.00 75.00
77.00 103.00 23.00 75.00
83.00 106.00 23.00 75.00
90.00 109.00 23.00 75.00
100.00 109.00 23.00 75.00
112.00 112.00 23.00 75.00
119.00 102.00 23.00 75.00
130.00 88.00 23.00 75.00
133.00 84.00 23.00 75.00
133.00 78.00 23.00 75.00
134.00 76.00 23.00 74.00
131.00 76.00 23.00 74.00
125.00 83.00 23.00 73.00
114.00 95.00 23.00 73.00
107.00 100.00 23.00 73.00
108.00 106.00 23.00 73.00
107.00 98.00 23.00 73.00
107.00 90.00 23.00 74.00
110.00 87.00 23.00 74.00
112.00 85.00 23.00 74.00
111.00 84.00 23.00 75.00
113.00 89.00 23.00 75.00
116.00 94.00 23.00 75.00
120.00 100.00 23.00 75.00
125.00 105.00 23.00 75.00
130.00 105.00 23.00 75.00
140.00 91.00 23.00 75.00
151.00 82.00 23.00 75.00
149.00 77.00 23.00 74.00
147.00 71.00 23.00 74.00
141.00 72.00 23.00 74.00
138.00 77.00 23.00 74.00
130.00 93.00 23.00 74.00
115.00 102.00 23.00 74.00
112.00 107.00 23.00 74.00
106.00 98.00 23.00 75.00
102.00 91.00 23.00 75.00
102.00 89.00 23.00 75.00
108.00 84.00 23.00 75.00
115.00 81.00 23.00 75.00
120.00 88.00 23.00 75.00
129.00 100.00 23.00 75.00
137.00 112.00 23.00 75.00
145.00 116.00 23.00 75.00
147.00 120.00 23.00 75.00
154.00 106.00 24.00 76.00
158.00 96.00 24.00 76.00
154.00 89.00 24.00 76.00
151.00 87.00 24.00 76.00
148.00 90.00 24.00 76.00
141.00 97.00 24.00 76.00
133.00 106.00 24.00 76.00
117.00 113.00 24.00 76.00
115.00 110.00 24.00 76.00
108.00 103.00 24.00 76.00
99.00 92.00 24.00 77.00
99.00 86.00 24.00 77.00
103.00 80.00 24.00 77.00
108.00 79.00 24.00 76.00
113.00 87.00 24.00 76.00
118.00 92.00 23.00 75.00
124.00 104.00 23.00 75.00
130.00 105.00 23.00 75.00
138.00 98.00 23.00 75.00
144.00 84.00 24.00 76.00
145.00 76.00 24.00 76.00
143.00 73.00 24.00 76.00
138.00 74.00 24.00 76.00
133.00 79.00 24.00 76.00
125.00 89.00 24.00 76.00
118.00 98.00 24.00 76.00
107.00 101.00 24.00 76.00
107.00 100.00 24.00 76.00
99.00 94.00 24.00 76.00
91.00 87.00 24.00 76.00
90.00 86.00 24.00 76.00
94.00 81.00 24.00 75.00
99.00 80.00 23.00 75.00
101.00 84.00 24.00 75.00
111.00 95.00 23.00 75.00
117.00 99.00 24.00 75.00
121.00 97.00 24.00 75.00
130.00 94.00 24.00 76.00
133.00 88.00 24.00 76.00
141.00 76.00 24.00 76.00
143.00 70.00 24.00 76.00
141.00 69.00 24.00 77.00
137.00 74.00 24.00 77.00
134.00 83.00 24.00 76.00
130.00 89.00 24.00 76.00
119.00 103.00 24.00 76.00
104.00 119.00 23.00 75.00
99.00 117.00 23.00 75.00
93.00 107.00 23.00 74.00
89.00 104.00 23.00 74.00
90.00 102.00 23.00 74.00
94.00 97.00 23.00 75.00
101.00 95.00 23.00 75.00
108.00 97.00 23.00 74.00
117.00 99.00 23.00 74.00
123.00 97.00 23.00 73.00
125.00 98.00 23.00 73.00
130.00 96.00 23.00 74.00
135.00 81.00 23.00 74.00
137.00 69.00 23.00 74.00
134.00 63.00 23.00 74.00
