204.00 41.00 23.00 30.00
204.00 39.00 23.00 30.00
201.00 38.00 23.00 30.00
200.00 38.00 23.00 30.00
199.00 39.00 23.00 30.00
199.00 42.00 22.00 29.00
197.00 46.00 22.00 29.00
195.00 50.00 22.00 29.00
192.00 55.00 21.00 28.00
190.00 59.00 22.00 28.00
189.00 65.00 22.00 28.00
188.00 71.00 21.00 28.00
186.00 76.00 21.00 28.00
185.00 81.00 21.00 28.00
186.00 86.00 21.00 28.00
187.00 90.00 21.00 27.00
187.00 93.00 21.00 27.00
190.00 95.00 21.00 27.00
191.00 98.00 21.00 27.00
191.00 100.00 21.00 27.00
191.00 101.00 21.00 27.00
190.00 100.00 21.00 27.00
188.00 95.00 21.00 27.00
186.00 88.00 20.00 27.00
184.00 78.00 20.00 26.00
178.00 70.00 20.00 26.00
174.00 56.00 20.00 26.00
173.00 42.00 20.00 26.00
170.00 31.00 19.00 25.00
167.00 21.00 20.00 26.00
152.00 28.00 19.00 25.00
152.00 27.00 19.00 24.00
152.00 29.00 19.00 24.00
140.00 16.00 18.00 23.00
137.00 16.00 18.00 23.00
132.00 16.00 18.00 23.00
128.00 17.00 18.00 23.00
125.00 23.00 18.00 23.00
136.00 26.00 18.00 24.00
137.00 27.00 18.00 24.00
137.00 26.00 18.00 24.00
136.00 26.00 19.00 24.00
137.00 26.00 19.00 24.00
137.00 26.00 19.00 25.00
137.00 26.00 19.00 24.00
137.00 26.00 19.00 25.00
136.00 26.00 19.00 25.00
136.00 26.00 19.00 25.00
136.00 26.00 19.00 24.00
136.00 26.00 19.00 24.00
136.00 26.00 19.00 24.00
136.00 26.00 19.00 24.00
136.00 26.00 19.00 24.00
137.00 26.00 19.00 25.00
136.00 26.00 19.00 24.00
136.00 26.00 19.00 25.00
136.00 26.00 19.00 24.00
136.00 26.00 19.00 24.00
136.00 26.00 19.00 24.00
136.00 26.00 19.00 24.00
137.00 26.00 19.00 24.00
136.00 26.00 19.00 25.00
136.00 26.00 19.00 25.00
136.00 26.00 19.00 25.00
136.00 26.00 19.00 25.00
136.00 26.00 19.00 25.00
136.00 26.00 19.00 25.00
136.00 26.00 19.00 25.00
136.00 26.00 19.00 25.00
136.00 26.00 19.00 25.00
136.00 26.00 19.00 25.00
136.00 26.00 19.00 25.00
136.00 26.00 19.00 24.00
136.00 26.00 19.00 24.00
136.00 26.00 19.00 24.00
136.00 26.00 19.00 24.00
136.00 26.00 19.00 24.00
136.00 26.00 19.00 24.00
136.00 26.00 19.00 24.00
136.00 26.00 19.00 24.00
136.00 26.00 19.00 24.00
136.00 26.00 19.00 24.00
136.00 26.00 19.00 25.00
136.00 26.00 19.00 25.00
