1
525.120605,56.745422,19.675549,19.675549
524.727112,64.222130,19.675549,19.675549
521.383240,82.201515,19.384775,19.384775
521.383240,91.893898,19.384775,19.384775
518.483276,105.127884,19.675549,19.675549
515.914795,109.150230,19.384775,19.384775
2
0
0
0
0
1
543.244995,179.153656,14.784049,14.784049
2
0
0
0
0
1
2
0
0
0
0
1
622.880005,264.820007,17.000000,17.000000
626.203491,266.417999,17.254999,17.254999
630.750977,270.625488,17.000000,17.000000
630.623474,271.878387,17.254999,17.254999
635.454895,270.843109,17.254999,17.254999
636.490173,269.462708,17.254999,17.254999
637.297729,266.190186,17.000000,17.000000
639.677673,266.870209,17.000000,17.000000
639.468323,268.000732,16.748768,16.748768
641.722717,271.615112,17.000000,17.000000
641.250122,273.558228,17.254999,17.254999
642.057617,277.085724,17.000000,17.000000
645.726196,275.922913,17.254999,17.254999
646.761536,276.613129,17.254999,17.254999
648.832153,277.303314,17.254999,17.254999
