1
297.00,139.00,369.00,139.00,369.00,223.00,297.00,223.00
293.00,142.00,365.00,142.00,365.00,227.00,293.00,227.00
292.00,144.00,364.00,144.00,364.00,230.00,292.00,230.00
293.00,146.00,367.00,146.00,367.00,232.00,293.00,232.00
298.00,147.00,372.00,147.00,372.00,234.00,298.00,234.00
301.00,148.00,375.00,148.00,375.00,235.00,301.00,235.00
304.00,147.00,379.00,147.00,379.00,236.00,304.00,236.00
304.00,147.00,379.00,147.00,379.00,236.00,304.00,236.00
303.00,149.00,378.00,149.00,378.00,239.00,303.00,239.00
303.00,150.00,379.00,150.00,379.00,240.00,303.00,240.00
306.00,148.00,382.00,148.00,382.00,238.00,306.00,238.00
314.00,144.00,389.00,144.00,389.00,233.00,314.00,233.00
321.00,138.00,397.00,138.00,397.00,228.00,321.00,228.00
326.00,134.00,404.00,134.00,404.00,225.00,326.00,225.00
328.00,131.00,407.00,131.00,407.00,224.00,328.00,224.00
329.00,130.00,407.00,130.00,407.00,222.00,329.00,222.00
328.00,131.00,407.00,131.00,407.00,223.00,328.00,223.00
329.00,129.00,408.00,129.00,408.00,221.00,329.00,221.00
332.00,123.00,411.00,123.00,411.00,216.00,332.00,216.00
338.00,118.00,417.00,118.00,417.00,211.00,338.00,211.00
343.00,113.00,423.00,113.00,423.00,208.00,343.00,208.00
348.00,110.00,429.00,110.00,429.00,206.00,348.00,206.00
354.00,110.00,435.00,110.00,435.00,206.00,354.00,206.00
363.00,117.00,445.00,117.00,445.00,213.00,363.00,213.00
373.00,126.00,456.00,126.00,456.00,224.00,373.00,224.00
378.00,129.00,461.00,129.00,461.00,227.00,378.00,227.00
371.00,118.00,454.00,118.00,454.00,216.00,371.00,216.00
360.00,104.00,441.00,104.00,441.00,200.00,360.00,200.00
350.00,92.00,431.00,92.00,431.00,188.00,350.00,188.00
343.00,86.00,423.00,86.00,423.00,180.00,343.00,180.00
339.00,83.00,417.00,83.00,417.00,176.00,339.00,176.00
336.00,82.00,414.00,82.00,414.00,175.00,336.00,175.00
336.00,85.00,414.00,85.00,414.00,177.00,336.00,177.00
341.00,93.00,419.00,93.00,419.00,185.00,341.00,185.00
352.00,105.00,431.00,105.00,431.00,198.00,352.00,198.00
398.00,72.00,478.00,72.00,478.00,167.00,398.00,167.00
374.00,130.00,455.00,130.00,455.00,226.00,374.00,226.00
376.00,128.00,455.00,128.00,455.00,222.00,376.00,222.00
366.00,112.00,446.00,112.00,446.00,206.00,366.00,206.00
358.00,95.00,438.00,95.00,438.00,190.00,358.00,190.00
357.00,85.00,436.00,85.00,436.00,179.00,357.00,179.00
356.00,80.00,435.00,80.00,435.00,174.00,356.00,174.00
357.00,80.00,437.00,80.00,437.00,174.00,357.00,174.00
357.00,81.00,438.00,81.00,438.00,176.00,357.00,176.00
360.00,88.00,440.00,88.00,440.00,183.00,360.00,183.00
367.00,103.00,447.00,103.00,447.00,197.00,367.00,197.00
376.00,122.00,455.00,122.00,455.00,216.00,376.00,216.00
383.00,139.00,462.00,139.00,462.00,232.00,383.00,232.00
383.00,140.00,463.00,140.00,463.00,234.00,383.00,234.00
374.00,128.00,453.00,128.00,453.00,221.00,374.00,221.00
367.00,109.00,446.00,109.00,446.00,202.00,367.00,202.00
364.00,97.00,442.00,97.00,442.00,190.00,364.00,190.00
363.00,123.00,442.00,123.00,442.00,216.00,363.00,216.00
361.00,125.00,439.00,125.00,439.00,217.00,361.00,217.00
361.00,130.00,439.00,130.00,439.00,222.00,361.00,222.00
360.00,143.00,437.00,143.00,437.00,234.00,360.00,234.00
362.00,161.00,439.00,161.00,439.00,252.00,362.00,252.00
364.00,183.00,441.00,183.00,441.00,273.00,364.00,273.00
363.00,198.00,439.00,198.00,439.00,289.00,363.00,289.00
356.00,192.00,432.00,192.00,432.00,283.00,356.00,283.00
347.00,168.00,423.00,168.00,423.00,258.00,347.00,258.00
338.00,149.00,414.00,149.00,414.00,239.00,338.00,239.00
337.00,140.00,413.00,140.00,413.00,229.00,337.00,229.00
328.00,139.00,404.00,139.00,404.00,229.00,328.00,229.00
323.00,140.00,398.00,140.00,398.00,229.00,323.00,229.00
320.00,141.00,397.00,141.00,397.00,231.00,320.00,231.00
327.00,147.00,403.00,147.00,403.00,237.00,327.00,237.00
318.00,163.00,393.00,163.00,393.00,252.00,318.00,252.00
316.00,181.00,391.00,181.00,391.00,269.00,316.00,269.00
361.00,182.00,435.00,182.00,435.00,269.00,361.00,269.00
348.00,214.00,422.00,214.00,422.00,302.00,348.00,302.00
341.00,215.00,415.00,215.00,415.00,301.00,341.00,301.00
329.00,206.00,402.00,206.00,402.00,293.00,329.00,293.00
295.00,181.00,368.00,181.00,368.00,268.00,295.00,268.00
300.00,157.00,373.00,157.00,373.00,244.00,300.00,244.00
293.00,121.00,366.00,121.00,366.00,207.00,293.00,207.00
289.00,120.00,363.00,120.00,363.00,206.00,289.00,206.00
286.00,124.00,359.00,124.00,359.00,210.00,286.00,210.00
283.00,129.00,356.00,129.00,356.00,215.00,283.00,215.00
282.00,135.00,355.00,135.00,355.00,221.00,282.00,221.00
283.00,149.00,355.00,149.00,355.00,235.00,283.00,235.00
282.00,167.00,355.00,167.00,355.00,254.00,282.00,254.00
280.00,180.00,352.00,180.00,352.00,266.00,280.00,266.00
278.00,179.00,350.00,179.00,350.00,264.00,278.00,264.00
276.00,166.00,348.00,166.00,348.00,252.00,276.00,252.00
270.00,154.00,342.00,154.00,342.00,239.00,270.00,239.00
301.00,98.00,373.00,98.00,373.00,183.00,301.00,183.00
303.00,110.00,374.00,110.00,374.00,194.00,303.00,194.00
300.00,130.00,370.00,130.00,370.00,214.00,300.00,214.00
2
0
0
0
0
1
231.00,214.00,301.00,214.00,301.00,278.00,231.00,278.00
232.00,210.00,304.00,210.00,304.00,275.00,232.00,275.00
233.00,207.00,305.00,207.00,305.00,272.00,233.00,272.00
237.00,205.00,309.00,205.00,309.00,270.00,237.00,270.00
236.00,200.00,310.00,200.00,310.00,267.00,236.00,267.00
235.00,195.00,310.00,195.00,310.00,263.00,235.00,263.00
237.00,192.00,312.00,192.00,312.00,260.00,237.00,260.00
241.00,192.00,315.00,192.00,315.00,259.00,241.00,259.00
245.00,175.00,320.00,175.00,320.00,242.00,245.00,242.00
255.00,162.00,330.00,162.00,330.00,229.00,255.00,229.00
261.00,150.00,337.00,150.00,337.00,219.00,261.00,219.00
286.00,154.00,363.00,154.00,363.00,222.00,286.00,222.00
2
0
0
0
0
1
238.00,151.00,295.00,151.00,295.00,215.00,238.00,215.00
240.00,148.00,296.00,148.00,296.00,212.00,240.00,212.00
242.00,143.00,297.00,143.00,297.00,205.00,242.00,205.00
241.00,138.00,297.00,138.00,297.00,201.00,241.00,201.00
203.00,132.00,260.00,132.00,260.00,196.00,203.00,196.00
190.00,98.00,245.00,98.00,245.00,160.00,190.00,160.00
192.00,86.00,247.00,86.00,247.00,147.00,192.00,147.00
2
0
0
0
0
1
247.00,134.00,326.00,134.00,326.00,217.00,247.00,217.00
253.00,134.00,331.00,134.00,331.00,217.00,253.00,217.00
254.00,134.00,332.00,134.00,332.00,216.00,254.00,216.00
276.00,151.00,357.00,151.00,357.00,236.00,276.00,236.00
261.00,141.00,340.00,141.00,340.00,225.00,261.00,225.00
260.00,143.00,340.00,143.00,340.00,227.00,260.00,227.00
263.00,147.00,343.00,147.00,343.00,232.00,263.00,232.00
266.00,150.00,348.00,150.00,348.00,235.00,266.00,235.00
271.00,149.00,352.00,149.00,352.00,235.00,271.00,235.00
272.00,147.00,354.00,147.00,354.00,233.00,272.00,233.00
274.00,147.00,355.00,147.00,355.00,232.00,274.00,232.00
273.00,146.00,355.00,146.00,355.00,232.00,273.00,232.00
274.00,149.00,354.00,149.00,354.00,234.00,274.00,234.00
269.00,148.00,349.00,148.00,349.00,233.00,269.00,233.00
268.00,148.00,349.00,148.00,349.00,233.00,268.00,233.00
264.00,148.00,345.00,148.00,345.00,234.00,264.00,234.00
262.00,145.00,344.00,145.00,344.00,232.00,262.00,232.00
263.00,146.00,345.00,146.00,345.00,232.00,263.00,232.00
259.00,147.00,341.00,147.00,341.00,234.00,259.00,234.00
252.00,139.00,335.00,139.00,335.00,226.00,252.00,226.00
245.00,136.00,328.00,136.00,328.00,223.00,245.00,223.00
238.00,133.00,322.00,133.00,322.00,222.00,238.00,222.00
231.00,133.00,314.00,133.00,314.00,221.00,231.00,221.00
224.00,138.00,307.00,138.00,307.00,226.00,224.00,226.00
217.00,140.00,301.00,140.00,301.00,227.00,217.00,227.00
211.00,140.00,295.00,140.00,295.00,229.00,211.00,229.00
207.00,142.00,291.00,142.00,291.00,231.00,207.00,231.00
204.00,138.00,288.00,138.00,288.00,227.00,204.00,227.00
203.00,139.00,286.00,139.00,286.00,226.00,203.00,226.00
196.00,139.00,277.00,139.00,277.00,225.00,196.00,225.00
194.00,137.00,275.00,137.00,275.00,222.00,194.00,222.00
193.00,137.00,273.00,137.00,273.00,221.00,193.00,221.00
193.00,139.00,273.00,139.00,273.00,223.00,193.00,223.00
191.00,164.00,272.00,164.00,272.00,249.00,191.00,249.00
194.00,168.00,277.00,168.00,277.00,256.00,194.00,256.00
200.00,146.00,284.00,146.00,284.00,233.00,200.00,233.00
206.00,147.00,290.00,147.00,290.00,235.00,206.00,235.00
213.00,150.00,297.00,150.00,297.00,239.00,213.00,239.00
219.00,156.00,303.00,156.00,303.00,245.00,219.00,245.00
228.00,157.00,314.00,157.00,314.00,247.00,228.00,247.00
248.00,156.00,333.00,156.00,333.00,245.00,248.00,245.00
250.00,160.00,335.00,160.00,335.00,249.00,250.00,249.00
257.00,162.00,341.00,162.00,341.00,250.00,257.00,250.00
260.00,166.00,344.00,166.00,344.00,254.00,260.00,254.00
264.00,170.00,348.00,170.00,348.00,259.00,264.00,259.00
271.00,172.00,354.00,172.00,354.00,260.00,271.00,260.00
273.00,175.00,356.00,175.00,356.00,263.00,273.00,263.00
269.00,182.00,353.00,182.00,353.00,269.00,269.00,269.00
275.00,183.00,357.00,183.00,357.00,270.00,275.00,270.00
279.00,185.00,361.00,185.00,361.00,272.00,279.00,272.00
285.00,187.00,367.00,187.00,367.00,273.00,285.00,273.00
291.00,184.00,373.00,184.00,373.00,270.00,291.00,270.00
297.00,184.00,378.00,184.00,378.00,270.00,297.00,270.00
302.00,184.00,382.00,184.00,382.00,269.00,302.00,269.00
300.00,185.00,382.00,185.00,382.00,271.00,300.00,271.00
307.00,180.00,389.00,180.00,389.00,266.00,307.00,266.00
312.00,180.00,394.00,180.00,394.00,266.00,312.00,266.00
316.00,180.00,397.00,180.00,397.00,266.00,316.00,266.00
326.00,172.00,407.00,172.00,407.00,258.00,326.00,258.00
331.00,172.00,412.00,172.00,412.00,257.00,331.00,257.00
333.00,177.00,414.00,177.00,414.00,262.00,333.00,262.00
335.00,184.00,416.00,184.00,416.00,269.00,335.00,269.00
338.00,189.00,420.00,189.00,420.00,275.00,338.00,275.00
351.00,156.00,433.00,156.00,433.00,242.00,351.00,242.00
337.00,164.00,418.00,164.00,418.00,249.00,337.00,249.00
335.00,155.00,415.00,155.00,415.00,239.00,335.00,239.00
329.00,150.00,409.00,150.00,409.00,235.00,329.00,235.00
329.00,152.00,408.00,152.00,408.00,235.00,329.00,235.00
328.00,160.00,407.00,160.00,407.00,244.00,328.00,244.00
327.00,175.00,407.00,175.00,407.00,259.00,327.00,259.00
327.00,185.00,408.00,185.00,408.00,269.00,327.00,269.00
329.00,189.00,410.00,189.00,410.00,274.00,329.00,274.00
331.00,184.00,411.00,184.00,411.00,269.00,331.00,269.00
331.00,169.00,413.00,169.00,413.00,255.00,331.00,255.00
332.00,156.00,413.00,156.00,413.00,241.00,332.00,241.00
333.00,146.00,413.00,146.00,413.00,230.00,333.00,230.00
334.00,143.00,413.00,143.00,413.00,225.00,334.00,225.00
333.00,144.00,411.00,144.00,411.00,226.00,333.00,226.00
332.00,151.00,410.00,151.00,410.00,234.00,332.00,234.00
324.00,160.00,403.00,160.00,403.00,243.00,324.00,243.00
325.00,170.00,403.00,170.00,403.00,252.00,325.00,252.00
319.00,176.00,397.00,176.00,397.00,258.00,319.00,258.00
311.00,170.00,388.00,170.00,388.00,252.00,311.00,252.00
302.00,158.00,379.00,158.00,379.00,238.00,302.00,238.00
300.00,150.00,375.00,150.00,375.00,229.00,300.00,229.00
298.00,146.00,372.00,146.00,372.00,224.00,298.00,224.00
295.00,150.00,369.00,150.00,369.00,227.00,295.00,227.00
293.00,154.00,365.00,154.00,365.00,231.00,293.00,231.00
287.00,167.00,359.00,167.00,359.00,243.00,287.00,243.00
287.00,175.00,359.00,175.00,359.00,251.00,287.00,251.00
287.00,185.00,358.00,185.00,358.00,260.00,287.00,260.00
291.00,189.00,361.00,189.00,361.00,263.00,291.00,263.00
294.00,185.00,364.00,185.00,364.00,259.00,294.00,259.00
296.00,178.00,366.00,178.00,366.00,252.00,296.00,252.00
297.00,171.00,366.00,171.00,366.00,243.00,297.00,243.00
297.00,167.00,365.00,167.00,365.00,238.00,297.00,238.00
298.00,167.00,365.00,167.00,365.00,238.00,298.00,238.00
297.00,171.00,365.00,171.00,365.00,242.00,297.00,242.00
297.00,178.00,364.00,178.00,364.00,249.00,297.00,249.00
297.00,185.00,363.00,185.00,363.00,255.00,297.00,255.00
296.00,187.00,362.00,187.00,362.00,257.00,296.00,257.00
294.00,177.00,360.00,177.00,360.00,246.00,294.00,246.00
286.00,169.00,351.00,169.00,351.00,239.00,286.00,239.00
282.00,165.00,347.00,165.00,347.00,234.00,282.00,234.00
282.00,161.00,347.00,161.00,347.00,229.00,282.00,229.00
281.00,161.00,346.00,161.00,346.00,230.00,281.00,230.00
280.00,163.00,345.00,163.00,345.00,232.00,280.00,232.00
280.00,170.00,345.00,170.00,345.00,239.00,280.00,239.00
280.00,177.00,345.00,177.00,345.00,246.00,280.00,246.00
281.00,181.00,346.00,181.00,346.00,250.00,281.00,250.00
282.00,181.00,347.00,181.00,347.00,250.00,282.00,250.00
287.00,171.00,351.00,171.00,351.00,239.00,287.00,239.00
289.00,175.00,354.00,175.00,354.00,243.00,289.00,243.00
291.00,182.00,355.00,182.00,355.00,249.00,291.00,249.00
293.00,183.00,357.00,183.00,357.00,249.00,293.00,249.00
298.00,178.00,361.00,178.00,361.00,244.00,298.00,244.00
298.00,171.00,360.00,171.00,360.00,237.00,298.00,237.00
295.00,166.00,356.00,166.00,356.00,231.00,295.00,231.00
294.00,157.00,355.00,157.00,355.00,221.00,294.00,221.00
294.00,146.00,354.00,146.00,354.00,209.00,294.00,209.00
255.00,133.00,315.00,133.00,315.00,196.00,255.00,196.00
258.00,137.00,318.00,137.00,318.00,200.00,258.00,200.00
258.00,135.00,318.00,135.00,318.00,197.00,258.00,197.00
294.00,149.00,354.00,149.00,354.00,212.00,294.00,212.00
297.00,150.00,356.00,150.00,356.00,212.00,297.00,212.00
299.00,149.00,357.00,149.00,357.00,211.00,299.00,211.00
299.00,148.00,357.00,148.00,357.00,208.00,299.00,208.00
258.00,105.00,315.00,105.00,315.00,166.00,258.00,166.00
261.00,108.00,318.00,108.00,318.00,169.00,261.00,169.00
262.00,115.00,319.00,115.00,319.00,175.00,262.00,175.00
260.00,119.00,318.00,119.00,318.00,180.00,260.00,180.00
255.00,118.00,313.00,118.00,313.00,179.00,255.00,179.00
250.00,110.00,308.00,110.00,308.00,170.00,250.00,170.00
2
0
0
0
0
1
296.00,129.00,339.00,129.00,339.00,178.00,296.00,178.00
294.00,132.00,337.00,132.00,337.00,181.00,294.00,181.00
291.00,137.00,335.00,137.00,335.00,187.00,291.00,187.00
289.00,145.00,334.00,145.00,334.00,196.00,289.00,196.00
289.00,152.00,334.00,152.00,334.00,203.00,289.00,203.00
288.00,155.00,333.00,155.00,333.00,206.00,288.00,206.00
287.00,154.00,331.00,154.00,331.00,204.00,287.00,204.00
288.00,152.00,332.00,152.00,332.00,202.00,288.00,202.00
288.00,149.00,332.00,149.00,332.00,199.00,288.00,199.00
289.00,148.00,333.00,148.00,333.00,198.00,289.00,198.00
292.00,149.00,336.00,149.00,336.00,198.00,292.00,198.00
294.00,152.00,337.00,152.00,337.00,200.00,294.00,200.00
296.00,157.00,338.00,157.00,338.00,205.00,296.00,205.00
296.00,161.00,338.00,161.00,338.00,209.00,296.00,209.00
296.00,163.00,338.00,163.00,338.00,211.00,296.00,211.00
295.00,160.00,337.00,160.00,337.00,208.00,295.00,208.00
295.00,153.00,337.00,153.00,337.00,201.00,295.00,201.00
294.00,146.00,336.00,146.00,336.00,194.00,294.00,194.00
294.00,143.00,335.00,143.00,335.00,190.00,294.00,190.00
294.00,142.00,335.00,142.00,335.00,188.00,294.00,188.00
295.00,142.00,336.00,142.00,336.00,188.00,295.00,188.00
297.00,148.00,337.00,148.00,337.00,193.00,297.00,193.00
298.00,156.00,338.00,156.00,338.00,201.00,298.00,201.00
301.00,151.00,341.00,151.00,341.00,196.00,301.00,196.00
297.00,150.00,338.00,150.00,338.00,196.00,297.00,196.00
299.00,144.00,340.00,144.00,340.00,191.00,299.00,191.00
300.00,138.00,341.00,138.00,341.00,186.00,300.00,186.00
304.00,135.00,345.00,135.00,345.00,182.00,304.00,182.00
306.00,134.00,347.00,134.00,347.00,181.00,306.00,181.00
308.00,137.00,349.00,137.00,349.00,183.00,308.00,183.00
308.00,143.00,349.00,143.00,349.00,189.00,308.00,189.00
307.00,149.00,348.00,149.00,348.00,196.00,307.00,196.00
312.00,141.00,353.00,141.00,353.00,188.00,312.00,188.00
310.00,171.00,350.00,171.00,350.00,217.00,310.00,217.00
307.00,144.00,347.00,144.00,347.00,191.00,307.00,191.00
307.00,135.00,348.00,135.00,348.00,182.00,307.00,182.00
307.00,130.00,348.00,130.00,348.00,177.00,307.00,177.00
308.00,128.00,349.00,128.00,349.00,175.00,308.00,175.00
308.00,130.00,350.00,130.00,350.00,177.00,308.00,177.00
308.00,134.00,350.00,134.00,350.00,181.00,308.00,181.00
312.00,137.00,353.00,137.00,353.00,184.00,312.00,184.00
313.00,138.00,355.00,138.00,355.00,185.00,313.00,185.00
318.00,145.00,359.00,145.00,359.00,192.00,318.00,192.00
312.00,154.00,353.00,154.00,353.00,201.00,312.00,201.00
315.00,149.00,356.00,149.00,356.00,195.00,315.00,195.00
318.00,141.00,358.00,141.00,358.00,187.00,318.00,187.00
316.00,134.00,356.00,134.00,356.00,180.00,316.00,180.00
316.00,132.00,356.00,132.00,356.00,177.00,316.00,177.00
317.00,132.00,357.00,132.00,357.00,178.00,317.00,178.00
315.00,137.00,354.00,137.00,354.00,182.00,315.00,182.00
314.00,143.00,353.00,143.00,353.00,188.00,314.00,188.00
314.00,147.00,353.00,147.00,353.00,192.00,314.00,192.00
313.00,145.00,353.00,145.00,353.00,191.00,313.00,191.00
314.00,140.00,354.00,140.00,354.00,185.00,314.00,185.00
313.00,131.00,354.00,131.00,354.00,176.00,313.00,176.00
313.00,124.00,353.00,124.00,353.00,170.00,313.00,170.00
312.00,120.00,352.00,120.00,352.00,166.00,312.00,166.00
310.00,120.00,351.00,120.00,351.00,165.00,310.00,165.00
308.00,123.00,349.00,123.00,349.00,169.00,308.00,169.00
306.00,130.00,347.00,130.00,347.00,176.00,306.00,176.00
304.00,138.00,345.00,138.00,345.00,184.00,304.00,184.00
300.00,142.00,341.00,142.00,341.00,189.00,300.00,189.00
299.00,142.00,340.00,142.00,340.00,189.00,299.00,189.00
300.00,137.00,341.00,137.00,341.00,183.00,300.00,183.00
299.00,131.00,339.00,131.00,339.00,177.00,299.00,177.00
297.00,128.00,338.00,128.00,338.00,174.00,297.00,174.00
299.00,126.00,339.00,126.00,339.00,172.00,299.00,172.00
298.00,127.00,338.00,127.00,338.00,172.00,298.00,172.00
299.00,131.00,339.00,131.00,339.00,176.00,299.00,176.00
299.00,138.00,338.00,138.00,338.00,184.00,299.00,184.00
297.00,145.00,337.00,145.00,337.00,190.00,297.00,190.00
300.00,151.00,340.00,151.00,340.00,196.00,300.00,196.00
301.00,149.00,342.00,149.00,342.00,195.00,301.00,195.00
303.00,140.00,344.00,140.00,344.00,186.00,303.00,186.00
306.00,134.00,347.00,134.00,347.00,180.00,306.00,180.00
309.00,130.00,349.00,130.00,349.00,176.00,309.00,176.00
311.00,129.00,350.00,129.00,350.00,175.00,311.00,175.00
313.00,131.00,352.00,131.00,352.00,176.00,313.00,176.00
313.00,135.00,353.00,135.00,353.00,180.00,313.00,180.00
314.00,139.00,353.00,139.00,353.00,184.00,314.00,184.00
313.00,142.00,353.00,142.00,353.00,187.00,313.00,187.00
314.00,144.00,353.00,144.00,353.00,189.00,314.00,189.00
312.00,143.00,352.00,143.00,352.00,187.00,312.00,187.00
314.00,141.00,353.00,141.00,353.00,185.00,314.00,185.00
314.00,141.00,353.00,141.00,353.00,185.00,314.00,185.00
316.00,144.00,354.00,144.00,354.00,188.00,316.00,188.00
318.00,144.00,356.00,144.00,356.00,188.00,318.00,188.00
320.00,145.00,358.00,145.00,358.00,188.00,320.00,188.00
320.00,144.00,358.00,144.00,358.00,187.00,320.00,187.00
319.00,143.00,357.00,143.00,357.00,186.00,319.00,186.00
316.00,143.00,353.00,143.00,353.00,185.00,316.00,185.00
311.00,142.00,348.00,142.00,348.00,184.00,311.00,184.00
310.00,143.00,347.00,143.00,347.00,185.00,310.00,185.00
310.00,143.00,346.00,143.00,346.00,185.00,310.00,185.00
310.00,144.00,346.00,144.00,346.00,185.00,310.00,185.00
308.00,144.00,344.00,144.00,344.00,185.00,308.00,185.00
329.00,139.00,365.00,139.00,365.00,180.00,329.00,180.00
329.00,141.00,365.00,141.00,365.00,182.00,329.00,182.00
326.00,142.00,362.00,142.00,362.00,183.00,326.00,183.00
335.00,135.00,370.00,135.00,370.00,176.00,335.00,176.00
324.00,139.00,360.00,139.00,360.00,180.00,324.00,180.00
318.00,103.00,354.00,103.00,354.00,143.00,318.00,143.00
318.00,107.00,354.00,107.00,354.00,147.00,318.00,147.00
314.00,127.00,350.00,127.00,350.00,168.00,314.00,168.00
306.00,135.00,341.00,135.00,341.00,176.00,306.00,176.00
323.00,140.00,359.00,140.00,359.00,180.00,323.00,180.00
326.00,140.00,361.00,140.00,361.00,181.00,326.00,181.00
328.00,142.00,363.00,142.00,363.00,182.00,328.00,182.00
329.00,144.00,364.00,144.00,364.00,184.00,329.00,184.00
341.00,123.00,376.00,123.00,376.00,163.00,341.00,163.00
344.00,123.00,379.00,123.00,379.00,163.00,344.00,163.00
2
0
0
0
0
1
346.00,144.00,382.00,144.00,382.00,191.00,346.00,191.00
348.00,145.00,384.00,145.00,384.00,192.00,348.00,192.00
349.00,148.00,384.00,148.00,384.00,195.00,349.00,195.00
349.00,151.00,385.00,151.00,385.00,198.00,349.00,198.00
344.00,125.00,380.00,125.00,380.00,172.00,344.00,172.00
344.00,129.00,380.00,129.00,380.00,176.00,344.00,176.00
325.00,149.00,361.00,149.00,361.00,196.00,325.00,196.00
324.00,152.00,360.00,152.00,360.00,199.00,324.00,199.00
320.00,157.00,357.00,157.00,357.00,204.00,320.00,204.00
