702.00 345.00 45.00 134.00
702.00 345.00 45.00 134.00
702.00 345.00 45.00 134.00
702.00 345.00 45.00 134.00
702.00 345.00 45.00 134.00
702.00 348.22 45.00 134.00
702.00 351.43 45.00 134.00
702.33 355.59 44.33 132.02
702.66 356.57 43.68 130.07
702.33 358.76 44.33 132.02
703.71 359.73 43.68 130.07
705.06 360.70 43.03 128.15
706.40 361.64 42.40 126.25
706.71 365.56 41.77 124.39
707.02 372.36 41.15 122.55
707.33 379.06 40.55 120.74
709.54 385.67 39.95 118.95
711.46 388.52 39.95 118.95
714.34 394.23 39.95 118.95
718.41 397.92 39.36 117.20
721.49 401.56 38.78 115.46
724.53 410.60 38.20 113.76
728.42 414.13 37.64 112.08
732.26 417.61 37.08 110.42
733.41 415.82 36.53 108.79
736.28 411.47 35.99 107.18
738.24 412.27 35.46 105.60
741.86 413.05 34.94 104.04
745.42 416.28 34.42 102.50
749.36 415.51 34.94 104.04
753.55 420.50 34.94 104.04
759.59 431.11 34.42 102.50
765.20 440.33 34.94 104.04
770.05 449.69 35.46 105.60
774.96 461.75 35.99 107.18
786.97 466.17 36.53 108.79
788.47 465.36 37.08 110.42
787.29 464.53 37.64 112.08
785.18 460.96 38.20 113.76
782.10 457.33 38.78 115.46
777.08 450.84 39.36 117.20
771.04 444.25 39.95 118.95
775.60 431.77 40.55 120.74
769.37 422.04 41.15 122.55
762.05 415.15 41.77 124.39
753.59 408.16 42.40 126.25
745.01 404.14 43.03 128.15
739.45 400.05 43.68 130.07
733.80 399.08 44.33 132.02
729.15 401.30 45.00 134.00
725.52 400.30 45.68 136.01
721.84 399.28 46.36 138.05
722.18 397.03 45.68 136.01
721.44 391.61 45.00 134.00
720.71 389.43 44.33 132.02
720.71 386.26 44.33 132.02
724.96 383.09 44.33 132.02
724.63 378.89 45.00 134.00
724.29 377.88 45.68 136.01
725.71 372.45 45.00 134.00
726.79 369.24 45.00 134.00
727.87 369.24 45.00 134.00
730.33 367.06 44.33 132.02
732.76 368.04 43.68 130.07
736.18 372.07 43.03 128.15
737.51 373.02 42.40 126.25
738.23 369.00 43.03 128.15
738.55 366.91 42.40 126.25
739.86 361.88 41.77 124.39
736.50 357.91 42.40 126.25
734.46 354.88 42.40 126.25
732.43 351.85 42.40 126.25
730.73 349.80 41.77 124.39
726.35 348.87 42.40 126.25
720.65 352.79 41.77 124.39
716.64 355.77 41.77 124.39
712.63 355.77 41.77 124.39
708.25 354.84 42.40 126.25
703.80 353.89 43.03 128.15
698.23 352.93 43.68 130.07
693.65 351.95 44.33 132.02
689.39 351.95 44.33 132.02
685.14 351.95 44.33 132.02
678.75 351.95 44.33 132.02
672.37 351.95 44.33 132.02
666.41 352.93 43.68 130.07
658.63 355.12 44.33 132.02
650.74 357.35 45.00 134.00
643.62 361.51 44.33 132.02
635.56 362.48 43.68 130.07
629.69 366.52 43.03 128.15
623.08 365.56 43.68 130.07
617.83 365.56 43.68 130.07
612.19 364.58 44.33 132.02
607.53 366.81 45.00 134.00
603.61 370.97 44.33 132.02
600.04 373.19 45.00 134.00
596.80 379.63 45.00 134.00
593.94 386.95 44.33 132.02
589.02 394.17 43.68 130.07
583.78 397.29 43.68 130.07
575.40 394.17 43.68 130.07
569.11 394.17 43.68 130.07
562.82 391.05 43.68 130.07
558.62 384.81 43.68 130.07
555.10 380.66 44.33 132.02
554.38 375.39 43.68 130.07
554.38 372.27 43.68 130.07
554.70 370.16 43.03 128.15
553.67 367.08 43.03 128.15
552.64 370.16 43.03 128.15
552.96 371.11 42.40 126.25
552.96 374.14 42.40 126.25
552.96 380.20 42.40 126.25
554.27 384.11 41.77 124.39
557.01 383.18 42.40 126.25
562.10 380.15 42.40 126.25
569.22 377.12 42.40 126.25
576.35 374.09 42.40 126.25
583.26 370.07 43.03 128.15
589.22 365.99 43.68 130.07
594.71 363.87 43.03 128.15
599.88 363.87 43.03 128.15
605.04 360.80 43.03 128.15
609.43 364.77 42.40 126.25
614.27 363.83 43.03 128.15
618.14 369.11 43.68 130.07
623.63 370.07 43.03 128.15
627.50 369.11 43.68 130.07
630.92 363.92 43.03 128.15
632.99 357.77 43.03 128.15
634.32 352.65 42.40 126.25
635.64 347.62 41.77 124.39
637.92 345.59 41.15 122.55
640.17 343.60 40.55 120.74
642.39 341.64 39.95 118.95
645.01 340.75 40.55 120.74
647.23 341.64 39.95 118.95
648.47 342.52 39.36 117.20
648.76 343.38 38.78 115.46
649.96 341.51 38.20 113.76
650.24 336.97 37.64 112.08
650.52 335.15 37.08 110.42
651.41 329.85 37.08 110.42
651.13 326.33 37.64 112.08
652.30 324.51 37.08 110.42
652.93 326.37 37.64 112.08
653.83 326.37 37.64 112.08
653.55 328.26 38.20 113.76
654.73 334.48 37.64 112.08
656.29 333.64 38.20 113.76
658.12 336.37 38.20 113.76
659.69 335.51 38.78 115.46
661.56 335.51 38.78 115.46
663.42 335.51 38.78 115.46
664.07 334.65 39.36 117.20
665.69 333.77 39.95 118.95
666.37 332.88 40.55 120.74
668.04 334.91 41.15 122.55
669.73 336.98 41.77 124.39
671.74 342.95 41.77 124.39
673.74 348.92 41.77 124.39
676.48 351.02 42.40 126.25
679.26 353.15 43.03 128.15
682.09 352.18 43.68 130.07
686.01 351.21 44.33 132.02
688.92 353.43 45.00 134.00
691.38 354.42 44.33 132.02
692.76 355.40 43.68 130.07
693.08 353.29 43.03 128.15
694.42 351.20 42.40 126.25
695.73 349.15 41.77 124.39
697.03 350.07 41.15 122.55
697.33 350.97 40.55 120.74
696.67 357.58 39.95 118.95
696.97 364.08 39.36 117.20
700.98 373.26 38.78 115.46
704.94 382.30 38.20 113.76
708.37 389.76 38.78 115.46
710.92 400.15 39.36 117.20
713.50 410.69 39.95 118.95
715.14 415.59 40.55 120.74
713.85 417.63 41.15 122.55
710.53 416.71 41.77 124.39
706.15 412.75 42.40 126.25
701.70 408.72 43.03 128.15
697.19 404.64 43.68 130.07
694.73 397.33 44.33 132.02
692.24 389.91 45.00 134.00
689.71 382.37 45.68 136.01
688.97 376.95 45.00 134.00
688.23 374.77 44.33 132.02
687.51 375.74 43.68 130.07
687.51 372.62 43.68 130.07
687.51 369.50 43.68 130.07
686.80 367.39 43.03 128.15
686.10 362.27 42.40 126.25
685.41 363.21 41.77 124.39
686.71 361.18 41.15 122.55
687.01 362.09 40.55 120.74
687.31 362.98 39.95 118.95
687.61 363.86 39.36 117.20
686.97 359.18 38.78 115.46
685.73 355.51 39.36 117.20
683.52 348.92 39.95 118.95
683.22 345.13 40.55 120.74
681.93 344.22 41.15 122.55
680.62 343.30 41.77 124.39
679.29 345.40 42.40 126.25
677.94 347.53 43.03 128.15
675.87 353.68 43.03 128.15
670.31 352.72 43.68 130.07
661.92 352.72 43.68 130.07
654.58 349.60 43.68 130.07
647.24 346.47 43.68 130.07
637.81 343.35 43.68 130.07
629.87 344.31 43.03 128.15
621.03 345.26 42.40 126.25
613.32 346.19 41.77 124.39
604.87 345.26 42.40 126.25
596.29 350.46 43.03 128.15
589.68 352.63 43.68 130.07
585.87 350.51 43.03 128.15
585.17 348.43 42.40 126.25
585.17 345.40 42.40 126.25
584.85 344.45 43.03 128.15
585.88 344.45 43.03 128.15
585.88 344.45 43.03 128.15
586.92 344.45 43.03 128.15
587.23 348.43 42.40 126.25
585.88 350.56 43.03 128.15
587.22 351.50 42.40 126.25
589.54 352.44 41.77 124.39
590.24 351.50 42.40 126.25
591.26 354.53 42.40 126.25
591.57 358.45 41.77 124.39
591.26 357.52 42.40 126.25
589.22 357.52 42.40 126.25
585.15 354.49 42.40 126.25
580.45 355.42 41.77 124.39
575.82 356.34 41.15 122.55
571.26 360.14 40.55 120.74
568.00 359.24 41.15 122.55
562.67 358.32 41.77 124.39
558.29 357.39 42.40 126.25
554.22 357.39 42.40 126.25
550.15 360.42 42.40 126.25
546.08 363.45 42.40 126.25
540.99 363.45 42.40 126.25
534.89 360.42 42.40 126.25
527.76 357.39 42.40 126.25
522.68 357.39 42.40 126.25
514.54 354.36 42.40 126.25
509.45 354.36 42.40 126.25
505.38 354.36 42.40 126.25
502.32 357.39 42.40 126.25
499.27 360.42 42.40 126.25
496.58 364.33 41.77 124.39
491.95 371.14 41.15 122.55
484.05 382.90 41.15 122.55
477.13 394.67 41.15 122.55
469.81 405.69 41.77 124.39
465.80 414.64 41.77 124.39
464.47 413.71 42.40 126.25
466.21 409.69 43.03 128.15
467.99 402.48 43.68 130.07
472.98 395.17 44.33 132.02
476.97 387.75 45.00 134.00
481.01 380.22 45.68 136.01
484.01 375.88 46.36 138.05
487.05 374.85 47.06 140.12
490.74 372.57 46.36 138.05
494.07 375.88 46.36 138.05
499.64 375.88 46.36 138.05
506.31 375.88 46.36 138.05
512.99 375.88 46.36 138.05
523.00 372.57 46.36 138.05
534.31 367.06 45.68 136.01
545.44 364.85 45.00 134.00
555.35 365.84 44.33 132.02
566.16 366.82 43.68 130.07
576.81 364.70 43.03 128.15
587.14 364.70 43.03 128.15
598.50 364.70 43.03 128.15
608.83 361.63 43.03 128.15
622.14 357.54 43.68 130.07
635.77 357.54 43.68 130.07
647.45 358.50 43.03 128.15
658.81 361.58 43.03 128.15
667.27 365.56 42.40 126.25
673.60 369.47 41.77 124.39
678.84 370.39 41.15 122.55
681.81 367.45 41.15 122.55
683.08 368.36 40.55 120.74
685.03 365.46 40.55 120.74
686.00 362.56 40.55 120.74
687.95 356.77 40.55 120.74
692.08 354.80 39.95 118.95
691.79 353.91 40.55 120.74
689.21 351.95 39.95 118.95
684.04 351.06 40.55 120.74
678.80 350.15 41.15 122.55
673.48 349.23 41.77 124.39
668.08 348.30 42.40 126.25
662.60 344.28 43.03 128.15
659.13 343.32 43.68 130.07
655.61 345.51 44.33 132.02
652.04 347.73 45.00 134.00
648.41 346.73 45.68 136.01
644.03 349.99 45.68 136.01
639.64 349.99 45.68 136.01
634.85 352.29 46.36 138.05
629.28 352.29 46.36 138.05
624.15 356.57 45.68 136.01
620.16 357.58 45.00 134.00
615.84 357.58 45.00 134.00
611.92 358.57 44.33 132.02
608.35 360.79 45.00 134.00
604.03 364.01 45.00 134.00
599.31 369.53 45.68 136.01
593.40 375.14 46.36 138.05
588.26 379.42 45.68 136.01
579.49 382.69 45.68 136.01
570.72 385.95 45.68 136.01
561.95 385.95 45.68 136.01
554.28 385.95 45.68 136.01
547.70 382.69 45.68 136.01
542.64 380.48 45.00 134.00
537.65 381.47 44.33 132.02
531.92 383.69 45.00 134.00
526.93 384.68 44.33 132.02
521.61 387.85 44.33 132.02
517.35 394.19 44.33 132.02
514.16 397.36 44.33 132.02
511.67 396.37 45.00 134.00
510.24 395.36 45.68 136.01
510.24 395.36 45.68 136.01
511.33 392.10 45.68 136.01
513.53 392.10 45.68 136.01
516.81 388.83 45.68 136.01
520.92 384.50 46.36 138.05
526.22 380.10 47.06 140.12
530.74 376.74 47.06 140.12
534.97 372.27 47.76 142.22
538.41 368.86 47.76 142.22
541.85 365.45 47.76 142.22
544.14 362.03 47.76 142.22
546.11 360.97 48.48 144.36
549.60 360.97 48.48 144.36
551.93 360.97 48.48 144.36
555.42 364.43 48.48 144.36
558.07 368.91 47.76 142.22
559.21 372.32 47.76 142.22
561.83 380.10 47.06 140.12
562.95 383.46 47.06 140.12
564.08 383.46 47.06 140.12
566.34 383.46 47.06 140.12
568.60 383.46 47.06 140.12
570.86 383.46 47.06 140.12
571.99 383.46 47.06 140.12
571.22 384.50 46.36 138.05
570.47 382.26 45.68 136.01
567.18 382.26 45.68 136.01
562.39 377.92 46.36 138.05
557.25 378.94 45.68 136.01
553.27 379.95 45.00 134.00
548.28 380.94 44.33 132.02
544.41 385.03 43.68 130.07
538.77 384.06 44.33 132.02
534.51 384.06 44.33 132.02
530.25 387.23 44.33 132.02
525.60 389.45 45.00 134.00
520.61 393.61 44.33 132.02
516.75 397.71 43.68 130.07
511.51 400.83 43.68 130.07
504.80 403.02 44.33 132.02
497.98 402.03 45.00 134.00
491.50 405.25 45.00 134.00
485.02 408.47 45.00 134.00
478.54 414.90 45.00 134.00
473.14 421.33 45.00 134.00
467.74 430.98 45.00 134.00
463.42 440.63 45.00 134.00
460.18 443.84 45.00 134.00
458.75 442.84 45.68 136.01
458.41 438.50 46.36 138.05
460.32 434.11 47.06 140.12
463.71 427.38 47.06 140.12
468.22 424.02 47.06 140.12
471.61 420.65 47.06 140.12
474.18 421.69 46.36 138.05
476.72 422.71 45.68 136.01
479.71 425.00 46.36 138.05
483.05 425.00 46.36 138.05
486.09 420.60 47.06 140.12
491.47 416.14 47.76 142.22
496.93 408.14 48.48 144.36
502.75 404.68 48.48 144.36
508.29 400.08 49.20 146.52
513.91 395.41 49.94 148.72
518.71 391.84 49.94 148.72
523.50 388.27 49.94 148.72
527.10 384.70 49.94 148.72
532.19 382.29 49.20 146.52
536.04 379.90 48.48 144.36
539.53 379.90 48.48 144.36
542.71 375.31 49.20 146.52
547.44 375.31 49.20 146.52
552.45 372.92 48.48 144.36
555.95 376.39 48.48 144.36
560.89 377.45 47.76 142.22
564.63 381.87 47.06 140.12
570.54 386.22 46.36 138.05
578.56 387.24 45.68 136.01
587.53 385.03 45.00 134.00
597.44 382.85 44.33 132.02
606.83 381.86 45.00 134.00
616.55 381.86 45.00 134.00
625.19 381.86 45.00 134.00
634.91 385.07 45.00 134.00
645.53 380.80 45.68 136.01
657.75 381.81 45.00 134.00
669.79 379.63 44.33 132.02
679.55 377.49 43.68 130.07
690.20 378.45 43.03 128.15
698.66 379.39 42.40 126.25
705.78 379.39 42.40 126.25
709.85 379.39 42.40 126.25
713.18 380.33 41.77 124.39
715.91 376.36 42.40 126.25
717.66 369.27 43.03 128.15
718.69 366.19 43.03 128.15
721.05 361.08 42.40 126.25
721.05 358.05 42.40 126.25
721.05 355.02 42.40 126.25
721.36 352.96 41.77 124.39
720.68 353.88 41.15 122.55
720.68 353.88 41.15 122.55
719.69 350.94 41.15 122.55
719.39 350.02 41.77 124.39
718.06 349.09 42.40 126.25
716.36 350.02 41.77 124.39
714.36 347.04 41.77 124.39
713.36 347.04 41.77 124.39
713.36 347.04 41.77 124.39
712.35 347.04 41.77 124.39
712.35 344.05 41.77 124.39
712.66 344.97 41.15 122.55
712.97 342.98 40.55 120.74
712.66 345.01 41.15 122.55
712.35 347.08 41.77 124.39
712.35 350.07 41.77 124.39
712.66 353.93 41.15 122.55
712.35 358.98 41.77 124.39
711.67 365.78 41.15 122.55
711.67 371.66 41.15 122.55
710.69 377.54 41.15 122.55
709.70 377.54 41.15 122.55
707.72 377.54 41.15 122.55
703.77 374.60 41.15 122.55
699.21 372.61 40.55 120.74
693.76 367.79 39.95 118.95
686.50 363.05 39.36 117.20
678.94 357.42 39.36 117.20
671.93 350.83 39.95 118.95
664.26 345.12 39.95 118.95
656.59 342.27 39.95 118.95
647.01 339.41 39.95 118.95
636.98 335.62 40.55 120.74
626.80 334.72 41.15 122.55
616.46 330.81 41.77 124.39
606.99 329.88 42.40 126.25
596.81 326.85 42.40 126.25
585.14 322.83 43.03 128.15
575.28 323.77 42.40 126.25
564.56 327.69 41.77 124.39
555.00 331.55 41.15 122.55
546.54 332.46 40.55 120.74
541.09 333.35 39.95 118.95
535.72 331.42 39.36 117.20
532.28 329.51 38.78 115.46
529.82 330.37 38.20 113.76
528.30 328.52 37.64 112.08
526.49 325.83 37.64 112.08
525.88 324.00 37.08 110.42
526.15 322.21 36.53 108.79
527.29 320.44 35.99 107.18
528.40 318.70 35.46 105.60
529.25 316.16 35.46 105.60
530.10 316.16 35.46 105.60
530.10 316.16 35.46 105.60
529.84 317.94 35.99 107.18
530.45 319.75 36.53 108.79
531.95 321.59 37.08 110.42
533.48 320.76 37.64 112.08
536.87 319.92 38.20 113.76
539.37 319.06 38.78 115.46
541.91 318.20 39.36 117.20
543.54 317.32 39.95 118.95
546.16 313.53 40.55 120.74
546.84 312.62 41.15 122.55
548.54 311.70 41.77 124.39
550.26 313.80 42.40 126.25
550.97 319.01 43.03 128.15
552.75 321.17 43.68 130.07
553.79 327.41 43.68 130.07
554.84 330.53 43.68 130.07
555.89 333.65 43.68 130.07
556.94 336.77 43.68 130.07
559.33 337.74 43.03 128.15
560.36 337.74 43.03 128.15
562.13 339.90 43.68 130.07
563.93 338.92 44.33 132.02
565.76 337.93 45.00 134.00
567.62 340.19 45.68 136.01
569.50 339.17 46.36 138.05
572.54 341.50 47.06 140.12
576.23 345.85 46.36 138.05
579.27 344.81 47.06 140.12
583.78 344.81 47.06 140.12
587.17 344.81 47.06 140.12
589.11 343.76 47.76 142.22
591.72 344.81 47.06 140.12
592.85 348.17 47.06 140.12
595.43 349.21 46.36 138.05
597.96 353.49 45.68 136.01
599.84 359.10 46.36 138.05
600.62 364.79 47.06 140.12
603.20 375.76 46.36 138.05
605.73 386.58 45.68 136.01
608.73 392.18 46.36 138.05
613.46 396.47 45.68 136.01
619.79 398.76 46.36 138.05
636.57 399.78 45.68 136.01
650.95 397.57 45.00 134.00
661.92 398.56 44.33 132.02
670.64 396.41 43.68 130.07
669.93 391.22 43.03 128.15
669.61 387.14 43.68 130.07
678.19 385.03 43.03 128.15
690.45 405.92 43.68 130.07
697.57 404.94 44.33 132.02
709.27 395.44 44.33 132.02
716.72 395.44 44.33 132.02
727.53 393.29 43.68 130.07
740.25 391.18 43.03 128.15
750.74 395.15 42.40 126.25
759.08 402.06 41.77 124.39
773.21 394.15 41.15 122.55
780.33 392.16 40.55 120.74
781.30 392.16 40.55 120.74
782.27 392.16 40.55 120.74
779.70 390.20 39.95 118.95
778.10 388.26 39.36 117.20
773.38 382.64 39.36 117.20
767.16 380.73 38.78 115.46
760.25 377.05 39.36 117.20
755.17 373.32 39.95 118.95
749.03 369.53 40.55 120.74
743.79 365.68 41.15 122.55
738.46 361.78 41.77 124.39
733.06 360.85 42.40 126.25
725.52 359.90 43.03 128.15
716.81 358.94 43.68 130.07
706.90 361.13 44.33 132.02
697.93 366.57 45.00 134.00
689.92 368.83 45.68 136.01
681.62 369.84 45.00 134.00
671.90 369.84 45.00 134.00
663.26 369.84 45.00 134.00
653.05 368.83 45.68 136.01
643.81 371.13 46.36 138.05
635.56 373.45 47.06 140.12
628.33 375.82 47.76 142.22
620.77 376.87 47.06 140.12
614.00 376.87 47.06 140.12
605.62 372.40 47.76 142.22
599.20 366.73 47.06 140.12
592.87 364.45 46.36 138.05
585.54 358.94 45.68 136.01
579.40 356.73 45.00 134.00
574.00 353.51 45.00 134.00
567.52 350.30 45.00 134.00
560.60 349.29 45.68 136.01
553.58 344.96 46.36 138.05
546.46 340.56 47.06 140.12
539.23 336.10 47.76 142.22
532.35 336.10 47.76 142.22
525.47 339.51 47.76 142.22
519.74 339.51 47.76 142.22
515.16 339.51 47.76 142.22
511.31 338.44 48.48 144.36
509.37 339.51 47.76 142.22
508.60 337.20 47.06 140.12
507.47 333.84 47.06 140.12
508.60 330.47 47.06 140.12
510.06 328.20 46.36 138.05
511.50 325.95 45.68 136.01
512.91 323.74 45.00 134.00
513.99 323.74 45.00 134.00
513.99 323.74 45.00 134.00
515.07 326.96 45.00 134.00
516.15 330.17 45.00 134.00
518.31 330.17 45.00 134.00
522.63 330.17 45.00 134.00
525.87 330.17 45.00 134.00
529.11 330.17 45.00 134.00
532.64 331.16 44.33 132.02
535.55 330.17 45.00 134.00
538.01 327.99 44.33 132.02
539.83 327.00 45.00 134.00
541.99 327.00 45.00 134.00
544.15 327.00 45.00 134.00
545.55 327.99 44.33 132.02
547.68 327.99 44.33 132.02
549.81 327.99 44.33 132.02
552.23 328.97 43.68 130.07
554.03 331.16 44.33 132.02
556.16 337.50 44.33 132.02
559.07 339.73 45.00 134.00
561.53 350.22 44.33 132.02
562.59 356.56 44.33 132.02
563.34 358.78 45.00 134.00
561.91 361.04 45.68 136.01
560.08 358.83 45.00 134.00
556.16 356.65 44.33 132.02
550.84 350.32 44.33 132.02
546.19 346.11 45.00 134.00
541.87 339.68 45.00 134.00
536.47 336.46 45.00 134.00
532.15 333.25 45.00 134.00
527.83 333.25 45.00 134.00
523.51 333.25 45.00 134.00
519.58 331.07 44.33 132.02
515.72 328.92 43.68 130.07
511.91 329.88 43.03 128.15
507.78 329.88 43.03 128.15
503.65 332.96 43.03 128.15
500.91 333.91 42.40 126.25
498.88 333.91 42.40 126.25
497.53 332.96 43.03 128.15
498.25 328.88 43.68 130.07
499.61 323.69 43.03 128.15
501.38 319.60 43.68 130.07
503.77 317.49 43.03 128.15
506.12 318.44 42.40 126.25
507.87 317.49 43.03 128.15
510.22 321.47 42.40 126.25
512.26 324.50 42.40 126.25
515.04 326.62 43.03 128.15
518.14 329.70 43.03 128.15
523.30 329.70 43.03 128.15
530.32 328.74 43.68 130.07
537.44 327.76 44.33 132.02
544.89 327.76 44.33 132.02
551.03 329.99 45.00 134.00
556.18 325.72 45.68 136.01
561.91 326.72 45.00 134.00
568.63 327.72 44.33 132.02
574.20 328.69 43.68 130.07
579.69 329.65 43.03 128.15
584.85 332.73 43.03 128.15
589.77 338.01 43.68 130.07
594.76 343.37 44.33 132.02
600.08 346.54 44.33 132.02
606.23 348.77 45.00 134.00
612.47 351.02 45.68 136.01
618.80 353.32 46.36 138.05
625.48 353.32 46.36 138.05
630.78 355.65 47.06 140.12
635.58 356.68 46.36 138.05
639.21 354.44 45.68 136.01
641.09 353.42 46.36 138.05
644.43 353.42 46.36 138.05
648.88 356.73 46.36 138.05
652.51 364.28 45.68 136.01
657.17 368.50 45.00 134.00
659.63 375.83 44.33 132.02
661.76 382.16 44.33 132.02
663.88 385.33 44.33 132.02
666.31 389.43 43.68 130.07
668.70 393.47 43.03 128.15
671.05 397.44 42.40 126.25
672.07 403.50 42.40 126.25
672.78 408.71 43.03 128.15
673.51 413.99 43.68 130.07
674.24 419.35 44.33 132.02
674.99 418.36 45.00 134.00
674.99 415.14 45.00 134.00
674.65 410.87 45.68 136.01
672.46 410.87 45.68 136.01
671.01 406.54 46.36 138.05
671.35 410.83 45.68 136.01
673.85 411.83 45.00 134.00
675.24 415.99 44.33 132.02
676.31 419.16 44.33 132.02
678.43 425.49 44.33 132.02
681.34 427.72 45.00 134.00
685.39 433.24 45.68 136.01
686.16 432.22 46.36 138.05
685.81 427.83 47.06 140.12
680.87 423.36 47.76 142.22
677.03 418.83 48.48 144.36
674.30 414.23 49.20 146.52
670.34 409.56 49.94 148.72
