250.00 283.00 35.00 69.00
250.26 283.51 34.48 67.98
250.26 283.51 34.48 67.98
250.00 283.00 35.00 69.00
251.09 285.14 34.48 67.98
251.91 283.51 34.48 67.98
251.91 283.51 34.48 67.98
253.34 283.00 35.00 69.00
255.63 279.12 35.52 70.04
257.09 276.89 36.06 71.09
259.46 276.36 36.60 72.15
260.97 279.33 37.15 73.23
260.69 278.78 37.70 74.33
262.50 280.57 37.70 74.33
265.45 282.87 37.15 73.23
268.36 286.88 36.60 72.15
269.50 294.23 36.06 71.09
270.62 301.48 35.53 70.04
270.88 302.00 35.00 69.00
272.79 309.04 34.48 67.98
274.68 315.97 33.97 66.98
276.54 318.05 33.47 65.99
277.58 321.65 32.98 65.01
278.60 322.13 32.49 64.05
278.84 322.61 32.01 63.10
280.38 322.61 32.01 63.10
281.91 322.61 32.01 63.10
282.45 320.60 32.49 64.05
283.00 317.00 32.98 65.01
284.36 310.17 33.47 65.99
284.61 310.66 32.98 65.01
285.96 305.42 33.47 65.99
286.53 300.11 33.97 66.98
287.93 297.97 34.48 67.98
288.51 295.81 35.00 69.00
289.60 294.69 34.48 67.98
289.85 295.19 33.97 66.98
291.71 295.68 33.47 65.99
292.75 296.17 32.98 65.01
293.77 298.19 32.49 64.05
293.77 299.72 32.49 64.05
291.15 297.68 32.98 65.01
291.15 297.68 32.98 65.01
287.99 293.00 32.98 65.01
284.53 289.35 33.47 65.99
280.51 286.18 33.47 65.99
276.49 283.01 33.47 65.99
272.98 280.91 33.97 66.98
272.73 280.41 34.48 67.98
270.54 280.91 33.97 66.98
266.97 278.78 34.48 67.98
263.35 278.27 35.00 69.00
260.53 277.75 35.53 70.04
256.59 276.61 35.00 69.00
256.85 277.12 34.48 67.98
253.23 274.96 35.00 69.00
249.87 276.61 35.00 69.00
246.82 277.12 34.48 67.98
244.63 277.62 33.97 66.98
243.28 278.12 33.47 65.99
243.52 278.61 32.98 65.01
242.21 277.55 32.49 64.05
241.68 278.02 32.01 63.10
241.92 277.00 31.54 62.17
242.15 275.99 31.07 61.25
243.11 274.99 30.61 60.35
243.11 274.99 30.61 60.35
244.06 272.58 30.16 59.46
245.71 270.21 29.71 58.58
247.85 268.80 29.71 58.58
249.08 268.37 30.16 59.46
251.25 268.37 30.16 59.46
251.25 268.37 30.16 59.46
253.23 269.37 30.61 60.35
255.23 270.39 31.07 61.25
257.27 269.93 31.54 62.17
260.11 269.46 32.01 63.10
262.21 268.99 32.49 64.05
261.96 268.51 32.98 65.01
264.12 268.02 33.47 65.99
265.50 267.52 33.97 66.98
267.36 268.02 33.47 65.99
268.40 268.51 32.98 65.01
269.98 268.51 32.98 65.01
269.98 268.51 32.98 65.01
269.98 268.51 32.98 65.01
270.54 268.02 33.47 65.99
270.29 267.52 33.97 66.98
271.34 268.02 33.47 65.99
272.15 268.02 33.47 65.99
272.15 268.02 33.47 65.99
273.18 268.51 32.98 65.01
273.98 271.63 32.98 65.01
275.78 275.18 32.49 64.05
276.79 278.68 32.01 63.10
277.33 282.82 32.49 64.05
277.33 282.82 32.49 64.05
278.34 289.35 32.01 63.10
279.33 294.30 31.54 62.17
280.84 297.28 31.54 62.17
284.80 300.68 31.07 61.25
289.44 301.13 30.61 60.35
290.39 301.58 30.16 59.46
294.89 302.02 29.71 58.58
300.03 301.06 29.27 57.71
304.40 300.13 28.84 56.86
316.89 307.27 28.41 56.02
323.15 306.36 27.99 55.19
324.01 306.77 27.58 54.37
328.13 304.60 27.17 53.57
332.04 303.31 27.17 53.57
336.47 300.30 27.58 54.37
341.89 298.13 27.17 53.57
346.59 294.73 26.77 52.78
348.06 295.12 26.38 52.00
352.62 294.27 25.99 51.23
358.75 292.64 26.38 52.00
364.98 292.25 26.77 52.78
372.61 293.14 27.17 53.57
380.35 294.04 27.58 54.37
381.01 294.04 27.58 54.37
384.83 296.28 27.99 55.19
388.71 297.21 28.41 56.02
390.94 297.63 27.99 55.19
392.47 298.03 27.58 54.37
392.67 297.15 27.17 53.57
392.67 297.15 27.17 53.57
392.87 296.28 26.77 52.78
392.44 295.42 26.38 52.00
390.96 292.50 26.77 52.78
386.84 289.53 27.17 53.57
384.65 287.82 27.58 54.37
384.45 287.42 27.99 55.19
382.87 285.66 28.41 56.02
380.58 283.87 28.84 56.86
378.96 283.45 29.27 57.71
376.60 283.01 29.71 58.58
374.21 284.00 30.16 59.46
373.98 283.56 30.61 60.35
371.52 284.57 31.07 61.25
369.01 287.10 31.54 62.17
367.24 289.66 32.01 63.10
365.44 289.19 32.49 64.05
364.40 287.15 32.98 65.01
364.16 286.66 33.47 65.99
362.82 284.03 32.98 65.01
361.77 280.37 33.47 65.99
362.02 276.18 32.98 65.01
362.81 273.06 32.98 65.01
364.61 270.46 32.49 64.05
364.85 270.94 32.01 63.10
366.60 269.91 31.54 62.17
368.33 268.90 31.07 61.25
369.29 267.90 30.61 60.35
370.24 268.35 30.16 59.46
371.89 267.38 29.71 58.58
372.81 267.82 29.27 57.71
374.41 266.88 28.84 56.86
376.67 265.95 28.41 56.02
380.24 265.04 27.99 55.19
383.10 264.15 27.58 54.37
386.56 265.83 27.17 53.57
389.17 265.83 27.17 53.57
389.17 265.83 27.17 53.57
391.13 267.12 27.17 53.57
392.61 267.52 26.77 52.78
393.06 265.83 27.17 53.57
394.37 264.55 27.17 53.57
394.37 264.55 27.17 53.57
394.16 261.54 27.58 54.37
394.16 258.93 27.58 54.37
393.96 254.55 27.99 55.19
393.96 253.22 27.99 55.19
393.50 252.32 27.58 54.37
393.50 252.32 27.58 54.37
391.95 251.92 27.99 55.19
390.83 252.32 27.58 54.37
389.08 254.01 27.17 53.57
388.00 255.67 26.77 52.78
387.14 255.28 27.17 53.57
386.94 254.88 27.58 54.37
386.06 254.47 27.99 55.19
385.17 254.05 28.41 56.02
384.26 253.63 28.84 56.86
383.35 251.82 29.27 57.71
382.41 251.39 29.71 58.58
382.19 250.95 30.16 59.46
381.47 249.52 30.16 59.46
380.74 250.95 30.16 59.46
379.05 250.50 30.61 60.35
378.31 253.40 30.61 60.35
378.54 256.70 30.16 59.46
377.58 256.25 30.61 60.35
377.80 260.98 30.16 59.46
377.80 263.84 30.16 59.46
377.80 265.26 30.16 59.46
377.58 264.82 30.61 60.35
378.09 264.36 31.07 61.25
377.86 263.90 31.54 62.17
378.39 264.95 32.01 63.10
378.93 266.02 32.49 64.05
378.69 267.10 32.98 65.01
378.69 267.10 32.98 65.01
378.69 267.10 32.98 65.01
378.69 267.10 32.98 65.01
378.69 267.10 32.98 65.01
378.69 268.66 32.98 65.01
378.93 272.21 32.49 64.05
378.93 275.29 32.49 64.05
379.71 276.82 32.49 64.05
379.71 276.82 32.49 64.05
380.49 276.82 32.49 64.05
381.50 278.81 32.01 63.10
382.04 278.34 32.49 64.05
382.28 281.84 32.01 63.10
383.27 285.29 31.54 62.17
383.51 285.75 31.07 61.25
384.47 290.55 30.61 60.35
385.42 293.85 30.16 59.46
387.07 297.10 29.71 58.58
388.69 298.92 29.27 57.71
390.10 300.30 29.27 57.71
390.32 300.73 28.84 56.86
391.50 301.69 29.27 57.71
392.00 305.47 29.71 58.58
393.22 307.89 30.16 59.46
393.73 311.78 30.61 60.35
394.25 314.27 31.07 61.25
394.01 313.81 31.54 62.17
394.77 313.81 31.54 62.17
395.00 312.80 31.07 61.25
394.50 310.36 30.61 60.35
394.00 306.52 30.16 59.46
394.51 303.18 30.61 60.35
394.28 301.26 31.07 61.25
394.80 299.31 31.54 62.17
395.34 297.33 32.01 63.10
397.43 298.39 32.49 64.05
397.98 299.47 32.98 65.01
399.34 302.15 33.47 65.99
399.09 301.65 33.97 66.98
400.49 306.05 34.48 67.98
402.15 310.94 34.48 67.98
403.57 315.40 35.00 69.00
403.31 319.92 35.53 70.04
402.17 321.10 36.06 71.09
401.90 320.57 36.60 72.15
400.44 321.10 36.06 71.09
396.66 318.84 36.60 72.15
393.15 315.38 36.60 72.15
389.30 311.32 37.15 73.23
386.31 307.20 37.70 74.33
386.03 306.65 38.27 75.45
383.60 303.64 37.70 74.33
380.88 300.07 37.70 74.33
379.07 296.50 37.70 74.33
377.26 292.93 37.70 74.33
375.45 291.15 37.70 74.33
375.45 291.15 37.70 74.33
373.64 289.36 37.70 74.33
372.14 289.91 37.15 73.23
371.25 291.67 37.15 73.23
369.76 293.94 36.60 72.15
368.30 296.18 36.06 71.09
368.03 295.65 36.60 72.15
368.30 296.18 36.06 71.09
368.30 294.48 36.06 71.09
369.42 291.64 35.53 70.04
370.53 290.50 35.00 69.00
371.61 289.38 34.48 67.98
371.87 289.88 33.97 66.98
372.92 288.79 33.47 65.99
373.96 287.72 32.98 65.01
374.20 288.20 32.49 64.05
375.21 287.16 32.01 63.10
375.45 286.13 31.54 62.17
375.45 286.13 31.54 62.17
375.68 286.59 31.07 61.25
375.68 286.59 31.07 61.25
376.65 287.05 30.61 60.35
376.87 288.92 30.16 59.46
377.81 289.36 29.71 58.58
377.81 289.36 29.71 58.58
378.03 288.41 29.27 57.71
377.81 286.57 29.71 58.58
376.86 284.70 30.16 59.46
375.90 282.81 30.61 60.35
374.43 281.36 30.61 60.35
374.43 281.36 30.61 60.35
372.23 279.91 30.61 60.35
369.76 277.99 31.07 61.25
367.26 274.54 31.54 62.17
364.72 272.56 32.01 63.10
362.14 270.55 32.49 64.05
362.14 270.55 32.49 64.05
359.52 268.51 32.98 65.01
356.35 266.95 32.98 65.01
353.98 266.95 32.98 65.01
351.32 266.46 33.47 65.99
347.81 267.58 33.97 66.98
347.55 267.07 34.48 67.98
344.77 268.22 35.00 69.00
341.41 269.88 35.00 69.00
337.74 271.04 35.53 70.04
334.64 273.21 35.00 69.00
330.44 274.87 35.00 69.00
330.44 274.87 35.00 69.00
325.40 276.53 35.00 69.00
321.52 277.03 34.48 67.98
316.89 279.14 33.97 66.98
313.93 279.64 33.47 65.99
310.41 279.14 33.97 66.98
310.16 278.64 34.48 67.98
307.97 277.54 33.97 66.98
305.52 277.54 33.97 66.98
303.07 277.54 33.97 66.98
300.63 279.14 33.97 66.98
299.27 282.81 33.47 65.99
299.02 282.31 33.97 66.98
297.67 285.97 33.47 65.99
294.45 289.14 33.47 65.99
289.63 290.73 33.47 65.99
285.92 291.21 32.98 65.01
281.17 289.65 32.98 65.01
280.12 289.16 33.47 65.99
276.41 288.09 32.98 65.01
271.67 288.09 32.98 65.01
267.40 287.60 33.47 65.99
262.58 287.60 33.47 65.99
258.08 289.65 32.98 65.01
257.03 289.16 33.47 65.99
252.53 289.65 32.98 65.01
246.53 291.67 32.49 64.05
241.40 292.14 32.01 63.10
237.09 291.12 31.54 62.17
233.60 291.58 31.07 61.25
233.83 292.03 30.61 60.35
231.88 291.05 30.16 59.46
230.68 290.08 29.71 58.58
230.20 287.74 29.27 57.71
229.49 286.36 29.27 57.71
229.27 284.52 29.71 58.58
229.27 284.52 29.71 58.58
229.99 281.71 29.71 58.58
230.70 280.30 29.71 58.58
231.20 279.86 30.16 59.46
231.92 278.44 30.16 59.46
232.43 277.99 30.61 60.35
232.20 277.54 31.07 61.25
233.48 278.57 31.54 62.17
235.55 278.11 32.01 63.10
237.65 279.17 32.49 64.05
239.78 278.69 32.98 65.01
242.75 278.20 33.47 65.99
242.75 278.20 33.47 65.99
245.76 277.71 33.97 66.98
249.02 277.71 33.97 66.98
252.48 276.62 33.47 65.99
254.68 276.12 33.97 66.98
256.91 273.99 34.48 67.98
256.65 273.48 35.00 69.00
259.39 272.36 34.48 67.98
260.81 270.19 35.00 69.00
262.72 270.70 34.48 67.98
264.61 271.20 33.97 66.98
266.24 272.81 33.97 66.98
266.24 272.81 33.97 66.98
268.10 274.89 33.47 65.99
270.72 278.50 32.98 65.01
272.30 280.06 32.98 65.01
275.67 283.61 32.49 64.05
278.98 285.60 32.01 63.10
278.98 285.60 32.01 63.10
281.86 286.66 32.49 64.05
285.94 288.65 32.01 63.10
288.82 289.72 32.49 64.05
291.94 292.79 32.49 64.05
292.72 292.79 32.49 64.05
292.72 292.79 32.49 64.05
293.26 293.87 32.98 65.01
293.26 293.87 32.98 65.01
291.41 293.38 33.47 65.99
289.28 292.31 32.98 65.01
286.12 292.31 32.98 65.01
286.12 292.31 32.98 65.01
283.24 291.25 32.49 64.05
280.41 293.24 32.01 63.10
277.34 293.24 32.01 63.10
274.55 295.20 31.54 62.17
271.05 297.13 31.07 61.25
270.30 297.13 31.07 61.25
267.32 297.13 31.07 61.25
265.08 298.60 31.07 61.25
262.38 300.50 30.61 60.35
259.71 303.80 30.16 59.46
255.81 306.25 30.61 60.35
255.81 306.25 30.61 60.35
251.85 307.27 31.07 61.25
247.07 306.81 31.54 62.17
242.83 307.27 31.07 61.25
237.61 307.27 31.07 61.25
232.84 308.30 31.54 62.17
232.60 307.83 32.01 63.10
227.99 310.86 32.01 63.10
223.38 315.41 32.01 63.10
218.47 319.54 32.49 64.05
215.06 322.18 32.98 65.01
212.40 323.28 33.47 65.99
212.15 322.79 33.97 66.98
211.60 321.70 33.47 65.99
211.35 319.60 33.97 66.98
212.16 316.38 33.97 66.98
211.91 312.61 34.48 67.98
212.49 308.79 35.00 69.00
212.22 308.28 35.53 70.04
212.82 306.04 36.06 71.09
214.55 304.34 36.06 71.09
215.42 304.34 36.06 71.09
216.03 305.54 36.60 72.15
218.03 307.78 36.06 71.09
218.30 308.30 35.53 70.04
220.85 309.98 35.53 70.04
224.48 310.50 35.00 69.00
228.48 308.30 35.53 70.04
233.59 306.62 35.53 70.04
239.73 303.83 35.00 69.00
239.73 303.83 35.00 69.00
244.59 299.95 35.53 70.04
248.85 298.27 35.53 70.04
253.11 294.90 35.53 70.04
257.38 291.54 35.53 70.04
261.64 288.18 35.53 70.04
261.64 288.18 35.53 70.04
264.83 285.95 36.06 71.09
269.36 284.79 35.53 70.04
272.77 283.11 35.53 70.04
277.24 283.63 35.00 69.00
281.63 284.14 34.48 67.98
281.89 284.64 33.97 66.98
286.16 288.30 33.47 65.99
289.37 289.89 33.47 65.99
293.57 293.50 32.98 65.01
297.72 295.51 32.49 64.05
301.80 297.50 32.01 63.10
302.03 297.97 31.54 62.17
305.25 298.43 31.07 61.25
309.15 298.88 30.61 60.35
312.27 299.33 30.16 59.46
316.06 298.36 29.71 58.58
320.91 297.92 30.16 59.46
321.84 298.36 29.71 58.58
326.98 298.79 29.27 57.71
331.75 295.55 29.71 58.58
335.15 295.11 30.16 59.46
338.59 294.66 30.61 60.35
342.84 294.21 31.07 61.25
342.61 293.75 31.54 62.17
346.21 294.80 32.01 63.10
349.87 294.33 32.49 64.05
353.95 296.31 32.01 63.10
358.73 296.78 31.54 62.17
363.10 296.31 32.01 63.10
363.64 295.84 32.49 64.05
368.15 296.92 32.98 65.01
372.72 299.60 33.47 65.99
376.54 302.32 33.97 66.98
381.25 305.08 34.48 67.98
385.20 306.23 35.00 69.00
386.04 306.23 35.00 69.00
388.33 305.71 35.53 70.04
389.18 304.03 35.53 70.04
389.45 302.89 35.00 69.00
389.70 301.77 34.48 67.98
389.96 300.66 33.97 66.98
390.21 301.16 33.47 65.99
389.67 301.65 32.98 65.01
389.91 302.13 32.49 64.05
389.38 304.11 32.01 63.10
386.80 302.10 32.49 64.05
384.18 300.06 32.98 65.01
384.18 300.06 32.98 65.01
381.53 297.99 33.47 65.99
374.65 296.92 32.98 65.01
371.78 294.32 32.49 64.05
369.44 292.79 32.49 64.05
366.82 290.75 32.98 65.01
366.03 290.75 32.98 65.01
363.37 290.26 33.47 65.99
360.45 290.75 32.98 65.01
356.99 291.84 33.47 65.99
353.48 292.96 33.97 66.98
349.40 292.96 33.97 66.98
349.40 292.96 33.97 66.98
345.33 292.96 33.97 66.98
340.43 291.35 33.97 66.98
336.36 291.35 33.97 66.98
331.96 289.21 34.48 67.98
328.96 288.11 33.97 66.98
328.96 288.11 33.97 66.98
326.80 287.02 33.47 65.99
324.10 283.31 33.97 66.98
322.75 282.22 33.47 65.99
321.14 279.05 33.47 65.99
320.34 277.47 33.47 65.99
320.34 277.47 33.47 65.99
319.53 277.47 33.47 65.99
317.65 276.98 33.97 66.98
317.10 279.05 33.47 65.99
316.55 281.10 32.98 65.01
314.97 282.66 32.98 65.01
314.97 282.66 32.98 65.01
312.60 284.22 32.98 65.01
308.64 284.22 32.98 65.01
304.21 283.17 32.49 64.05
299.21 281.13 32.98 65.01
293.67 279.56 32.98 65.01
293.67 279.56 32.98 65.01
288.92 279.56 32.98 65.01
284.97 279.56 32.98 65.01
279.90 279.08 33.47 65.99
275.08 279.08 33.47 65.99
269.94 280.19 33.97 66.98
269.94 280.19 33.97 66.98
265.05 280.19 33.97 66.98
259.67 280.68 33.47 65.99
253.25 280.68 33.47 65.99
246.37 282.73 32.98 65.01
241.16 283.21 32.49 64.05
239.86 283.69 32.01 63.10
235.56 285.64 31.54 62.17
232.06 286.10 31.07 61.25
230.82 285.11 30.61 60.35
231.05 284.13 30.16 59.46
231.98 283.16 29.71 58.58
232.20 283.59 29.27 57.71
234.49 281.29 28.84 56.86
237.44 279.02 28.41 56.02
240.33 276.79 27.99 55.19
242.53 275.89 27.58 54.37
245.17 275.89 27.58 54.37
244.97 275.48 27.99 55.19
247.65 276.81 27.99 55.19
250.85 277.74 28.41 56.02
254.10 278.68 28.84 56.86
258.10 278.26 29.27 57.71
262.87 277.82 29.71 58.58
262.65 277.38 30.16 59.46
267.57 276.94 30.61 60.35
272.56 276.48 31.07 61.25
276.87 274.53 31.54 62.17
281.24 274.07 32.01 63.10
284.12 272.06 32.49 64.05
285.12 272.53 32.01 63.10
288.00 272.06 32.49 64.05
292.09 272.53 32.01 63.10
296.11 274.49 31.54 62.17
300.81 276.42 31.07 61.25
304.36 278.94 31.54 62.17
304.36 278.94 31.54 62.17
308.91 283.42 31.54 62.17
313.61 288.29 31.07 61.25
318.83 292.70 31.07 61.25
324.94 297.50 30.61 60.35
329.51 300.80 30.16 59.46
330.44 301.23 29.71 58.58
334.18 303.05 29.27 57.71
337.85 303.48 28.84 56.86
340.11 303.90 28.41 56.02
344.05 302.11 28.84 56.86
348.75 301.69 29.27 57.71
349.25 301.26 29.71 58.58
352.64 299.39 30.16 59.46
362.70 291.70 30.61 60.35
366.95 288.31 31.07 61.25
370.50 286.36 31.54 62.17
374.87 284.38 32.01 63.10
374.63 283.90 32.49 64.05
378.34 281.86 32.98 65.01
382.92 281.37 33.47 65.99
