387.00 232.00 41.00 42.00
385.36 231.32 40.39 41.38
381.84 228.69 39.80 40.77
374.61 224.17 39.21 40.17
368.41 218.77 38.63 39.57
358.65 215.32 38.06 38.99
345.38 209.33 38.63 39.57
331.05 218.04 38.06 38.99
313.15 213.00 38.63 39.57
302.51 215.59 39.21 40.17
297.44 214.31 39.80 40.77
298.11 215.00 40.39 41.38
297.81 214.69 41.00 42.00
297.81 214.69 41.00 42.00
297.81 214.69 41.00 42.00
297.81 214.69 41.00 42.00
297.81 214.69 41.00 42.00
297.81 215.70 41.00 42.00
297.81 214.69 41.00 42.00
297.81 214.69 41.00 42.00
297.81 214.69 41.00 42.00
297.81 214.69 41.00 42.00
297.81 214.69 41.00 42.00
297.81 214.69 41.00 42.00
297.81 214.69 41.00 42.00
297.81 214.69 41.00 42.00
297.81 214.69 41.00 42.00
297.81 214.69 41.00 42.00
297.81 214.69 41.00 42.00
298.11 215.00 40.39 41.38
298.11 215.00 40.39 41.38
297.81 214.69 41.00 42.00
297.81 214.69 41.00 42.00
297.81 214.69 41.00 42.00
297.81 214.69 41.00 42.00
297.81 214.69 41.00 42.00
297.81 214.69 41.00 42.00
297.81 214.69 41.00 42.00
297.81 214.69 41.00 42.00
297.81 214.69 41.00 42.00
297.81 214.69 41.00 42.00
297.81 214.69 41.00 42.00
297.81 214.69 41.00 42.00
297.81 214.69 41.00 42.00
297.81 214.69 41.00 42.00
297.81 214.69 41.00 42.00
297.81 214.69 41.00 42.00
297.81 214.69 41.00 42.00
297.81 214.69 41.00 42.00
297.81 214.69 41.00 42.00
297.81 214.69 41.00 42.00
297.81 214.69 41.00 42.00
297.81 214.69 41.00 42.00
297.81 214.69 41.00 42.00
297.81 214.69 41.00 42.00
297.81 214.69 41.00 42.00
297.81 214.69 41.00 42.00
297.81 214.69 41.00 42.00
297.81 214.69 41.00 42.00
297.81 214.69 41.00 42.00
297.81 214.69 41.00 42.00
297.81 214.69 41.00 42.00
297.81 214.69 41.00 42.00
297.81 214.69 41.00 42.00
297.81 214.69 41.00 42.00
297.81 214.69 41.00 42.00
297.81 214.69 41.00 42.00
297.81 214.69 41.00 42.00
297.81 214.69 41.00 42.00
297.81 214.69 41.00 42.00
297.81 214.69 41.00 42.00
297.81 214.69 41.00 42.00
297.81 214.69 41.00 42.00
297.81 214.69 41.00 42.00
297.81 214.69 41.00 42.00
297.81 214.69 41.00 42.00
297.81 214.69 41.00 42.00
297.81 214.69 41.00 42.00
297.81 214.69 41.00 42.00
297.81 214.69 41.00 42.00
297.81 214.69 41.00 42.00
297.81 214.69 41.00 42.00
297.81 214.69 41.00 42.00
297.81 214.69 41.00 42.00
297.81 214.69 41.00 42.00
297.81 214.69 41.00 42.00
297.81 214.69 41.00 42.00
297.81 214.69 41.00 42.00
297.81 214.69 41.00 42.00
297.81 214.69 41.00 42.00
297.81 214.69 41.00 42.00
297.81 214.69 41.00 42.00
297.81 214.69 41.00 42.00
297.81 214.69 41.00 42.00
297.81 214.69 41.00 42.00
297.81 214.69 41.00 42.00
297.81 214.69 41.00 42.00
297.81 214.69 41.00 42.00
297.81 214.69 41.00 42.00
297.81 214.69 41.00 42.00
297.81 214.69 41.00 42.00
297.81 214.69 41.00 42.00
297.81 214.69 41.00 42.00
297.81 214.69 41.00 42.00
297.81 214.69 41.00 42.00
297.81 214.69 41.00 42.00
297.81 214.69 41.00 42.00
297.81 214.69 41.00 42.00
297.81 214.69 41.00 42.00
297.81 214.69 41.00 42.00
297.81 214.69 41.00 42.00
297.81 214.69 41.00 42.00
297.81 214.69 41.00 42.00
297.81 214.69 41.00 42.00
297.81 214.69 41.00 42.00
297.81 214.69 41.00 42.00
297.81 214.69 41.00 42.00
297.81 214.69 41.00 42.00
297.81 214.69 41.00 42.00
297.81 214.69 41.00 42.00
297.81 214.69 41.00 42.00
297.81 214.69 41.00 42.00
297.81 214.69 41.00 42.00
297.81 214.69 41.00 42.00
297.81 214.69 41.00 42.00
297.81 214.69 41.00 42.00
297.81 214.69 41.00 42.00
297.81 214.69 41.00 42.00
297.81 214.69 41.00 42.00
297.81 214.69 41.00 42.00
297.81 214.69 41.00 42.00
297.81 214.69 41.00 42.00
297.81 214.69 41.00 42.00
297.81 214.69 41.00 42.00
297.81 214.69 41.00 42.00
297.81 214.69 41.00 42.00
297.81 214.69 41.00 42.00
297.81 214.69 41.00 42.00
297.81 214.69 41.00 42.00
297.81 214.69 41.00 42.00
297.81 214.69 41.00 42.00
297.81 214.69 41.00 42.00
297.81 214.69 41.00 42.00
297.81 214.69 41.00 42.00
297.81 214.69 41.00 42.00
297.81 214.69 41.00 42.00
297.81 214.69 41.00 42.00
297.81 214.69 41.00 42.00
297.81 214.69 41.00 42.00
297.81 214.69 41.00 42.00
297.81 214.69 41.00 42.00
297.81 214.69 41.00 42.00
297.81 214.69 41.00 42.00
297.81 214.69 41.00 42.00
297.81 214.69 41.00 42.00
297.81 214.69 41.00 42.00
297.81 214.69 41.00 42.00
297.81 214.69 41.00 42.00
297.81 214.69 41.00 42.00
297.81 214.69 41.00 42.00
297.81 214.69 41.00 42.00
297.81 214.69 41.00 42.00
297.81 214.69 41.00 42.00
297.81 214.69 41.00 42.00
297.81 214.69 41.00 42.00
297.81 214.69 41.00 42.00
297.81 214.69 41.00 42.00
297.81 214.69 41.00 42.00
297.81 214.69 41.00 42.00
297.81 214.69 41.00 42.00
297.81 214.69 41.00 42.00
297.81 214.69 41.00 42.00
297.81 214.69 41.00 42.00
297.81 214.69 41.00 42.00
297.81 214.69 41.00 42.00
297.81 214.69 41.00 42.00
297.81 214.69 41.00 42.00
297.81 214.69 41.00 42.00
297.81 214.69 41.00 42.00
297.81 214.69 41.00 42.00
297.81 214.69 41.00 42.00
297.81 214.69 41.00 42.00
297.81 214.69 41.00 42.00
297.81 214.69 41.00 42.00
297.81 214.69 41.00 42.00
297.81 214.69 41.00 42.00
297.81 214.69 41.00 42.00
297.81 214.69 41.00 42.00
297.81 214.69 41.00 42.00
297.81 214.69 41.00 42.00
297.81 214.69 41.00 42.00
297.81 214.69 41.00 42.00
297.81 214.69 41.00 42.00
297.81 214.69 41.00 42.00
297.81 214.69 41.00 42.00
297.81 214.69 41.00 42.00
297.81 214.69 41.00 42.00
297.81 214.69 41.00 42.00
297.81 214.69 41.00 42.00
297.81 214.69 41.00 42.00
297.81 214.69 41.00 42.00
297.81 214.69 41.00 42.00
297.81 214.69 41.00 42.00
296.50 214.38 41.62 42.63
299.23 209.90 42.24 43.27
297.89 214.85 42.87 43.92
296.18 214.13 42.24 43.27
297.49 214.45 41.62 42.63
297.79 214.77 41.00 42.00
297.79 214.77 41.00 42.00
297.79 214.77 41.00 42.00
297.79 214.77 41.00 42.00
297.79 214.77 41.00 42.00
297.79 214.77 41.00 42.00
297.79 214.77 41.00 42.00
297.79 214.77 41.00 42.00
297.79 214.77 41.00 42.00
297.79 214.77 41.00 42.00
297.79 214.77 41.00 42.00
297.79 214.77 41.00 42.00
297.79 214.77 41.00 42.00
297.79 214.77 41.00 42.00
297.79 214.77 41.00 42.00
297.79 214.77 41.00 42.00
297.79 214.77 41.00 42.00
297.79 214.77 41.00 42.00
297.79 214.77 41.00 42.00
297.79 214.77 41.00 42.00
297.79 214.77 41.00 42.00
297.79 214.77 41.00 42.00
297.79 214.77 41.00 42.00
297.79 214.77 41.00 42.00
297.79 214.77 41.00 42.00
297.79 214.77 41.00 42.00
297.79 214.77 41.00 42.00
297.79 214.77 41.00 42.00
297.79 214.77 41.00 42.00
297.79 214.77 41.00 42.00
297.79 214.77 41.00 42.00
297.79 214.77 41.00 42.00
297.79 214.77 41.00 42.00
297.79 214.77 41.00 42.00
297.79 214.77 41.00 42.00
297.79 214.77 41.00 42.00
297.79 214.77 41.00 42.00
297.79 214.77 41.00 42.00
297.79 214.77 41.00 42.00
297.79 214.77 41.00 42.00
297.79 214.77 41.00 42.00
297.79 214.77 41.00 42.00
297.79 214.77 41.00 42.00
297.79 214.77 41.00 42.00
297.79 214.77 41.00 42.00
297.79 214.77 41.00 42.00
297.79 214.77 41.00 42.00
297.79 214.77 41.00 42.00
297.79 214.77 41.00 42.00
297.79 214.77 41.00 42.00
297.79 214.77 41.00 42.00
297.79 214.77 41.00 42.00
297.79 214.77 41.00 42.00
297.79 214.77 41.00 42.00
297.79 214.77 41.00 42.00
297.79 214.77 41.00 42.00
297.79 214.77 41.00 42.00
297.79 214.77 41.00 42.00
297.79 214.77 41.00 42.00
297.79 214.77 41.00 42.00
297.79 214.77 41.00 42.00
297.79 214.77 41.00 42.00
297.79 214.77 41.00 42.00
297.79 214.77 41.00 42.00
297.79 214.77 41.00 42.00
297.79 214.77 41.00 42.00
297.79 214.77 41.00 42.00
297.79 214.77 41.00 42.00
297.79 214.77 41.00 42.00
297.79 214.77 41.00 42.00
297.79 214.77 41.00 42.00
297.79 214.77 41.00 42.00
297.79 214.77 41.00 42.00
297.79 214.77 41.00 42.00
297.79 214.77 41.00 42.00
297.79 214.77 41.00 42.00
297.79 214.77 41.00 42.00
297.79 214.77 41.00 42.00
297.79 214.77 41.00 42.00
297.79 214.77 41.00 42.00
297.79 214.77 41.00 42.00
297.79 214.77 41.00 42.00
297.79 214.77 41.00 42.00
297.79 214.77 41.00 42.00
297.79 215.78 41.00 42.00
300.04 223.04 40.39 41.38
298.75 216.68 41.00 42.00
296.44 215.34 41.62 42.63
297.73 214.65 41.00 42.00
298.04 214.96 40.39 41.38
298.04 214.96 40.39 41.38
297.07 214.96 40.39 41.38
287.91 215.66 41.00 42.00
279.61 214.32 41.62 42.63
272.62 212.27 41.62 42.63
271.29 212.99 42.24 43.27
271.61 208.20 41.62 42.63
272.90 217.58 41.00 42.00
271.59 213.18 41.62 42.63
272.88 214.50 41.00 42.00
274.16 218.78 40.39 41.38
276.36 220.07 39.80 40.77
282.85 216.78 40.39 41.38
295.34 213.45 41.00 42.00
296.03 213.13 41.62 42.63
297.32 212.44 41.00 42.00
297.63 213.74 40.39 41.38
298.31 215.45 41.00 42.00
298.00 215.13 41.62 42.63
297.00 215.13 41.62 42.63
297.00 214.11 41.62 42.63
297.00 215.13 41.62 42.63
297.00 215.13 41.62 42.63
297.00 215.13 41.62 42.63
297.00 215.13 41.62 42.63
297.00 215.13 41.62 42.63
297.00 215.13 41.62 42.63
297.00 215.13 41.62 42.63
297.00 215.13 41.62 42.63
297.00 215.13 41.62 42.63
297.00 215.13 41.62 42.63
297.00 215.13 41.62 42.63
297.00 215.13 41.62 42.63
297.00 214.11 41.62 42.63
297.00 214.11 41.62 42.63
297.00 214.11 41.62 42.63
297.00 214.11 41.62 42.63
297.00 214.11 41.62 42.63
297.00 214.11 41.62 42.63
297.00 214.11 41.62 42.63
297.00 214.11 41.62 42.63
297.00 214.11 41.62 42.63
297.00 214.11 41.62 42.63
297.00 214.11 41.62 42.63
297.00 214.11 41.62 42.63
297.00 214.11 41.62 42.63
297.00 214.11 41.62 42.63
297.00 214.11 41.62 42.63
297.00 214.11 41.62 42.63
297.00 214.11 41.62 42.63
297.00 214.11 41.62 42.63
297.00 214.11 41.62 42.63
297.00 214.11 41.62 42.63
297.00 214.11 41.62 42.63
297.00 214.11 41.62 42.63
297.00 214.11 41.62 42.63
297.00 214.11 41.62 42.63
297.00 214.11 41.62 42.63
297.00 214.11 41.62 42.63
297.00 214.11 41.62 42.63
297.00 214.11 41.62 42.63
297.00 214.11 41.62 42.63
297.00 214.11 41.62 42.63
297.00 214.11 41.62 42.63
297.00 214.11 41.62 42.63
297.00 214.11 41.62 42.63
297.00 214.11 41.62 42.63
297.00 214.11 41.62 42.63
297.00 214.11 41.62 42.63
297.00 214.11 41.62 42.63
297.00 214.11 41.62 42.63
297.00 214.11 41.62 42.63
297.00 214.11 41.62 42.63
297.00 214.11 41.62 42.63
297.00 214.11 41.62 42.63
297.00 214.11 41.62 42.63
297.00 214.11 41.62 42.63
297.00 214.11 41.62 42.63
297.00 214.11 41.62 42.63
297.00 214.11 41.62 42.63
297.00 214.11 41.62 42.63
297.00 214.11 41.62 42.63
297.00 214.11 41.62 42.63
297.00 214.11 41.62 42.63
297.00 214.11 41.62 42.63
297.00 214.11 41.62 42.63
297.31 214.42 41.00 42.00
297.00 214.11 41.62 42.63
297.00 214.11 41.62 42.63
297.00 214.11 41.62 42.63
297.00 214.11 41.62 42.63
297.31 214.42 41.00 42.00
297.31 214.42 41.00 42.00
