251.00 65.00 14.00 15.00
251.00 65.00 14.00 15.00
251.00 65.00 14.00 15.00
251.00 69.68 14.00 15.00
250.90 75.78 14.21 15.23
251.00 75.89 14.00 15.00
249.53 78.70 14.21 15.23
249.19 81.99 14.21 15.23
246.66 88.92 14.42 15.45
246.66 89.29 14.42 15.45
246.66 92.63 14.42 15.45
244.80 95.15 14.64 15.69
241.48 101.53 14.86 15.92
241.59 101.65 14.64 15.69
238.77 104.66 14.64 15.69
237.02 107.67 14.64 15.69
232.27 114.05 14.86 15.92
232.38 114.17 14.64 15.69
229.22 118.68 14.64 15.69
226.21 122.14 14.42 15.45
220.13 128.04 14.64 15.69
220.24 128.53 14.42 15.45
216.09 131.50 14.42 15.45
212.97 134.47 14.42 15.45
205.13 140.00 14.64 15.69
205.24 140.48 14.42 15.45
203.38 143.38 14.64 15.69
198.81 146.39 14.64 15.69
191.21 152.39 14.86 15.92
190.97 152.88 14.64 15.69
185.15 155.44 14.86 15.92
180.34 158.42 15.08 16.16
170.67 164.20 15.31 16.40
170.78 164.71 15.08 16.16
166.26 167.89 14.86 15.92
161.80 169.51 14.64 15.69
152.42 175.13 14.86 15.92
152.53 175.62 14.64 15.69
147.78 178.18 14.86 15.92
144.41 181.16 15.08 16.16
137.32 186.16 15.31 16.40
137.32 186.55 15.31 16.40
134.54 189.77 15.08 16.16
131.44 192.95 14.86 15.92
125.38 199.06 14.86 15.92
124.90 198.94 15.08 16.16
122.01 202.05 15.08 16.16
119.11 205.15 15.08 16.16
113.12 212.90 15.31 16.40
112.87 213.02 15.08 16.16
109.77 217.73 14.86 15.92
108.13 220.86 14.64 15.69
105.16 226.47 14.86 15.92
105.27 226.59 14.64 15.69
103.74 229.53 14.86 15.92
101.95 232.58 14.86 15.92
100.39 238.67 15.08 16.16
100.51 238.79 14.86 15.92
99.08 242.23 14.86 15.92
99.08 245.28 14.86 15.92
97.16 250.98 15.08 16.16
97.27 251.48 14.86 15.92
97.98 254.16 14.86 15.92
97.98 257.21 14.86 15.92
97.87 263.30 15.08 16.16
97.98 263.42 14.86 15.92
97.87 266.40 15.08 16.16
97.87 269.50 15.08 16.16
99.23 275.68 15.31 16.40
99.34 275.80 15.08 16.16
101.24 279.36 14.86 15.92
102.66 282.42 14.86 15.92
105.45 288.12 15.08 16.16
105.91 288.62 14.86 15.92
107.34 291.67 14.86 15.92
108.77 294.73 14.86 15.92
113.36 300.82 15.08 16.16
113.47 300.94 14.86 15.92
114.99 304.07 14.64 15.69
119.87 308.53 14.86 15.92
124.10 314.23 15.08 16.16
124.57 314.35 14.86 15.92
127.72 317.33 15.08 16.16
130.68 320.51 14.86 15.92
136.72 326.60 15.08 16.16
137.19 327.10 14.86 15.92
141.47 330.15 14.86 15.92
144.68 333.21 14.86 15.92
150.72 337.74 15.08 16.16
151.19 337.86 14.86 15.92
