57.00 158.00 196.00 156.00
57.00 158.00 196.00 156.00
61.70 158.00 196.00 156.00
61.70 158.00 196.00 156.00
61.70 158.00 196.00 156.00
66.41 158.00 196.00 156.00
66.41 158.00 196.00 156.00
66.41 158.00 196.00 156.00
69.71 160.63 198.94 158.34
68.22 159.44 201.92 160.72
68.22 159.44 201.92 160.72
73.07 163.30 201.92 160.72
71.55 162.09 204.95 163.13
75.01 160.87 208.03 165.57
83.58 163.66 211.15 168.06
93.72 167.70 211.15 168.06
98.79 167.70 211.15 168.06
110.33 172.91 208.03 165.57
116.79 174.13 204.95 163.13
126.62 174.13 204.95 163.13
131.54 174.13 204.95 163.13
139.99 168.94 208.03 165.57
149.98 168.94 208.03 165.57
159.96 168.94 208.03 165.57
164.95 168.94 208.03 165.57
174.94 164.96 208.03 165.57
184.93 164.96 208.03 165.57
189.92 160.99 208.03 165.57
201.29 162.21 204.95 163.13
211.13 158.30 204.95 163.13
214.59 157.08 208.03 165.57
225.96 154.38 204.95 163.13
232.32 151.73 201.92 160.72
238.59 149.12 198.94 158.34
241.94 144.07 201.92 160.72
245.35 138.95 204.95 163.13
250.27 135.04 204.95 163.13
251.78 128.53 201.92 160.72
258.05 125.92 198.94 158.34
264.22 123.34 196.00 156.00
264.22 123.34 196.00 156.00
265.67 120.81 193.10 153.69
267.10 121.94 190.25 151.42
268.50 119.48 187.44 149.19
269.89 120.58 184.67 146.98
271.25 121.67 181.94 144.81
271.25 121.67 181.94 144.81
269.89 117.06 184.67 146.98
271.25 118.14 181.94 144.81
275.62 118.14 181.94 144.81
275.62 118.14 181.94 144.81
276.96 119.21 179.25 142.67
275.62 118.14 181.94 144.81
279.98 118.14 181.94 144.81
281.33 115.79 179.25 142.67
284.35 114.72 181.94 144.81
284.35 114.72 181.94 144.81
288.72 114.72 181.94 144.81
293.08 114.72 181.94 144.81
297.45 114.72 181.94 144.81
307.40 112.36 179.25 142.67
312.96 113.42 176.60 140.56
322.62 111.13 173.99 138.48
330.97 111.13 173.99 138.48
339.32 111.13 173.99 138.48
346.49 110.10 176.60 140.56
354.97 110.10 176.60 140.56
368.80 111.13 173.99 138.48
378.32 108.88 171.42 136.44
387.69 109.89 168.89 134.42
399.85 109.89 168.89 134.42
407.96 109.89 168.89 134.42
417.19 110.88 166.39 132.43
426.29 111.86 163.93 130.48
434.16 111.86 163.93 130.48
443.12 112.83 161.51 128.55
449.78 114.99 163.93 130.48
452.54 114.02 166.39 132.43
459.40 113.02 168.89 134.42
459.40 116.25 168.89 134.42
464.64 117.24 166.39 132.43
463.39 119.47 168.89 134.42
464.64 120.47 166.39 132.43
465.87 124.58 163.93 130.48
467.08 125.54 161.51 128.55
463.21 125.54 161.51 128.55
463.21 125.54 161.51 128.55
459.33 125.54 161.51 128.55
460.52 126.49 159.12 126.65
456.71 126.49 159.12 126.65
454.12 127.43 156.77 124.78
455.28 128.35 154.45 122.93
451.57 125.40 154.45 122.93
452.71 126.31 152.17 121.12
453.84 127.20 149.92 119.33
450.24 127.20 149.92 119.33
452.77 126.31 152.17 121.12
451.62 125.40 154.45 122.93
451.62 125.40 154.45 122.93
455.33 125.40 154.45 122.93
455.33 125.40 154.45 122.93
457.94 124.48 156.77 124.78
460.58 126.58 159.12 126.65
459.39 125.63 161.51 128.55
463.26 125.63 161.51 128.55
465.98 127.80 163.93 130.48
469.92 127.80 163.93 130.48
472.68 130.00 166.39 132.43
477.85 130.98 163.93 130.48
477.85 134.11 163.93 130.48
481.78 137.24 163.93 130.48
485.72 140.37 163.93 130.48
486.93 144.42 161.51 128.55
489.65 143.46 163.93 130.48
488.42 145.66 166.39 132.43
489.65 146.63 163.93 130.48
488.42 145.66 166.39 132.43
489.65 146.63 163.93 130.48
488.42 148.83 166.39 132.43
488.42 148.83 166.39 132.43
484.43 148.83 166.39 132.43
484.43 148.83 166.39 132.43
481.72 146.68 163.93 130.48
481.72 146.68 163.93 130.48
479.06 144.56 161.51 128.55
477.85 143.60 163.93 130.48
477.85 143.60 163.93 130.48
472.62 139.44 166.39 132.43
472.62 139.44 166.39 132.43
471.37 135.22 168.89 134.42
471.37 135.22 168.89 134.42
472.62 136.21 166.39 132.43
471.37 135.22 168.89 134.42
476.62 136.21 166.39 132.43
476.62 136.21 166.39 132.43
480.61 136.21 166.39 132.43
480.61 139.39 166.39 132.43
484.60 139.39 166.39 132.43
484.60 142.57 166.39 132.43
484.60 142.57 166.39 132.43
488.60 142.57 166.39 132.43
488.60 142.57 166.39 132.43
488.60 142.57 166.39 132.43
488.60 145.75 166.39 132.43
488.60 145.75 166.39 132.43
488.60 148.93 166.39 132.43
484.60 148.93 166.39 132.43
479.30 151.16 168.89 134.42
473.92 150.15 171.42 136.44
468.46 152.45 173.99 138.48
465.63 153.48 171.42 136.44
457.40 156.75 171.42 136.44
454.62 157.76 168.89 134.42
445.12 156.75 171.42 136.44
435.48 155.73 173.99 138.48
425.70 154.69 176.60 140.56
415.77 150.21 179.25 142.67
407.17 150.21 179.25 142.67
401.46 145.66 181.94 144.81
397.09 142.19 181.94 144.81
392.73 138.71 181.94 144.81
388.36 135.24 181.94 144.81
383.99 135.24 181.94 144.81
378.20 130.62 184.67 146.98
376.81 129.52 187.44 149.19
372.31 129.52 187.44 149.19
373.70 130.62 184.67 146.98
369.27 130.62 184.67 146.98
369.27 130.62 184.67 146.98
370.63 128.23 181.94 144.81
364.83 127.15 184.67 146.98
366.20 128.23 181.94 144.81
361.83 128.23 181.94 144.81
361.83 128.23 181.94 144.81
357.47 128.23 181.94 144.81
358.81 129.30 179.25 142.67
354.51 125.88 179.25 142.67
350.21 125.88 179.25 142.67
347.29 123.56 176.60 140.56
344.42 124.60 173.99 138.48
340.24 124.60 173.99 138.48
337.42 125.62 171.42 136.44
334.63 126.63 168.89 134.42
331.88 127.62 166.39 132.43
329.18 128.60 163.93 130.48
326.51 129.57 161.51 128.55
320.07 130.52 159.12 126.65
317.48 131.45 156.77 124.78
314.93 132.38 154.45 122.93
311.23 135.33 154.45 122.93
311.23 135.33 154.45 122.93
308.72 139.14 152.17 121.12
308.72 139.14 152.17 121.12
313.44 142.90 149.92 119.33
314.55 146.60 147.71 117.56
314.55 149.42 147.71 117.56
318.09 152.25 147.71 117.56
316.98 151.36 149.92 119.33
315.86 153.38 152.17 121.12
315.86 153.38 152.17 121.12
315.86 153.38 152.17 121.12
315.86 156.28 152.17 121.12
315.86 156.28 152.17 121.12
316.98 157.18 149.92 119.33
318.09 160.88 147.71 117.56
319.18 161.75 145.52 115.83
314.55 160.88 147.71 117.56
315.64 161.75 145.52 115.83
314.55 160.88 147.71 117.56
314.55 160.88 147.71 117.56
315.64 161.75 145.52 115.83
319.13 161.75 145.52 115.83
318.04 160.88 147.71 117.56
318.04 160.88 147.71 117.56
316.93 157.14 149.92 119.33
315.81 153.33 152.17 121.12
320.53 151.36 149.92 119.33
319.41 150.47 152.17 121.12
323.06 147.56 152.17 121.12
321.92 143.70 154.45 122.93
325.62 140.75 154.45 122.93
324.47 139.83 156.77 124.78
327.11 135.86 159.12 126.65
329.79 134.91 161.51 128.55
328.58 130.81 163.93 130.48
331.34 126.65 166.39 132.43
330.10 119.21 168.89 134.42
332.94 114.93 171.42 136.44
331.66 107.26 173.99 138.48
330.35 102.84 176.60 140.56
333.33 94.94 179.25 142.67
334.65 89.25 176.60 140.56
334.65 82.50 176.60 140.56
333.33 78.02 179.25 142.67
333.33 71.18 179.25 142.67
330.42 65.48 176.60 140.56
331.72 59.87 173.99 138.48
327.55 56.55 173.99 138.48
324.72 51.02 171.42 136.44
321.93 48.81 168.89 134.42
317.88 45.58 168.89 134.42
315.13 43.40 166.39 132.43
308.49 41.24 163.93 130.48
305.83 42.21 161.51 128.55
299.38 40.12 159.12 126.65
291.75 40.12 159.12 126.65
289.16 38.06 156.77 124.78
282.90 36.03 154.45 122.93
275.49 33.08 154.45 122.93
269.33 33.99 152.17 121.12
266.85 32.02 149.92 119.33
259.66 29.16 149.92 119.33
256.06 29.16 149.92 119.33
248.86 29.16 149.92 119.33
245.26 29.16 149.92 119.33
241.67 32.02 149.92 119.33
242.77 32.90 147.71 117.56
238.07 34.88 149.92 119.33
238.07 34.88 149.92 119.33
239.18 38.59 147.71 117.56
238.07 37.70 149.92 119.33
238.07 40.57 149.92 119.33
242.72 41.45 147.71 117.56
241.61 40.57 149.92 119.33
246.27 44.27 147.71 117.56
246.27 44.27 147.71 117.56
249.81 44.27 147.71 117.56
253.36 44.27 147.71 117.56
253.36 47.09 147.71 117.56
256.90 47.09 147.71 117.56
256.90 47.09 147.71 117.56
256.90 47.09 147.71 117.56
256.90 47.09 147.71 117.56
256.90 47.09 147.71 117.56
256.90 44.27 147.71 117.56
255.79 43.39 149.92 119.33
256.90 41.45 147.71 117.56
256.90 41.45 147.71 117.56
256.90 41.45 147.71 117.56
256.90 41.45 147.71 117.56
255.79 40.57 149.92 119.33
255.79 37.70 149.92 119.33
260.45 38.59 147.71 117.56
259.34 37.70 149.92 119.33
262.94 37.70 149.92 119.33
266.53 34.84 149.92 119.33
266.53 34.84 149.92 119.33
270.13 34.84 149.92 119.33
273.73 34.84 149.92 119.33
276.26 33.95 152.17 121.12
278.82 33.04 154.45 122.93
281.43 32.12 156.77 124.78
284.07 31.18 159.12 126.65
286.75 33.31 161.51 128.55
291.77 34.26 159.12 126.65
295.58 37.30 159.12 126.65
299.40 40.34 159.12 126.65
298.21 42.48 161.51 128.55
300.93 44.65 163.93 130.48
303.70 46.85 166.39 132.43
302.45 49.08 168.89 134.42
301.18 51.35 171.42 136.44
305.30 51.35 171.42 136.44
305.30 54.62 171.42 136.44
309.41 57.89 171.42 136.44
308.13 60.19 173.99 138.48
308.13 63.52 173.99 138.48
311.06 65.85 176.60 140.56
311.06 69.23 176.60 140.56
309.73 71.60 179.25 142.67
314.04 75.02 179.25 142.67
314.04 78.44 179.25 142.67
314.04 81.87 179.25 142.67
318.34 85.29 179.25 142.67
318.34 88.72 179.25 142.67
322.64 92.14 179.25 142.67
321.30 94.55 181.94 144.81
319.93 100.51 184.67 146.98
318.55 102.99 187.44 149.19
321.71 105.51 190.25 151.42
320.28 108.06 193.10 153.69
318.83 110.65 196.00 156.00
320.28 115.49 193.10 153.69
318.83 118.09 196.00 156.00
317.36 120.72 198.94 158.34
318.83 125.63 196.00 156.00
317.36 128.26 198.94 158.34
315.87 130.93 201.92 160.72
309.44 133.64 204.95 163.13
307.90 136.39 208.03 165.57
302.91 140.36 208.03 165.57
302.91 144.34 208.03 165.57
296.28 143.09 211.15 168.06
294.69 145.93 214.31 170.58
287.87 148.80 217.53 173.14
280.94 151.72 220.79 175.73
279.28 150.41 224.10 178.37
273.90 154.69 224.10 178.37
272.22 153.35 227.47 181.04
270.51 151.99 230.88 183.76
268.78 155.09 234.34 186.52
270.51 156.47 230.88 183.76
268.78 155.09 234.34 186.52
276.06 156.47 230.88 183.76
283.22 157.82 227.47 181.04
288.68 157.82 227.47 181.04
292.52 152.06 230.88 183.76
305.14 149.07 227.47 181.04
310.60 144.72 227.47 181.04
321.52 136.03 227.47 181.04
332.44 131.69 227.47 181.04
339.49 128.75 224.10 178.37
351.75 121.63 220.79 175.73
363.82 114.62 217.53 173.14
370.57 111.80 214.31 170.58
382.29 109.03 211.15 168.06
388.84 106.30 208.03 165.57
400.22 99.69 204.95 163.13
406.58 97.04 201.92 160.72
412.85 94.43 198.94 158.34
419.02 88.11 196.00 156.00
420.47 85.57 193.10 153.69
421.90 83.07 190.25 151.42
423.30 84.19 187.44 149.19
424.69 81.77 184.67 146.98
426.05 82.85 181.94 144.81
427.40 83.92 179.25 142.67
424.48 88.35 176.60 140.56
421.61 89.39 173.99 138.48
417.43 92.71 173.99 138.48
413.26 96.04 173.99 138.48
410.43 97.06 171.42 136.44
406.32 100.33 171.42 136.44
402.20 100.33 171.42 136.44
396.74 102.64 173.99 138.48
391.20 104.97 176.60 140.56
388.33 106.01 173.99 138.48
388.33 109.33 173.99 138.48
382.78 111.67 176.60 140.56
378.54 111.67 176.60 140.56
374.31 115.04 176.60 140.56
368.68 113.99 179.25 142.67
370.00 115.04 176.60 140.56
360.08 117.41 179.25 142.67
354.37 123.29 181.94 144.81
345.63 126.77 181.94 144.81
335.40 129.21 184.67 146.98
326.54 136.26 184.67 146.98
316.16 138.74 187.44 149.19
304.25 139.84 184.67 146.98
293.86 142.32 187.44 149.19
275.87 145.90 187.44 149.19
260.77 144.78 190.25 151.42
242.50 144.78 190.25 151.42
222.54 143.65 193.10 153.69
202.27 138.75 196.00 156.00
181.70 137.58 198.94 158.34
167.38 137.58 198.94 158.34
146.50 136.39 201.92 160.72
131.97 136.39 201.92 160.72
119.13 133.78 198.94 158.34
103.10 132.59 201.92 160.72
93.41 132.59 201.92 160.72
85.35 133.78 198.94 158.34
75.81 133.78 198.94 158.34
71.03 133.78 198.94 158.34
72.50 131.21 196.00 156.00
69.31 132.36 193.10 153.69
70.74 137.13 190.25 151.42
70.74 137.13 190.25 151.42
75.31 137.13 190.25 151.42
76.71 138.25 187.44 149.19
75.31 137.13 190.25 151.42
76.71 138.25 187.44 149.19
82.53 139.35 184.67 146.98
83.89 140.44 181.94 144.81
83.89 136.96 181.94 144.81
83.89 136.96 181.94 144.81
85.24 138.03 179.25 142.67
83.89 136.96 181.94 144.81
83.89 133.49 181.94 144.81
85.24 134.56 179.25 142.67
83.89 133.49 181.94 144.81
82.53 135.93 184.67 146.98
82.53 135.93 184.67 146.98
86.96 135.93 184.67 146.98
90.08 134.82 187.44 149.19
93.24 133.71 190.25 151.42
102.37 133.71 190.25 151.42
110.21 132.57 193.10 153.69
118.17 131.42 196.00 156.00
131.02 134.05 198.94 158.34
144.07 132.86 201.92 160.72
157.31 131.65 204.95 163.13
173.37 132.86 201.92 160.72
187.90 136.72 201.92 160.72
208.49 141.71 198.94 158.34
224.08 146.62 196.00 156.00
239.43 151.46 193.10 153.69
254.55 156.23 190.25 151.42
263.68 159.86 190.25 151.42
274.09 164.56 187.44 149.19
284.34 165.67 184.67 146.98
294.43 166.75 181.94 144.81
300.08 167.82 179.25 142.67
305.64 165.50 176.60 140.56
311.12 159.89 173.99 138.48
316.52 157.64 171.42 136.44
321.84 152.20 168.89 134.42
323.09 150.01 166.39 132.43
328.26 147.86 163.93 130.48
333.34 145.74 161.51 128.55
337.22 142.66 161.51 128.55
338.41 143.60 159.12 126.65
341.10 139.57 161.51 128.55
344.97 139.57 161.51 128.55
347.69 138.61 163.93 130.48
350.46 137.63 166.39 132.43
354.45 137.63 166.39 132.43
357.26 136.63 168.89 134.42
364.22 135.63 171.42 136.44
367.11 134.60 173.99 138.48
374.28 133.56 176.60 140.56
378.52 133.56 176.60 140.56
381.50 135.93 179.25 142.67
388.89 134.86 181.94 144.81
393.25 134.86 181.94 144.81
396.32 137.31 184.67 146.98
399.43 136.20 187.44 149.19
403.93 139.78 187.44 149.19
403.93 139.78 187.44 149.19
403.93 139.78 187.44 149.19
403.93 139.78 187.44 149.19
405.32 144.41 184.67 146.98
402.31 145.50 181.94 144.81
397.95 148.97 181.94 144.81
394.99 150.04 179.25 142.67
392.08 151.10 176.60 140.56
387.84 151.10 176.60 140.56
380.79 152.14 173.99 138.48
376.62 152.14 173.99 138.48
373.79 153.16 171.42 136.44
366.95 150.94 168.89 134.42
364.20 148.76 166.39 132.43
360.21 148.76 166.39 132.43
356.22 148.76 166.39 132.43
352.22 148.76 166.39 132.43
348.23 148.76 166.39 132.43
348.23 148.76 166.39 132.43
348.23 148.76 166.39 132.43
344.23 148.76 166.39 132.43
344.23 148.76 166.39 132.43
349.40 146.60 163.93 130.48
348.17 142.45 166.39 132.43
348.17 142.45 166.39 132.43
352.16 142.45 166.39 132.43
352.16 145.63 166.39 132.43
352.16 145.63 166.39 132.43
352.16 145.63 166.39 132.43
352.16 148.80 166.39 132.43
350.91 147.81 168.89 134.42
352.16 148.80 166.39 132.43
350.91 147.81 168.89 134.42
352.16 148.80 166.39 132.43
348.17 148.80 166.39 132.43
346.92 147.81 168.89 134.42
349.77 146.80 171.42 136.44
344.31 145.78 173.99 138.48
345.59 146.80 171.42 136.44
346.86 144.59 168.89 134.42
346.86 144.59 168.89 134.42
345.59 143.58 171.42 136.44
345.59 143.58 171.42 136.44
345.59 140.30 171.42 136.44
344.31 139.28 173.99 138.48
340.13 139.28 173.99 138.48
338.83 134.87 176.60 140.56
338.83 134.87 176.60 140.56
338.83 134.87 176.60 140.56
338.83 134.87 176.60 140.56
338.83 134.87 176.60 140.56
337.50 133.81 179.25 142.67
336.16 132.74 181.94 144.81
337.50 133.81 179.25 142.67
331.79 132.74 181.94 144.81
333.14 133.81 179.25 142.67
334.46 138.24 176.60 140.56
334.46 138.24 176.60 140.56
335.76 139.28 173.99 138.48
334.46 138.24 176.60 140.56
328.83 137.19 179.25 142.67
327.49 136.12 181.94 144.81
327.49 136.12 181.94 144.81
327.49 136.12 181.94 144.81
327.49 136.12 181.94 144.81
333.14 137.19 179.25 142.67
334.46 138.24 176.60 140.56
333.14 137.19 179.25 142.67
331.79 132.64 181.94 144.81
331.79 132.64 181.94 144.81
336.16 132.64 181.94 144.81
337.50 133.71 179.25 142.67
341.80 133.71 179.25 142.67
343.13 134.77 176.60 140.56
344.43 135.80 173.99 138.48
347.37 134.77 176.60 140.56
347.37 134.77 176.60 140.56
346.04 130.29 179.25 142.67
349.06 129.22 181.94 144.81
349.06 129.22 181.94 144.81
350.41 130.29 179.25 142.67
353.43 129.22 181.94 144.81
353.43 129.22 181.94 144.81
353.43 129.22 181.94 144.81
354.78 130.29 179.25 142.67
353.43 129.22 181.94 144.81
357.80 129.22 181.94 144.81
357.80 129.22 181.94 144.81
357.80 129.22 181.94 144.81
357.80 129.22 181.94 144.81
356.43 128.13 184.67 146.98
353.43 129.22 181.94 144.81
352.07 128.13 184.67 146.98
350.68 127.03 187.44 149.19
350.68 127.03 187.44 149.19
350.68 127.03 187.44 149.19
350.68 127.03 187.44 149.19
350.68 127.03 187.44 149.19
346.18 127.03 187.44 149.19
347.57 128.13 184.67 146.98
348.93 129.22 181.94 144.81
348.93 129.22 181.94 144.81
350.28 133.71 179.25 142.67
345.98 133.71 179.25 142.67
347.30 134.77 176.60 140.56
350.28 133.71 179.25 142.67
350.28 133.71 179.25 142.67
348.93 129.17 181.94 144.81
348.93 132.64 181.94 144.81
348.93 132.64 181.94 144.81
350.28 133.71 179.25 142.67
348.93 132.64 181.94 144.81
348.93 132.64 181.94 144.81
350.28 133.71 179.25 142.67
353.30 132.64 181.94 144.81
353.30 132.64 181.94 144.81
353.30 132.64 181.94 144.81
353.30 132.64 181.94 144.81
353.30 132.64 181.94 144.81
353.30 132.64 181.94 144.81
353.30 132.64 181.94 144.81
353.30 132.64 181.94 144.81
348.93 132.64 181.94 144.81
348.93 132.64 181.94 144.81
348.93 132.64 181.94 144.81
348.93 132.64 181.94 144.81
348.93 132.64 181.94 144.81
353.30 132.64 181.94 144.81
