336.00 165.00 26.00 61.00
336.00 165.00 26.00 61.00
334.54 163.06 26.39 61.91
330.48 162.59 26.79 62.84
326.63 162.59 26.79 62.84
316.06 161.57 26.39 61.91
310.36 161.57 26.39 61.91
307.82 161.57 26.39 61.91
302.40 162.03 26.00 61.00
293.97 160.08 26.39 61.91
289.80 159.08 26.00 61.00
286.68 159.08 26.00 61.00
281.06 157.61 26.00 61.00
272.00 154.18 26.39 61.91
266.58 153.18 26.00 61.00
263.85 152.72 26.39 61.91
255.31 151.71 26.00 61.00
249.70 150.25 26.00 61.00
244.36 147.82 25.62 60.10
239.44 146.37 25.62 60.10
233.90 144.93 25.62 60.10
228.64 142.53 25.24 59.21
222.92 140.65 25.62 60.10
217.05 138.25 25.24 59.21
211.33 134.92 25.62 60.10
205.46 133.94 25.24 59.21
199.68 131.58 24.86 58.34
193.44 129.72 25.24 59.21
181.93 124.04 25.24 59.21
176.15 123.08 24.86 58.34
173.39 122.13 24.50 57.47
167.78 119.83 24.13 56.62
159.09 117.12 24.13 56.62
152.44 115.31 24.50 57.47
149.73 114.38 24.13 56.62
142.49 111.19 24.50 57.47
133.09 108.44 24.50 57.47
126.90 107.50 24.13 56.62
123.65 106.58 23.78 55.79
113.95 103.90 23.78 55.79
106.82 101.68 23.43 54.96
99.79 99.48 23.08 54.15
92.03 96.88 23.08 54.15
83.99 93.84 23.43 54.96
75.85 92.95 23.08 54.15
67.81 89.90 23.43 54.96
59.67 89.01 23.08 54.15
51.92 87.71 23.08 54.15
43.87 84.66 23.43 54.96
36.29 83.77 23.08 54.15
28.82 81.61 22.74 53.35
14.47 76.96 22.40 52.56
7.22 74.86 22.07 51.78
3.51 73.62 22.07 51.78
-4.18 71.97 22.40 52.56
-15.67 68.63 22.07 51.78
-19.60 66.98 22.40 52.56
-20.14 65.72 22.40 52.56
-19.44 67.35 22.07 51.78
-9.39 58.13 22.40 52.56
-16.92 53.08 22.40 52.56
-19.40 53.47 22.07 51.78
-20.64 50.56 22.40 52.56
7.02 43.76 22.74 53.35
2.35 47.94 22.40 52.56
3.27 48.83 22.74 53.35
20.65 34.09 22.40 52.56
12.29 32.41 22.74 53.35
4.92 29.41 23.08 54.15
5.87 39.56 23.43 54.96
24.99 22.41 23.43 54.96
19.11 20.66 23.78 55.79
9.66 16.16 24.13 56.62
5.37 14.36 24.50 57.47
22.34 7.99 24.13 56.62
13.96 7.07 23.78 55.79
9.40 5.73 23.78 55.79
10.38 12.11 24.13 56.62
24.25 -4.88 23.78 55.79
17.70 -8.02 24.13 56.62
11.91 -9.38 24.13 56.62
7.61 -9.80 24.50 57.47
7.21 -10.73 24.13 56.62
7.79 -10.73 24.13 56.62
8.37 -10.73 24.13 56.62
-5.92 30.22 24.50 57.47
-21.38 27.93 24.13 56.62
-20.97 12.33 24.50 57.47
-21.75 9.10 24.86 58.34
-21.75 -0.70 24.86 58.34
-21.75 -3.50 24.86 58.34
-21.57 -4.45 24.50 57.47
-20.98 -8.59 24.50 57.47
-21.16 -11.82 24.86 58.34
-21.16 -14.62 24.86 58.34
-21.16 -17.42 24.86 58.34
-21.95 -17.86 25.24 59.21
-21.95 -5.07 25.24 59.21
-21.95 -5.07 25.24 59.21
-21.95 -5.07 25.24 59.21
-21.95 -3.65 25.24 59.21
-21.77 -6.01 24.86 58.34
-21.77 -7.41 24.86 58.34
-21.95 7.79 25.24 59.21
-22.14 3.01 25.62 60.10
-22.96 -3.29 26.00 61.00
-23.15 -3.75 26.39 61.92
-23.15 -3.75 26.39 61.92
-23.35 -2.71 26.79 62.84
-24.21 -3.18 27.19 63.79
-24.41 -6.76 27.60 64.74
-25.29 -7.25 28.01 65.71
-25.50 -10.94 28.43 66.70
-25.71 -6.57 28.86 67.70
-26.63 -5.43 29.29 68.72
-26.85 -5.94 29.73 69.75
-27.07 -6.47 30.17 70.79
-28.04 -7.00 30.63 71.85
-28.27 -7.54 31.09 72.93
-28.50 -8.08 31.55 74.03
-29.50 -6.83 32.03 75.14
-29.74 -7.40 32.51 76.26
-29.99 -7.97 32.99 77.41
-31.04 -8.55 33.49 78.57
-31.04 -8.55 33.49 78.57
-31.29 -9.14 33.99 79.75
-32.37 -7.80 34.50 80.94
-32.63 -8.40 35.02 82.16
-32.63 -8.40 35.02 82.16
-32.63 -8.40 35.02 82.16
-32.63 -8.40 35.02 82.16
-32.89 -9.02 35.54 83.39
-33.16 -9.64 36.08 84.64
-34.31 -8.22 36.62 85.91
-34.31 -8.22 36.62 85.91
-34.31 -8.22 36.62 85.91
-34.58 -8.86 37.17 87.20
-35.77 -9.52 37.72 88.51
-36.05 -10.18 38.29 89.84
-36.34 -8.66 38.86 91.18
-37.58 -9.35 39.45 92.55
-37.87 -10.04 40.04 93.94
-37.87 -10.04 40.04 93.94
-38.17 -10.75 40.64 95.35
-39.47 -11.46 41.25 96.78
-39.78 -9.83 41.87 98.23
-39.78 -9.83 41.87 98.23
-39.78 -9.83 41.87 98.23
-39.78 -9.83 41.87 98.23
-39.78 -9.83 41.87 98.23
-39.78 -9.83 41.87 98.23
-39.78 -9.83 41.87 98.23
-39.78 -9.83 41.87 98.23
-39.78 -9.83 41.87 98.23
-39.78 -9.83 41.87 98.23
-39.78 -9.83 41.87 98.23
-39.78 -9.83 41.87 98.23
-41.11 -10.57 42.50 99.70
-40.40 -4.03 43.13 101.20
-41.77 -7.25 43.78 102.72
-42.10 -10.53 44.44 104.26
-43.51 -11.31 45.10 105.82
-43.85 -12.10 45.78 107.41
-44.20 -12.91 46.47 109.02
-45.68 -13.72 47.16 110.66
-46.03 -11.86 47.87 112.31
-46.03 -11.86 47.87 112.31
-46.03 -11.86 47.87 112.31
-46.03 -11.86 47.87 112.31
-46.03 -11.86 47.87 112.31
-46.03 -11.86 47.87 112.31
-46.03 -11.86 47.87 112.31
-46.39 -12.70 48.59 114.00
-47.94 -13.56 49.32 115.71
-48.31 -14.42 50.06 117.45
-48.31 -14.42 50.06 117.45
-48.31 -14.42 50.06 117.45
-48.68 -12.44 50.81 119.21
-48.68 -12.44 50.81 119.21
-48.68 -12.44 50.81 119.21
-50.30 -13.34 51.57 121.00
-50.69 -14.25 52.35 122.81
-52.36 -15.17 53.13 124.65
-52.36 -18.16 53.13 124.65
-52.75 -16.06 53.93 126.52
-52.75 -16.06 53.93 126.52
-52.75 -16.06 53.93 126.52
-53.16 -13.92 54.74 128.42
-54.90 -14.89 55.56 130.35
-55.32 -15.86 56.39 132.30
-55.32 -15.86 56.39 132.30
-55.74 -13.63 57.24 134.29
-56.17 -14.64 58.10 136.30
-58.02 -15.66 58.97 138.34
-58.46 -16.70 59.85 140.42
-58.91 -14.33 60.75 142.53
-60.85 -15.40 61.66 144.66
-60.85 -15.40 61.66 144.66
-61.31 -16.49 62.58 146.83
-63.30 -17.59 63.52 149.04
-63.78 -18.71 64.48 151.27
-63.78 -18.71 64.48 151.27
-64.26 -16.16 65.44 153.54
-64.26 -16.16 65.44 153.54
-64.26 -16.16 65.44 153.54
-64.26 -16.16 65.44 153.54
-64.76 -17.31 66.43 155.84
-66.87 -18.48 67.42 158.18
-67.38 -19.66 68.43 160.55
-67.89 -16.96 69.46 162.96
-70.10 -18.18 70.50 165.41
-70.63 -19.42 71.56 167.89
-70.10 -18.18 70.50 165.41
-70.63 -19.42 71.56 167.89
-71.17 -20.68 72.63 170.41
-73.48 -21.96 73.72 172.96
-74.04 -19.04 74.83 175.56
-76.42 -20.36 75.95 178.19
-76.42 -20.36 75.95 178.19
-76.99 -21.69 77.09 180.86
-74.60 -16.08 75.95 178.19
-77.02 -17.42 77.09 180.86
-77.60 -14.37 78.25 183.58
-80.09 -15.74 79.42 186.33
-80.68 -17.14 80.61 189.13
-81.29 -23.17 81.82 191.96
-81.90 -24.61 83.05 194.84
-84.55 -21.32 84.29 197.76
-85.18 -22.80 85.56 200.73
-87.91 -24.31 86.84 203.74
-85.82 -24.31 86.84 203.74
-88.59 -25.84 88.14 206.80
-89.25 -27.39 89.47 209.90
-89.92 -23.85 90.81 213.05
-92.81 -25.45 92.17 216.24
-93.51 -27.07 93.55 219.49
-96.49 -28.72 94.96 222.78
-96.49 -28.72 94.96 222.78
-97.20 -24.96 96.38 226.12
-97.92 -32.16 97.83 229.51
-97.92 -32.16 97.83 229.51
-97.92 -32.16 97.83 229.51
-97.92 -26.66 97.83 229.51
-101.04 -33.97 99.29 232.96
-101.78 -30.04 100.78 236.45
-101.78 -30.04 100.78 236.45
-101.04 -28.29 99.29 232.96
-101.78 -35.71 100.78 236.45
-101.04 -33.97 99.29 232.96
-101.78 -35.71 100.78 236.45
-101.04 -33.97 99.29 232.96
-101.78 -35.71 100.78 236.45
-102.54 -31.73 102.29 240.00
-105.80 -27.68 103.83 243.60
-106.58 -29.51 105.39 247.25
-105.80 -27.68 103.83 243.60
-106.58 -35.44 105.39 247.25
-109.93 -37.30 106.97 250.96
-110.74 -39.18 108.57 254.72
-110.74 -39.18 108.57 254.72
-111.55 -34.88 110.20 258.54
-110.74 -32.97 108.57 254.72
-111.55 -28.68 110.20 258.54
-112.38 -36.92 111.85 262.42
-115.94 -38.89 113.53 266.36
-115.94 -38.89 113.53 266.36
-115.94 -32.49 113.53 266.36
-115.94 -32.49 113.53 266.36
-115.94 -32.49 113.53 266.36
-115.94 -32.49 113.53 266.36
-115.94 -32.49 113.53 266.36
-115.94 -32.49 113.53 266.36
-115.94 -32.49 113.53 266.36
-115.94 -26.10 113.53 266.36
-115.94 -32.49 113.53 266.36
-115.94 -32.49 113.53 266.36
-119.56 -34.49 115.23 270.35
-115.98 -38.89 113.53 266.36
-115.98 -38.89 113.53 266.36
-115.98 -38.89 113.53 266.36
-115.98 -38.89 113.53 266.36
-115.98 -38.89 113.53 266.36
-115.98 -38.89 113.53 266.36
-115.98 -38.89 113.53 266.36
-115.98 -38.89 113.53 266.36
-115.98 -38.89 113.53 266.36
-115.98 -32.49 113.53 266.36
-115.98 -32.49 113.53 266.36
-115.98 -26.10 113.53 266.36
-115.98 -32.49 113.53 266.36
-115.98 -32.49 113.53 266.36
-115.98 -32.49 113.53 266.36
-115.98 -32.49 113.53 266.36
-115.98 -38.89 113.53 266.36
-115.98 -38.89 113.53 266.36
-115.98 -38.89 113.53 266.36
-115.98 -38.89 113.53 266.36
-115.98 -38.89 113.53 266.36
-115.98 -38.89 113.53 266.36
-115.98 -32.49 113.53 266.36
-115.98 -32.49 113.53 266.36
-115.98 -32.49 113.53 266.36
-115.98 -32.49 113.53 266.36
-115.98 -32.49 113.53 266.36
-115.98 -32.49 113.53 266.36
-115.98 -32.49 113.53 266.36
-115.98 -26.10 113.53 266.36
-115.98 -26.10 113.53 266.36
-115.98 -26.10 113.53 266.36
-115.98 -26.10 113.53 266.36
-115.98 -26.10 113.53 266.36
-115.98 -26.10 113.53 266.36
-115.98 -26.10 113.53 266.36
-115.98 -26.10 113.53 266.36
-115.98 -26.10 113.53 266.36
-115.98 -19.71 113.53 266.36
-115.98 -19.71 113.53 266.36
-115.98 -19.71 113.53 266.36
-115.98 -19.71 113.53 266.36
-115.98 -19.71 113.53 266.36
-115.98 -19.71 113.53 266.36
-115.98 -19.71 113.53 266.36
-115.98 -19.71 113.53 266.36
-115.98 -13.31 113.53 266.36
-115.98 -13.31 113.53 266.36
-115.98 -13.31 113.53 266.36
-115.98 -13.31 113.53 266.36
-115.98 -13.31 113.53 266.36
-115.98 -13.31 113.53 266.36
-115.98 -13.31 113.53 266.36
-115.98 -13.31 113.53 266.36
-115.98 -13.31 113.53 266.36
-115.98 -6.92 113.53 266.36
-115.98 -6.92 113.53 266.36
-115.98 -6.92 113.53 266.36
-115.98 -6.92 113.53 266.36
-115.98 -6.92 113.53 266.36
-115.98 -6.92 113.53 266.36
-115.98 -0.53 113.53 266.36
-116.83 -2.53 115.23 270.35
-117.70 2.03 116.96 274.41
-121.42 -0.03 118.72 278.53
-122.31 -2.12 120.50 282.70
-126.15 -4.24 122.30 286.94
-127.07 -6.39 124.14 291.25
-128.00 -1.48 126.00 295.62
-127.07 0.71 124.14 291.25
-127.07 0.71 124.14 291.25
-127.07 0.71 124.14 291.25
-127.07 0.71 124.14 291.25
