288.00 143.00 35.00 42.00
289.44 142.69 35.52 42.63
291.15 142.69 35.52 42.63
293.71 141.66 35.52 42.63
295.41 141.66 35.52 42.63
296.26 140.64 35.52 42.63
296.26 139.62 35.52 42.63
297.12 139.62 35.52 42.63
297.12 139.62 35.52 42.63
297.97 140.64 35.52 42.63
297.97 141.66 35.52 42.63
298.82 141.66 35.52 42.63
298.82 142.69 35.52 42.63
297.12 142.69 35.52 42.63
296.26 141.66 35.52 42.63
296.26 141.66 35.52 42.63
297.12 142.69 35.52 42.63
297.12 142.69 35.52 42.63
296.26 142.69 35.52 42.63
296.26 143.71 35.52 42.63
296.26 144.73 35.52 42.63
296.26 145.75 35.52 42.63
295.41 146.78 35.52 42.63
294.56 147.80 35.52 42.63
293.71 147.80 35.52 42.63
292.00 148.82 35.52 42.63
292.00 148.82 35.52 42.63
292.00 148.82 35.52 42.63
292.00 149.85 35.52 42.63
291.15 149.85 35.52 42.63
290.30 149.85 35.52 42.63
290.30 149.85 35.52 42.63
291.15 149.85 35.52 42.63
291.15 149.85 35.52 42.63
292.00 148.82 35.52 42.63
292.00 147.80 35.52 42.63
292.85 147.80 35.52 42.63
292.85 147.80 35.52 42.63
293.71 147.80 35.52 42.63
293.71 147.80 35.52 42.63
293.71 147.80 35.52 42.63
293.71 147.80 35.52 42.63
293.71 147.80 35.52 42.63
293.71 147.80 35.52 42.63
293.71 147.80 35.52 42.63
293.71 146.78 35.52 42.63
293.71 147.80 35.52 42.63
292.00 148.82 35.52 42.63
291.15 148.82 35.52 42.63
290.30 149.85 35.52 42.63
290.30 149.85 35.52 42.63
290.30 149.85 35.52 42.63
289.44 149.85 35.52 42.63
289.44 150.87 35.52 42.63
289.44 150.87 35.52 42.63
289.44 151.89 35.52 42.63
289.44 152.92 35.52 42.63
288.59 153.94 35.52 42.63
288.59 154.96 35.52 42.63
288.59 154.96 35.52 42.63
289.44 154.96 35.52 42.63
289.44 154.96 35.52 42.63
289.44 154.96 35.52 42.63
289.44 153.94 35.52 42.63
290.30 153.94 35.52 42.63
292.00 152.92 35.52 42.63
292.85 153.94 35.52 42.63
292.85 153.94 35.52 42.63
293.71 153.94 35.52 42.63
294.30 154.66 36.06 43.27
296.28 154.98 35.52 42.63
297.74 155.70 36.06 43.27
299.71 156.02 35.52 42.63
302.91 156.73 36.06 43.27
305.50 158.81 36.06 43.27
308.97 161.93 36.06 43.27
312.64 166.34 35.52 42.63
314.11 172.25 36.06 43.27
315.84 178.48 36.06 43.27
316.70 184.71 36.06 43.27
317.57 190.94 36.06 43.27
317.57 195.10 36.06 43.27
314.97 199.25 36.06 43.27
313.24 202.37 36.06 43.27
309.46 204.15 36.60 43.92
305.07 204.15 36.60 43.92
300.14 202.40 36.06 43.27
295.82 198.24 36.06 43.27
291.15 191.59 36.60 43.92
286.42 183.78 37.15 44.58
283.43 172.58 37.70 45.25
280.39 161.22 38.27 45.92
280.67 150.70 37.70 45.25
280.95 143.55 37.15 44.58
281.84 137.13 37.15 44.58
283.63 132.85 37.15 44.58
284.78 130.02 36.60 43.92
286.78 129.30 36.06 43.27
288.27 131.09 36.60 43.92
290.90 135.30 36.60 43.92
292.66 141.63 36.60 43.92
294.42 150.06 36.60 43.92
295.92 161.50 37.15 44.58
298.36 173.11 37.70 45.25
300.17 185.05 37.70 45.25
300.17 193.74 37.70 45.25
299.26 198.08 37.70 45.25
296.55 199.17 37.70 45.25
292.03 195.91 37.70 45.25
284.79 189.40 37.70 45.25
278.07 180.24 38.27 45.92
270.33 170.95 38.84 46.61
262.87 164.23 38.84 46.61
254.48 160.88 38.84 46.61
247.57 159.39 39.43 47.31
242.47 160.19 40.02 48.02
238.98 161.68 39.43 47.31
236.76 163.63 40.02 48.02
235.80 167.09 40.02 48.02
236.10 173.12 39.43 47.31
237.72 176.22 40.02 48.02
240.86 177.71 39.43 47.31
245.59 175.44 39.43 47.31
252.40 169.08 38.84 46.61
260.04 160.61 38.27 45.92
269.08 152.43 38.84 46.61
279.19 146.40 39.43 47.31
287.54 143.74 40.02 48.02
294.06 141.04 40.62 48.74
299.70 140.68 41.23 49.47
306.42 141.51 41.85 50.22
312.22 144.81 42.47 50.97
316.04 149.39 43.11 51.73
320.18 156.84 43.11 51.73
323.28 168.01 43.11 51.73
325.64 178.18 42.47 50.97
324.62 185.52 42.47 50.97
323.93 189.51 41.85 50.22
321.92 191.92 41.85 50.22
317.90 189.51 41.85 50.22
314.26 185.14 41.23 49.47
309.31 178.01 41.23 49.47
303.76 169.02 40.62 48.74
299.50 159.15 41.23 49.47
294.55 150.84 41.23 49.47
289.98 145.36 40.62 48.74
286.44 141.11 40.02 48.02
282.60 139.96 40.02 48.02
279.11 140.31 39.43 47.31
274.97 143.41 40.02 48.02
273.38 148.31 39.43 47.31
271.80 154.25 38.84 46.61
271.17 162.31 38.27 45.92
270.55 168.08 37.70 45.25
269.05 170.56 37.15 44.58
266.96 171.31 37.70 45.25
265.15 170.22 37.70 45.25
264.54 168.42 37.15 44.58
262.17 164.53 36.60 43.92
259.54 161.37 36.60 43.92
257.21 157.54 36.06 43.27
255.48 154.42 36.06 43.27
256.35 153.38 36.06 43.27
258.32 153.70 35.53 42.63
261.10 156.04 35.00 42.00
263.02 159.33 34.48 41.38
263.84 164.29 34.48 41.38
264.91 170.47 33.97 40.77
265.73 177.32 33.97 40.77
266.54 184.16 33.97 40.77
267.36 189.06 33.97 40.77
268.18 191.01 33.97 40.77
268.18 188.08 33.97 40.77
267.36 182.21 33.97 40.77
267.11 174.95 34.48 41.38
267.69 168.59 35.00 42.00
269.98 164.18 35.53 42.63
272.54 161.12 35.53 42.63
276.80 160.09 35.53 42.63
282.59 159.77 36.06 43.27
289.52 160.81 36.06 43.27
297.31 163.93 36.06 43.27
304.06 167.82 36.60 43.92
309.14 170.70 37.15 44.58
311.57 171.45 37.70 45.25
313.13 171.11 38.27 45.92
311.91 169.65 38.84 46.61
308.18 169.65 38.84 46.61
304.10 170.43 39.43 47.31
299.73 174.14 38.84 46.61
297.55 179.47 39.43 47.31
295.66 187.42 39.43 47.31
293.15 194.48 38.84 46.61
289.07 200.94 39.43 47.31
282.06 205.20 40.02 48.02
273.96 206.01 40.62 48.74
266.73 202.08 41.23 49.47
262.40 194.48 41.85 50.22
261.07 185.54 42.47 50.97
263.39 177.48 41.85 50.22
267.66 171.91 41.23 49.47
273.81 168.77 40.62 48.74
282.75 167.97 40.02 48.02
291.23 171.12 40.62 48.74
298.84 175.51 41.23 49.47
306.56 183.57 41.85 50.22
311.35 190.54 42.47 50.97
312.06 196.36 43.11 51.73
310.69 199.75 43.76 52.51
307.91 201.38 43.11 51.73
303.13 200.54 42.47 50.97
296.41 196.10 41.85 50.22
288.81 190.53 41.23 49.47
279.90 185.78 41.23 49.47
271.43 182.64 40.62 48.74
265.58 181.47 40.62 48.74
261.68 182.64 40.62 48.74
259.10 185.31 40.02 48.02
259.40 187.93 39.43 47.31
260.62 188.28 38.84 46.61
264.58 186.42 38.27 45.92
268.96 181.60 38.84 46.61
274.34 175.57 39.43 47.31
278.85 172.91 40.02 48.02
281.47 173.72 40.62 48.74
282.16 175.73 41.23 49.47
282.46 177.27 40.62 48.74
282.76 181.09 40.02 48.02
283.72 183.39 40.02 48.02
282.76 183.39 40.02 48.02
280.84 182.24 40.02 48.02
276.41 176.92 39.43 47.31
272.04 168.32 38.84 46.61
267.73 160.95 38.27 45.92
262.59 155.85 37.70 45.25
257.52 152.98 37.15 44.58
254.28 152.26 36.60 43.92
251.09 152.58 36.06 43.27
248.79 154.95 35.53 42.63
245.70 158.28 35.00 42.00
243.47 162.57 34.48 41.38
240.69 168.30 35.00 42.00
239.85 173.34 35.00 42.00
240.69 174.35 35.00 42.00
243.21 173.34 35.00 42.00
246.78 169.68 34.48 41.38
250.09 163.72 34.48 41.38
254.42 158.16 33.97 40.77
260.30 153.64 33.47 40.17
266.88 152.04 32.98 39.57
272.58 150.46 32.49 38.99
278.20 149.83 32.01 38.41
282.81 149.83 32.01 38.41
285.68 149.54 32.49 38.99
285.44 151.14 32.98 39.57
283.86 153.99 32.98 39.57
280.20 154.29 32.49 38.99
275.07 151.81 32.01 38.41
269.25 146.64 31.54 37.84
263.63 139.91 32.01 38.41
259.02 134.37 32.01 38.41
251.69 130.12 31.54 37.84
242.23 127.71 31.07 37.28
229.55 131.29 31.07 37.28
211.91 141.00 31.54 37.84
193.24 149.94 32.01 38.41
178.96 161.81 32.49 38.99
168.05 176.78 32.49 38.99
163.37 188.95 32.49 38.99
164.93 195.50 32.49 38.99
166.49 202.05 32.49 38.99
167.50 206.02 32.01 38.41
168.82 202.93 32.49 38.99
170.16 196.94 32.98 39.57
171.52 190.86 33.47 40.17
174.53 184.69 33.97 40.77
181.05 178.81 33.97 40.77
184.93 176.52 34.48 41.38
189.71 178.23 35.00 42.00
194.57 182.01 35.53 42.63
198.63 186.88 36.06 43.27
200.11 191.82 36.60 43.92
200.73 196.84 37.15 44.58
204.30 202.19 37.15 44.58
209.45 207.29 37.70 45.25
211.26 213.80 37.70 45.25
204.92 219.23 37.70 45.25
200.40 222.49 37.70 45.25
198.28 219.95 38.27 45.92
200.37 213.77 37.70 45.25
201.28 208.34 37.70 45.25
200.66 205.47 37.15 44.58
201.29 205.13 37.70 45.25
204.00 206.22 37.70 45.25
204.28 208.69 37.15 44.58
202.50 212.97 37.15 44.58
201.32 218.07 37.70 45.25
201.32 221.32 37.70 45.25
201.32 221.32 37.70 45.25
200.70 217.38 37.15 44.58
199.52 210.53 37.70 45.25
200.42 202.93 37.70 45.25
201.59 196.84 37.15 44.58
200.70 193.63 37.15 44.58
199.81 192.56 37.15 44.58
198.33 192.89 36.60 43.92
198.60 193.22 36.06 43.27
198.60 195.30 36.06 43.27
197.73 199.45 36.06 43.27
197.46 204.39 36.60 43.92
197.19 208.34 37.15 44.58
197.19 207.27 37.15 44.58
198.08 203.00 37.15 44.58
199.86 197.65 37.15 44.58
199.86 194.44 37.15 44.58
200.76 193.37 37.15 44.58
200.76 193.37 37.15 44.58
200.15 194.75 36.60 43.92
199.56 198.19 36.06 43.27
200.42 202.34 36.06 43.27
201.54 206.76 35.53 42.63
200.96 214.13 35.00 42.00
198.44 220.18 35.00 42.00
196.76 224.21 35.00 42.00
198.68 222.53 34.48 41.38
200.33 217.57 34.48 41.38
199.77 211.02 33.97 40.77
197.61 203.61 33.47 40.17
196.01 196.86 33.47 40.17
192.30 191.46 32.98 39.57
185.52 188.01 32.49 38.99
180.53 186.77 32.98 39.57
179.74 185.82 32.98 39.57
179.49 186.49 33.47 40.17
174.99 190.58 32.98 39.57
170.24 197.23 32.98 39.57
168.39 204.65 33.47 40.17
169.77 209.24 33.97 40.77
169.51 213.90 34.48 41.38
170.93 214.59 35.00 42.00
172.38 211.21 35.53 42.63
174.93 208.14 35.53 42.63
174.36 206.44 35.00 42.00
176.04 206.44 35.00 42.00
181.26 206.75 34.48 41.38
186.88 209.46 35.00 42.00
191.74 214.26 35.53 42.63
197.88 218.61 35.00 42.00
208.70 223.41 35.53 42.63
219.78 227.50 35.53 42.63
229.90 230.30 36.06 43.27
240.40 226.53 35.53 42.63
251.38 216.86 36.06 43.27
259.17 205.44 36.06 43.27
266.09 197.13 36.06 43.27
274.61 191.54 36.60 43.92
283.53 187.71 36.06 43.27
291.47 185.98 35.53 42.63
294.67 187.74 36.06 43.27
294.67 191.89 36.06 43.27
293.23 198.35 35.53 42.63
289.82 206.53 35.53 42.63
285.22 217.64 36.06 43.27
277.82 225.12 35.53 42.63
267.17 228.95 36.06 43.27
253.32 231.03 36.06 43.27
237.24 231.76 36.60 43.92
220.02 233.57 37.15 44.58
205.76 236.78 37.15 44.58
196.43 239.70 37.70 45.25
191.00 241.88 37.70 45.25
185.04 243.28 37.15 44.58
174.34 244.35 37.15 44.58
162.30 239.67 37.70 45.25
155.97 229.90 37.70 45.25
154.76 218.54 38.27 45.92
158.21 204.77 38.84 46.61
167.68 195.19 38.27 45.92
177.65 192.61 38.84 46.61
185.87 195.67 39.43 47.31
196.28 200.21 39.43 47.31
208.69 208.39 38.84 46.61
220.70 220.53 39.43 47.31
233.85 231.70 40.02 48.02
248.34 243.41 39.43 47.31
262.53 250.22 39.43 47.31
274.84 253.63 39.43 47.31
287.25 252.86 38.84 46.61
302.23 248.80 38.27 45.92
316.99 243.71 37.70 45.25
331.53 237.62 37.15 44.58
346.74 234.79 36.60 43.92
358.16 231.63 36.60 43.92
367.95 230.91 36.06 43.27
373.14 230.91 36.06 43.27
373.41 232.26 35.53 42.63
369.47 234.59 35.00 42.00
359.80 236.88 34.48 41.38
345.38 243.06 33.97 40.77
326.92 250.70 34.48 41.38
306.50 257.45 35.00 42.00
286.62 260.20 35.53 42.63
267.87 258.15 35.53 42.63
252.02 252.64 36.06 43.27
236.45 245.37 36.06 43.27
220.87 240.18 36.06 43.27
208.35 234.36 35.53 42.63
199.82 229.25 35.53 42.63
195.88 223.51 35.00 42.00
195.04 219.48 35.00 42.00
196.96 218.80 34.48 41.38
201.10 217.80 34.48 41.38
207.87 218.11 33.97 40.77
213.41 219.79 34.48 41.38
221.55 221.50 35.00 42.00
234.08 219.14 35.53 42.63
248.57 214.02 35.53 42.63
258.69 207.47 36.06 43.27
266.48 202.28 36.06 43.27
274.27 197.08 36.06 43.27
284.54 192.54 36.60 43.92
291.40 190.07 37.15 44.58
297.64 191.14 37.15 44.58
304.60 194.07 37.70 45.25
311.66 200.34 38.27 45.92
317.90 208.95 38.84 46.61
325.36 219.02 38.84 46.61
331.69 228.89 39.43 47.31
337.16 235.45 40.02 48.02
340.76 238.60 40.62 48.74
343.68 236.26 40.62 48.74
348.33 229.95 41.23 49.47
351.03 222.35 41.85 50.22
349.70 215.86 42.47 50.97
347.31 211.75 43.11 51.73
344.20 209.27 43.11 51.73
338.41 207.20 42.47 50.97
331.88 208.06 43.11 51.73
322.11 211.46 43.76 52.51
311.60 217.76 43.76 52.51
300.62 226.32 44.41 53.30
289.96 236.55 44.41 53.30
278.23 242.95 44.41 53.30
264.91 242.55 45.08 54.10
252.50 236.87 45.76 54.91
241.51 228.96 45.76 54.91
230.53 222.37 45.76 54.91
221.27 216.61 46.44 55.73
210.13 211.26 46.44 55.73
200.09 208.59 46.44 55.73
191.83 206.81 47.14 56.57
185.04 205.45 47.14 56.57
180.93 205.87 46.44 55.73
179.08 204.96 45.76 54.91
182.37 202.33 45.76 54.91
188.12 194.94 45.08 54.10
194.61 185.86 45.08 54.10
206.35 176.23 45.76 54.91
221.73 169.64 45.76 54.91
235.87 167.89 46.44 55.73
250.23 170.18 47.14 56.57
262.51 175.27 47.85 57.42
271.48 180.44 48.56 58.28
278.72 185.00 47.85 57.42
284.73 193.57 47.14 56.57
287.31 199.34 46.44 55.73
287.66 202.39 45.76 54.91
287.66 201.07 45.76 54.91
284.75 194.98 45.08 54.10
281.88 186.43 44.41 53.30
279.39 176.94 45.08 54.10
277.59 168.39 44.41 53.30
273.32 164.55 44.41 53.30
267.99 164.55 44.41 53.30
264.80 168.39 44.41 53.30
264.07 172.56 43.76 52.51
264.40 177.92 43.11 51.73
268.79 184.41 42.47 50.97
274.13 193.23 41.85 50.22
276.42 204.28 41.23 49.47
278.67 211.67 40.62 48.74
278.67 215.18 40.62 48.74
279.65 212.84 40.62 48.74
282.57 204.65 40.62 48.74
286.71 192.33 40.02 48.02
290.55 179.65 40.02 48.02
290.85 169.79 39.43 47.31
288.96 160.71 39.43 47.31
286.74 153.44 40.02 48.02
287.98 145.84 39.43 47.31
287.04 139.03 39.43 47.31
283.25 137.89 39.43 47.31
277.02 138.24 38.84 46.61
269.56 139.36 38.84 46.61
263.42 141.91 38.27 45.92
256.07 145.22 38.27 45.92
251.12 147.11 38.84 46.61
247.73 150.76 38.27 45.92
242.22 156.27 38.27 45.92
235.27 163.13 37.70 45.25
227.63 170.50 38.27 45.92
222.12 179.32 38.27 45.92
217.88 187.26 37.70 45.25
216.38 194.01 37.15 44.58
214.29 199.11 37.70 45.25
214.57 200.51 37.15 44.58
216.35 196.23 37.15 44.58
223.31 187.21 37.70 45.25
231.30 174.75 38.27 45.92
236.60 160.98 38.84 46.61
237.26 148.14 39.43 47.31
235.04 137.41 40.02 48.02
234.08 129.34 40.02 48.02
235.32 124.02 39.43 47.31
235.32 122.89 39.43 47.31
234.38 125.16 39.43 47.31
230.94 131.10 38.84 46.61
227.21 138.93 38.84 46.61
227.50 148.09 38.27 45.92
228.41 159.12 38.27 45.92
230.51 171.40 37.70 45.25
233.22 182.26 37.70 45.25
234.13 188.77 37.70 45.25
235.30 191.25 37.15 44.58
232.62 192.32 37.15 44.58
226.75 189.49 36.60 43.92
220.10 182.54 36.06 43.27
215.77 175.27 36.06 43.27
211.77 171.50 35.53 42.63
204.47 171.81 35.00 42.00
199.43 172.82 35.00 42.00
198.87 175.12 34.48 41.38
196.93 177.83 35.00 42.00
194.96 182.63 35.53 42.63
194.38 187.99 35.00 42.00
195.47 195.25 34.48 41.38
196.54 198.49 33.97 40.77
197.11 198.18 34.48 41.38
197.94 193.22 34.48 41.38
199.36 183.84 35.00 42.00
203.36 174.31 35.53 42.63
207.62 168.18 35.53 42.63
212.09 165.47 35.00 42.00
214.61 165.47 35.00 42.00
217.35 165.78 34.48 41.38
222.13 169.50 35.00 42.00
225.49 174.54 35.00 42.00
225.49 180.59 35.00 42.00
228.01 187.64 35.00 42.00
229.09 194.90 34.48 41.38
226.90 203.04 33.97 40.77
222.83 209.89 33.97 40.77
218.75 213.80 33.97 40.77
215.79 214.10 33.47 40.17
213.09 209.89 33.97 40.77
211.18 201.64 34.48 41.38
210.08 190.24 35.00 42.00
211.52 178.67 35.53 42.63
212.12 167.96 36.06 43.27
209.22 159.21 36.60 43.92
204.49 153.53 37.15 44.58
200.92 149.25 37.15 44.58
197.02 146.74 37.70 45.25
195.82 146.40 38.27 45.92
196.10 148.91 37.70 45.25
194.90 154.09 38.27 45.92
194.61 160.45 38.84 46.61
197.16 166.92 39.43 47.31
200.71 175.78 40.02 48.02
203.33 184.78 40.62 48.74
206.99 192.73 41.23 49.47
209.69 197.18 41.85 50.22
211.41 196.80 42.47 50.97
215.23 190.21 43.11 51.73
220.41 177.79 43.11 51.73
224.29 164.80 43.76 52.51
228.22 151.62 44.41 53.30
235.46 142.13 45.08 54.10
243.91 132.50 45.76 54.91
248.02 122.73 46.44 55.73
248.81 116.88 47.14 56.57
253.05 115.07 47.85 57.42
264.34 110.45 48.56 58.28
267.53 105.75 49.29 59.15
265.96 111.07 50.03 60.04
264.36 119.40 50.78 60.94
263.98 127.85 51.54 61.85
261.51 141.21 51.54 61.85
258.23 154.83 50.78 60.94
257.01 167.99 50.78 60.94
254.16 176.44 51.54 61.85
248.75 178.99 52.32 62.78
245.81 176.99 53.10 63.72
246.70 165.65 53.90 64.68
243.67 154.13 54.71 65.65
239.27 145.64 55.53 66.63
241.55 138.65 56.36 67.63
245.25 131.55 57.21 68.65
247.61 126.02 58.06 69.68
251.79 124.35 58.06 69.68
255.60 123.83 58.94 70.72
259.46 128.46 59.82 71.78
