772.00 429.00 25.00 91.00
770.59 428.32 25.37 92.36
768.98 429.00 25.00 91.00
767.78 429.00 25.00 91.00
766.19 429.67 24.63 89.66
764.63 428.21 24.27 88.33
763.09 428.87 23.91 87.02
761.00 429.51 23.55 85.74
759.31 429.51 23.55 85.74
757.81 430.14 23.21 84.47
756.33 428.77 22.86 83.22
755.42 429.39 22.53 81.99
754.52 428.05 22.19 80.78
753.28 427.45 22.53 81.99
752.38 428.05 22.19 80.78
751.31 428.05 22.19 80.78
750.25 428.05 22.19 80.78
749.18 428.05 22.19 80.78
748.12 428.05 22.19 80.78
746.87 427.45 22.53 81.99
745.60 426.83 22.86 83.22
745.05 424.83 22.86 83.22
743.96 424.83 22.86 83.22
743.23 422.18 23.21 84.47
741.92 421.55 23.55 85.74
741.17 420.91 23.91 87.02
740.02 420.91 23.91 87.02
738.88 420.91 23.91 87.02
737.53 420.25 24.27 88.33
736.37 420.25 24.27 88.33
735.40 420.91 23.91 87.02
733.68 420.91 23.91 87.02
732.16 421.55 23.55 85.74
730.66 420.16 23.21 84.47
729.74 420.78 22.86 83.22
728.28 419.43 22.53 81.99
726.85 420.03 22.19 80.78
725.97 420.63 21.86 79.59
724.58 421.22 21.54 78.41
723.72 421.80 21.22 77.25
722.37 422.37 20.91 76.11
721.19 421.80 21.22 77.25
720.35 422.37 20.91 76.11
719.51 422.93 20.60 74.99
718.52 422.93 20.60 74.99
717.36 422.37 20.91 76.11
716.19 419.94 21.22 77.25
715.51 419.36 21.54 78.41
714.30 418.78 21.86 79.59
713.61 418.18 22.19 80.78
712.54 416.24 22.19 80.78
710.75 415.63 22.53 81.99
709.49 415.02 22.86 83.22
708.39 415.02 22.86 83.22
706.74 415.02 22.86 83.22
705.29 415.63 22.53 81.99
703.47 415.02 22.86 83.22
702.02 415.63 22.53 81.99
701.12 414.30 22.19 80.78
699.71 414.90 21.86 79.59
698.48 414.30 22.19 80.78
697.60 412.99 21.86 79.59
696.37 412.39 22.19 80.78
694.96 412.99 21.86 79.59
694.08 413.58 21.54 78.41
693.23 414.16 21.22 77.25
692.38 414.73 20.91 76.11
691.20 414.16 21.22 77.25
690.01 413.58 21.54 78.41
689.15 414.16 21.22 77.25
687.96 411.69 21.54 78.41
686.75 411.11 21.86 79.59
686.05 410.51 22.19 80.78
684.80 409.90 22.53 81.99
683.54 409.29 22.86 83.22
682.44 409.29 22.86 83.22
680.98 407.94 22.53 81.99
679.36 409.90 22.53 81.99
677.55 409.29 22.86 83.22
675.90 409.29 22.86 83.22
673.91 407.94 22.53 81.99
672.29 407.94 22.53 81.99
670.86 408.54 22.19 80.78
669.44 407.23 21.86 79.59
668.40 407.23 21.86 79.59
667.01 407.82 21.54 78.41
665.64 408.40 21.22 77.25
664.44 407.82 21.54 78.41
663.07 408.40 21.22 77.25
662.23 408.97 20.91 76.11
661.22 408.97 20.91 76.11
659.90 407.73 20.60 74.99
658.91 407.73 20.60 74.99
657.75 407.17 20.91 76.11
657.59 406.60 21.22 77.25
655.88 406.02 21.54 78.41
655.72 405.43 21.86 79.59
652.89 404.83 22.19 80.78
651.83 402.89 22.19 80.78
650.94 403.49 21.86 79.59
649.55 404.08 21.54 78.41
648.52 404.08 21.54 78.41
646.97 404.08 21.54 78.41
645.42 404.08 21.54 78.41
643.87 404.08 21.54 78.41
642.13 403.49 21.86 79.59
640.74 404.08 21.54 78.41
639.19 402.20 21.54 78.41
638.16 402.20 21.54 78.41
636.79 400.92 21.22 77.25
635.94 401.49 20.91 76.11
635.11 402.05 20.60 74.99
634.12 402.05 20.60 74.99
633.13 402.05 20.60 74.99
632.31 402.61 20.30 73.88
631.33 402.61 20.30 73.88
630.52 403.15 20.00 72.79
629.56 403.15 20.00 72.79
628.92 400.84 20.30 73.88
628.28 400.28 20.60 74.99
627.46 400.84 20.30 73.88
626.97 399.06 20.30 73.88
626.16 399.61 20.00 72.79
625.52 399.06 20.30 73.88
624.38 398.51 20.60 74.99
623.56 399.06 20.30 73.88
622.91 398.51 20.60 74.99
621.75 397.95 20.91 76.11
620.92 398.51 20.60 74.99
620.26 397.95 20.91 76.11
619.43 398.51 20.60 74.99
618.27 397.95 20.91 76.11
617.10 395.52 21.22 77.25
616.25 396.09 20.91 76.11
615.58 395.52 21.22 77.25
614.91 394.94 21.54 78.41
614.22 394.35 21.86 79.59
613.52 393.76 22.19 80.78
613.36 393.15 22.53 81.99
613.19 392.54 22.86 83.22
612.46 391.91 23.21 84.47
612.29 391.28 23.55 85.74
612.11 390.64 23.91 87.02
611.93 389.98 24.27 88.33
612.11 388.55 23.91 87.02
612.29 389.19 23.55 85.74
611.54 388.55 23.91 87.02
611.71 389.19 23.55 85.74
611.89 387.80 23.21 84.47
610.96 388.42 22.86 83.22
610.59 389.04 22.53 81.99
610.97 388.42 22.86 83.22
610.06 389.04 22.53 81.99
609.89 388.42 22.86 83.22
609.89 388.42 22.86 83.22
609.16 387.80 23.21 84.47
609.16 387.80 23.21 84.47
609.33 386.42 22.86 83.22
609.16 385.80 23.21 84.47
608.98 385.17 23.55 85.74
608.98 385.17 23.55 85.74
608.81 384.52 23.91 87.02
608.81 384.52 23.91 87.02
608.98 385.17 23.55 85.74
608.98 385.17 23.55 85.74
609.72 385.80 23.21 84.47
609.72 385.80 23.21 84.47
609.72 385.80 23.21 84.47
610.44 384.43 22.86 83.22
610.44 384.43 22.86 83.22
610.44 384.43 22.86 83.22
610.60 385.04 22.53 81.99
610.77 385.65 22.19 80.78
610.93 384.33 21.86 79.59
611.10 384.92 21.54 78.41
610.41 386.24 21.86 79.59
610.25 385.65 22.19 80.78
610.25 385.65 22.19 80.78
609.71 383.71 22.19 80.78
609.88 384.30 21.86 79.59
609.71 383.71 22.19 80.78
609.01 383.10 22.53 81.99
608.84 382.49 22.86 83.22
608.84 382.49 22.86 83.22
608.84 382.49 22.86 83.22
609.39 382.49 22.86 83.22
609.21 381.86 23.21 84.47
609.61 381.23 23.55 85.74
609.43 380.59 23.91 87.02
610.00 380.59 23.91 87.02
610.74 381.23 23.55 85.74
611.31 381.23 23.55 85.74
611.88 381.23 23.55 85.74
612.61 379.84 23.21 84.47
613.33 380.46 22.86 83.22
613.88 380.46 22.86 83.22
614.42 378.46 22.86 83.22
614.42 378.46 22.86 83.22
615.13 379.08 22.53 81.99
615.13 379.08 22.53 81.99
615.83 379.68 22.19 80.78
616.52 378.37 21.86 79.59
617.20 378.96 21.54 78.41
617.87 379.54 21.22 77.25
617.87 379.54 21.22 77.25
618.23 378.96 21.54 78.41
618.74 378.96 21.54 78.41
619.11 378.37 21.86 79.59
619.63 378.37 21.86 79.59
620.00 377.77 22.19 80.78
620.69 376.46 21.86 79.59
621.06 375.86 22.19 80.78
621.43 375.26 22.53 81.99
621.81 376.64 22.86 83.22
622.20 376.02 23.21 84.47
622.59 375.38 23.55 85.74
622.99 374.74 23.91 87.02
623.39 374.09 24.27 88.33
624.72 372.65 23.91 87.02
625.29 372.65 23.91 87.02
626.60 373.29 23.55 85.74
627.33 371.90 23.21 84.47
628.05 372.52 22.86 83.22
628.76 373.14 22.53 81.99
629.46 371.81 22.19 80.78
630.14 372.40 21.86 79.59
630.82 372.99 21.54 78.41
631.49 373.57 21.22 77.25
631.65 374.14 20.91 76.11
632.15 374.14 20.91 76.11
632.65 374.14 20.91 76.11
633.15 374.14 20.91 76.11
633.51 373.57 21.22 77.25
634.02 371.72 21.22 77.25
634.53 371.72 21.22 77.25
635.03 371.72 21.22 77.25
634.88 371.14 21.54 78.41
635.24 370.55 21.86 79.59
635.61 369.95 22.19 80.78
635.61 369.95 22.19 80.78
636.14 369.95 22.19 80.78
636.14 369.95 22.19 80.78
636.51 369.35 22.53 81.99
636.51 369.35 22.53 81.99
637.21 368.01 22.19 80.78
637.38 368.61 21.86 79.59
637.90 368.61 21.86 79.59
637.74 368.01 22.19 80.78
637.90 366.70 21.86 79.59
637.38 366.70 21.86 79.59
637.38 366.70 21.86 79.59
636.85 366.70 21.86 79.59
636.85 366.70 21.86 79.59
636.50 367.29 21.54 78.41
635.98 367.29 21.54 78.41
635.63 367.87 21.22 77.25
634.28 368.44 20.91 76.11
633.45 369.00 20.60 74.99
632.14 369.55 20.30 73.88
630.68 369.55 20.30 73.88
629.39 368.35 20.00 72.79
628.59 368.89 19.70 71.71
627.80 369.42 19.41 70.65
626.87 369.42 19.41 70.65
625.47 369.42 19.41 70.65
624.24 369.94 19.12 69.61
622.70 369.42 19.41 70.65
621.47 369.94 19.12 69.61
620.25 370.46 18.84 68.58
618.61 370.96 18.56 67.56
617.43 369.87 18.29 66.57
615.95 369.37 18.56 67.56
614.17 369.37 18.56 67.56
612.39 369.37 18.56 67.56
610.61 369.37 18.56 67.56
608.83 369.37 18.56 67.56
607.78 368.86 18.84 68.58
606.27 368.35 19.12 69.61
604.89 368.35 19.12 69.61
603.67 368.86 18.84 68.58
602.03 369.37 18.56 67.56
600.25 369.37 18.56 67.56
597.75 369.87 18.29 66.57
594.50 370.99 18.56 67.56
592.10 370.48 18.84 68.58
589.84 368.84 18.84 68.58
589.08 369.34 18.56 67.56
588.34 369.84 18.29 66.57
587.47 369.84 18.29 66.57
585.87 368.76 18.02 65.58
583.71 368.76 18.02 65.58
581.55 368.76 18.02 65.58
579.82 368.76 18.02 65.58
577.82 369.24 17.75 64.61
576.69 369.72 17.49 63.66
574.59 369.72 17.49 63.66
573.18 369.24 17.75 64.61
571.05 367.69 17.75 64.61
568.76 367.21 18.02 65.58
565.55 366.72 18.29 66.57
565.55 366.72 18.29 66.57
563.80 366.72 18.29 66.57
561.34 365.63 18.02 65.58
560.19 366.12 17.75 64.61
558.64 366.60 17.49 63.66
557.12 367.07 17.23 62.72
554.47 366.60 17.49 63.66
552.12 365.56 17.23 62.72
550.21 366.03 16.98 61.79
547.93 365.02 16.72 60.88
546.47 365.47 16.48 59.98
544.89 365.47 16.48 59.98
542.76 365.02 16.72 60.88
541.41 364.56 16.98 61.79
539.63 364.10 17.23 62.72
537.82 363.63 17.49 63.66
536.29 364.10 17.23 62.72
534.79 364.56 16.98 61.79
532.76 364.56 16.98 61.79
531.39 365.61 17.23 62.72
529.58 365.14 17.49 63.66
527.32 364.66 17.75 64.61
525.19 363.11 17.75 64.61
523.48 363.11 17.75 64.61
521.94 362.06 17.49 63.66
520.26 362.06 17.49 63.66
518.58 362.06 17.49 63.66
517.32 362.06 17.49 63.66
515.64 362.06 17.49 63.66
513.81 361.58 17.75 64.61
512.26 362.06 17.49 63.66
510.73 362.53 17.23 62.72
508.82 362.99 16.98 61.79
506.38 362.99 16.98 61.79
504.10 363.45 16.72 60.88
501.85 363.90 16.48 59.98
500.02 364.34 16.23 59.09
498.07 362.92 16.23 59.09
496.37 362.48 16.48 59.98
494.24 362.03 16.72 60.88
492.48 361.57 16.98 61.79
490.29 361.11 17.23 62.72
488.48 360.64 17.49 63.66
486.64 361.71 17.75 64.61
484.51 361.71 17.75 64.61
482.55 362.19 17.49 63.66
481.02 362.66 17.23 62.72
479.37 364.17 17.23 62.72
477.30 364.17 17.23 62.72
475.39 363.15 16.98 61.79
473.76 361.66 16.98 61.79
472.39 361.20 17.23 62.72
471.00 360.73 17.49 63.66
468.74 360.25 17.75 64.61
467.20 360.73 17.49 63.66
465.94 360.73 17.49 63.66
464.26 360.73 17.49 63.66
462.00 361.80 17.75 64.61
460.13 362.89 18.02 65.58
457.80 362.40 18.29 66.57
455.44 361.90 18.56 67.56
453.49 361.39 18.84 68.58
451.51 360.88 19.12 69.61
448.94 359.75 18.84 68.58
446.41 357.01 18.56 67.56
444.79 357.51 18.29 66.57
443.32 357.01 18.56 67.56
442.27 356.50 18.84 68.58
440.75 355.99 19.12 69.61
439.09 358.15 18.84 68.58
437.89 358.66 18.56 67.56
436.55 358.66 18.56 67.56
434.94 359.16 18.29 66.57
433.46 358.66 18.56 67.56
432.13 358.66 18.56 67.56
430.63 358.15 18.84 68.58
429.27 356.50 18.84 68.58
427.92 356.50 18.84 68.58
427.17 357.01 18.56 67.56
425.83 357.01 18.56 67.56
424.94 357.01 18.56 67.56
423.60 357.01 18.56 67.56
422.11 356.50 18.84 68.58
420.91 357.01 18.56 67.56
419.73 357.51 18.29 66.57
418.26 357.01 18.56 67.56
417.21 356.50 18.84 68.58
415.86 354.86 18.84 68.58
415.40 354.86 18.84 68.58
414.50 354.86 18.84 68.58
413.90 354.34 19.12 69.61
413.44 354.34 19.12 69.61
412.98 354.34 19.12 69.61
412.52 354.34 19.12 69.61
412.06 354.34 19.12 69.61
