160.00 85.00 33.00 21.00
160.00 83.99 33.00 21.00
159.21 83.99 33.00 21.00
158.42 82.98 33.00 21.00
157.88 82.64 32.51 20.69
157.64 81.98 33.00 21.00
155.26 80.98 33.00 21.00
154.47 80.47 33.00 21.00
152.88 79.97 33.00 21.00
150.51 78.96 33.00 21.00
149.72 78.46 33.00 21.00
148.13 77.45 33.00 21.00
145.47 76.27 33.49 21.32
144.67 76.27 33.49 21.32
143.33 75.42 33.00 21.00
140.96 74.41 33.00 21.00
139.37 73.90 33.00 21.00
138.32 73.24 33.49 21.32
136.98 73.39 33.00 21.00
134.61 72.38 33.00 21.00
133.56 71.72 33.49 21.32
133.01 71.37 33.00 21.00
129.84 70.87 33.00 21.00
129.05 70.36 33.00 21.00
129.05 70.36 33.00 21.00
127.74 69.52 32.51 20.69
127.49 69.37 33.00 21.00
127.49 69.37 33.00 21.00
127.49 69.37 33.00 21.00
127.74 69.52 32.51 20.69
127.49 69.37 33.00 21.00
127.49 69.37 33.00 21.00
128.52 70.02 32.51 20.69
128.52 70.02 32.51 20.69
129.06 70.37 33.00 21.00
129.86 70.87 33.00 21.00
130.10 71.52 32.51 20.69
130.65 72.38 33.00 21.00
131.44 72.88 33.00 21.00
132.23 74.39 33.00 21.00
133.26 75.54 32.51 20.69
133.80 75.39 33.00 21.00
135.39 76.90 33.00 21.00
136.18 76.90 33.00 21.00
136.97 77.91 33.00 21.00
138.56 79.42 33.00 21.00
139.35 79.42 33.00 21.00
140.14 80.43 33.00 21.00
141.72 80.93 33.00 21.00
142.52 81.43 33.00 21.00
143.88 82.30 33.49 21.32
144.68 82.30 33.49 21.32
145.72 82.96 33.00 21.00
147.08 83.32 33.49 21.32
147.88 83.32 33.49 21.32
148.92 83.98 33.00 21.00
149.95 84.13 32.51 20.69
149.95 84.13 32.51 20.69
150.19 84.29 32.03 20.38
150.42 84.44 31.56 20.08
150.19 83.80 32.03 20.38
150.96 83.80 32.03 20.38
150.96 83.80 32.03 20.38
150.96 83.80 32.03 20.38
150.19 83.80 32.03 20.38
149.95 83.64 32.51 20.69
149.42 83.31 32.03 20.38
149.66 83.46 31.56 20.08
148.65 82.82 32.03 20.38
148.13 82.97 31.56 20.08
147.12 82.82 32.03 20.38
146.10 82.17 32.51 20.69
145.32 81.67 32.51 20.69
144.80 81.82 32.03 20.38
144.27 81.97 31.56 20.08
142.27 81.65 31.09 19.79
141.52 81.65 31.09 19.79
140.78 81.65 31.09 19.79
139.28 81.17 31.09 19.79
138.29 81.03 31.56 20.08
136.52 80.87 32.03 20.38
134.98 80.87 32.03 20.38
134.21 80.87 32.03 20.38
131.91 80.87 32.03 20.38
130.37 81.36 32.03 20.38
129.60 81.36 32.03 20.38
128.83 81.36 32.03 20.38
126.53 81.36 32.03 20.38
124.99 81.36 32.03 20.38
122.68 81.85 32.03 20.38
121.40 82.49 31.56 20.08
121.64 82.63 31.09 19.79
118.37 82.97 31.56 20.08
116.86 82.97 31.56 20.08
116.35 83.59 31.09 19.79
113.36 84.07 31.09 19.79
111.61 83.92 31.56 20.08
110.61 84.26 32.03 20.38
107.81 85.37 31.56 20.08
107.06 85.37 31.56 20.08
104.79 86.33 31.56 20.08
103.53 87.43 31.09 19.79
102.03 87.43 31.09 19.79
101.29 87.91 31.09 19.79
100.54 88.86 31.09 19.79
100.04 89.00 30.63 19.49
97.57 90.28 31.09 19.79
96.58 91.10 31.56 20.08
93.26 91.93 32.03 20.38
92.50 92.90 32.03 20.38
92.50 92.90 32.03 20.38
90.46 94.50 31.56 20.08
89.20 95.60 31.09 19.79
88.97 95.45 31.56 20.08
87.19 96.77 32.03 20.38
86.67 97.40 31.56 20.08
86.16 98.50 31.09 19.79
84.67 98.97 31.09 19.79
83.92 99.92 31.09 19.79
82.68 100.54 30.63 19.49
82.45 100.39 31.09 19.79
80.21 101.81 31.09 19.79
79.71 102.43 30.63 19.49
77.98 102.76 31.09 19.79
76.74 103.84 30.63 19.49
75.52 104.91 30.18 19.21
74.56 104.76 30.63 19.49
73.34 105.37 30.18 19.21
71.64 106.16 30.63 19.49
71.64 106.16 30.63 19.49
69.44 106.63 30.63 19.49
67.49 107.69 30.18 19.21
67.00 108.74 29.73 18.92
66.52 108.88 29.29 18.64
64.87 109.65 29.73 18.92
63.68 110.68 29.29 18.64
62.28 111.58 29.29 18.64
61.34 111.89 29.73 18.92
60.16 112.48 29.29 18.64
57.80 113.70 29.73 18.92
56.85 113.56 30.18 19.21
56.36 114.16 29.73 18.92
56.36 114.16 29.73 18.92
53.96 114.48 30.18 19.21
53.47 115.07 29.73 18.92
52.04 115.53 29.73 18.92
52.04 115.53 29.73 18.92
51.56 116.56 29.29 18.64
51.56 116.56 29.29 18.64
51.56 116.56 29.29 18.64
50.63 117.78 29.73 18.92
50.63 118.24 29.73 18.92
50.40 119.02 30.18 19.21
50.91 119.81 30.63 19.49
51.14 120.41 30.18 19.21
51.86 121.34 30.18 19.21
52.80 121.93 29.73 18.92
53.72 123.41 29.29 18.64
55.32 124.43 28.86 18.37
55.32 125.32 28.86 18.37
56.22 126.75 28.44 18.10
56.43 127.32 28.01 17.83
56.90 127.18 28.44 18.10
56.90 128.48 28.44 18.10
56.90 128.92 28.44 18.10
56.90 128.92 28.44 18.10
57.11 129.91 28.01 17.83
56.90 129.77 28.44 18.10
56.90 129.77 28.44 18.10
56.22 129.77 28.44 18.10
56.01 129.64 28.86 18.37
56.01 129.64 28.86 18.37
56.22 130.21 28.44 18.10
56.22 130.21 28.44 18.10
56.22 130.21 28.44 18.10
56.01 130.07 28.86 18.37
56.01 130.07 28.86 18.37
56.01 130.07 28.86 18.37
56.01 130.07 28.86 18.37
56.22 130.21 28.44 18.10
56.43 130.34 28.01 17.83
56.90 129.77 28.44 18.10
56.90 129.77 28.44 18.10
57.11 129.91 28.01 17.83
56.90 129.34 28.44 18.10
56.44 129.05 28.01 17.83
56.44 129.05 28.01 17.83
56.44 128.19 28.01 17.83
56.23 128.06 28.44 18.10
56.23 127.62 28.44 18.10
55.55 126.75 28.44 18.10
55.55 126.32 28.44 18.10
55.55 125.45 28.44 18.10
55.76 124.73 28.01 17.83
55.76 124.73 28.01 17.83
55.55 124.16 28.44 18.10
54.87 122.86 28.44 18.10
54.87 121.56 28.44 18.10
54.65 120.54 28.86 18.37
53.96 119.22 28.86 18.37
53.96 118.33 28.86 18.37
54.65 116.57 28.86 18.37
54.65 116.57 28.86 18.37
54.65 116.57 28.86 18.37
53.96 115.25 28.86 18.37
54.17 114.52 28.44 18.10
53.96 113.94 28.86 18.37
54.17 113.21 28.44 18.10
54.17 112.77 28.44 18.10
54.17 111.90 28.44 18.10
54.17 111.90 28.44 18.10
53.96 110.89 28.86 18.37
53.96 110.89 28.86 18.37
54.65 110.00 28.86 18.37
53.73 109.42 29.29 18.64
53.95 109.12 28.86 18.37
53.73 108.08 29.29 18.64
53.73 108.08 29.29 18.64
53.95 107.78 28.86 18.37
53.95 107.78 28.86 18.37
53.95 107.34 28.86 18.37
54.64 106.46 28.86 18.37
54.86 106.59 28.44 18.10
54.86 106.16 28.44 18.10
54.64 105.58 28.86 18.37
55.54 105.72 28.44 18.10
56.02 104.70 28.86 18.37
56.02 104.70 28.86 18.37
57.40 104.26 28.86 18.37
58.79 103.38 28.86 18.37
59.00 103.51 28.44 18.10
59.00 103.51 28.44 18.10
61.05 103.08 28.44 18.10
62.22 102.06 28.86 18.37
62.91 101.62 28.86 18.37
62.91 101.62 28.86 18.37
63.81 101.32 28.44 18.10
66.04 101.03 28.01 17.83
66.51 100.46 28.44 18.10
68.06 100.17 28.01 17.83
69.22 99.60 28.44 18.10
70.10 99.73 28.01 17.83
70.10 99.73 28.01 17.83
71.94 98.73 28.44 18.10
73.30 98.30 28.44 18.10
73.99 97.86 28.44 18.10
73.99 97.86 28.44 18.10
75.35 97.43 28.44 18.10
76.90 97.56 28.01 17.83
77.38 96.99 28.44 18.10
78.74 96.56 28.44 18.10
80.97 95.84 28.01 17.83
80.97 95.84 28.01 17.83
80.76 95.70 28.44 18.10
82.99 95.41 28.01 17.83
84.33 94.55 28.01 17.83
84.12 94.42 28.44 18.10
84.33 94.55 28.01 17.83
85.49 93.55 28.44 18.10
86.85 93.12 28.44 18.10
87.73 92.82 28.01 17.83
89.08 92.40 28.01 17.83
90.23 91.39 28.44 18.10
90.23 91.39 28.44 18.10
90.92 91.39 28.44 18.10
91.60 90.96 28.44 18.10
93.15 90.66 28.01 17.83
93.82 90.66 28.01 17.83
95.17 90.24 28.01 17.83
95.17 90.24 28.01 17.83
96.32 90.10 28.44 18.10
97.21 90.24 28.01 17.83
98.74 90.37 27.60 17.56
100.06 90.37 27.60 17.56
100.06 90.37 27.60 17.56
100.73 90.37 27.60 17.56
102.05 89.95 27.60 17.56
103.38 89.95 27.60 17.56
103.38 89.95 27.60 17.56
104.70 89.95 27.60 17.56
104.70 89.95 27.60 17.56
106.03 89.95 27.60 17.56
105.82 89.39 28.01 17.83
106.49 89.39 28.01 17.83
107.84 89.39 28.01 17.83
107.84 89.39 28.01 17.83
109.18 88.96 28.01 17.83
109.18 88.96 28.01 17.83
110.05 89.09 27.60 17.56
110.71 89.09 27.60 17.56
111.37 89.09 27.60 17.56
111.84 88.53 28.01 17.83
112.71 88.24 27.60 17.56
113.37 88.24 27.60 17.56
114.70 88.24 27.60 17.56
114.70 88.24 27.60 17.56
114.70 88.24 27.60 17.56
116.02 87.82 27.60 17.56
115.81 87.69 28.01 17.83
116.49 87.26 28.01 17.83
118.02 87.39 27.60 17.56
117.81 86.83 28.01 17.83
119.34 86.96 27.60 17.56
119.34 86.96 27.60 17.56
120.01 86.54 27.60 17.56
120.47 85.98 28.01 17.83
121.14 85.98 28.01 17.83
121.62 85.85 28.44 18.10
122.30 85.42 28.44 18.10
123.18 85.55 28.01 17.83
124.05 85.68 27.60 17.56
124.71 85.68 27.60 17.56
125.37 85.68 27.60 17.56
125.84 84.69 28.01 17.83
126.71 84.83 27.60 17.56
127.57 84.96 27.19 17.30
129.05 84.67 26.79 17.05
129.50 84.13 27.19 17.30
130.16 83.72 27.19 17.30
131.00 83.84 26.79 17.05
132.11 83.30 27.19 17.30
132.11 83.30 27.19 17.30
132.76 83.30 27.19 17.30
133.41 82.88 27.19 17.30
134.06 82.88 27.19 17.30
135.55 83.01 26.79 17.05
136.19 83.01 26.79 17.05
137.48 83.01 26.79 17.05
138.12 83.01 26.79 17.05
139.23 83.30 27.19 17.30
139.23 83.30 27.19 17.30
139.23 83.30 27.19 17.30
140.71 84.25 26.79 17.05
141.17 84.12 27.19 17.30
142.29 84.83 27.60 17.56
143.14 85.38 27.19 17.30
144.45 85.79 27.19 17.30
145.10 85.79 27.19 17.30
146.22 86.51 27.60 17.56
147.08 87.05 27.19 17.30
148.20 87.34 27.60 17.56
149.06 87.89 27.19 17.30
149.26 88.02 26.79 17.05
150.36 88.30 27.19 17.30
151.01 88.72 27.19 17.30
153.14 89.26 26.79 17.05
153.59 89.54 27.19 17.30
154.90 89.96 27.19 17.30
156.39 90.49 26.79 17.05
157.67 90.90 26.79 17.05
158.32 91.31 26.79 17.05
158.96 91.31 26.79 17.05
159.41 91.60 27.19 17.30
159.41 91.60 27.19 17.30
159.21 91.47 27.60 17.56
159.21 91.47 27.60 17.56
159.21 91.47 27.60 17.56
158.54 91.47 27.60 17.56
158.54 91.47 27.60 17.56
158.10 91.60 27.19 17.30
157.65 91.73 26.79 17.05
156.80 91.19 27.19 17.30
155.49 90.77 27.19 17.30
155.49 90.77 27.19 17.30
155.05 90.90 26.79 17.05
153.77 90.49 26.79 17.05
153.12 90.49 26.79 17.05
153.12 90.49 26.79 17.05
151.62 90.36 27.19 17.30
151.18 90.49 26.79 17.05
150.53 90.08 26.79 17.05
149.68 89.95 27.19 17.30
149.88 90.08 26.79 17.05
148.81 90.21 26.40 16.80
147.33 90.08 26.79 17.05
146.68 89.67 26.79 17.05
145.83 89.13 27.19 17.30
145.39 89.26 26.79 17.05
144.53 88.71 27.19 17.30
143.88 88.30 27.19 17.30
143.23 88.30 27.19 17.30
142.58 88.30 27.19 17.30
141.92 88.30 27.19 17.30
141.27 87.88 27.19 17.30
141.27 87.88 27.19 17.30
140.62 87.88 27.19 17.30
139.97 87.47 27.19 17.30
139.97 87.47 27.19 17.30
139.31 87.05 27.19 17.30
139.31 87.05 27.19 17.30
138.87 87.18 26.79 17.05
138.67 86.64 27.19 17.30
138.67 86.64 27.19 17.30
138.23 86.35 26.79 17.05
137.38 86.23 27.19 17.30
136.72 85.81 27.19 17.30
136.72 85.81 27.19 17.30
136.07 85.40 27.19 17.30
136.07 85.40 27.19 17.30
136.07 85.40 27.19 17.30
135.63 85.11 26.79 17.05
134.77 84.57 27.19 17.30
134.98 84.70 26.79 17.05
134.77 84.16 27.19 17.30
134.98 84.28 26.79 17.05
134.33 84.28 26.79 17.05
134.33 83.87 26.79 17.05
134.13 83.75 27.19 17.30
134.33 83.87 26.79 17.05
134.33 83.06 26.79 17.05
133.48 82.93 27.19 17.30
133.68 83.06 26.79 17.05
134.51 83.18 26.40 16.80
134.31 82.65 26.79 17.05
134.31 82.65 26.79 17.05
134.31 82.65 26.79 17.05
134.76 82.10 27.19 17.30
134.76 82.10 27.19 17.30
136.25 82.64 26.79 17.05
136.45 83.17 26.40 16.80
137.08 83.17 26.40 16.80
136.89 83.04 26.79 17.05
138.17 83.45 26.79 17.05
137.97 83.33 27.19 17.30
138.62 83.74 27.19 17.30
139.47 84.69 26.79 17.05
140.11 84.69 26.79 17.05
140.56 84.97 27.19 17.30
140.56 84.97 27.19 17.30
141.21 85.39 27.19 17.30
142.06 85.93 26.79 17.05
142.06 85.93 26.79 17.05
142.70 85.93 26.79 17.05
143.99 86.34 26.79 17.05
144.63 86.34 26.79 17.05
145.46 86.86 26.40 16.80
146.09 86.86 26.40 16.80
146.54 87.15 26.79 17.05
147.18 87.15 26.79 17.05
147.18 87.15 26.79 17.05
147.63 87.02 27.19 17.30
148.48 87.56 26.79 17.05
148.48 87.56 26.79 17.05
148.48 87.56 26.79 17.05
148.48 87.56 26.79 17.05
148.48 87.56 26.79 17.05
147.84 87.56 26.79 17.05
147.40 87.68 26.40 16.80
147.40 87.68 26.40 16.80
146.77 87.68 26.40 16.80
146.77 87.68 26.40 16.80
146.77 87.68 26.40 16.80
146.13 87.68 26.40 16.80
146.13 87.68 26.40 16.80
145.94 87.15 26.79 17.05
145.94 87.15 26.79 17.05
145.94 87.15 26.79 17.05
145.94 87.15 26.79 17.05
145.94 87.15 26.79 17.05
145.94 87.15 26.79 17.05
145.29 87.15 26.79 17.05
145.29 86.74 26.79 17.05
145.29 86.74 26.79 17.05
145.29 86.74 26.79 17.05
145.29 86.74 26.79 17.05
145.29 86.33 26.79 17.05
145.29 86.33 26.79 17.05
145.29 85.92 26.79 17.05
145.29 85.92 26.79 17.05
145.09 85.38 27.19 17.30
145.09 85.38 27.19 17.30
145.29 85.51 26.79 17.05
145.09 84.96 27.19 17.30
145.09 84.55 27.19 17.30
145.09 84.55 27.19 17.30
145.29 84.67 26.79 17.05
146.12 84.80 26.40 16.80
146.12 84.80 26.40 16.80
146.12 84.80 26.40 16.80
145.93 83.86 26.79 17.05
146.76 83.98 26.40 16.80
146.76 83.98 26.40 16.80
146.56 83.45 26.79 17.05
146.56 83.45 26.79 17.05
146.56 83.45 26.79 17.05
147.20 83.04 26.79 17.05
148.03 83.16 26.40 16.80
148.23 83.29 26.01 16.55
148.03 83.16 26.40 16.80
148.03 82.76 26.40 16.80
148.03 82.76 26.40 16.80
148.67 82.36 26.40 16.80
148.67 81.95 26.40 16.80
148.67 81.95 26.40 16.80
149.11 81.42 26.79 17.05
149.11 81.42 26.79 17.05
149.75 81.01 26.79 17.05
149.75 81.01 26.79 17.05
149.95 80.73 26.40 16.80
150.59 79.93 26.40 16.80
151.22 79.12 26.40 16.80
151.22 79.12 26.40 16.80
151.22 78.72 26.40 16.80
151.22 78.72 26.40 16.80
151.85 77.51 26.40 16.80
151.85 77.10 26.40 16.80
151.85 77.10 26.40 16.80
153.30 75.64 26.01 16.55
153.30 74.85 26.01 16.55
153.30 74.05 26.01 16.55
153.30 74.05 26.01 16.55
153.92 73.26 26.01 16.55
154.54 72.07 26.01 16.55
154.54 72.07 26.01 16.55
154.54 72.07 26.01 16.55
155.17 70.08 26.01 16.55
155.17 70.08 26.01 16.55
155.17 69.29 26.01 16.55
155.79 68.09 26.01 16.55
155.79 67.30 26.01 16.55
155.79 67.30 26.01 16.55
155.79 67.30 26.01 16.55
155.60 65.97 26.40 16.80
155.60 65.16 26.40 16.80
155.60 65.16 26.40 16.80
155.60 63.95 26.40 16.80
155.79 63.68 26.01 16.55
155.79 63.68 26.01 16.55
155.79 63.28 26.01 16.55
154.96 62.75 26.40 16.80
154.96 62.75 26.40 16.80
154.96 62.75 26.40 16.80
153.91 62.08 26.01 16.55
153.08 61.15 26.40 16.80
152.65 61.28 26.01 16.55
152.65 61.28 26.01 16.55
151.19 60.75 26.40 16.80
151.19 60.75 26.40 16.80
150.56 60.35 26.40 16.80
149.92 60.35 26.40 16.80
149.29 60.35 26.40 16.80
147.81 59.40 26.79 17.05
147.16 59.40 26.79 17.05
147.36 59.53 26.40 16.80
146.52 59.40 26.79 17.05
145.24 58.99 26.79 17.05
144.59 58.99 26.79 17.05
144.59 58.99 26.79 17.05
144.16 58.72 26.40 16.80
144.16 58.72 26.40 16.80
142.89 58.72 26.40 16.80
142.89 58.72 26.40 16.80
142.89 58.72 26.40 16.80
142.89 58.72 26.40 16.80
142.26 58.72 26.40 16.80
142.26 58.72 26.40 16.80
141.62 58.72 26.40 16.80
141.62 58.72 26.40 16.80
141.62 58.72 26.40 16.80
141.62 58.72 26.40 16.80
140.99 58.31 26.40 16.80
140.99 58.31 26.40 16.80
140.99 58.31 26.40 16.80
140.99 58.31 26.40 16.80
140.79 57.78 26.79 17.05
141.62 58.31 26.40 16.80
141.62 58.31 26.40 16.80
141.62 58.31 26.40 16.80
142.26 58.31 26.40 16.80
142.89 58.31 26.40 16.80
142.89 58.31 26.40 16.80
142.89 58.31 26.40 16.80
