304.00 150.00 77.00 72.00
304.57 150.53 75.86 70.94
304.57 150.53 75.86 70.94
304.57 150.53 75.86 70.94
304.57 150.53 75.86 70.94
304.57 150.53 75.86 70.94
305.13 152.73 74.74 69.89
305.13 152.73 74.74 69.89
306.92 152.73 74.74 69.89
306.36 152.21 75.86 70.94
306.36 153.91 75.86 70.94
306.92 154.44 74.74 69.89
306.92 154.44 74.74 69.89
308.18 153.91 75.86 70.94
308.18 153.91 75.86 70.94
308.74 156.11 74.74 69.89
306.36 155.59 75.86 70.94
306.36 155.59 75.86 70.94
303.34 156.11 74.74 69.89
303.89 158.28 73.64 68.85
302.69 158.79 72.55 67.84
303.23 159.29 71.48 66.83
300.38 159.79 70.42 65.85
300.90 160.27 69.38 64.87
299.77 162.29 68.35 63.92
298.66 162.76 67.34 62.97
297.56 161.73 66.35 62.04
298.05 163.66 65.37 61.12
296.99 164.11 64.40 60.22
297.47 164.56 63.45 59.33
296.43 164.99 62.51 58.45
296.90 165.43 61.59 57.59
295.89 165.85 60.68 56.74
296.34 166.27 59.78 55.90
296.78 166.68 58.90 55.07
297.22 167.09 58.03 54.26
297.65 167.49 57.17 53.46
299.42 167.89 56.33 52.67
298.51 168.28 55.49 51.89
298.92 169.89 54.67 51.12
299.32 170.26 53.86 50.37
299.72 171.83 53.07 49.62
301.37 172.19 52.28 48.89
301.75 173.71 51.51 48.17
302.13 174.07 50.75 47.46
302.51 174.42 50.00 46.75
302.88 176.98 49.26 46.06
304.41 177.32 48.53 45.38
304.76 178.72 47.82 44.71
305.12 179.05 47.11 44.05
306.58 180.42 46.41 43.40
306.92 181.77 45.73 42.76
307.26 183.10 45.05 42.13
308.66 183.41 44.39 41.50
310.04 184.69 43.73 40.89
310.36 185.96 43.08 40.29
310.68 186.26 42.45 39.69
312.00 186.55 41.82 39.10
313.29 187.77 41.20 38.53
312.62 188.05 40.59 37.96
312.92 188.33 39.99 37.40
313.22 189.49 39.40 36.84
313.51 189.77 38.82 36.30
312.88 190.89 38.25 35.76
313.16 191.16 37.68 35.23
313.44 192.25 37.12 34.71
312.84 193.33 36.58 34.20
313.11 193.58 36.03 33.69
313.37 193.83 35.50 33.20
313.64 194.07 34.98 32.71
313.07 195.09 34.46 32.22
313.32 195.33 33.95 31.75
312.77 196.31 33.45 31.28
312.23 196.54 32.96 30.82
311.69 197.50 32.47 30.36
311.93 197.72 31.99 29.91
311.41 197.95 31.52 29.47
310.90 198.86 31.05 29.03
310.39 199.76 30.59 28.60
310.62 199.97 30.14 28.18
310.13 200.85 29.69 27.77
310.35 201.05 29.25 27.36
309.87 201.90 28.82 26.95
310.09 202.10 28.40 26.55
309.62 202.92 27.98 26.16
309.83 203.12 27.56 25.77
310.03 203.92 27.16 25.39
310.88 204.11 26.75 25.02
311.08 204.88 26.36 24.65
311.27 205.06 25.97 24.28
311.89 205.06 25.97 24.28
311.89 205.06 25.97 24.28
311.70 204.88 26.36 24.65
311.07 204.88 26.36 24.65
311.07 204.88 26.36 24.65
311.07 204.88 26.36 24.65
311.07 204.88 26.36 24.65
310.64 205.65 25.97 24.28
310.83 205.83 25.59 23.92
310.83 205.83 25.59 23.92
310.83 205.83 25.59 23.92
310.64 205.65 25.97 24.28
310.83 205.83 25.59 23.92
311.26 205.06 25.97 24.28
311.07 204.88 26.36 24.65
311.07 204.29 26.36 24.65
311.70 204.29 26.36 24.65
312.52 203.31 25.97 24.28
312.95 202.53 26.36 24.65
313.59 201.94 26.36 24.65
314.41 201.54 25.97 24.28
315.65 199.79 25.97 24.28
317.07 199.40 25.59 23.92
317.50 198.05 25.97 24.28
318.31 197.66 25.59 23.92
320.15 195.94 25.59 23.92
320.95 195.55 25.21 23.57
321.37 194.22 25.59 23.92
321.98 194.22 25.59 23.92
322.42 192.29 25.97 24.28
322.85 191.52 26.36 24.65
322.66 190.73 26.75 25.02
323.49 190.92 26.36 24.65
323.29 189.53 26.75 25.02
323.29 188.93 26.75 25.02
323.29 188.33 26.75 25.02
323.74 187.54 27.16 25.39
323.94 186.52 26.75 25.02
324.77 186.12 26.36 24.65
324.77 185.52 26.36 24.65
324.97 185.12 25.97 24.28
324.97 183.38 25.97 24.28
324.77 182.60 26.36 24.65
324.57 181.82 26.75 25.02
325.40 181.41 26.36 24.65
325.40 180.23 26.36 24.65
325.40 179.63 26.36 24.65
325.21 178.85 26.75 25.02
325.21 178.25 26.75 25.02
325.40 177.84 26.36 24.65
325.21 177.06 26.75 25.02
325.40 176.65 26.36 24.65
325.21 175.87 26.75 25.02
324.56 174.66 26.75 25.02
324.36 173.87 27.16 25.39
324.56 173.45 26.75 25.02
324.76 173.05 26.36 24.65
324.13 171.86 26.36 24.65
324.13 170.68 26.36 24.65
324.32 170.28 25.97 24.28
324.13 168.92 26.36 24.65
324.32 167.93 25.97 24.28
324.13 166.57 26.36 24.65
324.32 166.17 25.97 24.28
324.52 165.20 25.59 23.92
323.70 163.85 25.97 24.28
323.08 162.69 25.97 24.28
323.27 162.29 25.59 23.92
323.70 160.95 25.97 24.28
323.28 159.98 25.59 23.92
322.46 158.63 25.97 24.28
322.27 157.86 26.36 24.65
322.07 157.07 26.75 25.02
321.64 155.48 26.36 24.65
321.44 154.70 26.75 25.02
321.00 154.29 26.36 24.65
320.80 152.91 26.75 25.02
319.74 151.91 26.36 24.65
318.90 151.12 26.75 25.02
318.26 149.92 26.75 25.02
317.82 149.52 26.36 24.65
316.34 147.53 26.75 25.02
315.90 147.12 26.36 24.65
315.71 145.74 26.75 25.02
315.06 145.14 26.75 25.02
314.42 143.94 26.75 25.02
314.42 143.34 26.75 25.02
314.42 142.74 26.75 25.02
314.42 142.13 26.75 25.02
314.42 140.93 26.75 25.02
314.62 141.12 26.36 24.65
314.62 141.71 26.36 24.65
314.62 141.71 26.36 24.65
315.06 142.13 26.75 25.02
315.26 142.90 26.36 24.65
315.26 143.49 26.36 24.65
316.35 143.31 26.75 25.02
317.63 143.91 26.75 25.02
317.63 144.51 26.75 25.02
317.83 145.29 26.36 24.65
318.65 146.05 25.97 24.28
319.09 146.46 26.36 24.65
318.89 147.48 26.75 25.02
319.72 148.25 26.36 24.65
320.35 148.84 26.36 24.65
320.80 150.46 26.75 25.02
320.99 151.83 26.36 24.65
320.36 153.01 26.36 24.65
320.16 153.43 26.75 25.02
319.73 155.98 26.36 24.65
318.89 156.39 26.75 25.02
318.25 157.59 26.75 25.02
318.44 158.37 26.36 24.65
316.96 159.39 26.75 25.02
316.32 159.99 26.75 25.02
316.32 160.59 26.75 25.02
315.88 161.36 26.36 24.65
314.40 162.38 26.75 25.02
312.90 162.80 27.16 25.39
313.10 163.59 26.75 25.02
312.46 164.19 26.75 25.02
310.95 165.22 27.16 25.39
309.87 166.61 26.75 25.02
310.07 167.39 26.36 24.65
308.59 167.80 26.75 25.02
307.30 169.00 26.75 25.02
306.45 169.42 27.16 25.39
305.15 170.03 27.16 25.39
304.49 170.64 27.16 25.39
302.54 171.25 27.16 25.39
301.45 172.04 26.75 25.02
300.60 172.46 27.16 25.39
299.52 173.25 26.75 25.02
297.59 173.85 26.75 25.02
296.74 174.27 27.16 25.39
295.66 175.06 26.75 25.02
294.80 174.87 27.16 25.39
292.85 175.48 27.16 25.39
292.20 176.09 27.16 25.39
291.55 176.70 27.16 25.39
290.68 176.51 27.56 25.77
289.58 177.31 27.16 25.39
289.14 178.10 26.75 25.02
288.50 178.10 26.75 25.02
287.85 178.10 26.75 25.02
286.57 178.70 26.75 25.02
286.14 179.48 26.36 24.65
285.71 179.66 25.97 24.28
284.88 180.07 26.36 24.65
284.45 180.83 25.97 24.28
283.83 180.83 25.97 24.28
283.20 181.42 25.97 24.28
283.01 181.23 26.36 24.65
281.74 181.83 26.36 24.65
281.74 181.83 26.36 24.65
281.11 181.83 26.36 24.65
281.11 181.83 26.36 24.65
280.27 181.64 26.75 25.02
279.42 181.45 27.16 25.39
279.62 181.64 26.75 25.02
279.19 181.83 26.36 24.65
278.55 181.83 26.36 24.65
278.35 181.64 26.75 25.02
278.35 181.04 26.75 25.02
277.71 181.04 26.75 25.02
276.86 180.85 27.16 25.39
277.06 181.04 26.75 25.02
276.86 180.85 27.16 25.39
276.86 180.85 27.16 25.39
276.86 181.46 27.16 25.39
276.86 181.46 27.16 25.39
277.32 181.27 27.56 25.77
277.52 182.07 27.16 25.39
277.98 181.88 27.56 25.77
277.77 181.69 27.98 26.16
278.64 181.88 27.56 25.77
278.84 182.07 27.16 25.39
280.15 182.07 27.16 25.39
280.15 182.07 27.16 25.39
280.61 181.88 27.56 25.77
281.27 181.88 27.56 25.77
282.12 182.68 27.16 25.39
283.24 182.49 27.56 25.77
284.10 182.68 27.16 25.39
284.94 182.87 26.75 25.02
286.04 182.68 27.16 25.39
287.16 182.49 27.56 25.77
287.82 182.49 27.56 25.77
288.68 182.68 27.16 25.39
290.81 182.87 26.75 25.02
291.45 182.87 26.75 25.02
292.73 182.27 26.75 25.02
293.38 182.27 26.75 25.02
295.47 182.45 26.36 24.65
296.56 182.27 26.75 25.02
297.39 181.86 26.36 24.65
298.65 181.86 26.36 24.65
300.72 182.04 25.97 24.28
301.79 181.27 26.36 24.65
302.42 181.27 26.36 24.65
303.69 180.68 26.36 24.65
305.41 180.49 26.75 25.02
306.70 180.49 26.75 25.02
308.16 180.09 26.36 24.65
309.43 180.09 26.36 24.65
311.33 180.09 26.36 24.65
312.41 179.30 26.75 25.02
313.70 179.30 26.75 25.02
314.53 179.49 26.36 24.65
316.25 179.30 26.75 25.02
316.90 179.30 26.75 25.02
318.18 179.30 26.75 25.02
318.82 179.30 26.75 25.02
320.11 179.30 26.75 25.02
321.39 178.70 26.75 25.02
322.03 178.70 26.75 25.02
322.68 178.70 26.75 25.02
323.32 178.70 26.75 25.02
324.15 177.70 26.36 24.65
324.59 177.52 26.75 25.02
324.59 177.52 26.75 25.02
324.59 176.92 26.75 25.02
324.59 176.32 26.75 25.02
323.95 176.32 26.75 25.02
324.15 175.91 26.36 24.65
323.72 176.09 25.97 24.28
323.53 175.32 26.36 24.65
322.69 175.13 26.75 25.02
322.69 174.53 26.75 25.02
322.04 174.53 26.75 25.02
321.40 173.93 26.75 25.02
321.60 173.53 26.36 24.65
320.97 173.53 26.36 24.65
320.33 172.93 26.36 24.65
319.49 172.15 26.75 25.02
318.85 172.15 26.75 25.02
319.05 171.74 26.36 24.65
318.42 171.74 26.36 24.65
317.58 170.96 26.75 25.02
316.93 170.96 26.75 25.02
316.93 170.36 26.75 25.02
316.50 170.54 26.36 24.65
315.87 170.54 26.36 24.65
315.67 169.76 26.75 25.02
315.23 169.94 26.36 24.65
315.23 169.94 26.36 24.65
314.81 169.54 25.97 24.28
314.18 168.96 25.97 24.28
313.76 169.14 25.59 23.92
313.57 168.38 25.97 24.28
312.95 167.79 25.97 24.28
312.32 167.21 25.97 24.28
312.32 166.63 25.97 24.28
311.70 166.63 25.97 24.28
310.87 165.26 26.36 24.65
310.87 165.26 26.36 24.65
310.44 164.86 25.97 24.28
310.44 164.28 25.97 24.28
309.82 163.70 25.97 24.28
309.62 162.92 26.36 24.65
309.20 163.10 25.97 24.28
309.20 162.52 25.97 24.28
308.37 161.16 26.36 24.65
308.37 160.56 26.36 24.65
307.74 159.97 26.36 24.65
307.74 159.38 26.36 24.65
307.31 158.40 25.97 24.28
306.68 158.40 25.97 24.28
306.68 157.81 25.97 24.28
306.26 157.42 25.59 23.92
305.45 156.07 25.97 24.28
305.64 155.68 25.59 23.92
305.03 155.11 25.59 23.92
304.21 154.34 25.97 24.28
303.59 153.18 25.97 24.28
303.16 152.78 25.59 23.92
302.35 152.02 25.97 24.28
301.93 151.63 25.59 23.92
301.11 150.28 25.97 24.28
300.49 149.12 25.97 24.28
299.87 148.53 25.97 24.28
300.06 148.14 25.59 23.92
298.62 146.79 25.97 24.28
298.00 146.21 25.97 24.28
297.37 145.63 25.97 24.28
296.75 145.04 25.97 24.28
295.71 144.08 25.59 23.92
294.90 142.73 25.97 24.28
295.09 142.34 25.59 23.92
294.07 141.95 25.21 23.57
293.46 140.82 25.21 23.57
292.66 139.49 25.59 23.92
291.43 138.92 25.59 23.92
291.24 138.15 25.97 24.28
289.59 137.18 25.59 23.92
288.98 137.18 25.59 23.92
288.36 136.61 25.59 23.92
287.75 136.61 25.59 23.92
286.52 136.61 25.59 23.92
285.08 135.85 25.97 24.28
284.66 136.03 25.59 23.92
283.84 135.27 25.97 24.28
283.22 134.68 25.97 24.28
282.80 134.86 25.59 23.92
282.18 134.29 25.59 23.92
281.57 134.29 25.59 23.92
281.15 133.90 25.21 23.57
280.35 133.72 25.59 23.92
279.74 134.30 25.59 23.92
279.12 134.30 25.59 23.92
277.90 134.30 25.59 23.92
277.48 134.47 25.21 23.57
277.48 134.47 25.21 23.57
276.68 134.30 25.59 23.92
276.06 134.30 25.59 23.92
276.06 134.30 25.59 23.92
275.87 134.12 25.97 24.28
276.68 134.87 25.59 23.92
276.48 135.27 25.97 24.28
277.29 136.03 25.59 23.92
277.29 136.03 25.59 23.92
278.08 136.77 25.21 23.57
278.69 137.34 25.21 23.57
279.11 137.73 25.59 23.92
279.73 138.31 25.59 23.92
280.34 138.31 25.59 23.92
282.35 139.05 25.21 23.57
282.77 139.45 25.59 23.92
284.17 139.62 25.21 23.57
284.78 139.62 25.21 23.57
287.20 140.19 25.21 23.57
287.62 140.01 25.59 23.92
288.23 140.59 25.59 23.92
289.46 140.59 25.59 23.92
290.52 140.41 25.97 24.28
290.96 140.23 26.36 24.65
292.40 140.41 25.97 24.28
293.20 140.59 25.59 23.92
294.26 139.83 25.97 24.28
294.88 139.83 25.97 24.28
295.50 139.24 25.97 24.28
296.13 139.24 25.97 24.28
297.37 138.66 25.97 24.28
297.37 138.08 25.97 24.28
298.00 138.08 25.97 24.28
298.00 137.49 25.97 24.28
299.24 136.91 25.97 24.28
299.05 136.14 26.36 24.65
299.87 135.74 25.97 24.28
299.67 134.96 26.36 24.65
300.49 134.56 25.97 24.28
301.11 133.98 25.97 24.28
