298.00 160.00 48.00 80.00
298.35 162.48 47.29 78.82
298.35 166.27 47.29 78.82
299.82 168.71 46.59 77.65
300.61 171.91 47.29 78.82
303.19 176.22 46.59 77.65
305.11 179.42 47.29 78.82
308.22 180.75 48.00 80.00
312.53 182.10 48.72 81.20
314.54 183.47 49.45 82.42
315.37 182.85 50.19 83.65
313.78 182.22 50.95 84.91
312.15 181.59 51.71 86.18
310.50 180.94 52.49 87.48
308.83 180.29 53.27 88.79
305.84 181.78 54.07 90.12
304.12 181.11 54.88 91.47
302.37 180.42 55.71 92.84
300.59 179.72 56.54 94.24
300.59 179.72 56.54 94.24
302.35 178.19 55.71 92.84
302.76 176.68 54.88 91.47
300.57 175.20 54.07 90.12
296.21 176.72 54.88 91.47
290.45 178.26 55.71 92.84
290.45 178.26 55.71 92.84
293.13 180.49 55.71 92.84
300.12 183.37 54.88 91.47
305.39 183.37 54.88 91.47
309.69 190.53 54.07 90.12
317.76 195.46 53.27 88.79
326.45 201.28 54.07 90.12
332.93 207.77 54.07 90.12
336.48 213.68 54.88 91.47
338.18 220.85 54.07 90.12
333.83 224.56 54.88 91.47
325.39 228.33 55.71 92.84
315.48 229.90 56.54 94.24
302.66 229.19 57.39 95.65
289.64 228.47 58.25 97.08
276.44 225.38 59.12 98.54
268.48 219.12 58.25 97.08
257.90 215.24 57.39 95.65
248.82 206.90 56.54 94.24
241.22 198.69 55.71 92.84
237.21 192.00 55.71 92.84
238.54 183.09 55.71 92.84
245.23 176.40 55.71 92.84
254.59 171.95 55.71 92.84
266.62 169.72 55.71 92.84
278.41 169.02 56.54 94.24
290.63 169.02 56.54 94.24
302.60 170.61 57.39 95.65
311.96 169.89 58.25 97.08
321.45 169.17 59.12 98.54
332.80 169.17 59.12 98.54
343.88 168.43 60.01 100.02
358.05 167.68 60.91 101.52
370.95 169.39 61.82 103.04
384.30 174.33 61.82 103.04
397.39 178.58 62.75 104.59
408.24 184.30 61.82 103.04
416.82 191.06 62.75 104.59
420.25 196.78 61.82 103.04
418.28 203.53 62.75 104.59
408.64 207.85 63.69 106.16
395.74 209.64 64.65 107.75
379.51 208.83 65.62 109.36
363.76 206.20 65.62 109.36
350.28 204.42 64.65 107.75
337.00 205.22 63.69 106.16
328.44 203.50 62.75 104.59
320.00 201.79 61.82 103.04
311.68 200.12 60.91 101.52
302.05 196.07 60.01 100.02
293.98 194.44 59.12 98.54
286.03 190.51 58.25 97.08
279.57 186.64 57.39 95.65
275.93 185.08 56.54 94.24
272.33 183.55 55.71 92.84
268.79 182.04 54.88 91.47
265.31 180.55 54.07 90.12
262.71 180.55 54.07 90.12
259.28 181.22 53.27 88.79
257.15 181.88 52.49 87.48
253.81 182.52 51.71 86.18
250.09 182.52 51.71 86.18
248.03 181.12 50.95 84.91
245.58 181.12 50.95 84.91
244.75 179.74 50.19 83.65
240.71 179.11 50.95 84.91
237.47 177.73 50.19 83.65
235.47 176.37 49.45 82.42
233.50 175.03 48.72 81.20
231.55 173.71 48.00 80.00
230.02 173.11 48.72 81.20
229.66 170.53 49.45 82.42
228.47 170.53 49.45 82.42
228.47 172.51 49.45 82.42
227.67 171.17 48.72 81.20
227.67 173.11 48.72 81.20
226.12 172.51 49.45 82.42
224.93 172.51 49.45 82.42
223.74 172.51 49.45 82.42
223.74 172.51 49.45 82.42
223.37 171.89 50.19 83.65
225.44 173.30 50.95 84.91
229.11 173.30 50.95 84.91
232.45 172.66 51.71 86.18
237.41 172.66 51.71 86.18
242.06 172.01 52.49 87.48
248.06 171.36 53.27 88.79
254.15 170.69 54.07 90.12
257.70 170.02 54.88 91.47
261.30 169.33 55.71 92.84
263.97 169.33 55.71 92.84
266.27 166.37 56.54 94.24
267.22 165.67 57.39 95.65
268.19 164.95 58.25 97.08
269.17 164.22 59.12 98.54
272.01 161.86 59.12 98.54
271.56 161.12 60.01 100.02
271.56 158.72 60.01 100.02
271.56 156.32 60.01 100.02
271.11 155.56 60.91 101.52
270.66 152.33 61.82 103.04
270.66 152.33 61.82 103.04
270.66 149.86 61.82 103.04
269.17 147.38 61.82 103.04
269.17 142.44 61.82 103.04
267.20 139.16 62.75 104.59
265.20 133.28 63.69 106.16
265.20 130.73 63.69 106.16
264.73 127.35 64.65 107.75
266.73 125.59 63.69 106.16
268.71 126.38 62.75 104.59
269.17 127.15 61.82 103.04
271.09 127.91 60.91 101.52
274.02 127.91 60.91 101.52
275.04 127.15 61.82 103.04
275.04 127.15 61.82 103.04
276.09 126.38 62.75 104.59
275.61 125.59 63.69 106.16
274.58 126.38 62.75 104.59
273.07 126.38 62.75 104.59
272.05 127.15 61.82 103.04
268.58 126.38 62.75 104.59
266.58 128.14 63.69 106.16
265.54 128.93 62.75 104.59
263.54 130.69 63.69 106.16
262.01 130.69 63.69 106.16
260.98 133.98 62.75 104.59
259.96 137.23 61.82 103.04
258.48 139.70 61.82 103.04
256.51 143.95 62.75 104.59
256.04 145.71 63.69 106.16
258.01 149.01 62.75 104.59
262.93 152.25 61.82 103.04
267.38 157.20 61.82 103.04
271.43 161.45 62.75 104.59
277.08 165.76 63.69 106.16
282.81 172.72 64.65 107.75
290.19 177.16 65.62 109.36
297.69 184.33 66.60 111.01
306.93 186.21 67.60 112.67
316.30 188.10 68.62 114.36
325.82 187.25 69.65 116.08
333.78 183.55 70.69 117.82
340.99 176.06 69.65 116.08
343.86 166.71 70.69 117.82
344.38 156.44 69.65 116.08
339.95 146.32 68.62 114.36
333.97 139.05 67.60 112.67
321.68 131.89 66.60 111.01
308.00 127.46 65.62 109.36
292.97 128.27 64.65 107.75
278.31 132.71 65.62 109.36
266.63 139.88 66.60 111.01
259.25 151.20 65.62 109.36
252.95 164.32 65.62 109.36
248.22 177.45 65.62 109.36
248.22 187.95 65.62 109.36
251.81 196.51 64.65 107.75
256.88 204.95 63.69 106.16
262.99 212.59 63.69 106.16
270.27 216.97 64.65 107.75
279.24 224.04 65.62 109.36
289.93 225.88 66.60 111.01
299.17 225.05 67.60 112.67
311.84 224.20 68.62 114.36
323.02 220.56 69.65 116.08
336.71 215.93 68.62 114.36
344.55 209.50 69.65 116.08
346.71 202.12 68.62 114.36
344.53 192.91 69.65 116.08
336.81 185.53 68.62 114.36
327.58 180.97 67.60 112.67
316.89 176.47 66.60 111.01
306.36 172.04 65.62 109.36
294.43 170.27 64.65 107.75
282.68 165.97 63.69 106.16
269.60 164.24 62.75 104.59
258.19 162.54 61.82 103.04
247.80 162.54 61.82 103.04
235.93 165.01 61.82 103.04
227.62 165.77 60.91 101.52
220.87 166.52 60.01 100.02
214.22 169.63 59.12 98.54
209.06 170.36 58.25 97.08
205.36 171.07 57.39 95.65
203.07 174.04 56.54 94.24
204.43 176.30 56.54 94.24
208.50 178.57 56.54 94.24
216.34 182.45 57.39 95.65
227.09 186.39 58.25 97.08
239.42 192.76 59.12 98.54
253.38 196.82 60.01 100.02
266.09 198.51 60.91 101.52
277.50 200.22 61.82 103.04
289.09 196.94 62.75 104.59
297.79 193.60 63.69 106.16
301.97 187.64 64.65 107.75
303.06 178.95 65.62 109.36
300.97 172.81 66.60 111.01
293.98 169.27 67.60 112.67
288.53 165.68 68.62 114.36
281.94 162.93 68.62 114.36
276.41 162.08 69.65 116.08
271.40 162.08 69.65 116.08
269.73 162.08 69.65 116.08
268.60 162.93 68.62 114.36
270.24 162.93 68.62 114.36
273.07 162.08 69.65 116.08
275.94 161.21 70.69 117.82
281.03 161.21 70.69 117.82
287.82 161.21 70.69 117.82
290.73 157.45 71.75 119.58
296.35 155.51 70.69 117.82
297.54 151.75 71.75 119.58
301.47 146.98 70.69 117.82
301.47 141.33 70.69 117.82
301.99 136.63 69.65 116.08
302.50 132.00 68.62 114.36
302.50 129.25 68.62 114.36
304.63 130.10 67.60 112.67
306.25 132.80 67.60 112.67
308.35 138.96 66.60 111.01
308.84 147.66 65.62 109.36
306.75 157.49 66.60 111.01
305.67 168.81 65.62 109.36
303.05 179.96 64.65 107.75
300.47 196.05 63.69 106.16
299.44 211.89 62.75 104.59
298.97 228.94 63.69 106.16
300.94 242.28 62.75 104.59
302.89 252.94 61.82 103.04
302.89 260.36 61.82 103.04
302.89 265.30 61.82 103.04
303.35 266.07 60.91 101.52
305.24 266.82 60.01 100.02
305.24 266.82 60.01 100.02
305.24 266.82 60.01 100.02
303.33 263.63 60.91 101.52
301.39 260.40 61.82 103.04
300.92 254.60 62.75 104.59
280.58 251.27 63.69 106.16
275.45 242.72 64.65 107.75
273.39 231.41 65.62 109.36
274.49 219.93 66.60 111.01
277.69 211.94 66.60 111.01
283.68 205.70 67.60 112.67
293.42 200.29 67.60 112.67
303.51 195.80 66.60 111.01
316.29 190.47 66.60 111.01
330.40 186.93 67.60 112.67
344.71 186.09 68.62 114.36
359.24 182.44 69.65 116.08
370.59 178.74 70.69 117.82
376.95 174.99 71.75 119.58
374.66 168.27 72.83 121.38
367.02 158.49 73.92 123.20
357.08 150.66 72.83 121.38
347.29 140.07 71.75 119.58
334.25 132.48 70.69 117.82
321.40 124.99 69.65 116.08
307.09 120.36 68.62 114.36
292.99 118.50 67.60 112.67
279.11 116.67 66.60 111.01
266.32 116.67 66.60 111.01
253.53 119.33 66.60 111.01
243.00 122.78 65.62 109.36
