129.00 80.00 64.00 78.00
129.00 80.00 64.00 78.00
127.96 84.27 63.05 76.85
123.42 87.95 63.05 76.85
122.39 88.52 62.12 75.71
119.92 87.29 61.20 74.59
118.92 84.31 60.30 73.49
117.00 80.18 61.20 74.59
116.00 77.21 60.30 73.49
116.00 77.21 60.30 73.49
113.11 77.21 60.30 73.49
107.85 77.75 59.41 72.40
101.62 80.73 60.30 73.49
94.38 82.50 60.30 73.49
90.04 82.50 60.30 73.49
89.59 78.37 61.20 74.59
89.13 74.17 62.12 75.71
90.18 73.60 63.05 76.85
93.62 75.99 62.12 75.71
96.61 77.81 62.12 75.71
97.65 79.08 63.05 76.85
95.65 82.25 64.00 78.00
96.12 82.83 63.05 76.85
97.18 84.12 64.00 78.00
97.18 85.99 64.00 78.00
98.72 85.99 64.00 78.00
100.70 84.73 63.05 76.85
102.66 81.66 62.12 75.71
105.22 77.40 63.05 76.85
109.76 71.87 63.05 76.85
114.30 68.18 63.05 76.85
116.90 65.73 64.00 78.00
119.54 63.25 64.96 79.17
123.80 62.66 65.93 80.36
124.91 64.01 66.92 81.56
126.99 68.47 65.93 80.36
127.47 69.06 64.96 79.17
126.42 67.78 64.00 78.00
125.38 66.51 63.05 76.85
120.84 62.82 63.05 76.85
118.32 63.39 62.12 75.71
115.34 65.20 62.12 75.71
109.38 68.84 62.12 75.71
102.86 73.80 63.05 76.85
97.78 75.10 64.00 78.00
92.62 74.51 64.96 79.17
88.97 75.85 65.93 80.36
86.87 75.25 66.92 81.56
84.73 74.64 67.93 82.79
83.10 72.65 67.93 82.79
85.21 67.39 66.92 81.56
86.34 62.80 67.93 82.79
89.60 62.80 67.93 82.79
93.31 65.37 66.92 81.56
94.44 68.73 67.93 82.79
98.16 73.26 66.92 81.56
101.82 77.72 65.93 80.36
104.98 81.58 65.93 80.36
108.15 81.58 65.93 80.36
111.75 80.27 64.96 79.17
116.01 75.82 65.93 80.36
119.18 70.03 65.93 80.36
123.92 66.18 65.93 80.36
123.43 63.62 66.92 81.56
124.56 63.00 67.93 82.79
125.06 69.49 66.92 81.56
122.39 73.95 65.93 80.36
120.81 73.95 65.93 80.36
117.64 75.88 65.93 80.36
118.13 78.37 64.96 79.17
117.07 77.08 64.00 78.00
117.07 73.34 64.00 78.00
117.07 69.60 64.00 78.00
118.61 71.47 64.00 78.00
119.08 75.73 63.05 76.85
118.06 79.94 62.12 75.71
116.57 81.75 62.12 75.71
116.57 81.75 62.12 75.71
114.59 83.03 63.05 76.85
113.56 85.41 62.12 75.71
112.55 84.18 61.20 74.59
109.61 82.39 61.20 74.59
105.21 78.81 61.20 74.59
104.21 75.84 60.30 73.49
106.08 74.64 59.41 72.40
104.19 79.39 60.30 73.49
103.21 85.15 59.41 72.40
104.64 86.88 59.41 72.40
106.06 90.36 59.41 72.40
107.06 93.34 60.30 73.49
109.96 93.34 60.30 73.49
112.85 88.05 60.30 73.49
115.34 80.34 61.20 74.59
117.86 74.33 62.12 75.71
120.42 70.07 63.05 76.85
124.56 67.62 64.00 78.00
124.08 68.94 64.96 79.17
125.64 70.84 64.96 79.17
127.20 72.74 64.96 79.17
128.75 72.74 64.96 79.17
130.77 73.32 64.00 78.00
132.76 73.90 63.05 76.85
133.22 74.47 62.12 75.71
133.68 73.24 61.20 74.59
132.69 73.79 60.30 73.49
131.71 72.59 59.41 72.40
132.15 74.84 58.53 71.33
127.93 79.98 58.53 71.33
123.72 81.69 58.53 71.33
120.91 81.69 58.53 71.33
118.10 85.11 58.53 71.33
114.38 87.33 57.67 70.28
109.73 85.09 58.53 71.33
109.73 81.66 58.53 71.33
109.73 78.24 58.53 71.33
110.72 77.71 59.41 72.40
110.72 77.71 59.41 72.40
110.72 77.71 59.41 72.40
109.29 77.71 59.41 72.40
110.72 79.44 59.41 72.40
111.72 82.43 60.30 73.49
111.72 84.19 60.30 73.49
113.17 82.43 60.30 73.49
116.06 78.90 60.30 73.49
116.51 75.97 59.41 72.40
118.35 73.08 58.53 71.33
120.17 70.23 57.67 70.28
123.95 69.71 58.53 71.33
126.76 67.99 58.53 71.33
127.75 69.20 59.41 72.40
128.75 70.42 60.30 73.49
129.76 71.66 61.20 74.59
129.30 71.10 62.12 75.71
128.84 70.53 63.05 76.85
127.33 68.68 63.05 76.85
125.32 68.11 64.00 78.00
124.28 65.00 63.05 76.85
126.23 61.93 62.12 75.71
125.77 59.52 63.05 76.85
124.25 57.67 63.05 76.85
122.74 57.67 63.05 76.85
118.73 56.42 62.12 75.71
118.73 58.24 62.12 75.71
113.73 59.52 63.05 76.85
109.19 61.36 63.05 76.85
106.67 63.75 62.12 75.71
105.66 62.52 61.20 74.59
103.71 58.32 62.12 75.71
101.73 54.07 63.05 76.85
100.71 51.00 62.12 75.71
102.64 49.77 61.20 74.59
102.64 51.56 61.20 74.59
103.67 51.00 62.12 75.71
105.60 55.14 61.20 74.59
105.14 60.03 62.12 75.71
106.18 63.15 63.05 76.85
107.70 66.84 63.05 76.85
108.76 64.39 64.00 78.00
109.84 61.91 64.96 79.17
109.35 59.38 65.93 80.36
108.86 56.82 66.92 81.56
109.99 52.24 67.93 82.79
109.48 49.60 68.95 84.03
108.96 46.92 69.98 85.29
106.73 48.36 71.03 86.57
104.47 47.71 72.10 87.87
102.74 51.93 72.10 87.87
102.74 54.04 72.10 87.87
103.27 58.84 71.03 86.57
103.79 61.53 69.98 85.29
105.97 64.18 68.95 84.03
105.97 62.16 68.95 84.03
106.48 58.81 67.93 82.79
108.11 54.83 67.93 82.79
108.11 50.86 67.93 82.79
106.48 48.87 67.93 82.79
106.98 47.53 66.92 81.56
105.37 47.53 66.92 81.56
107.45 50.06 65.93 80.36
109.03 53.92 65.93 80.36
110.61 55.84 65.93 80.36
111.10 58.34 64.96 79.17
109.54 60.24 64.96 79.17
106.95 62.70 64.00 78.00
104.40 65.12 63.05 76.85
99.86 65.12 63.05 76.85
97.34 63.87 62.12 75.71
96.33 62.64 61.20 74.59
93.39 60.85 61.20 74.59
90.45 59.06 61.20 74.59
88.01 59.61 60.30 73.49
88.01 59.61 60.30 73.49
88.01 59.61 60.30 73.49
89.88 60.15 59.41 72.40
92.33 57.84 60.30 73.49
94.82 53.71 61.20 74.59
99.61 48.97 60.30 73.49
101.48 47.78 59.41 72.40
101.48 42.56 59.41 72.40
106.83 43.78 60.30 73.49
112.62 47.31 60.30 73.49
115.51 50.84 60.30 73.49
119.85 52.60 60.30 73.49
124.19 56.13 60.30 73.49
125.21 55.58 61.20 74.59
127.73 55.02 62.12 75.71
129.22 55.02 62.12 75.71
128.76 58.14 63.05 76.85
132.20 62.34 62.12 75.71
133.70 64.16 62.12 75.71
135.62 64.72 61.20 74.59
135.16 65.98 62.12 75.71
134.70 65.41 63.05 76.85
131.15 64.83 64.00 78.00
124.44 62.35 64.96 79.17
120.79 63.68 65.93 80.36
115.47 63.08 66.92 81.56
111.71 62.47 67.93 82.79
104.58 61.85 68.95 84.03
102.39 61.22 69.98 85.29
100.16 60.58 71.03 86.57
96.16 59.93 72.10 87.87
95.62 61.41 73.18 89.18
96.86 62.91 74.27 90.52
98.11 66.64 75.39 91.88
102.23 69.50 74.27 90.52
105.80 69.50 74.27 90.52
109.36 69.50 74.27 90.52
114.71 69.50 74.27 90.52
120.06 67.32 74.27 90.52
124.12 67.99 73.18 89.18
128.12 68.65 72.10 87.87
131.58 66.54 72.10 87.87
135.52 67.19 71.03 86.57
136.05 69.88 69.98 85.29
134.91 72.53 68.95 84.03
135.42 75.13 67.93 82.79
134.31 77.70 66.92 81.56
134.81 78.30 65.93 80.36
135.30 78.90 64.96 79.17
135.78 79.48 64.00 78.00
135.78 79.48 64.00 78.00
137.76 78.22 63.05 76.85
141.21 76.97 62.12 75.71
144.61 77.53 61.20 74.59
144.15 76.97 62.12 75.71
146.71 80.09 63.05 76.85
146.24 81.38 64.00 78.00
145.76 82.70 64.96 79.17
145.27 82.10 65.93 80.36
143.17 81.50 66.92 81.56
139.40 78.90 67.93 82.79
135.59 74.25 68.95 84.03
133.39 71.57 69.98 85.29
129.45 68.85 71.03 86.57
129.98 65.40 69.98 85.29
128.30 61.31 69.98 85.29
128.82 59.92 68.95 84.03
128.30 61.34 69.98 85.29
128.30 63.38 69.98 85.29
126.62 71.57 69.98 85.29
126.10 77.16 71.03 86.57
127.80 79.24 71.03 86.57
129.00 78.59 72.10 87.87
130.21 75.79 73.18 89.18
131.97 69.37 73.18 89.18
133.73 65.09 73.18 89.18
134.96 62.25 74.27 90.52
134.40 59.37 75.39 91.88
134.96 55.70 74.27 90.52
135.51 56.37 73.18 89.18
133.75 60.65 73.18 89.18
132.56 63.42 72.10 87.87
133.10 66.14 71.03 86.57
133.10 68.22 71.03 86.57
130.26 66.81 69.98 85.29
123.54 66.81 69.98 85.29
118.50 64.77 69.98 85.29
111.16 62.05 71.03 86.57
106.05 57.89 71.03 86.57
99.23 51.66 71.03 86.57
91.77 51.01 72.10 87.87
88.90 51.66 71.03 86.57
86.63 51.01 72.10 87.87
82.58 54.63 73.18 89.18
83.12 61.62 72.10 87.87
83.12 65.84 72.10 87.87
83.12 67.95 72.10 87.87
84.34 67.29 73.18 89.18
89.14 68.79 74.27 90.52
96.71 69.46 73.18 89.18
101.51 66.62 74.27 90.52
108.19 63.73 75.39 91.88
110.00 63.73 75.39 91.88
109.43 63.05 76.52 93.26
105.76 60.81 76.52 93.26
101.46 62.38 77.67 94.66
96.52 63.08 76.52 93.26
89.18 63.08 76.52 93.26
79.28 64.65 77.67 94.66
71.13 61.64 78.83 96.08
63.56 59.33 78.83 96.08
55.29 51.59 80.01 97.52
49.53 46.91 80.01 97.52
43.08 43.80 81.22 98.98
43.08 43.80 81.22 98.98
43.68 44.53 80.01 97.52
41.13 50.93 81.22 98.98
39.19 55.68 81.22 98.98
37.86 63.43 80.01 97.52
36.56 66.46 78.83 96.08
28.29 68.08 80.01 97.52
22.53 65.74 80.01 97.52
16.77 65.74 80.01 97.52
11.01 61.06 80.01 97.52
10.41 57.95 81.22 98.98
10.41 53.20 81.22 98.98
14.85 53.93 80.01 97.52
21.12 54.65 78.83 96.08
24.37 58.61 80.01 97.52
28.74 61.64 78.83 96.08
31.19 64.62 77.67 94.66
34.92 66.89 77.67 94.66
38.64 69.16 77.67 94.66
44.73 69.86 76.52 93.26
50.72 68.34 75.39 91.88
53.83 60.94 76.52 93.26
56.98 53.43 77.67 94.66
66.74 47.41 76.52 93.26
75.92 42.93 76.52 93.26
82.80 42.24 77.67 94.66
86.00 46.14 78.83 96.08
87.90 50.75 78.83 96.08
89.23 52.37 80.01 97.52
90.57 51.64 81.22 98.98
92.52 54.01 81.22 98.98
89.94 53.27 82.43 100.47
90.54 54.01 81.22 98.98
89.94 50.86 82.43 100.47
89.32 47.66 83.67 101.97
89.32 45.21 83.67 101.97
88.69 46.93 84.92 103.50
88.69 49.41 84.92 103.50
88.69 49.41 84.92 103.50
85.98 51.16 86.20 105.05
83.92 51.16 86.20 105.05
83.92 51.16 86.20 105.05
83.92 51.16 86.20 105.05
86.59 49.45 84.92 103.50
88.63 44.48 84.92 103.50
93.27 40.35 83.67 101.97
99.83 38.70 82.43 100.47
104.33 37.06 81.22 98.98
106.85 44.82 80.01 97.52
107.45 50.15 78.83 96.08
106.16 57.67 77.67 94.66
106.74 62.85 76.52 93.26
107.30 65.74 75.39 91.88
103.68 61.33 75.39 91.88
101.28 53.93 76.52 93.26
107.28 50.21 75.39 91.88
113.18 46.54 74.27 90.52
119.00 49.35 73.18 89.18
119.54 52.12 72.10 87.87
120.07 56.92 71.03 86.57
117.24 59.61 69.98 85.29
111.14 62.26 68.95 84.03
106.75 60.89 67.93 82.79
100.83 61.50 66.92 81.56
93.41 58.25 65.93 80.36
90.78 55.04 64.96 79.17
88.71 48.66 65.93 80.36
91.43 46.10 66.92 81.56
91.43 50.02 66.92 81.56
91.43 51.97 66.92 81.56
91.43 53.93 66.92 81.56
91.93 56.46 65.93 80.36
89.83 57.82 66.92 81.56
88.74 58.42 65.93 80.36
85.57 58.42 65.93 80.36
82.41 56.49 65.93 80.36
85.57 52.64 65.93 80.36
88.74 50.71 65.93 80.36
91.46 48.15 66.92 81.56
100.73 51.51 67.93 82.79
105.63 55.48 67.93 82.79
112.55 58.05 66.92 81.56
118.57 53.47 67.93 82.79
123.46 53.47 67.93 82.79
127.18 50.16 66.92 81.56
128.78 50.16 66.92 81.56
130.86 48.84 65.93 80.36
131.35 45.63 64.96 79.17
134.90 42.47 64.00 78.00
135.37 41.20 63.05 76.85
135.84 41.77 62.12 75.71
136.30 42.33 61.20 74.59
139.64 49.94 60.30 73.49
136.75 56.99 60.30 73.49
134.34 62.75 59.41 72.40
130.06 64.49 59.41 72.40
124.36 64.49 59.41 72.40
120.08 61.01 59.41 72.40
118.19 56.94 60.30 73.49
122.53 51.65 60.30 73.49
123.55 51.10 61.20 74.59
123.55 52.89 61.20 74.59
123.55 54.68 61.20 74.59
125.45 58.76 60.30 73.49
127.32 61.04 59.41 72.40
127.76 63.28 58.53 71.33
128.19 67.18 57.67 70.28
129.98 69.37 56.81 69.24
133.09 69.88 55.97 68.22
136.15 65.54 55.15 67.21
136.56 62.86 54.33 66.22
140.81 63.35 53.53 65.24
143.74 66.92 52.74 64.27
142.88 71.95 51.96 63.32
142.04 73.92 51.19 62.39
138.78 77.33 50.43 61.47
135.58 77.78 49.69 60.56
133.60 76.80 48.95 59.66
133.96 75.83 48.23 58.78
130.89 73.48 47.52 57.91
127.47 72.09 47.52 57.91
122.91 69.31 47.52 57.91
120.24 67.47 48.23 58.78
116.35 62.73 48.95 59.66
114.79 56.47 49.69 60.56
112.00 56.02 50.43 61.47
109.16 60.05 51.19 62.39
109.16 63.04 51.19 62.39
108.78 64.09 51.96 63.32
106.29 67.13 51.96 63.32
105.44 69.10 51.19 62.39
104.21 70.60 51.19 62.39
102.98 70.60 51.19 62.39
105.09 68.61 51.96 63.32
111.03 68.13 52.74 64.27
118.63 69.68 52.74 64.27
124.66 70.76 53.53 65.24
128.17 70.27 54.33 66.22
133.05 69.77 55.15 67.21
135.33 70.91 55.97 68.22
134.42 73.02 55.15 67.21
136.13 71.93 54.33 66.22
140.38 69.29 53.53 65.24
139.51 68.23 52.74 64.27
138.65 68.70 51.96 63.32
134.12 66.18 51.19 62.39
129.66 63.69 50.43 61.47
132.42 64.14 49.69 60.56
132.79 68.88 48.95 59.66
131.99 70.74 48.23 58.78
132.35 73.95 47.52 57.91
131.57 74.38 46.82 57.06
136.35 76.15 46.12 56.21
138.87 77.89 45.44 55.38
141.35 78.30 44.77 54.56
142.74 80.00 44.11 53.76
145.16 80.39 43.46 52.96
145.48 80.78 42.82 52.18
145.79 81.17 42.18 51.41
144.78 81.17 42.18 51.41
144.10 82.77 41.56 50.65
140.11 82.77 41.56 50.65
136.76 79.92 42.18 51.41
134.39 79.53 42.82 52.18
129.25 79.53 42.82 52.18
123.71 77.87 43.46 52.96
