306.00 5.00 95.00 65.00
308.95 22.39 93.60 64.04
312.81 45.31 95.00 65.00
319.04 73.32 96.42 65.98
325.36 106.58 97.87 66.96
330.06 138.72 97.87 66.96
328.47 156.63 96.42 65.98
320.70 149.71 97.87 66.96
316.00 127.21 97.87 66.96
314.41 99.20 96.42 65.98
301.94 76.21 97.87 66.96
277.21 56.12 96.42 65.98
250.56 45.68 95.00 65.00
234.60 36.32 95.00 65.00
216.36 31.64 95.00 65.00
205.83 32.12 93.60 64.04
204.31 40.17 92.21 63.09
206.52 52.28 92.21 63.09
212.57 70.25 93.60 64.04
221.55 93.31 93.60 64.04
230.54 117.90 93.60 64.04
243.52 136.14 95.00 65.00
252.64 136.14 95.00 65.00
261.18 115.07 96.43 65.98
274.55 84.04 97.87 66.96
284.53 63.95 96.43 65.98
280.68 45.71 95.00 65.00
263.42 30.82 93.60 64.04
244.19 23.73 92.21 63.09
238.33 21.21 90.85 62.16
236.85 20.20 89.51 61.24
239.63 26.44 88.18 60.34
250.71 36.88 86.88 59.45
264.87 50.91 88.18 60.34
279.25 71.04 89.51 61.24
302.56 98.92 90.85 62.16
330.65 128.74 92.21 63.09
352.42 159.01 93.60 64.04
373.03 180.68 92.21 63.09
391.16 185.62 90.85 62.16
410.39 173.04 92.21 63.09
425.42 151.05 93.60 64.04
424.72 133.41 95.00 65.00
405.21 118.52 93.60 64.04
370.31 111.80 95.00 65.00
346.30 107.67 93.60 64.04
333.71 102.09 92.21 63.09
324.86 97.54 92.21 63.09
316.01 96.03 92.21 63.09
313.79 96.03 92.21 63.09
314.47 102.46 90.85 62.16
323.74 114.68 89.51 61.24
336.15 132.12 90.85 62.16
342.11 149.83 92.21 63.09
347.15 166.70 90.85 62.16
349.33 163.72 90.85 62.16
355.29 145.08 92.21 63.09
370.32 126.17 93.60 64.04
383.30 102.29 95.00 65.00
392.99 78.18 93.60 64.04
391.46 52.91 92.21 63.09
376.88 31.00 90.85 62.16
357.26 14.58 90.85 62.16
347.19 4.76 89.51 61.24
345.73 2.31 88.18 60.34
346.39 1.33 86.88 59.45
342.92 4.58 85.60 58.57
342.28 12.70 86.88 59.45
347.03 25.79 85.60 58.57
354.73 41.05 86.88 59.45
367.70 61.16 85.60 58.57
