381.00 95.00 77.00 94.00
381.00 95.00 77.00 94.00
379.15 95.00 77.00 94.00
379.15 95.00 77.00 94.00
377.30 95.00 77.00 94.00
377.30 95.00 77.00 94.00
372.98 94.29 78.15 95.41
364.77 91.26 79.33 96.84
354.52 88.17 80.52 98.29
338.22 82.64 81.72 99.77
323.67 79.47 82.95 101.26
321.03 78.71 84.20 102.78
308.09 75.43 85.46 104.33
288.72 72.11 86.74 105.89
269.05 71.31 88.04 107.48
236.22 75.74 89.36 109.09
215.96 80.24 90.70 110.73
195.39 82.11 92.06 112.39
195.39 82.11 92.06 112.39
181.24 84.00 93.44 114.07
163.30 84.00 93.44 114.07
150.74 87.54 92.06 112.39
136.59 89.44 93.44 114.07
122.23 94.14 94.85 115.79
122.23 94.14 94.85 115.79
113.13 96.92 94.85 115.79
108.57 99.70 94.85 115.79
109.27 97.81 93.44 114.07
112.17 98.66 92.06 112.39
114.38 98.66 92.06 112.39
114.38 98.66 92.06 112.39
118.18 97.81 93.44 114.07
124.31 96.96 94.85 115.79
133.41 94.18 94.85 115.79
140.84 92.30 93.44 114.07
145.95 93.14 92.06 112.39
145.95 93.14 92.06 112.39
148.16 93.14 92.06 112.39
150.37 93.14 92.06 112.39
152.58 93.14 92.06 112.39
152.58 93.14 92.06 112.39
152.58 95.84 92.06 112.39
152.58 95.84 92.06 112.39
150.37 98.54 92.06 112.39
148.16 101.23 92.06 112.39
148.16 101.23 92.06 112.39
145.95 103.93 92.06 112.39
145.26 105.82 93.44 114.07
144.56 107.75 94.85 115.79
146.84 107.75 94.85 115.79
153.66 107.75 94.85 115.79
160.49 104.97 94.85 115.79
170.16 103.09 93.44 114.07
176.89 100.35 93.44 114.07
176.89 100.35 93.44 114.07
183.02 99.49 94.85 115.79
187.57 96.71 94.85 115.79
192.13 96.71 94.85 115.79
193.72 95.85 96.27 117.52
195.35 94.97 97.71 119.28
195.35 94.97 97.71 119.28
197.69 92.10 97.71 119.28
201.72 88.30 99.18 121.07
206.48 82.49 99.18 121.07
213.62 79.58 99.18 121.07
218.38 76.68 99.18 121.07
218.38 76.68 99.18 121.07
218.38 76.68 99.18 121.07
218.38 76.68 99.18 121.07
218.38 79.58 99.18 121.07
216.00 82.49 99.18 121.07
212.84 84.53 100.67 122.89
212.84 84.53 100.67 122.89
215.26 84.53 100.67 122.89
217.67 84.53 100.67 122.89
217.67 84.53 100.67 122.89
220.80 85.44 99.18 121.07
220.80 88.35 99.18 121.07
220.80 88.35 99.18 121.07
220.05 90.39 100.67 122.89
222.47 93.34 100.67 122.89
224.89 96.29 100.67 122.89
227.30 99.23 100.67 122.89
232.81 100.14 99.18 121.07
232.81 100.14 99.18 121.07
237.57 103.05 99.18 121.07
242.33 105.95 99.18 121.07
249.47 108.86 99.18 121.07
256.61 111.77 99.18 121.07
265.53 113.81 100.67 122.89
265.53 113.81 100.67 122.89
272.78 116.76 100.67 122.89
281.83 118.83 102.18 124.73
291.64 121.82 102.18 124.73
301.45 124.82 102.18 124.73
311.26 127.81 102.18 124.73
311.26 127.81 102.18 124.73
319.26 131.68 100.67 122.89
327.14 135.49 99.18 121.07
332.57 139.25 97.71 119.28
335.60 142.95 96.27 117.52
340.22 145.77 96.27 117.52
340.22 145.77 96.27 117.52
340.93 149.42 94.85 115.79
343.21 154.98 94.85 115.79
343.91 158.57 93.44 114.07
345.48 163.27 94.85 115.79
347.08 168.05 96.27 117.52
347.08 168.05 96.27 117.52
345.52 171.69 94.85 115.79
343.98 178.03 93.44 114.07
344.67 184.26 92.06 112.39
343.17 190.41 90.70 110.73
343.17 201.04 90.70 110.73
343.17 201.04 90.70 110.73
342.49 213.69 92.06 112.39
340.28 224.48 92.06 112.39
339.59 229.12 93.44 114.07
335.86 235.35 92.06 112.39
334.37 236.18 90.70 110.73
334.37 236.18 90.70 110.73
330.75 234.38 89.36 109.09
327.18 227.45 88.04 107.48
322.23 218.79 89.36 109.09
314.44 206.70 88.04 107.48
304.68 194.79 86.74 105.89
302.60 194.79 86.74 105.89
293.50 181.10 88.04 107.48
279.97 167.20 89.36 109.09
268.41 155.75 90.70 110.73
254.48 141.43 92.06 112.39
238.09 132.38 93.44 114.07
237.39 131.52 94.85 115.79
222.81 119.37 96.27 117.52
205.68 109.90 97.71 119.28
185.90 100.29 99.18 121.07
166.86 91.57 99.18 121.07
148.83 83.88 97.71 119.28
148.83 83.88 97.71 119.28
134.76 75.29 97.71 119.28
120.69 69.56 97.71 119.28
106.62 60.98 97.71 119.28
88.86 53.40 96.27 117.52
72.68 47.75 96.27 117.52
72.68 47.75 96.27 117.52
61.13 42.11 96.27 117.52
54.20 39.29 96.27 117.52
54.91 40.16 94.85 115.79
