606.00 407.00 204.00 185.00
604.47 405.61 207.06 187.77
599.50 405.61 207.06 187.77
601.03 411.44 204.00 185.00
599.50 410.05 207.06 187.77
596.13 415.88 204.00 185.00
587.99 417.25 200.99 182.27
583.17 417.25 200.99 182.27
575.15 418.59 198.01 179.57
567.25 415.67 195.09 176.92
561.03 410.04 198.01 179.57
549.90 404.32 200.99 182.27
538.60 398.51 204.00 185.00
533.71 394.07 204.00 185.00
525.57 395.44 200.99 182.27
520.74 391.06 200.99 182.27
517.48 392.41 198.01 179.57
512.72 392.41 198.01 179.57
511.24 391.06 200.99 182.27
504.84 394.14 204.00 185.00
499.94 394.14 204.00 185.00
496.62 395.50 200.99 182.27
490.22 398.58 204.00 185.00
482.08 404.32 200.99 182.27
478.81 409.97 198.01 179.57
475.59 415.55 195.09 176.92
472.42 421.04 192.21 174.30
467.81 425.22 192.21 174.30
466.37 428.16 195.09 176.92
466.37 432.40 195.09 176.92
467.81 433.71 192.21 174.30
469.23 435.00 189.37 171.73
470.63 432.21 186.57 169.19
469.23 422.70 189.37 171.73
475.11 415.84 186.57 169.19
475.11 407.72 186.57 169.19
469.16 402.33 189.37 171.73
467.74 392.68 192.21 174.30
469.16 389.84 189.37 171.73
467.74 380.19 192.21 174.30
473.71 377.36 189.37 171.73
478.25 377.36 189.37 171.73
476.83 376.07 192.21 174.30
478.25 373.24 189.37 171.73
482.80 373.24 189.37 171.73
481.38 367.76 192.21 174.30
481.38 363.58 192.21 174.30
487.34 364.87 189.37 171.73
488.74 370.20 186.57 169.19
493.22 370.20 186.57 169.19
496.36 368.93 189.37 171.73
504.17 363.46 192.21 174.30
516.77 357.90 195.09 176.92
524.82 352.27 198.01 179.57
532.98 342.17 200.99 182.27
541.26 336.37 204.00 185.00
544.70 330.47 207.06 187.78
549.67 321.46 207.06 187.78
556.10 318.41 204.00 185.00
562.43 315.40 200.99 182.27
568.67 325.36 198.01 179.57
573.42 329.67 198.01 179.57
578.17 342.60 198.01 179.57
582.92 351.22 198.01 179.57
589.07 365.29 195.09 176.92
592.36 372.58 198.01 179.57
598.50 373.91 195.09 176.92
597.04 372.58 198.01 179.57
603.18 369.66 195.09 176.92
601.72 359.72 198.01 179.57
601.72 351.10 198.01 179.57
600.24 336.63 200.99 182.27
598.73 326.38 204.00 185.00
597.20 320.48 207.06 187.78
598.73 317.43 204.00 185.00
597.20 316.04 207.06 187.78
595.65 314.64 210.17 190.59
595.65 319.21 210.17 190.59
597.20 325.13 207.06 187.78
597.20 334.14 207.06 187.78
602.17 343.15 207.06 187.78
603.70 348.98 204.00 185.00
602.17 356.61 207.06 187.78
595.57 355.20 210.17 190.59
597.12 361.11 207.06 187.78
593.76 366.94 204.00 185.00
595.27 363.93 200.99 182.27
590.44 359.56 200.99 182.27
590.44 355.18 200.99 182.27
588.94 353.82 204.00 185.00
582.44 352.43 207.06 187.78
583.97 353.82 204.00 185.00
580.65 355.18 200.99 182.27
577.38 356.53 198.01 179.57
574.16 362.10 195.09 176.92
575.60 367.59 192.21 174.30
572.48 373.00 189.37 171.73
567.94 377.12 189.37 171.73
563.39 381.25 189.37 171.73
564.79 386.58 186.57 169.19
558.85 389.43 189.37 171.73
560.25 394.76 186.57 169.19
560.25 394.76 186.57 169.19
557.21 400.01 183.81 166.69
555.83 398.76 186.57 169.19
554.43 401.61 189.37 171.73
555.83 406.94 186.57 169.19
555.83 411.00 186.57 169.19
557.21 416.25 183.81 166.69
562.92 417.48 181.09 164.23
561.56 420.25 183.81 166.69
562.92 425.42 181.09 164.23
561.56 424.19 183.81 166.69
560.18 427.00 186.57 169.19
561.56 428.25 183.81 166.69
565.97 428.25 183.81 166.69
567.33 425.54 181.09 164.23
565.97 420.31 183.81 166.69
564.59 410.94 186.57 169.19
563.19 397.31 189.37 171.73
566.38 383.47 192.21 174.30
566.38 366.74 192.21 174.30
569.63 352.69 195.09 176.92
572.91 338.43 198.01 179.57
574.38 331.27 195.09 176.92
575.82 328.39 192.21 174.30
577.24 329.68 189.37 171.73
580.43 332.58 192.21 174.30
578.99 339.76 195.09 176.92
577.53 347.05 198.01 179.57
572.78 351.36 198.01 179.57
572.78 355.67 198.01 179.57
571.29 358.70 200.99 182.27
571.29 363.08 200.99 182.27
568.02 364.42 198.01 179.57
569.49 370.00 195.09 176.92
568.02 368.67 198.01 179.57
568.02 368.67 198.01 179.57
564.80 374.24 195.09 176.92
563.34 377.22 198.01 179.57
563.34 381.53 198.01 179.57
563.34 385.84 198.01 179.57
564.80 391.42 195.09 176.92
558.59 394.40 198.01 179.57
557.10 397.43 200.99 182.27
561.93 397.43 200.99 182.27
565.32 396.06 204.00 185.00
571.65 393.05 200.99 182.27
576.47 388.68 200.99 182.27
586.12 379.93 200.99 182.27
594.40 369.68 204.00 185.00
602.81 354.78 207.06 187.78
611.35 339.64 210.17 190.59
625.13 324.29 213.32 193.45
639.12 313.41 216.52 196.35
656.08 314.86 213.32 193.45
672.79 316.29 210.17 190.59
687.92 320.86 210.17 190.59
706.82 324.08 213.32 193.45
720.81 332.05 216.52 196.35
732.65 333.50 213.32 193.45
749.36 339.51 210.17 190.59
765.82 340.92 207.06 187.78
794.53 353.23 210.17 190.59
808.31 351.80 213.32 193.45
808.31 342.51 213.32 193.45
808.31 328.59 213.32 193.45
808.31 328.59 213.32 193.45
803.19 323.94 213.32 193.45
789.64 316.22 210.17 190.59
774.50 302.50 210.17 190.59
754.33 288.78 210.17 190.59
736.00 276.67 207.06 187.78
721.09 272.16 207.06 187.78
707.94 273.55 204.00 185.00
699.80 274.92 200.99 182.27
687.02 280.57 198.01 179.57
683.81 290.39 195.09 176.92
680.63 304.25 192.21 174.30
676.02 308.43 192.21 174.30
668.35 317.96 189.37 171.73
665.27 323.29 186.57 169.19
657.83 328.54 183.81 166.69
650.50 333.72 181.09 164.23
643.27 334.93 178.42 161.80
637.59 337.66 181.09 164.23
628.89 337.66 181.09 164.23
618.71 336.43 183.81 166.69
611.38 333.72 181.09 164.23
604.15 331.05 178.42 161.80
597.03 328.42 175.78 159.41
592.81 328.42 175.78 159.41
582.93 323.34 178.42 161.80
580.03 320.71 175.78 159.41
581.33 318.12 173.18 157.05
577.17 318.12 173.18 157.05
577.17 318.12 173.18 157.05
577.17 318.12 173.18 157.05
577.17 318.12 173.18 157.05
577.17 318.12 173.18 157.05
580.09 320.76 175.78 159.41
584.31 324.59 175.78 159.41
587.28 331.16 178.42 161.80
591.56 338.93 178.42 161.80
597.09 347.77 175.78 159.41
601.31 359.25 175.78 159.41
601.31 366.90 175.78 159.41
604.28 369.59 178.42 161.80
607.29 372.32 181.09 164.23
610.34 375.09 183.81 166.69
610.34 371.09 183.81 166.69
616.04 368.38 181.09 164.23
617.38 361.82 178.42 161.80
617.38 350.17 178.42 161.80
613.10 342.41 178.42 161.80
614.42 335.95 175.78 159.41
610.20 328.30 175.78 159.41
605.98 320.65 175.78 159.41
601.76 313.00 175.78 159.41
597.54 309.17 175.78 159.41
594.68 310.35 173.18 157.05
589.17 309.17 175.78 159.41
586.31 314.12 173.18 157.05
583.49 318.99 170.62 154.73
580.72 323.79 168.10 152.44
581.96 332.13 165.62 150.19
583.19 340.34 163.17 147.97
584.39 351.93 160.76 145.79
580.53 358.93 160.76 145.79
576.68 365.93 160.76 145.79
574.06 373.90 158.38 143.63
570.26 380.79 158.38 143.63
565.22 383.22 160.76 145.79
558.80 387.74 158.38 143.63
549.90 390.16 160.76 145.79
544.77 389.07 163.17 147.97
542.12 386.66 160.76 145.79
537.00 382.02 163.17 147.97
531.80 373.70 165.62 150.19
533.03 367.71 163.17 147.97
529.11 360.60 163.17 147.97
527.89 352.28 165.62 150.19
527.89 345.07 165.62 150.19
531.86 341.47 165.62 150.19
530.62 336.69 168.10 152.44
531.86 337.81 165.62 150.19
533.08 338.92 163.17 147.97
530.43 343.51 160.76 145.79
526.57 350.51 160.76 145.79
529.28 360.07 163.17 147.97
528.06 358.96 165.62 150.19
530.85 361.49 168.10 152.44
532.09 359.02 165.62 150.19
532.09 355.41 165.62 150.19
534.89 346.97 168.10 152.44
537.72 338.40 170.62 154.73
540.60 329.70 173.18 157.05
540.60 325.93 173.18 157.05
545.97 323.38 170.62 154.73
544.69 314.68 173.18 157.05
545.97 312.12 170.62 154.73
554.16 312.12 170.62 154.73
554.16 312.12 170.62 154.73
552.88 310.96 173.18 157.05
554.16 315.84 170.62 154.73
552.88 318.45 173.18 157.05
550.07 319.61 170.62 154.73
548.79 322.22 173.18 157.05
547.49 324.86 175.78 159.41
552.94 329.81 173.18 157.05
551.65 332.46 175.78 159.41
554.61 335.15 178.42 161.80
558.89 339.03 178.42 161.80
564.43 344.05 175.78 159.41
569.88 345.23 173.18 157.05
575.26 350.10 170.62 154.73
578.13 348.94 173.18 157.05
583.51 353.82 170.62 154.73
587.60 357.53 170.62 154.73
594.64 356.37 173.18 157.05
593.34 347.54 175.78 159.41
605.99 351.37 175.78 159.41
619.76 352.54 173.18 157.05
626.90 351.37 175.78 159.41
632.36 348.77 173.18 157.05
637.73 349.93 170.62 154.73
647.06 351.08 168.10 152.44
649.90 346.22 170.62 154.73
652.77 345.06 173.18 157.05
654.05 346.22 170.62 154.73
659.35 351.02 168.10 152.44
659.35 351.02 168.10 152.44
662.18 353.59 170.62 154.73
660.90 359.97 173.18 157.05
659.60 362.62 175.78 159.41
662.57 365.31 178.42 161.80
663.88 370.33 175.78 159.41
663.88 370.33 175.78 159.41
665.18 371.51 173.18 157.05
666.46 372.67 170.62 154.73
665.18 367.74 173.18 157.05
670.56 372.61 170.62 154.73
673.43 371.45 173.18 157.05
667.92 370.27 175.78 159.41
669.22 371.45 173.18 157.05
663.70 370.27 175.78 159.41
665.00 375.22 173.18 157.05
663.70 374.04 175.78 159.41
658.10 372.85 178.42 161.80
659.42 374.04 175.78 159.41
655.20 377.87 175.78 159.41
652.34 382.81 173.18 157.05
646.82 381.64 175.78 159.41
