282.00 297.00 51.00 29.00
281.62 295.37 51.76 29.43
279.97 294.43 52.54 29.88
279.57 293.48 53.33 30.32
277.88 291.78 54.13 30.78
277.88 290.30 54.13 30.78
277.47 290.07 54.94 31.24
277.88 288.82 54.13 30.78
277.88 287.34 54.13 30.78
277.88 285.87 54.13 30.78
277.47 284.14 54.94 31.24
277.47 282.64 54.94 31.24
277.47 282.64 54.94 31.24
277.06 280.88 55.77 31.71
277.06 279.36 55.77 31.71
278.79 277.34 54.94 31.24
280.49 275.36 54.13 30.78
282.17 273.40 53.33 30.32
282.17 273.40 53.33 30.32
282.17 270.49 53.33 30.32
283.83 268.56 52.54 29.88
283.43 266.16 53.33 30.32
285.09 264.95 52.54 29.88
285.09 262.79 52.54 29.88
285.09 262.79 52.54 29.88
286.35 259.21 52.54 29.88
285.96 255.35 53.33 30.32
286.85 250.69 54.13 30.78
288.15 245.52 54.13 30.78
289.45 241.82 54.13 30.78
289.45 241.82 54.13 30.78
291.13 238.41 53.33 30.32
292.79 236.48 52.54 29.88
295.66 234.58 51.77 29.44
297.27 232.71 51.00 29.00
296.88 231.79 51.77 29.44
296.88 231.79 51.77 29.44
298.49 230.62 51.00 29.00
298.11 230.40 51.77 29.44
299.72 229.92 51.00 29.00
299.72 229.22 51.00 29.00
300.94 229.22 51.00 29.00
300.94 229.22 51.00 29.00
300.94 228.53 51.00 29.00
300.56 227.60 51.77 29.44
300.56 228.31 51.77 29.44
301.80 230.43 51.77 29.44
300.56 231.84 51.77 29.44
300.56 231.84 51.77 29.44
298.91 233.77 52.54 29.88
297.23 235.73 53.33 30.32
297.63 238.82 52.54 29.88
295.95 241.51 53.33 30.32
293.39 244.42 53.33 30.32
293.39 244.42 53.33 30.32
292.53 248.23 52.54 29.88
289.57 251.65 53.33 30.32
288.29 255.29 53.33 30.32
285.30 260.23 54.13 30.78
284.00 265.40 54.13 30.78
284.00 265.40 54.13 30.78
281.40 270.57 54.13 30.78
280.52 277.35 53.33 30.32
277.52 283.77 54.13 30.78
276.64 291.27 53.33 30.32
273.64 297.70 54.13 30.78
273.24 297.46 54.94 31.24
270.60 305.71 54.94 31.24
269.71 313.33 54.13 30.78
267.11 321.46 54.13 30.78
264.51 329.58 54.13 30.78
261.47 336.85 54.94 31.24
261.47 337.60 54.94 31.24
259.27 344.48 54.13 30.78
256.23 351.00 54.94 31.24
253.59 356.24 54.94 31.24
249.17 360.58 55.77 31.71
246.03 364.97 56.60 32.19
245.61 364.73 57.45 32.67
242.38 368.47 58.31 33.16
239.10 371.45 59.19 33.66
238.14 374.88 58.31 33.16
234.86 377.86 59.19 33.66
233.44 380.28 59.19 33.66
233.44 380.28 59.19 33.66
231.55 382.49 60.08 34.16
228.17 383.90 60.98 34.67
227.18 386.62 60.08 34.16
225.74 389.08 60.08 34.16
222.86 390.72 60.08 34.16
222.86 390.72 60.08 34.16
221.42 392.35 60.08 34.16
218.53 394.81 60.08 34.16
217.09 396.45 60.08 34.16
214.21 398.09 60.08 34.16
212.76 400.55 60.08 34.16
211.32 402.19 60.08 34.16
209.41 401.94 60.98 34.67
207.95 403.60 60.98 34.67
206.48 405.27 60.98 34.67
205.02 406.10 60.98 34.67
205.02 407.76 60.98 34.67
203.55 407.76 60.98 34.67
203.55 407.76 60.98 34.67
201.61 407.50 61.89 35.19
200.13 407.50 61.89 35.19
200.58 406.93 60.98 34.67
199.12 406.10 60.98 34.67
199.12 405.27 60.98 34.67
199.12 405.27 60.98 34.67
199.57 404.70 60.08 34.16
198.13 403.88 60.08 34.16
196.69 403.06 60.08 34.16
195.25 402.24 60.08 34.16
193.80 402.24 60.08 34.16
193.80 402.24 60.08 34.16
190.43 401.99 60.98 34.67
188.96 401.99 60.98 34.67
186.53 402.24 60.08 34.16
183.65 403.06 60.08 34.16
180.27 404.47 60.98 34.67
180.27 404.47 60.98 34.67
176.84 405.90 61.89 35.19
172.38 407.59 61.89 35.19
167.93 409.28 61.89 35.19
162.94 411.59 62.82 35.72
158.95 413.54 61.89 35.19
158.95 413.54 61.89 35.19
153.96 415.85 62.82 35.72
149.97 417.80 61.89 35.19
144.98 420.11 62.82 35.72
138.95 421.82 62.82 35.72
134.43 424.39 62.82 35.72
134.43 424.39 62.82 35.72
129.91 426.11 62.82 35.72
125.38 427.82 62.82 35.72
120.32 429.30 63.76 36.26
116.27 430.42 62.82 35.72
112.28 430.69 61.89 35.19
112.28 430.69 61.89 35.19
107.82 430.69 61.89 35.19
104.34 430.42 62.82 35.72
99.28 426.67 63.76 36.26
95.70 421.10 64.72 36.80
90.48 413.65 65.69 37.35
89.99 413.37 66.67 37.91
88.39 407.91 66.67 37.91
86.26 403.94 67.67 38.48
87.40 401.77 68.69 39.06
90.24 400.53 69.72 39.64
97.34 398.95 68.69 39.06
97.34 398.95 68.69 39.06
105.20 394.85 69.72 39.64
114.86 386.82 70.77 40.24
128.45 376.20 70.77 40.24
142.36 366.03 69.72 39.64
159.36 359.76 68.69 39.06
159.87 360.05 67.67 38.48
174.77 360.34 66.67 37.91
184.72 360.62 65.69 37.35
191.42 354.71 64.72 36.80
199.55 346.28 63.76 36.26
205.28 333.64 64.72 36.80
205.28 333.64 64.72 36.80
211.88 319.99 63.76 36.26
217.62 305.59 64.72 36.80
228.81 287.59 63.76 36.26
237.65 273.18 64.72 36.80
245.05 255.88 65.69 37.35
250.19 251.74 64.72 36.80
258.32 232.86 63.76 36.26
263.32 220.27 62.82 35.72
268.24 207.87 61.89 35.19
274.55 199.81 60.98 34.67
279.32 196.78 60.08 34.16
281.19 197.03 59.19 33.66
285.82 196.49 58.31 33.16
288.23 196.24 59.19 33.66
291.07 197.85 59.19 33.66
292.90 199.69 58.31 33.16
296.09 200.72 57.45 32.67
296.09 200.72 57.45 32.67
297.06 200.48 58.31 33.16
298.05 201.85 59.19 33.66
299.04 202.41 60.08 34.16
298.59 199.66 60.98 34.67
300.06 197.16 60.98 34.67
300.06 197.16 60.98 34.67
300.51 196.60 60.08 34.16
300.95 196.04 59.19 33.66
299.53 197.66 59.19 33.66
298.11 200.08 59.19 33.66
294.78 203.93 60.08 34.16
294.78 204.75 60.08 34.16
291.40 209.49 60.98 34.67
287.01 217.81 60.98 34.67
283.14 227.90 60.08 34.16
275.37 238.46 60.98 34.67
269.52 250.11 60.98 34.67
269.97 250.37 60.08 34.16
264.20 263.49 60.08 34.16
257.54 279.90 59.19 33.66
249.02 292.82 59.19 33.66
239.92 306.50 60.08 34.16
230.69 319.56 60.98 34.67
232.59 319.82 60.08 34.16
222.49 331.30 60.08 34.16
212.99 342.86 59.19 33.66
199.57 353.26 60.08 34.16
185.95 362.99 60.98 34.67
172.13 372.87 61.89 35.19
170.15 373.46 62.82 35.72
156.59 382.03 62.82 35.72
143.02 391.46 62.82 35.72
130.30 400.77 63.76 36.26
117.21 410.47 62.82 35.72
105.79 417.49 61.89 35.19
103.81 418.08 62.82 35.72
92.63 424.77 63.76 36.26
82.55 430.19 62.82 35.72
74.10 434.67 61.89 35.19
68.70 438.26 60.98 34.67
63.39 440.16 60.08 34.16
62.41 440.41 59.19 33.66
57.25 441.45 58.31 33.16
53.54 440.92 57.45 32.67
49.89 440.38 56.60 32.19
46.71 437.79 57.45 32.67
40.68 433.57 58.31 33.16
40.25 433.32 59.19 33.66
36.92 428.15 60.08 34.16
33.54 420.40 60.98 34.67
33.08 412.54 61.89 35.19
34.13 402.85 62.82 35.72
44.37 392.14 63.76 36.26
43.89 391.86 64.72 36.80
57.59 382.62 65.69 37.35
76.30 375.97 66.67 37.91
95.71 372.67 65.69 37.35
114.84 370.29 64.72 36.80
132.15 368.83 63.76 36.26
132.62 369.09 62.82 35.72
146.45 368.51 61.89 35.19
161.54 368.77 60.98 34.67
174.72 367.11 60.98 34.67
186.14 360.94 61.89 35.19
194.72 352.10 62.82 35.72
194.25 351.83 63.76 36.26
200.37 340.52 63.76 36.26
204.55 325.23 64.72 36.80
208.09 309.84 63.76 36.26
