287.00 446.00 99.00 96.00
284.62 446.00 99.00 96.00
287.00 446.00 99.00 96.00
292.41 442.17 97.54 94.58
296.43 436.85 99.00 96.00
318.23 392.16 97.54 94.58
317.50 352.29 99.00 96.00
307.11 314.15 100.49 97.44
301.46 277.81 101.99 98.90
288.28 262.62 103.52 100.39
279.93 261.86 105.07 101.89
278.23 291.53 103.52 100.39
286.33 334.99 101.99 98.90
294.32 377.82 100.49 97.44
281.33 393.70 101.99 98.90
273.11 424.28 103.52 100.39
267.29 428.42 105.07 101.89
258.82 427.66 106.65 103.42
247.63 424.36 108.25 104.97
249.46 421.02 109.87 106.55
250.27 419.28 108.25 104.97
240.83 412.61 106.65 103.42
241.62 418.27 105.07 101.89
257.30 426.25 103.52 100.39
284.27 418.16 105.07 101.89
324.43 434.77 106.65 103.42
352.21 471.78 108.25 104.97
361.95 509.35 109.87 106.55
358.45 521.53 111.52 108.14
357.61 518.09 113.20 109.77
359.52 506.57 114.89 111.41
355.86 492.16 116.62 113.08
364.99 503.69 114.89 111.41
379.42 504.52 113.20 109.77
342.73 474.28 114.89 111.41
327.28 419.78 113.20 109.77
274.58 438.76 111.52 108.14
267.50 419.10 109.87 106.55
278.70 427.45 108.25 104.97
297.42 405.88 106.65 103.42
310.81 389.53 105.07 101.89
324.01 390.28 103.52 100.39
343.41 416.43 105.07 101.89
345.18 415.67 106.65 103.42
328.79 402.29 108.25 104.97
327.03 400.59 106.65 103.42
302.85 417.45 108.25 104.97
270.38 430.63 106.65 103.42
266.12 436.29 105.07 101.89
258.56 426.51 105.07 101.89
244.97 408.37 106.65 103.42
238.97 402.55 108.25 104.97
251.96 422.71 108.25 104.97
273.24 423.48 106.65 103.42
301.02 410.11 108.25 104.97
329.21 419.55 109.87 106.55
344.45 452.49 111.52 108.14
346.33 483.30 113.20 109.77
345.48 493.17 114.89 111.41
343.61 493.99 113.20 109.77
339.10 489.61 111.52 108.14
331.07 484.42 111.52 108.14
341.10 491.51 113.20 109.77
357.99 476.75 111.52 108.14
346.29 425.89 113.20 109.77
309.59 390.30 114.89 111.41
277.95 381.33 116.62 113.08
278.81 400.88 114.89 111.41
280.74 405.47 116.62 113.08
278.85 406.31 114.89 111.41
274.26 407.13 113.20 109.77
272.42 407.94 111.52 108.14
274.30 417.67 113.20 109.77
270.70 416.84 114.89 111.41
264.24 413.29 116.62 113.08
259.59 414.13 114.89 111.41
256.83 416.80 114.89 111.41
256.83 416.80 114.89 111.41
257.68 417.63 113.20 109.77
256.83 414.13 114.89 111.41
253.17 413.29 116.62 113.08
254.03 416.80 114.89 111.41
273.90 407.09 113.20 109.77
311.65 390.22 114.89 111.41
347.17 419.24 116.62 113.08
371.87 476.24 118.37 114.78
370.98 506.14 120.14 116.50
364.22 510.94 121.94 118.25
360.34 507.17 123.77 120.02
353.38 500.42 125.63 121.82
361.62 505.45 127.51 123.65
371.61 503.44 125.63 121.82
368.59 465.43 125.63 121.82
327.86 408.13 127.51 123.65
286.53 392.14 129.43 125.50
277.21 413.23 129.43 125.50
290.41 423.06 127.51 123.65
306.42 400.58 125.63 121.82
319.23 384.20 123.77 120.02
334.78 382.25 121.94 118.25
339.81 398.64 123.77 120.02
331.94 408.04 121.94 118.25
313.21 398.51 123.77 120.02
291.17 400.54 125.63 121.82
274.93 408.53 127.51 123.65
270.86 422.66 129.43 125.50
268.76 426.56 127.51 123.65
266.69 421.62 125.63 121.82
260.66 412.85 125.63 121.82
256.66 406.00 127.51 123.65
265.02 417.12 129.43 125.50
284.34 421.02 127.51 123.65
305.12 392.98 129.43 125.50
332.53 388.98 131.37 127.39
358.35 423.06 129.43 125.50
359.31 465.53 127.51 123.65
352.14 482.68 129.43 125.50
346.97 483.60 127.51 123.65
341.88 481.59 125.63 121.82
336.87 476.73 123.77 120.02
348.00 487.53 125.63 121.82
366.75 479.79 123.77 120.02
366.75 433.70 123.77 120.02
332.66 386.02 125.63 121.82
300.91 381.16 123.77 120.02
284.27 393.40 121.94 118.25
279.40 402.66 120.14 116.50
274.61 406.27 118.37 114.78
269.88 407.12 116.62 113.08
265.23 405.28 114.89 111.41
264.37 415.30 116.62 113.08
264.37 418.02 116.62 113.08
260.65 411.66 118.37 114.78
259.77 410.80 120.14 116.50
257.81 411.66 118.37 114.78
255.89 415.22 116.62 113.08
256.75 418.73 114.89 111.41
256.75 418.73 114.89 111.41
255.89 417.90 116.62 113.08
257.86 417.05 118.37 114.78
267.13 409.75 116.62 113.08
301.08 394.55 114.89 111.41
333.80 391.00 116.62 113.08
369.86 436.98 118.37 114.78
380.50 489.24 120.14 116.50
370.82 505.40 121.94 118.25
363.97 501.63 123.77 120.02
357.01 491.96 125.63 121.82
356.07 491.04 127.51 123.65
367.53 508.19 129.43 125.50
370.64 496.14 129.43 125.50
353.23 443.65 127.51 123.65
308.79 397.54 129.43 125.50
276.29 399.66 131.37 127.39
280.37 424.70 129.43 125.50
287.45 416.72 127.51 123.65
300.45 388.40 125.63 121.82
313.26 369.13 123.77 120.02
333.44 371.16 125.63 121.82
330.42 397.47 125.63 121.82
320.30 396.56 127.51 123.65
303.81 392.62 129.43 125.50
286.41 408.38 127.51 123.65
280.28 414.32 127.51 123.65
280.28 423.22 127.51 123.65
277.22 423.22 127.51 123.65
274.16 420.25 127.51 123.65
266.99 413.30 129.43 125.50
272.33 421.53 131.37 127.39
285.73 419.46 129.43 125.50
309.98 409.35 131.37 127.39
337.79 433.22 133.34 129.30
345.08 464.75 131.37 127.39
340.90 479.31 133.34 129.30
337.70 482.41 133.34 129.30
335.53 483.36 131.37 127.39
333.40 481.29 129.43 125.50
338.73 483.41 131.37 127.39
352.13 481.34 129.43 125.50
343.90 443.69 127.51 123.65
308.78 385.53 129.43 125.50
273.01 371.62 127.51 123.65
252.85 387.15 125.63 121.82
250.80 393.81 123.77 120.02
245.86 391.86 121.94 118.25
239.01 388.09 123.77 120.02
238.08 390.12 125.63 121.82
256.83 402.54 123.77 120.02
264.95 387.02 125.63 121.82
270.13 371.27 127.51 123.65
278.49 388.42 129.43 125.50
279.45 419.02 127.51 123.65
276.39 424.95 127.51 123.65
274.31 425.87 125.63 121.82
275.24 426.77 123.77 120.02
270.30 421.98 121.94 118.25
263.45 421.09 123.77 120.02
276.07 427.65 121.94 118.25
291.39 414.55 120.14 116.50
314.45 389.38 120.14 116.50
336.97 371.48 121.94 118.25
342.82 397.02 121.94 118.25
330.02 399.02 123.77 120.02
307.99 389.35 125.63 121.82
276.44 364.69 127.51 123.65
241.32 372.80 129.43 125.50
243.50 405.49 131.37 127.39
263.11 409.44 129.43 125.50
293.67 399.33 131.37 127.39
337.48 423.20 133.34 129.30
368.96 460.03 135.34 131.24
371.25 487.81 137.37 133.21
365.76 495.10 135.34 131.24
363.56 492.97 133.34 129.30
358.24 490.86 131.37 127.39
360.46 493.01 133.34 129.30
367.75 500.08 131.37 127.39
374.93 495.00 129.43 125.50
373.96 478.77 131.37 127.39
366.58 459.20 133.34 129.30
359.08 464.53 135.34 131.24
354.77 485.92 137.37 133.21
354.77 498.71 137.37 133.21
352.53 499.69 135.34 131.24
349.29 496.54 135.34 131.24
351.57 495.56 137.37 133.21
357.23 501.05 139.43 135.20
360.58 497.80 139.43 135.20
360.58 494.56 139.43 135.20
361.61 495.56 137.37 133.21
362.62 496.54 135.34 131.24
366.82 497.51 133.34 129.30
367.81 495.41 131.37 127.39
367.81 492.35 131.37 127.39
367.81 492.35 131.37 127.39
370.02 494.50 133.34 129.30
376.42 494.50 133.34 129.30
366.82 451.06 133.34 129.30
317.10 387.09 135.34 131.24
266.90 353.93 133.34 129.30
230.05 351.83 131.37 127.39
227.91 364.82 129.43 125.50
225.81 371.68 127.51 123.65
220.72 369.67 125.63 121.82
212.74 361.93 123.77 120.02
219.51 371.33 121.94 118.25
231.94 369.41 120.14 116.50
245.67 345.83 121.94 118.25
256.64 344.94 123.77 120.02
261.74 370.35 125.63 121.82
262.67 405.82 123.77 120.02
259.70 408.70 123.77 120.02
256.73 405.82 123.77 120.02
252.79 399.07 125.63 121.82
245.72 386.29 127.51 123.65
254.91 401.13 127.51 123.65
267.91 402.04 125.63 121.82
297.57 395.19 127.51 123.65
333.89 418.36 129.43 125.50
361.29 463.28 131.37 127.39
366.71 493.36 133.34 129.30
362.46 501.84 135.34 131.24
358.15 500.85 137.37 133.21
355.91 492.39 135.34 131.24
358.20 491.40 137.37 133.21
368.09 500.99 137.37 133.21
372.35 489.38 135.34 131.24
338.37 437.24 137.37 133.21
290.49 394.06 139.43 135.20
265.67 399.63 141.52 137.23
273.40 410.38 139.43 135.20
277.73 398.59 137.37 133.21
291.74 374.38 135.34 131.24
303.91 357.41 137.37 133.21
322.96 385.62 139.43 135.20
316.27 395.35 139.43 135.20
305.03 391.04 141.52 137.23
286.00 392.06 139.43 135.20
270.55 405.84 137.37 133.21
262.82 417.82 139.43 135.20
259.48 417.82 139.43 135.20
256.13 414.58 139.43 135.20
247.27 402.79 137.37 133.21
242.89 395.30 139.43 135.20
252.04 414.05 141.52 137.23
269.81 424.80 139.43 135.20
285.75 410.61 141.52 137.23
301.93 412.92 143.64 139.29
322.61 439.67 143.64 139.29
333.86 467.05 141.52 137.23
334.91 477.79 139.43 135.20
332.64 481.99 137.37 133.21
330.41 482.97 135.34 131.24
328.21 480.84 133.34 129.30
336.95 483.02 135.34 131.24
350.75 474.68 133.34 129.30
339.13 429.78 131.37 127.39
305.93 391.56 129.43 125.50
276.28 392.49 127.51 123.65
268.18 405.10 125.63 121.82
266.14 408.88 123.77 120.02
264.12 409.76 121.94 118.25
262.14 407.84 120.14 116.50
258.31 406.97 121.94 118.25
260.37 414.72 123.77 120.02
260.37 414.72 123.77 120.02
260.37 414.72 123.77 120.02
257.40 411.84 123.77 120.02
255.39 412.73 121.94 118.25
254.47 411.84 123.77 120.02
252.46 412.73 121.94 118.25
251.55 411.84 123.77 120.02
247.60 410.94 125.63 121.82
248.53 411.84 123.77 120.02
264.08 409.89 121.94 118.25
298.81 397.48 123.77 120.02
340.09 428.74 125.63 121.82
369.76 478.28 127.51 123.65
371.91 498.44 129.43 125.50
364.63 500.55 131.37 127.39
360.44 499.60 133.34 129.30
359.44 495.48 135.34 131.24
361.73 494.49 137.37 133.21
370.73 499.98 139.43 135.20
375.06 485.00 137.37 133.21
348.69 424.26 137.37 133.21
297.46 374.58 139.43 135.20
269.24 390.04 141.52 137.23
273.64 410.52 139.43 135.20
281.26 398.73 137.37 133.21
298.52 374.52 135.34 131.24
313.99 360.75 137.37 133.21
331.24 386.93 135.34 131.24
322.64 394.10 133.34 129.30
308.65 389.99 135.34 131.24
287.85 392.20 137.37 133.21
266.74 407.42 139.43 135.20
255.51 416.29 141.52 137.23
255.51 419.58 141.52 137.23
253.21 414.11 139.43 135.20
250.94 408.71 137.37 133.21
247.64 399.12 137.37 133.21
256.65 407.86 139.43 135.20
277.46 415.25 137.37 133.21
303.20 394.78 139.43 135.20
322.54 390.47 141.52 137.23
346.31 426.70 141.52 137.23
347.36 466.66 139.43 135.20
341.80 480.44 137.37 133.21
335.20 480.44 137.37 133.21
329.72 481.43 135.34 131.24
329.72 478.28 135.34 131.24
335.30 480.49 137.37 133.21
349.31 478.33 135.34 131.24
350.31 435.85 133.34 129.30
320.07 387.64 135.34 131.24
289.39 373.86 137.37 133.21
274.16 387.45 135.34 131.24
271.96 397.73 133.34 129.30
269.79 401.74 131.37 127.39
267.66 399.67 129.43 125.50
259.43 394.66 127.51 123.65
259.43 406.53 127.51 123.65
262.49 412.47 127.51 123.65
259.43 406.53 127.51 123.65
259.43 409.50 127.51 123.65
256.37 409.50 127.51 123.65
253.31 412.47 127.51 123.65
253.31 415.43 127.51 123.65
253.31 415.43 127.51 123.65
250.25 412.47 127.51 123.65
249.30 411.54 129.43 125.50
256.37 412.47 127.51 123.65
270.95 405.51 129.43 125.50
304.66 398.46 131.37 127.39
345.27 437.84 133.34 129.30
370.26 480.97 135.34 131.24
369.24 495.97 137.37 133.21
368.21 494.97 139.43 135.20
363.77 490.66 141.52 137.23
359.26 482.95 143.64 139.29
361.69 488.69 145.80 141.38
366.21 493.08 143.64 139.29
357.08 457.88 141.52 137.23
318.10 403.36 143.64 139.29
275.03 375.17 145.80 141.38
269.21 402.96 143.64 139.29
277.07 410.58 141.52 137.23
288.15 392.12 139.43 135.20
302.37 370.74 137.37 133.21
322.87 371.73 135.34 131.24
336.68 406.83 133.34 129.30
331.35 407.79 131.37 127.39
323.97 413.04 133.34 129.30
316.47 427.81 135.34 131.24
312.16 446.01 137.37 133.21
307.78 451.50 139.43 135.20
306.74 447.20 141.52 137.23
304.44 441.72 139.43 135.20
301.09 435.23 139.43 135.20
296.65 434.22 141.52 137.23
