529.00 402.00 40.00 71.00
528.35 402.52 39.41 69.95
529.30 402.52 39.41 69.95
529.00 403.70 40.00 71.00
532.13 404.23 39.41 69.95
538.95 403.09 38.83 68.92
543.82 403.60 38.25 67.90
545.40 404.75 38.83 68.92
546.06 405.91 39.41 69.95
544.80 407.09 40.00 71.00
542.55 406.55 40.60 72.06
540.27 406.01 41.21 73.15
539.96 405.47 41.83 74.24
539.65 406.72 42.45 75.36
540.36 407.99 43.09 76.49
542.14 407.41 43.74 77.63
546.07 404.94 44.39 78.80
550.06 402.43 45.06 79.98
553.02 399.88 45.74 81.18
553.79 397.30 46.42 82.40
555.70 394.67 47.12 83.63
555.35 389.97 47.82 84.89
556.50 383.86 47.82 84.89
558.47 381.15 48.54 86.16
560.80 379.08 48.54 86.16
563.98 376.34 49.27 87.45
566.01 371.42 50.01 88.77
561.98 366.43 50.76 90.10
560.37 365.76 51.52 91.45
569.28 368.59 50.76 90.10
567.25 369.26 50.01 88.77
561.71 367.82 49.27 87.45
556.25 368.46 48.54 86.16
553.16 362.99 47.82 84.89
552.38 361.61 47.12 83.63
548.59 360.98 47.82 84.89
547.81 359.60 47.12 83.63
547.04 360.22 46.42 82.40
544.43 361.61 47.12 83.63
542.93 367.09 47.82 84.89
542.57 368.52 48.54 86.16
542.21 365.78 49.27 87.45
543.04 365.12 50.01 88.77
544.24 362.99 50.01 88.77
544.24 362.99 50.01 88.77
543.43 363.65 49.27 87.45
541.86 360.86 50.01 88.77
538.26 358.73 50.01 88.77
537.06 356.60 50.01 88.77
537.43 355.16 49.27 87.45
537.79 355.80 48.54 86.16
539.79 355.16 49.27 87.45
540.62 354.50 50.01 88.77
535.82 354.50 50.01 88.77
537.02 352.37 50.01 88.77
547.61 353.87 50.76 90.10
546.39 356.03 50.76 90.10
544.37 358.83 50.01 88.77
541.19 357.38 49.27 87.45
539.22 355.96 48.54 86.16
539.22 355.96 48.54 86.16
539.22 355.96 48.54 86.16
539.22 355.96 48.54 86.16
541.22 355.32 49.27 87.45
542.06 356.79 50.01 88.77
545.66 361.05 50.01 88.77
547.72 360.39 50.76 90.10
551.05 359.71 51.52 91.45
556.30 358.22 50.76 90.10
560.28 358.89 50.01 88.77
562.34 358.22 50.76 90.10
564.77 358.22 50.76 90.10
566.35 356.76 50.01 88.77
567.90 355.32 49.27 87.45
569.93 354.66 50.01 88.77
570.77 353.99 50.76 90.10
572.87 351.12 51.52 91.45
570.81 347.47 50.76 90.10
572.90 348.99 51.52 91.45
572.07 347.51 50.76 90.10
573.64 352.43 50.01 88.77
578.14 351.77 50.76 90.10
580.23 353.29 51.52 91.45
579.39 351.80 50.76 90.10
576.17 348.20 50.01 88.77
575.36 346.76 49.27 87.45
574.55 347.41 48.54 86.16
573.77 346.01 47.82 84.89
574.12 346.63 47.12 83.63
573.77 350.08 47.82 84.89
574.57 353.58 48.54 86.16
576.57 352.93 49.27 87.45
580.12 350.84 49.27 87.45
583.35 352.31 50.01 88.77
587.27 352.97 49.27 87.45
589.30 354.44 50.01 88.77
590.14 351.61 50.76 90.10
588.52 350.94 51.52 91.45
590.12 349.45 50.76 90.10
592.56 351.61 50.76 90.10
595.89 350.94 51.52 91.45
592.62 347.29 50.76 90.10
597.49 345.13 50.76 90.10
598.34 344.45 51.52 91.45
600.47 348.22 52.29 92.82
605.80 346.71 51.52 91.45
607.04 346.71 51.52 91.45
609.51 344.52 51.52 91.45
609.12 339.37 52.29 92.82
605.80 335.67 51.52 91.45
606.18 336.35 50.76 90.10
605.36 334.88 50.01 88.77
605.72 333.44 49.27 87.45
605.72 333.44 49.27 87.45
605.36 337.04 50.01 88.77
606.20 338.54 50.76 90.10
608.97 339.21 50.01 88.77
610.53 337.76 49.27 87.45
610.16 337.11 50.01 88.77
610.16 337.11 50.01 88.77
609.34 335.66 49.27 87.45
605.80 333.57 49.27 87.45
603.83 330.08 48.54 86.16
605.00 330.08 48.54 86.16
603.45 329.43 49.27 87.45
602.27 329.43 49.27 87.45
599.90 325.23 49.27 87.45
601.08 327.33 49.27 87.45
599.51 330.94 50.01 88.77
593.05 334.59 50.76 90.10
593.42 335.26 50.01 88.77
593.05 334.59 50.76 90.10
595.82 337.39 50.01 88.77
593.83 338.05 49.27 87.45
590.70 338.69 48.54 86.16
588.76 339.33 47.82 84.89
587.98 339.96 47.12 83.63
587.22 340.57 46.42 82.40
587.22 344.53 46.42 82.40
586.87 349.93 47.12 83.63
587.66 351.34 47.82 84.89
590.28 351.97 47.12 83.63
591.41 351.97 47.12 83.63
592.20 351.34 47.82 84.89
592.56 351.97 47.12 83.63
592.20 351.34 47.82 84.89
589.91 349.31 47.82 84.89
588.76 347.27 47.82 84.89
588.76 347.27 47.82 84.89
587.24 346.63 48.54 86.16
583.74 342.50 48.54 86.16
584.10 341.10 47.82 84.89
583.74 340.46 48.54 86.16
580.66 343.13 47.82 84.89
577.62 343.76 47.12 83.63
577.62 345.77 47.12 83.63
576.12 345.14 47.82 84.89
574.59 344.50 48.54 86.16
566.92 343.10 47.82 84.89
565.01 345.74 47.12 83.63
562.01 346.36 46.42 82.40
560.16 346.96 45.74 81.18
560.16 350.86 45.74 81.18
559.82 354.21 46.42 82.40
560.60 359.61 47.12 83.63
564.29 360.23 46.42 82.40
566.21 359.61 47.12 83.63
569.90 360.23 46.42 82.40
572.43 362.79 45.74 81.18
573.53 364.73 45.74 81.18
575.42 364.13 46.42 82.40
574.66 362.79 45.74 81.18
575.43 360.20 46.42 82.40
577.35 361.59 47.12 83.63
579.29 360.96 47.82 84.89
577.38 359.58 47.12 83.63
575.50 358.22 46.42 82.40
575.84 358.83 45.74 81.18
582.19 360.20 46.42 82.40
582.97 359.58 47.12 83.63
582.97 359.58 47.12 83.63
584.43 358.22 46.42 82.40
584.08 355.60 47.12 83.63
578.86 352.26 46.42 82.40
581.40 352.87 45.74 81.18
577.41 349.63 45.06 79.98
576.68 348.33 44.39 78.80
574.91 347.05 43.74 77.63
573.51 350.25 44.39 78.80
569.94 351.58 45.06 79.98
569.60 349.03 45.74 81.18
569.94 345.79 45.06 79.98
570.27 346.38 44.39 78.80
570.27 346.38 44.39 78.80
571.02 343.87 45.06 79.98
571.78 343.27 45.74 81.18
572.11 340.03 45.06 79.98
573.51 340.62 44.39 78.80
573.18 340.03 45.06 79.98
571.74 341.38 45.74 81.18
571.00 340.06 45.06 79.98
571.33 340.65 44.39 78.80
572.71 343.10 43.74 77.63
572.00 347.34 43.09 76.49
574.36 346.10 42.45 75.36
576.11 347.37 43.09 76.49
578.46 347.93 42.45 75.36
579.48 346.12 42.45 75.36
577.79 344.90 41.83 74.24
579.51 344.34 42.45 75.36
578.82 343.12 41.83 74.24
578.14 340.16 41.21 73.15
578.84 341.39 41.83 74.24
579.54 340.83 42.45 75.36
580.26 343.94 43.09 76.49
582.03 343.36 43.74 77.63
587.53 342.10 43.09 76.49
591.67 340.27 43.09 76.49
594.77 338.43 43.09 76.49
596.84 340.27 43.09 76.49
600.21 339.02 42.45 75.36
601.23 337.21 42.45 75.36
602.55 335.99 41.83 74.24
605.29 335.43 42.45 75.36
606.01 334.87 43.09 76.49
605.31 333.62 42.45 75.36
605.62 332.40 41.83 74.24
606.33 331.84 42.45 75.36
608.65 335.96 41.83 74.24
611.39 333.60 42.45 75.36
612.11 333.03 43.09 76.49
613.14 333.03 43.09 76.49
617.53 335.41 42.45 75.36
615.84 335.96 41.83 74.24
619.85 335.96 41.83 74.24
621.15 336.51 41.21 73.15
620.48 335.32 40.60 72.07
619.82 335.86 40.00 71.00
619.17 338.06 39.41 69.95
618.53 341.88 38.83 68.92
619.19 343.05 39.41 69.95
620.81 342.52 40.00 71.00
623.00 343.05 39.41 69.95
624.62 344.22 40.00 71.00
627.50 345.93 40.00 71.00
628.46 347.63 40.00 71.00
630.38 347.63 40.00 71.00
631.34 347.63 40.00 71.00
634.48 349.84 39.41 69.95
637.06 352.72 40.00 71.00
636.76 352.19 40.60 72.07
635.14 352.72 40.00 71.00
637.33 353.24 39.41 69.95
638.95 354.42 40.00 71.00
638.65 353.89 40.60 72.07
638.35 353.35 41.21 73.15
637.03 352.80 41.83 74.24
638.04 352.80 41.83 74.24
635.03 352.80 41.83 74.24
636.32 353.35 41.21 73.15
632.00 352.80 41.83 74.24
634.01 352.80 41.83 74.24
632.34 351.60 41.21 73.15
630.36 351.60 41.21 73.15
628.38 351.60 41.21 73.15
626.41 355.11 41.21 73.15
625.42 355.11 41.21 73.15
630.13 352.78 41.83 74.24
632.87 352.22 42.45 75.36
638.98 352.22 42.45 75.36
643.84 353.49 43.09 76.49
650.04 351.65 43.09 76.49
654.97 352.94 43.74 77.63
661.26 351.08 43.74 77.63
664.69 349.82 43.09 76.49
667.79 349.82 43.09 76.49
673.21 348.57 42.45 75.36
674.96 348.01 43.09 76.49
679.88 343.71 43.74 77.63
683.81 343.13 44.39 78.80
685.64 338.70 45.06 79.98
687.50 336.15 45.74 81.18
686.04 335.54 46.42 82.40
686.04 335.54 46.42 82.40
687.16 335.54 46.42 82.40
687.50 334.20 45.74 81.18
686.76 334.80 45.06 79.98
686.03 335.39 44.39 78.80
685.30 334.11 43.74 77.63
684.59 332.85 43.09 76.49
686.37 328.55 43.74 77.63
689.24 326.07 44.39 78.80
691.07 325.48 45.06 79.98
689.27 322.29 44.39 78.80
694.34 321.70 45.06 79.98
700.00 320.40 44.39 78.80
708.53 316.62 44.39 78.80
721.31 312.84 44.39 78.80
731.79 306.49 45.06 79.98
746.82 301.99 45.74 81.18
764.46 300.67 45.06 79.98
786.08 296.17 45.74 81.18
806.90 289.63 46.42 82.40
825.78 285.00 47.12 83.63
