206.00 85.00 49.00 57.00
201.73 88.12 48.28 56.16
200.57 90.81 48.28 56.16
205.49 91.23 47.56 55.33
210.34 87.71 46.86 54.51
210.69 81.67 46.17 53.70
211.47 74.73 46.86 54.51
209.60 69.97 46.17 53.70
205.88 68.26 46.86 54.51
205.52 69.18 47.56 55.33
208.64 72.81 48.28 56.16
210.96 76.85 48.28 56.16
211.78 80.54 49.00 57.00
212.60 84.27 49.73 57.86
212.97 87.44 49.00 57.00
213.33 86.51 48.28 56.16
207.09 83.35 49.00 57.00
207.92 77.37 49.73 57.86
212.99 70.96 49.00 57.00
210.23 66.37 49.73 57.86
207.84 62.20 49.73 57.86
201.16 57.16 49.00 57.00
200.36 52.19 48.28 56.16
198.43 47.29 47.56 55.33
195.41 42.47 46.86 54.51
201.30 37.71 46.17 53.70
203.82 64.78 45.48 52.91
201.26 61.80 46.17 53.70
194.17 56.17 46.86 54.51
213.35 60.44 46.17 53.70
216.97 68.45 45.48 52.91
230.21 72.60 44.81 52.13
218.96 73.47 45.48 52.91
205.32 71.79 46.17 53.70
203.85 83.16 46.86 54.51
203.50 60.18 47.56 55.33
185.86 61.89 46.86 54.51
181.36 52.74 46.86 54.51
195.85 35.07 47.56 55.33
201.28 31.96 48.28 56.16
209.39 48.13 48.28 56.16
215.46 56.51 47.56 55.33
216.26 62.84 48.28 56.16
218.90 65.91 47.56 55.33
217.76 64.58 47.56 55.33
216.98 62.37 46.86 54.51
215.49 55.32 47.56 55.33
208.18 48.17 48.28 56.16
203.12 43.64 49.00 57.00
206.33 32.11 49.73 57.86
224.13 35.90 50.48 58.72
231.13 32.60 51.24 59.60
249.47 35.06 52.01 60.50
260.48 36.08 52.79 61.41
276.80 35.62 53.58 62.33
287.33 37.55 52.79 61.41
300.00 34.60 52.79 61.41
304.13 29.25 52.01 60.50
309.13 24.89 52.01 60.50
316.62 23.44 52.01 60.50
316.23 21.51 52.79 61.41
321.29 18.57 52.79 61.41
324.76 15.11 53.58 62.33
327.69 12.63 52.79 61.41
328.08 10.18 52.01 60.50
333.07 7.27 52.01 60.50
339.31 10.18 52.01 60.50
342.72 14.14 52.79 61.41
344.36 21.86 52.01 60.50
345.97 28.03 51.24 59.60
347.56 31.29 50.48 58.72
347.18 33.71 51.24 59.60
349.98 35.56 50.48 58.72
346.78 35.99 49.73 57.86
342.00 38.77 49.73 57.86
341.19 40.56 49.00 57.00
337.25 42.91 49.73 57.86
331.73 41.97 49.00 57.00
332.09 39.70 48.28 56.16
334.41 37.00 48.28 56.16
334.05 36.58 49.00 57.00
336.40 37.95 49.00 57.00
335.61 42.41 48.28 56.16
335.96 45.48 47.56 55.33
337.10 48.14 47.56 55.33
339.70 47.24 46.86 54.51
342.78 45.50 47.56 55.33
343.13 43.30 46.86 54.51
342.00 43.30 46.86 54.51
344.57 43.70 46.17 53.70
347.59 43.30 46.86 54.51
350.16 43.70 46.17 53.70
350.50 44.10 45.48 52.91
350.83 45.74 44.81 52.13
348.31 46.62 45.48 52.91
342.43 47.51 46.17 53.70
336.46 49.72 46.86 54.51
337.59 48.41 46.86 54.51
339.84 48.41 46.86 54.51
345.19 49.33 47.56 55.33
350.63 55.66 48.28 56.16
359.68 64.81 49.00 57.00
365.28 76.88 49.73 57.86
366.47 86.60 49.73 57.86
366.84 92.50 49.00 57.00
367.20 103.70 48.28 56.16
376.69 125.36 47.56 55.33
373.26 133.33 47.56 55.33
366.87 140.28 46.86 54.51
359.46 144.55 46.17 53.70
336.62 138.92 46.86 54.51
327.62 134.99 46.86 54.51
340.16 137.97 46.17 53.70
356.87 139.64 45.48 52.91
371.19 141.28 44.81 52.13
368.67 128.19 45.48 52.91
369.44 125.22 46.17 53.70
373.05 125.61 45.48 52.91
365.86 123.50 44.81 52.13
367.25 116.49 44.15 51.36
340.03 103.59 44.81 52.13
334.24 113.36 45.48 52.91
327.25 128.43 46.17 53.70
323.53 134.57 46.86 54.51
314.05 131.51 47.56 55.33
290.52 123.01 48.28 56.16
281.92 107.54 49.00 57.00
259.58 100.70 49.00 57.00
254.44 84.99 49.73 57.86
246.57 85.42 49.00 57.00
248.92 82.69 49.00 57.00
254.52 83.65 49.73 57.86
270.04 83.65 49.73 57.86
265.27 66.99 49.73 57.86
251.57 93.33 50.48 58.72
252.42 98.61 51.24 59.60
259.52 103.97 52.01 60.50
257.87 93.20 52.79 61.41
229.18 86.76 53.58 62.33
216.91 93.11 52.79 61.41
216.51 92.65 53.58 62.33
216.51 112.10 53.58 62.33
225.25 117.70 54.38 63.26
214.24 100.28 55.20 64.21
209.79 107.62 56.03 65.17
195.72 105.54 56.87 66.15
193.91 122.77 57.72 67.14
195.70 134.38 56.87 66.15
197.47 138.00 56.03 65.17
197.05 131.16 56.87 66.15
194.78 130.08 56.03 65.17
204.19 130.08 56.03 65.17
218.98 137.90 56.03 65.17
218.56 146.94 56.87 66.15
207.64 153.29 56.87 66.15
196.14 157.63 57.72 67.14
191.48 158.76 58.59 68.15
186.76 159.91 59.46 69.17
193.56 161.08 60.36 70.21
199.35 164.45 60.36 70.21
220.96 167.34 61.26 71.26
212.13 151.95 61.26 71.26
222.43 157.08 61.26 71.26
205.50 167.71 60.36 70.21
222.69 165.48 61.26 71.26
231.83 174.43 60.36 70.21
