166.00 147.00 37.00 29.00
164.22 149.09 37.00 29.00
162.45 150.48 37.00 29.00
160.10 152.07 36.45 28.57
158.64 153.63 35.91 28.15
156.92 154.30 35.91 28.15
154.64 155.84 35.38 27.73
153.79 156.51 35.38 27.73
152.09 156.51 35.38 27.73
150.39 157.17 35.38 27.73
148.69 158.51 35.38 27.73
147.84 159.17 35.38 27.73
146.72 159.64 35.91 28.15
145.28 159.85 35.38 27.73
143.87 160.71 34.86 27.32
143.03 161.36 34.86 27.32
142.20 162.02 34.86 27.32
141.36 161.36 34.86 27.32
140.52 160.71 34.86 27.32
139.69 160.05 34.86 27.32
138.30 160.25 34.35 26.92
137.74 160.45 33.84 26.52
137.19 161.28 33.34 26.13
137.43 160.85 32.85 25.74
136.90 160.43 32.36 25.36
137.14 161.22 31.88 24.99
137.37 161.99 31.41 24.62
136.86 161.59 30.95 24.26
135.88 159.64 31.41 24.62
136.11 158.08 30.95 24.26
136.63 156.71 31.41 24.62
136.40 155.93 31.88 24.99
137.71 155.13 32.36 25.36
139.04 153.09 32.85 25.74
139.60 151.01 33.34 26.13
141.78 149.54 33.84 26.52
144.00 148.70 34.35 26.92
145.42 147.19 34.86 27.32
146.86 146.32 35.38 27.73
149.18 144.76 35.91 28.15
150.66 143.86 36.45 28.57
152.41 143.17 36.45 28.57
153.28 141.80 36.45 28.57
154.16 141.80 36.45 28.57
154.43 142.01 35.91 28.15
155.03 141.80 36.45 28.57
155.03 142.49 36.45 28.57
154.44 142.70 35.91 28.15
153.86 144.24 35.38 27.73
153.59 144.71 35.91 28.15
153.01 146.24 35.38 27.73
151.59 147.76 34.86 27.32
150.76 149.07 34.86 27.32
149.92 150.38 34.86 27.32
148.25 151.70 34.86 27.32
147.41 153.66 34.86 27.32
145.74 154.97 34.86 27.32
144.90 156.29 34.86 27.32
143.51 158.43 34.35 26.92
142.69 159.72 34.35 26.92
141.59 160.83 34.86 27.32
140.20 162.97 34.35 26.92
139.11 164.08 34.86 27.32
137.43 166.04 34.86 27.32
136.32 168.50 35.38 27.73
134.91 171.33 34.86 27.32
133.52 173.47 34.35 26.92
131.59 174.58 34.86 27.32
129.08 176.55 34.86 27.32
127.69 178.04 34.35 26.92
125.50 178.88 33.84 26.52
123.60 179.97 34.35 26.92
121.13 180.62 34.35 26.92
119.48 181.91 34.35 26.92
118.11 182.74 33.84 26.52
115.67 183.38 33.84 26.52
114.05 184.02 33.84 26.52
112.43 184.02 33.84 26.52
110.80 184.02 33.84 26.52
109.18 184.65 33.84 26.52
107.55 185.29 33.84 26.52
105.93 186.56 33.84 26.52
105.12 187.20 33.84 26.52
103.21 187.00 34.35 26.92
101.03 187.84 33.84 26.52
99.41 188.47 33.84 26.52
97.26 188.67 33.34 26.13
95.66 188.67 33.34 26.13
93.78 188.47 33.84 26.52
91.35 189.11 33.84 26.52
89.20 189.93 33.34 26.13
87.60 190.56 33.34 26.13
86.27 190.75 32.85 25.74
83.90 190.75 32.85 25.74
82.05 190.56 33.34 26.13
80.72 190.13 32.85 25.74
78.88 189.31 33.34 26.13
77.28 188.69 33.34 26.13
76.48 188.06 33.34 26.13
75.68 188.06 33.34 26.13
73.80 187.86 33.84 26.52
72.72 188.31 34.35 26.92
71.90 188.31 34.35 26.92
72.15 188.51 33.84 26.52
72.40 189.33 33.34 26.13
72.40 189.96 33.34 26.13
72.65 190.77 32.85 25.74
73.44 191.39 32.85 25.74
74.23 192.01 32.85 25.74
75.02 192.62 32.85 25.74
76.81 193.42 32.36 25.36
77.36 194.47 32.85 25.74
79.15 195.88 32.36 25.36
79.93 197.09 32.36 25.36
80.71 198.31 32.36 25.36
81.48 198.92 32.36 25.36
80.45 199.97 32.85 25.74
77.00 200.40 33.34 26.13
74.60 201.03 33.34 26.13
73.27 201.84 32.85 25.74
72.23 202.90 33.34 26.13
74.05 203.71 32.85 25.74
77.20 204.33 32.85 25.74
80.96 205.39 33.34 26.13
86.39 205.19 33.84 26.52
92.08 205.19 33.84 26.52
96.14 205.19 33.84 26.52
98.57 204.56 33.84 26.52
100.20 204.56 33.84 26.52
101.01 204.56 33.84 26.52
101.01 203.92 33.84 26.52
101.26 202.86 33.34 26.13
102.06 202.23 33.34 26.13
105.26 201.61 33.34 26.13
109.26 200.98 33.34 26.13
114.06 200.35 33.34 26.13
118.06 199.73 33.34 26.13
120.25 198.89 33.84 26.52
121.87 197.62 33.84 26.52
122.12 196.56 33.34 26.13
122.92 195.31 33.34 26.13
124.30 193.84 33.84 26.52
125.69 192.35 34.35 26.92
126.76 190.64 33.84 26.52
126.76 188.73 33.84 26.52
125.68 185.94 34.35 26.92
125.93 183.60 33.84 26.52
125.68 180.81 34.35 26.92
125.93 178.47 33.84 26.52
125.93 176.56 33.84 26.52
125.68 174.42 34.35 26.92
126.75 173.35 33.84 26.52
128.37 172.07 33.84 26.52
130.22 170.39 33.34 26.13
130.78 168.92 33.84 26.52
134.03 167.01 33.84 26.52
136.25 165.52 34.35 26.92
139.55 163.58 34.35 26.92
140.96 162.07 34.86 27.32
143.47 160.10 34.86 27.32
145.98 158.79 34.86 27.32
149.54 157.70 34.35 26.92
153.85 157.26 33.84 26.52
156.90 156.42 34.35 26.92
161.02 155.77 34.35 26.92
165.14 155.77 34.35 26.92
168.23 155.57 34.86 27.32
172.61 155.77 34.35 26.92
176.11 156.60 33.84 26.52
179.36 157.24 33.84 26.52
181.79 157.24 33.84 26.52
185.04 157.24 33.84 26.52
188.29 157.24 33.84 26.52
191.74 158.06 33.34 26.13
194.14 159.32 33.34 26.13
196.75 160.75 32.85 25.74
200.10 162.15 32.36 25.36
203.21 162.76 32.36 25.36
206.32 163.98 32.36 25.36
209.23 165.64 32.85 25.74
212.38 166.88 32.85 25.74
216.51 168.90 32.36 25.36
219.42 169.32 32.85 25.74
223.54 170.73 32.36 25.36
227.61 172.72 31.88 24.99
230.67 173.92 31.88 24.99
233.53 174.95 32.36 25.36
236.64 176.16 32.36 25.36
239.94 177.55 31.88 24.99
243.00 178.75 31.88 24.99
245.30 179.95 31.88 24.99
247.39 180.37 32.36 25.36
250.49 181.59 32.36 25.36
253.60 182.20 32.36 25.36
256.51 182.63 32.85 25.74
260.64 184.03 32.36 25.36
262.97 184.64 32.36 25.36
266.27 184.83 31.88 24.99
268.36 185.25 32.36 25.36
270.69 185.25 32.36 25.36
273.02 185.86 32.36 25.36
275.55 186.65 31.88 24.99
276.87 186.46 32.36 25.36
278.42 186.46 32.36 25.36
279.97 186.46 32.36 25.36
281.53 186.46 32.36 25.36
282.86 186.27 32.85 25.74
284.44 185.65 32.85 25.74
285.22 185.03 32.85 25.74
286.01 185.03 32.85 25.74
285.77 184.84 33.34 26.13
285.77 184.84 33.34 26.13
285.77 184.21 33.34 26.13
285.77 184.21 33.34 26.13
286.57 183.59 33.34 26.13
286.57 183.59 33.34 26.13
285.50 182.75 33.84 26.52
285.25 181.91 34.35 26.92
286.08 181.26 34.35 26.92
285.82 181.06 34.86 27.32
286.41 180.19 35.38 27.73
285.28 179.98 35.91 28.15
285.54 180.19 35.38 27.73
285.28 179.98 35.91 28.15
286.14 179.98 35.91 28.15
286.14 179.31 35.91 28.15
286.14 179.31 35.91 28.15
286.14 178.63 35.91 28.15
285.28 178.63 35.91 28.15
284.13 178.42 36.45 28.57
282.97 178.21 37.00 29.00
281.79 177.28 37.56 29.43
281.51 177.06 38.12 29.88
281.23 176.11 38.69 30.32
279.99 175.14 39.27 30.78
278.74 174.91 39.86 31.24
277.79 174.91 39.86 31.24
277.14 175.14 39.27 30.78
276.50 176.10 38.69 30.32
276.78 177.04 38.12 29.88
275.87 177.04 38.12 29.88
275.87 177.76 38.12 29.88
275.25 178.68 37.56 29.44
274.97 179.18 38.12 29.88
274.05 179.18 38.12 29.88
273.77 179.68 38.69 30.32
273.77 180.41 38.69 30.32
273.77 181.14 38.69 30.32
272.54 181.65 39.27 30.78
272.54 182.39 39.27 30.78
272.54 183.13 39.27 30.78
272.54 183.13 39.27 30.78
272.83 184.08 38.69 30.32
271.59 184.59 39.27 30.78
271.59 184.59 39.27 30.78
271.88 185.55 38.69 30.32
270.95 185.55 38.69 30.32
270.33 186.49 38.12 29.88
269.71 186.71 37.56 29.44
269.71 187.42 37.56 29.44
269.98 187.64 37.00 29.00
269.98 188.33 37.00 29.00
268.80 188.11 37.56 29.44
268.52 187.89 38.12 29.88
267.61 187.89 38.12 29.88
267.89 188.11 37.56 29.44
268.17 188.33 37.00 29.00
267.28 188.33 37.00 29.00
267.55 188.55 36.45 28.57
266.96 188.08 35.91 28.15
266.69 187.18 36.45 28.57
265.53 186.97 37.00 29.00
265.80 186.50 36.45 28.57
265.53 186.28 37.00 29.00
264.64 185.59 37.00 29.00
263.46 185.37 37.56 29.44
263.46 185.37 37.56 29.44
261.66 185.37 37.56 29.44
260.76 185.37 37.56 29.44
259.86 185.37 37.56 29.44
258.96 185.37 37.56 29.44
258.35 184.89 37.00 29.00
257.46 184.89 37.00 29.00
257.73 184.42 36.45 28.57
257.46 184.21 37.00 29.00
257.73 184.42 36.45 28.57
255.98 184.42 36.45 28.57
255.39 185.31 35.91 28.15
254.53 185.31 35.91 28.15
253.66 185.31 35.91 28.15
252.80 185.31 35.91 28.15
252.53 185.78 36.45 28.57
250.78 187.15 36.45 28.57
249.33 188.04 35.91 28.15
247.90 188.91 35.38 27.73
246.77 189.38 35.91 28.15
245.91 190.06 35.91 28.15
245.04 190.06 35.91 28.15
244.46 190.26 35.38 27.73
243.61 190.93 35.38 27.73
242.48 192.07 35.91 28.15
241.05 192.95 35.38 27.73
241.31 193.81 34.86 27.32
240.20 194.93 35.38 27.73
239.35 195.60 35.38 27.73
239.61 197.12 34.86 27.32
238.78 199.08 34.86 27.32
238.78 200.40 34.86 27.32
238.78 201.71 34.86 27.32
238.78 203.02 34.86 27.32
238.78 204.99 34.86 27.32
238.78 206.30 34.86 27.32
237.39 208.44 34.35 26.92
236.83 210.55 33.84 26.52
236.02 211.82 33.84 26.52
234.39 213.09 33.84 26.52
233.58 214.36 33.84 26.52
231.96 216.27 33.84 26.52
230.33 216.91 33.84 26.52
228.71 218.18 33.84 26.52
226.56 219.63 33.34 26.13
225.23 220.44 32.85 25.74
224.69 221.24 32.36 25.36
224.17 222.03 31.88 24.99
224.40 222.81 31.41 24.62
223.89 223.57 30.95 24.26
223.15 223.57 30.95 24.26
223.15 223.57 30.95 24.26
223.15 223.57 30.95 24.26
223.38 223.18 30.49 23.90
221.91 223.18 30.49 23.90
221.91 222.60 30.49 23.90
222.86 221.65 30.04 23.54
222.86 221.08 30.04 23.54
221.90 220.91 30.49 23.90
221.17 220.33 30.49 23.90
220.94 219.57 30.95 24.26
220.71 218.21 31.41 24.62
220.48 216.82 31.88 24.99
221.01 215.42 32.36 25.36
222.02 214.41 31.88 24.99
221.78 213.00 32.36 25.36
222.02 212.59 31.88 24.99
221.78 212.40 32.36 25.36
222.02 211.99 31.88 24.99
222.25 211.58 31.41 24.62
222.02 210.80 31.88 24.99
222.25 210.39 31.41 24.62
223.01 209.80 31.41 24.62
223.24 208.82 30.95 24.26
223.47 207.85 30.49 23.90
223.24 206.51 30.95 24.26
223.01 205.15 31.41 24.62
222.25 203.96 31.41 24.62
222.25 202.19 31.41 24.62
221.74 200.63 30.95 24.26
220.26 199.46 30.95 24.26
219.27 198.10 31.41 24.62
218.76 196.54 30.95 24.26
218.02 195.37 30.95 24.26
217.27 193.62 30.95 24.26
216.77 191.51 30.49 23.90
216.04 189.79 30.49 23.90
215.07 187.86 30.95 24.26
214.08 185.91 31.41 24.62
213.33 185.32 31.41 24.62
212.82 184.34 30.95 24.26
213.05 183.37 30.49 23.90
212.82 182.61 30.95 24.26
212.08 182.02 30.95 24.26
211.09 181.25 31.41 24.62
211.32 180.85 30.95 24.26
210.82 180.46 30.49 23.90
209.35 179.88 30.49 23.90
208.38 179.70 30.95 24.26
207.15 179.31 30.49 23.90
206.42 179.31 30.49 23.90
205.20 180.05 30.04 23.54
205.42 180.78 29.59 23.20
204.94 182.05 29.16 22.85
204.72 182.99 29.59 23.20
204.94 184.81 29.16 22.85
205.64 186.46 29.16 22.85
205.42 187.40 29.59 23.20
205.92 188.92 30.04 23.54
207.16 190.46 30.49 23.90
208.42 192.03 30.95 24.26
209.69 193.62 31.41 24.62
210.22 195.83 31.88 24.99
211.54 197.47 32.36 25.36
212.87 199.75 32.85 25.74
214.67 201.77 32.36 25.36
217.20 204.36 31.88 24.99
219.70 206.31 31.41 24.62
220.67 208.82 30.95 24.26
223.10 211.30 30.49 23.90
225.48 213.73 30.04 23.54
227.84 215.58 29.59 23.20
230.85 217.94 29.16 22.85
233.65 219.04 29.16 22.85
235.75 220.69 29.16 22.85
238.04 222.48 28.73 22.52
240.29 223.71 28.30 22.18
243.17 224.92 27.88 21.85
246.02 225.60 27.47 21.53
249.47 226.27 27.07 21.21
252.87 226.93 26.67 20.90
256.85 227.57 26.27 20.59
260.15 227.73 25.88 20.29
263.40 228.36 25.50 19.99
266.31 228.69 25.88 20.29
269.27 228.54 26.27 20.59
272.27 227.88 26.67 20.90
275.32 227.73 27.07 21.21
278.42 227.05 27.47 21.53
281.87 226.70 27.07 21.21
284.63 226.86 26.67 20.90
287.98 226.52 26.27 20.59
291.28 226.18 25.88 20.29
293.60 225.54 26.27 20.59
296.28 225.20 25.88 20.29
297.98 224.56 26.27 20.59
300.04 224.22 25.88 20.29
302.07 223.89 25.50 19.99
303.74 222.77 25.88 20.29
305.43 221.63 26.27 20.59
307.16 220.47 26.67 20.90
310.21 219.80 27.07 21.21
313.30 218.61 27.47 21.53
315.77 217.40 27.88 21.85
318.28 216.70 28.30 22.18
321.51 216.00 28.73 22.52
324.80 215.83 29.16 22.85
327.42 214.54 29.59 23.20
330.80 213.81 30.04 23.54
333.86 213.42 29.59 23.20
335.81 212.12 30.04 23.54
337.77 211.37 30.49 23.90
339.77 210.03 30.95 24.26
340.30 209.25 31.41 24.62
341.80 208.07 31.41 24.62
342.33 206.69 31.88 24.99
342.87 205.28 32.36 25.36
343.42 203.24 32.85 25.74
343.97 201.16 33.34 26.13
344.53 200.33 33.84 26.52
345.10 198.19 34.35 26.92
345.68 196.68 34.86 27.32
345.42 194.48 35.38 27.73
346.27 192.48 35.38 27.73
346.27 191.15 35.38 27.73
345.42 189.82 35.38 27.73
344.57 187.16 35.38 27.73
344.57 185.16 35.38 27.73
342.58 182.25 35.91 28.15
341.72 179.55 35.91 28.15
340.58 176.59 36.45 28.57
338.83 173.17 36.45 28.57
337.95 170.42 36.45 28.57
335.90 167.42 37.00 29.00
335.01 164.64 37.00 29.00
332.93 161.60 37.56 29.44
332.32 159.03 37.00 29.00
330.24 155.99 37.56 29.44
329.05 152.90 38.12 29.88
327.22 149.31 38.12 29.88
325.39 146.44 38.12 29.88
323.56 142.86 38.12 29.88
321.41 139.72 38.69 30.32
319.56 136.81 38.69 30.32
317.38 133.63 39.27 30.78
315.50 130.68 39.27 30.78
312.67 127.72 39.27 30.78
309.84 125.51 39.27 30.78
307.01 122.55 39.27 30.78
305.13 120.33 39.27 30.78
301.97 117.10 39.86 31.24
300.37 114.38 39.27 30.78
298.17 112.65 39.86 31.24
295.93 110.13 40.46 31.71
294.31 108.12 39.86 31.24
292.72 107.61 39.27 30.78
290.84 106.87 39.27 30.78
290.20 106.37 38.69 30.32
289.57 105.16 38.12 29.88
288.65 105.16 38.12 29.88
286.82 104.44 38.12 29.88
285.61 103.49 38.69 30.32
283.44 103.26 39.27 30.78
281.23 103.03 39.86 31.24
279.96 102.80 40.46 31.71
278.02 102.80 40.46 31.71
276.40 103.03 39.86 31.24
275.75 103.26 39.27 30.78
274.81 104.00 39.27 30.78
274.17 104.96 38.69 30.32
274.46 105.18 38.12 29.88
274.46 105.18 38.12 29.88
274.74 105.40 37.56 29.44
275.91 104.92 37.00 29.00
276.53 104.71 37.56 29.44
276.25 104.49 38.12 29.88
277.16 103.77 38.12 29.88
276.88 103.54 38.69 30.32
276.88 103.54 38.69 30.32
277.81 104.27 38.69 30.32
277.18 105.21 38.12 29.88
277.46 106.85 37.56 29.44
276.85 108.46 37.00 29.00
275.37 110.04 36.45 28.57
273.92 111.60 35.91 28.15
272.19 113.63 35.91 28.15
269.61 114.98 35.91 28.15
265.84 116.83 36.45 28.57
262.66 119.07 35.91 28.15
258.89 120.91 36.45 28.57
255.71 123.15 35.91 28.15
252.82 125.68 36.45 28.57
248.99 128.25 37.00 29.00
246.64 131.21 36.45 28.57
244.32 134.12 35.91 28.15
242.89 136.33 35.38 27.73
241.19 138.99 35.38 27.73
239.20 140.81 35.91 28.15
237.48 142.84 35.91 28.15
235.46 144.68 36.45 28.57
234.30 146.56 37.00 29.00
232.22 147.04 37.56 29.44
230.72 148.65 37.00 29.00
230.12 150.24 36.45 28.57
228.67 151.13 35.91 28.15
227.23 152.00 35.38 27.73
226.66 153.52 34.86 27.32
226.09 154.36 34.35 26.92
226.09 155.66 34.35 26.92
224.72 157.13 33.84 26.52
224.17 159.21 33.34 26.13
224.17 160.46 33.34 26.13
223.37 162.34 33.34 26.13
222.57 164.22 33.34 26.13
222.03 166.27 32.85 25.74
220.18 168.58 33.34 26.13
219.64 170.63 32.85 25.74
218.33 172.65 32.36 25.36
217.80 175.83 31.88 24.99
216.53 177.79 31.41 24.62
215.53 179.40 31.88 24.99
214.00 179.40 31.88 24.99
213.76 179.22 32.36 25.36
213.52 178.41 32.85 25.74
212.73 178.41 32.85 25.74
211.15 178.41 32.85 25.74
208.79 178.41 32.85 25.74
205.15 177.99 32.36 25.36
203.59 178.60 32.36 25.36
201.26 178.60 32.36 25.36
200.23 179.03 32.85 25.74
198.15 180.43 32.36 25.36
196.33 183.33 32.85 25.74
193.96 185.19 32.85 25.74
191.60 185.81 32.85 25.74
190.29 186.00 32.36 25.36
188.99 186.18 31.88 24.99
188.99 185.58 31.88 24.99
187.98 184.18 32.36 25.36
187.20 183.57 32.36 25.36
185.91 183.16 31.88 24.99
184.12 182.36 32.36 25.36
182.57 181.14 32.36 25.36
180.24 180.54 32.36 25.36
178.94 180.72 31.88 24.99
176.38 180.54 32.36 25.36
174.05 179.93 32.36 25.36
172.49 179.32 32.36 25.36
170.44 178.91 31.88 24.99
168.91 178.91 31.88 24.99
166.88 179.68 31.41 24.62
164.35 180.10 31.88 24.99
162.82 180.10 31.88 24.99
162.30 180.28 31.41 24.62
163.27 179.88 30.95 24.26
163.80 179.70 31.41 24.62
164.77 179.30 30.95 24.26
165.51 178.13 30.95 24.26
165.28 177.36 31.41 24.62
167.00 178.71 30.95 24.26
167.00 178.71 30.95 24.26
167.52 177.93 31.41 24.62
167.29 173.55 31.88 24.99
168.05 170.55 31.88 24.99
169.04 168.97 31.41 24.62
170.02 167.40 30.95 24.26
170.54 164.86 31.41 24.62
171.83 162.27 31.88 24.99
173.57 158.32 31.41 24.62
175.29 155.59 30.95 24.26
176.04 154.43 30.95 24.26
176.04 154.43 30.95 24.26
175.29 154.43 30.95 24.26
174.31 154.25 31.41 24.62
174.54 154.43 30.95 24.26
173.80 154.43 30.95 24.26
172.81 155.43 31.41 24.62
173.56 155.43 31.41 24.62
174.32 154.25 31.41 24.62
175.83 151.29 31.41 24.62
178.29 147.98 30.95 24.26
179.77 145.07 30.95 24.26
180.29 143.12 31.41 24.62
182.55 142.52 31.41 24.62
184.82 142.52 31.41 24.62
186.88 142.94 31.88 24.99
189.37 143.72 31.41 24.62
190.88 144.31 31.41 24.62
192.60 143.91 30.95 24.26
194.08 143.32 30.95 24.26
195.57 143.32 30.95 24.26
196.53 143.50 30.49 23.90
197.04 142.74 30.95 24.26
198.32 140.79 31.41 24.62
199.61 139.40 31.88 24.99
201.36 137.82 31.41 24.62
201.89 135.83 31.88 24.99
202.42 133.82 32.36 25.36
203.43 132.21 31.88 24.99
204.19 129.81 31.88 24.99
203.95 127.79 32.36 25.36
204.96 125.58 31.88 24.99
205.19 123.99 31.41 24.62
204.96 122.61 31.88 24.99
204.72 120.60 32.36 25.36
204.72 118.16 32.36 25.36
204.72 116.34 32.36 25.36
205.50 113.90 32.36 25.36
206.27 111.47 32.36 25.36
206.82 108.80 32.85 25.74
207.06 106.56 32.36 25.36
206.82 104.52 32.85 25.74
207.61 102.66 32.85 25.74
207.36 100.59 33.34 26.13
208.40 98.93 32.85 25.74
208.40 97.69 32.85 25.74
209.18 95.84 32.85 25.74
209.18 95.22 32.85 25.74
209.18 93.98 32.85 25.74
209.97 92.75 32.85 25.74
210.76 91.51 32.85 25.74
211.78 90.49 32.36 25.36
212.32 89.68 32.85 25.74
213.11 89.06 32.85 25.74
214.69 87.82 32.85 25.74
216.04 86.38 33.34 26.13
217.87 85.33 32.85 25.74
218.42 84.51 33.34 26.13
219.22 83.26 33.34 26.13
220.59 82.43 33.84 26.52
222.22 81.79 33.84 26.52
223.84 81.15 33.84 26.52
