40.00 199.00 61.00 103.00
40.00 199.00 61.00 103.00
40.00 199.00 61.00 103.00
40.00 199.00 61.00 103.00
39.54 195.72 61.91 104.55
38.06 195.72 61.91 104.55
38.06 195.72 61.91 104.55
38.06 195.72 61.91 104.55
38.06 193.21 61.91 104.55
38.06 193.21 61.91 104.55
36.57 190.70 61.91 104.55
36.11 189.92 62.84 106.11
35.63 186.54 63.79 107.70
35.16 180.48 64.74 109.32
34.67 177.00 65.71 110.96
35.16 169.95 64.74 109.32
35.63 163.00 63.79 107.70
37.61 156.15 62.84 106.11
39.12 148.51 62.84 106.11
40.18 142.55 63.79 107.70
41.71 134.79 63.79 107.70
43.69 127.95 62.84 106.11
46.28 121.98 63.79 107.70
48.91 115.93 64.74 109.32
53.16 109.78 65.71 110.96
58.31 102.73 64.74 109.32
62.55 96.59 65.71 110.96
68.86 91.26 65.71 110.96
74.77 87.72 66.70 112.62
80.77 81.39 67.70 114.31
86.86 77.75 68.72 116.03
94.71 71.23 69.75 117.77
103.08 65.57 69.75 117.77
113.49 60.88 68.72 116.03
121.35 57.18 69.75 117.77
131.39 54.35 69.75 117.77
141.43 51.53 69.75 117.77
151.84 49.61 68.72 116.03
161.74 46.83 68.72 116.03
171.27 43.13 69.75 117.77
181.31 40.30 69.75 117.77
190.07 38.39 68.72 116.03
200.33 39.25 67.70 114.31
208.07 38.39 68.72 116.03
216.31 38.39 68.72 116.03
224.17 37.52 69.75 117.77
230.44 39.50 70.79 119.54
237.66 40.39 69.75 117.77
244.35 43.21 69.75 117.77
249.82 44.08 68.72 116.03
256.82 44.94 67.70 114.31
260.53 48.49 66.70 112.62
265.33 51.19 66.70 112.62
270.55 54.69 65.71 110.96
273.71 57.35 65.71 110.96
276.86 60.01 65.71 110.96
280.02 62.68 65.71 110.96
285.16 66.12 64.74 109.32
287.83 70.63 65.71 110.96
290.99 73.29 65.71 110.96
295.30 77.86 66.70 112.62
298.50 83.27 66.70 112.62
303.30 88.68 66.70 112.62
308.52 92.17 65.71 110.96
311.23 96.74 66.70 112.62
315.61 101.39 67.70 114.31
320.48 106.87 67.70 114.31
325.36 112.36 67.70 114.31
330.23 117.85 67.70 114.31
335.10 123.34 67.70 114.31
340.41 129.59 66.70 112.62
343.61 134.99 66.70 112.62
347.98 142.38 67.70 114.31
351.69 148.63 66.70 112.62
354.89 156.74 66.70 112.62
358.09 162.14 66.70 112.62
361.74 168.30 65.71 110.96
363.31 176.29 65.71 110.96
364.89 181.62 65.71 110.96
366.93 187.68 64.74 109.32
367.41 193.66 63.79 107.70
367.41 198.83 63.79 107.70
367.88 202.17 62.84 106.11
367.88 204.72 62.84 106.11
366.37 207.27 62.84 106.11
366.83 208.05 61.91 104.55
364.86 209.81 62.84 106.11
365.33 208.09 61.91 104.55
363.84 208.09 61.91 104.55
364.30 206.39 61.00 103.00
363.84 205.62 61.91 104.55
363.84 203.11 61.91 104.55
363.84 200.60 61.91 104.55
365.33 195.58 61.91 104.55
366.37 192.25 62.84 106.11
365.90 188.87 63.79 107.70
367.43 183.70 63.79 107.70
368.96 178.53 63.79 107.70
368.48 175.10 64.74 109.32
370.04 169.85 64.74 109.32
369.55 163.71 65.71 110.96
369.06 157.47 66.70 112.62
368.56 151.14 67.70 114.31
368.56 145.65 67.70 114.31
366.40 142.01 68.72 116.03
362.54 135.48 69.75 117.77
360.86 129.83 69.75 117.77
357.52 127.00 69.75 117.77
351.90 123.25 70.79 119.54
346.80 120.38 70.79 119.54
341.09 119.49 71.85 121.33
335.30 118.58 72.93 123.15
328.94 116.57 71.85 121.33
323.15 115.66 72.93 123.15
316.15 115.66 72.93 123.15
308.50 114.74 74.03 125.00
300.73 113.80 75.14 126.87
292.85 112.85 76.26 128.77
285.53 112.85 76.26 128.77
278.88 113.80 75.14 126.87
272.82 115.94 76.26 128.77
264.82 114.98 77.41 130.71
259.24 114.98 77.41 130.71
253.67 114.98 77.41 130.71
247.43 117.18 78.57 132.67
243.66 117.18 78.57 132.67
238.01 120.36 78.57 132.67
233.59 122.60 79.75 134.66
229.10 124.87 80.94 136.68
224.55 123.85 82.16 138.73
221.94 126.18 83.39 140.81
219.28 128.56 84.64 142.92
219.90 129.61 83.39 140.81
218.55 133.98 82.16 138.73
218.55 137.31 82.16 138.73
221.10 141.62 80.94 136.68
220.49 147.25 82.16 138.73
224.44 150.58 82.16 138.73
226.99 151.61 80.94 136.68
231.41 155.85 79.75 134.66
235.24 155.85 79.75 134.66
241.49 156.84 78.57 132.67
245.26 156.84 78.57 132.67
251.41 157.82 77.41 130.71
257.47 155.70 76.26 128.77
265.25 156.65 75.14 126.87
271.14 157.59 74.03 125.00
276.93 158.51 72.93 123.15
283.94 158.51 72.93 123.15
289.65 159.42 71.85 121.33
293.58 160.32 70.79 119.54
298.67 163.19 70.79 119.54
304.22 164.07 69.75 117.77
309.68 164.94 68.72 116.03
313.44 168.54 67.70 114.31
317.14 169.39 66.70 112.62
320.79 170.22 65.71 110.96
322.83 173.66 64.74 109.32
326.37 177.06 63.79 107.70
328.35 177.85 62.84 106.11
330.30 181.14 61.91 104.55
332.22 181.92 61.00 103.00
333.68 181.92 61.00 103.00
335.58 180.24 60.10 101.48
338.46 180.24 60.10 101.48
339.90 180.24 60.10 101.48
343.19 178.59 59.21 99.98
346.43 179.33 58.34 98.50
349.23 176.97 58.34 98.50
351.63 176.23 59.21 99.98
355.51 173.04 60.10 101.48
357.99 172.28 61.00 103.00
362.77 170.61 60.10 101.48
366.71 169.85 61.00 103.00
370.71 169.07 61.91 104.55
374.77 168.29 62.84 106.11
378.89 167.49 63.79 107.70
381.95 167.49 63.79 107.70
386.55 167.49 63.79 107.70
391.54 165.74 62.84 106.11
394.13 164.95 63.79 107.70
399.13 163.20 62.84 106.11
401.72 162.40 63.79 107.70
406.72 160.65 62.84 106.11
409.73 158.10 62.84 106.11
414.66 156.38 61.91 104.55
418.04 154.68 61.00 103.00
420.56 153.91 61.91 104.55
423.94 149.74 61.00 103.00
427.28 148.06 60.10 101.48
430.56 146.41 59.21 99.98
433.00 145.66 60.10 101.48
436.29 144.01 59.21 99.98
439.13 144.01 59.21 99.98
441.97 141.61 59.21 99.98
443.39 141.61 59.21 99.98
446.24 141.61 59.21 99.98
447.66 144.01 59.21 99.98
449.08 144.01 59.21 99.98
452.32 147.11 58.34 98.50
453.72 149.48 58.34 98.50
455.53 150.21 57.47 97.04
457.31 150.92 56.62 95.61
458.26 150.21 57.47 97.04
459.23 147.11 58.34 98.50
460.63 142.39 58.34 98.50
462.03 137.66 58.34 98.50
462.03 132.93 58.34 98.50
461.60 127.39 59.21 99.98
460.18 122.59 59.21 99.98
458.75 117.79 59.21 99.98
456.87 112.17 60.10 101.48
453.05 105.73 59.21 99.98
448.28 97.67 60.10 101.48
443.43 89.49 61.00 103.00
435.55 83.70 61.91 104.55
427.54 77.82 62.84 106.11
419.42 71.86 63.79 107.70
408.06 68.43 64.74 109.32
396.54 62.28 65.71 110.96
383.24 56.04 66.70 112.62
368.11 49.71 67.70 114.31
351.11 43.28 68.72 116.03
334.62 40.50 68.72 116.03
318.13 34.93 68.72 116.03
299.20 31.23 69.75 117.77
281.69 30.35 70.79 119.54
264.70 24.61 70.79 119.54
247.71 21.74 70.79 119.54
229.02 18.87 70.79 119.54
212.80 19.76 69.75 117.77
193.59 16.01 70.79 119.54
178.30 13.14 70.79 119.54
162.25 9.33 71.85 121.33
147.70 8.42 72.93 123.15
134.45 6.42 71.85 121.33
121.39 4.44 70.79 119.54
107.79 4.44 70.79 119.54
97.60 7.31 70.79 119.54
85.71 7.31 70.79 119.54
75.51 10.18 70.79 119.54
67.02 13.05 70.79 119.54
58.52 15.92 70.79 119.54
51.73 21.66 70.79 119.54
44.93 27.40 70.79 119.54
40.43 33.93 69.75 117.77
36.00 43.16 68.72 116.03
31.63 49.50 67.70 114.31
28.93 58.45 66.70 112.62
26.27 64.61 65.71 110.96
23.65 73.30 64.74 109.32
21.06 81.87 63.79 107.70
18.52 90.30 62.84 106.11
17.50 96.10 61.91 104.55
15.52 102.96 62.84 106.11
13.02 111.27 61.91 104.55
11.53 116.29 61.91 104.55
10.52 122.01 61.00 103.00
10.52 129.42 61.00 103.00
9.53 132.62 60.10 101.48
9.53 137.49 60.10 101.48
9.53 139.92 60.10 101.48
9.98 143.07 59.21 99.98
9.98 147.87 59.21 99.98
11.81 150.98 58.34 98.50
13.21 155.70 58.34 98.50
15.02 158.76 57.47 97.04
16.40 163.42 57.47 97.04
18.19 166.43 56.62 95.61
19.14 170.37 57.47 97.04
21.90 175.03 57.47 97.04
24.66 179.69 57.47 97.04
26.44 182.70 56.62 95.61
29.16 187.29 56.62 95.61
31.88 191.88 56.62 95.61
34.60 196.47 56.62 95.61
35.55 200.41 57.47 97.04
38.69 205.72 56.62 95.61
41.79 208.68 55.79 94.20
43.52 211.61 54.96 92.81
46.53 214.49 54.15 91.43
47.44 218.25 54.96 92.81
50.08 220.48 54.96 92.81
51.40 222.71 54.96 92.81
54.40 225.59 54.15 91.43
56.08 228.43 53.35 90.08
57.36 230.59 53.35 90.08
59.02 233.39 52.56 88.75
59.02 235.52 52.56 88.75
60.28 237.65 52.56 88.75
61.91 238.30 51.78 87.44
62.79 239.78 52.56 88.75
62.79 239.78 52.56 88.75
64.42 240.43 51.78 87.44
64.80 241.08 51.02 86.15
65.66 242.53 51.78 87.44
66.90 242.53 51.78 87.44
66.90 242.53 51.78 87.44
68.51 243.18 51.02 86.15
69.37 244.63 51.78 87.44
70.98 245.27 51.02 86.15
70.98 247.34 51.02 86.15
72.20 247.34 51.02 86.15
71.82 248.79 51.78 87.44
73.43 249.44 51.02 86.15
73.04 250.89 51.78 87.44
73.43 251.54 51.02 86.15
74.29 252.99 51.78 87.44
74.29 255.09 51.78 87.44
74.67 255.74 51.02 86.15
74.67 257.80 51.02 86.15
74.67 259.87 51.02 86.15
73.44 261.94 51.02 86.15
73.82 264.61 50.27 84.87
73.82 266.65 50.27 84.87
73.82 268.69 50.27 84.87
73.82 270.72 50.27 84.87
73.82 270.72 50.27 84.87
73.82 272.76 50.27 84.87
73.82 272.76 50.27 84.87
73.82 272.76 50.27 84.87
73.82 272.76 50.27 84.87
73.82 272.76 50.27 84.87
73.82 274.80 50.27 84.87
75.38 277.43 49.52 83.62
75.75 278.05 48.79 82.38
77.26 280.61 48.07 81.17
78.41 280.61 48.07 81.17
79.91 281.21 47.36 79.97
82.50 283.69 46.66 78.79
84.74 285.58 46.66 78.79
87.29 286.16 45.97 77.62
89.80 288.57 45.29 76.47
90.89 288.57 45.29 76.47
91.97 288.57 45.29 76.47
92.31 289.13 44.62 75.34
93.69 289.69 43.96 74.23
94.02 291.99 43.31 73.13
95.36 292.54 42.67 72.05
95.68 293.07 42.04 70.99
95.99 291.91 41.42 69.94
96.98 291.91 41.42 69.94
96.98 291.91 41.42 69.94
96.98 291.91 41.42 69.94
95.99 291.91 41.42 69.94
95.99 291.91 41.42 69.94
95.99 291.91 41.42 69.94
95.99 291.91 41.42 69.94
95.99 291.91 41.42 69.94
95.99 291.91 41.42 69.94
95.99 291.91 41.42 69.94
95.99 291.91 41.42 69.94
95.99 291.91 41.42 69.94
95.99 291.91 41.42 69.94
94.99 291.91 41.42 69.94
94.68 291.39 42.04 70.99
93.34 290.86 42.67 72.05
93.02 290.32 43.31 73.13
91.64 289.77 43.96 74.23
91.32 287.40 44.62 75.34
90.98 286.84 45.29 76.47
90.64 286.26 45.97 77.62
90.64 286.26 45.97 77.62
90.64 286.26 45.97 77.62
90.64 286.26 45.97 77.62
89.18 285.68 46.66 78.79
88.83 283.17 47.36 79.97
88.47 282.57 48.07 81.17
88.11 281.96 48.79 82.38
89.62 284.52 48.07 81.17
89.98 285.12 47.36 79.97
91.45 285.71 46.66 78.79
91.79 286.29 45.97 77.62
92.13 286.87 45.29 76.47
92.13 286.87 45.29 76.47
93.54 287.43 44.62 75.34
93.54 287.43 44.62 75.34
93.87 289.77 43.96 74.23
93.87 289.77 43.96 74.23
93.87 289.77 43.96 74.23
93.87 289.77 43.96 74.23
94.19 290.32 43.31 73.13
94.19 290.32 43.31 73.13
94.19 290.32 43.31 73.13
94.19 290.32 43.31 73.13
94.19 290.32 43.31 73.13
94.19 290.32 43.31 73.13
94.19 290.32 43.31 73.13
94.19 290.32 43.31 73.13
94.19 290.32 43.31 73.13
94.19 290.32 43.31 73.13
94.19 290.32 43.31 73.13
94.19 290.32 43.31 73.13
94.19 290.32 43.31 73.13
94.19 290.32 43.31 73.13
94.19 290.32 43.31 73.13
94.19 290.32 43.31 73.13
94.19 290.32 43.31 73.13
94.19 290.32 43.31 73.13
94.19 290.32 43.31 73.13
94.19 290.32 43.31 73.13
94.19 290.32 43.31 73.13
94.19 290.32 43.31 73.13
94.19 290.32 43.31 73.13
94.19 290.32 43.31 73.13
94.19 290.32 43.31 73.13
94.19 290.32 43.31 73.13
94.19 290.32 43.31 73.13
94.19 290.32 43.31 73.13
94.19 290.32 43.31 73.13
94.19 290.32 43.31 73.13
94.19 290.32 43.31 73.13
94.19 290.32 43.31 73.13
94.19 290.32 43.31 73.13
94.19 290.32 43.31 73.13
94.19 290.32 43.31 73.13
94.19 290.32 43.31 73.13
94.19 290.32 43.31 73.13
94.19 290.32 43.31 73.13
94.19 290.32 43.31 73.13
94.19 290.32 43.31 73.13
94.19 290.32 43.31 73.13
94.19 290.32 43.31 73.13
94.19 290.32 43.31 73.13
94.19 290.32 43.31 73.13
94.19 290.32 43.31 73.13
94.19 290.32 43.31 73.13
94.19 290.32 43.31 73.13
94.19 290.32 43.31 73.13
94.19 290.32 43.31 73.13
94.19 290.32 43.31 73.13
94.19 290.32 43.31 73.13
94.19 290.32 43.31 73.13
94.19 290.32 43.31 73.13
94.19 290.32 43.31 73.13
94.19 290.32 43.31 73.13
94.19 290.32 43.31 73.13
94.19 290.32 43.31 73.13
94.19 290.32 43.31 73.13
94.19 290.32 43.31 73.13
94.19 290.32 43.31 73.13
94.19 290.32 43.31 73.13
94.19 290.32 43.31 73.13
94.19 290.32 43.31 73.13
94.19 290.32 43.31 73.13
94.19 290.32 43.31 73.13
94.19 290.32 43.31 73.13
94.19 290.32 43.31 73.13
94.19 290.32 43.31 73.13
94.19 290.32 43.31 73.13
94.19 290.32 43.31 73.13
94.19 290.32 43.31 73.13
94.19 290.32 43.31 73.13
94.19 290.32 43.31 73.13
94.19 290.32 43.31 73.13
94.19 290.32 43.31 73.13
94.19 290.32 43.31 73.13
94.19 290.32 43.31 73.13
94.19 290.32 43.31 73.13
94.19 290.32 43.31 73.13
94.19 290.32 43.31 73.13
94.19 290.32 43.31 73.13
94.19 290.32 43.31 73.13
94.19 290.32 43.31 73.13
94.19 290.32 43.31 73.13
94.19 290.32 43.31 73.13
94.19 290.32 43.31 73.13
94.19 290.32 43.31 73.13
94.19 290.32 43.31 73.13
94.19 290.32 43.31 73.13
94.19 290.32 43.31 73.13
94.19 290.32 43.31 73.13
94.19 290.32 43.31 73.13
94.19 290.32 43.31 73.13
94.19 290.32 43.31 73.13
94.19 290.32 43.31 73.13
94.19 290.32 43.31 73.13
94.19 290.32 43.31 73.13
94.19 290.32 43.31 73.13
94.19 290.32 43.31 73.13
94.19 290.32 43.31 73.13
94.19 290.32 43.31 73.13
94.19 290.32 43.31 73.13
94.19 290.32 43.31 73.13
94.19 290.32 43.31 73.13
94.19 290.32 43.31 73.13
94.19 290.32 43.31 73.13
94.19 290.32 43.31 73.13
94.19 290.32 43.31 73.13
94.19 290.32 43.31 73.13
94.19 290.32 43.31 73.13
94.19 290.32 43.31 73.13
94.19 290.32 43.31 73.13
94.19 290.32 43.31 73.13
94.19 290.32 43.31 73.13
94.19 290.32 43.31 73.13
94.19 290.32 43.31 73.13
94.19 290.32 43.31 73.13
94.19 290.32 43.31 73.13
94.19 290.32 43.31 73.13
94.19 290.32 43.31 73.13
94.19 290.32 43.31 73.13
94.19 290.32 43.31 73.13
94.19 290.32 43.31 73.13
94.19 290.32 43.31 73.13
94.19 290.32 43.31 73.13
94.19 290.32 43.31 73.13
94.19 290.32 43.31 73.13
94.19 290.32 43.31 73.13
94.19 290.32 43.31 73.13
94.19 290.32 43.31 73.13
94.19 290.32 43.31 73.13
94.19 290.32 43.31 73.13
94.19 290.32 43.31 73.13
94.19 290.32 43.31 73.13
94.19 290.32 43.31 73.13
94.19 290.32 43.31 73.13
94.19 290.32 43.31 73.13
94.19 290.32 43.31 73.13
94.19 290.32 43.31 73.13
94.19 290.32 43.31 73.13
94.19 290.32 43.31 73.13
94.19 290.32 43.31 73.13
94.19 290.32 43.31 73.13
94.19 290.32 43.31 73.13
94.19 290.32 43.31 73.13
94.19 290.32 43.31 73.13
94.19 290.32 43.31 73.13
94.19 290.32 43.31 73.13
94.19 290.32 43.31 73.13
94.19 290.32 43.31 73.13
94.19 290.32 43.31 73.13
94.19 290.32 43.31 73.13
94.19 290.32 43.31 73.13
94.19 290.32 43.31 73.13
94.19 290.32 43.31 73.13
94.19 290.32 43.31 73.13
94.19 290.32 43.31 73.13
94.19 290.32 43.31 73.13
94.19 290.32 43.31 73.13
94.19 290.32 43.31 73.13
94.19 290.32 43.31 73.13
94.19 290.32 43.31 73.13
94.19 290.32 43.31 73.13
94.19 290.32 43.31 73.13
94.19 290.32 43.31 73.13
94.19 290.32 43.31 73.13
94.19 290.32 43.31 73.13
94.19 290.32 43.31 73.13
94.19 290.32 43.31 73.13
94.19 290.32 43.31 73.13
94.19 290.32 43.31 73.13
94.19 290.32 43.31 73.13
94.19 290.32 43.31 73.13
94.19 290.32 43.31 73.13
94.19 290.32 43.31 73.13
94.19 290.32 43.31 73.13
94.19 290.32 43.31 73.13
94.19 290.32 43.31 73.13
94.19 290.32 43.31 73.13
94.19 290.32 43.31 73.13
94.19 290.32 43.31 73.13
94.19 290.32 43.31 73.13
94.19 290.32 43.31 73.13
94.19 290.32 43.31 73.13
94.19 290.32 43.31 73.13
94.19 290.32 43.31 73.13
94.19 290.32 43.31 73.13
94.19 290.32 43.31 73.13
94.19 290.32 43.31 73.13
94.19 290.32 43.31 73.13
94.19 290.32 43.31 73.13
94.19 290.32 43.31 73.13
94.19 290.32 43.31 73.13
94.19 290.32 43.31 73.13
94.19 290.32 43.31 73.13
94.19 290.32 43.31 73.13
94.19 290.32 43.31 73.13
94.19 290.32 43.31 73.13
94.19 290.32 43.31 73.13
94.19 290.32 43.31 73.13
94.19 290.32 43.31 73.13
94.19 290.32 43.31 73.13
94.19 290.32 43.31 73.13
94.19 290.32 43.31 73.13
94.19 290.32 43.31 73.13
94.19 290.32 43.31 73.13
94.19 290.32 43.31 73.13
94.19 290.32 43.31 73.13
94.19 290.32 43.31 73.13
94.19 290.32 43.31 73.13
94.19 290.32 43.31 73.13
94.19 290.32 43.31 73.13
94.19 290.32 43.31 73.13
94.19 290.32 43.31 73.13
94.19 290.32 43.31 73.13
94.19 290.32 43.31 73.13
94.19 290.32 43.31 73.13
94.19 290.32 43.31 73.13
94.19 290.32 43.31 73.13
94.19 290.32 43.31 73.13
94.19 290.32 43.31 73.13
94.19 290.32 43.31 73.13
94.19 290.32 43.31 73.13
94.19 290.32 43.31 73.13
94.19 290.32 43.31 73.13
94.19 290.32 43.31 73.13
94.19 290.32 43.31 73.13
94.19 290.32 43.31 73.13
94.19 290.32 43.31 73.13
94.19 290.32 43.31 73.13
94.19 290.32 43.31 73.13
94.19 290.32 43.31 73.13
94.19 290.32 43.31 73.13
94.19 290.32 43.31 73.13
94.19 290.32 43.31 73.13
94.19 290.32 43.31 73.13
94.19 290.32 43.31 73.13
94.19 290.32 43.31 73.13
94.19 290.32 43.31 73.13
94.19 290.32 43.31 73.13
94.19 290.32 43.31 73.13
94.19 290.32 43.31 73.13
94.19 290.32 43.31 73.13
94.19 290.32 43.31 73.13
94.19 290.32 43.31 73.13
94.19 290.32 43.31 73.13
94.19 290.32 43.31 73.13
94.19 290.32 43.31 73.13
94.19 290.32 43.31 73.13
94.19 290.32 43.31 73.13
94.19 290.32 43.31 73.13
94.19 290.32 43.31 73.13
94.19 290.32 43.31 73.13
94.19 290.32 43.31 73.13
94.19 290.32 43.31 73.13
94.19 290.32 43.31 73.13
94.19 290.32 43.31 73.13
94.19 290.32 43.31 73.13
94.19 290.32 43.31 73.13
94.19 290.32 43.31 73.13
94.19 290.32 43.31 73.13
94.19 290.32 43.31 73.13
94.19 290.32 43.31 73.13
94.19 290.32 43.31 73.13
94.19 290.32 43.31 73.13
94.19 290.32 43.31 73.13
94.19 290.32 43.31 73.13
94.19 290.32 43.31 73.13
94.19 290.32 43.31 73.13
94.19 290.32 43.31 73.13
94.19 290.32 43.31 73.13
94.19 290.32 43.31 73.13
94.19 290.32 43.31 73.13
94.19 290.32 43.31 73.13
94.19 290.32 43.31 73.13
94.19 290.32 43.31 73.13
94.19 290.32 43.31 73.13
94.19 290.32 43.31 73.13
94.19 290.32 43.31 73.13
94.19 290.32 43.31 73.13
94.19 290.32 43.31 73.13
94.19 290.32 43.31 73.13
94.19 290.32 43.31 73.13
94.19 290.32 43.31 73.13
94.19 290.32 43.31 73.13
94.19 290.32 43.31 73.13
94.19 290.32 43.31 73.13
94.19 290.32 43.31 73.13
94.19 290.32 43.31 73.13
94.19 290.32 43.31 73.13
94.19 290.32 43.31 73.13
94.19 290.32 43.31 73.13
94.19 290.32 43.31 73.13
94.19 290.32 43.31 73.13
94.19 290.32 43.31 73.13
94.19 290.32 43.31 73.13
94.19 290.32 43.31 73.13
94.19 290.32 43.31 73.13
94.19 290.32 43.31 73.13
94.19 290.32 43.31 73.13
94.19 290.32 43.31 73.13
94.19 290.32 43.31 73.13
94.19 290.32 43.31 73.13
94.19 290.32 43.31 73.13
94.19 290.32 43.31 73.13
94.19 290.32 43.31 73.13
94.19 290.32 43.31 73.13
94.19 290.32 43.31 73.13
94.19 290.32 43.31 73.13
94.19 290.32 43.31 73.13
94.19 290.32 43.31 73.13
94.19 290.32 43.31 73.13
94.19 290.32 43.31 73.13
94.19 290.32 43.31 73.13
94.19 290.32 43.31 73.13
94.19 290.32 43.31 73.13
94.19 290.32 43.31 73.13
94.19 290.32 43.31 73.13
94.19 290.32 43.31 73.13
94.19 290.32 43.31 73.13
94.19 290.32 43.31 73.13
94.19 290.32 43.31 73.13
94.19 290.32 43.31 73.13
94.19 290.32 43.31 73.13
94.19 290.32 43.31 73.13
94.19 290.32 43.31 73.13
94.19 290.32 43.31 73.13
94.19 290.32 43.31 73.13
94.19 290.32 43.31 73.13
94.19 290.32 43.31 73.13
94.19 290.32 43.31 73.13
94.19 290.32 43.31 73.13
94.19 290.32 43.31 73.13
94.19 290.32 43.31 73.13
94.19 290.32 43.31 73.13
94.19 290.32 43.31 73.13
94.19 290.32 43.31 73.13
94.19 290.32 43.31 73.13
94.19 290.32 43.31 73.13
94.19 290.32 43.31 73.13
94.19 290.32 43.31 73.13
94.19 290.32 43.31 73.13
94.19 290.32 43.31 73.13
94.19 290.32 43.31 73.13
94.19 290.32 43.31 73.13
94.19 290.32 43.31 73.13
94.19 290.32 43.31 73.13
94.19 290.32 43.31 73.13
94.19 290.32 43.31 73.13
94.19 290.32 43.31 73.13
94.19 290.32 43.31 73.13
94.19 290.32 43.31 73.13
94.19 290.32 43.31 73.13
94.19 290.32 43.31 73.13
94.19 290.32 43.31 73.13
94.19 290.32 43.31 73.13
94.19 290.32 43.31 73.13
94.19 290.32 43.31 73.13
94.19 290.32 43.31 73.13
94.19 290.32 43.31 73.13
94.19 290.32 43.31 73.13
94.19 290.32 43.31 73.13
94.19 290.32 43.31 73.13
94.19 290.32 43.31 73.13
94.19 290.32 43.31 73.13
94.19 290.32 43.31 73.13
94.19 290.32 43.31 73.13
94.19 290.32 43.31 73.13
94.19 290.32 43.31 73.13
94.19 290.32 43.31 73.13
94.19 290.32 43.31 73.13
94.19 290.32 43.31 73.13
94.19 290.32 43.31 73.13
94.19 290.32 43.31 73.13
94.19 290.32 43.31 73.13
94.19 290.32 43.31 73.13
94.19 290.32 43.31 73.13
94.19 290.32 43.31 73.13
94.19 290.32 43.31 73.13
94.19 290.32 43.31 73.13
94.19 290.32 43.31 73.13
94.19 290.32 43.31 73.13
94.19 290.32 43.31 73.13
94.19 290.32 43.31 73.13
94.19 290.32 43.31 73.13
94.19 290.32 43.31 73.13
94.19 290.32 43.31 73.13
94.19 290.32 43.31 73.13
94.19 290.32 43.31 73.13
94.19 290.32 43.31 73.13
94.19 290.32 43.31 73.13
94.19 290.32 43.31 73.13
94.19 290.32 43.31 73.13
94.19 290.32 43.31 73.13
94.19 290.32 43.31 73.13
94.19 290.32 43.31 73.13
94.19 290.32 43.31 73.13
94.19 290.32 43.31 73.13
94.19 290.32 43.31 73.13
94.19 290.32 43.31 73.13
94.19 290.32 43.31 73.13
94.19 290.32 43.31 73.13
94.19 290.32 43.31 73.13
94.19 290.32 43.31 73.13
94.19 290.32 43.31 73.13
94.19 290.32 43.31 73.13
94.19 290.32 43.31 73.13
94.19 290.32 43.31 73.13
94.19 290.32 43.31 73.13
94.19 290.32 43.31 73.13
94.19 290.32 43.31 73.13
94.19 290.32 43.31 73.13
94.19 290.32 43.31 73.13
94.19 290.32 43.31 73.13
94.19 290.32 43.31 73.13
94.19 290.32 43.31 73.13
94.19 290.32 43.31 73.13
94.19 290.32 43.31 73.13
94.19 290.32 43.31 73.13
94.19 290.32 43.31 73.13
94.19 290.32 43.31 73.13
93.87 289.77 43.96 74.23
93.87 289.77 43.96 74.23
93.87 289.77 43.96 74.23
93.87 289.77 43.96 74.23
93.87 289.77 43.96 74.23
93.87 289.77 43.96 74.23
94.19 290.32 43.31 73.13
93.87 289.77 43.96 74.23
93.87 289.77 43.96 74.23
93.87 289.77 43.96 74.23
93.87 289.77 43.96 74.23
93.87 289.77 43.96 74.23
93.87 289.77 43.96 74.23
93.87 289.77 43.96 74.23
93.87 289.77 43.96 74.23
93.87 289.77 43.96 74.23
93.87 289.77 43.96 74.23
93.87 289.77 43.96 74.23
94.19 290.32 43.31 73.13
94.19 290.32 43.31 73.13
94.19 290.32 43.31 73.13
94.19 290.32 43.31 73.13
94.19 290.32 43.31 73.13
94.19 290.32 43.31 73.13
94.19 290.32 43.31 73.13
94.19 290.32 43.31 73.13
94.19 290.32 43.31 73.13
94.19 290.32 43.31 73.13
94.19 290.32 43.31 73.13
94.19 290.32 43.31 73.13
94.19 290.32 43.31 73.13
94.19 290.32 43.31 73.13
94.19 290.32 43.31 73.13
94.19 290.32 43.31 73.13
94.19 290.32 43.31 73.13
94.19 290.32 43.31 73.13
94.19 290.32 43.31 73.13
94.19 290.32 43.31 73.13
94.19 290.32 43.31 73.13
94.19 290.32 43.31 73.13
94.19 290.32 43.31 73.13
94.19 290.32 43.31 73.13
94.19 290.32 43.31 73.13
94.19 290.32 43.31 73.13
94.19 290.32 43.31 73.13
94.19 290.32 43.31 73.13
94.19 290.32 43.31 73.13
94.19 290.32 43.31 73.13
94.19 290.32 43.31 73.13
94.19 290.32 43.31 73.13
94.19 290.32 43.31 73.13
93.87 289.77 43.96 74.23
94.19 290.32 43.31 73.13
94.19 290.32 43.31 73.13
94.19 290.32 43.31 73.13
94.19 290.32 43.31 73.13
94.19 290.32 43.31 73.13
94.19 290.32 43.31 73.13
94.19 290.32 43.31 73.13
94.19 290.32 43.31 73.13
94.19 290.32 43.31 73.13
94.19 290.32 43.31 73.13
94.19 290.32 43.31 73.13
94.19 290.32 43.31 73.13
94.19 290.32 43.31 73.13
94.19 290.32 43.31 73.13
94.19 290.32 43.31 73.13
94.19 290.32 43.31 73.13
94.19 290.32 43.31 73.13
94.19 290.32 43.31 73.13
94.19 290.32 43.31 73.13
94.19 290.32 43.31 73.13
94.19 290.32 43.31 73.13
94.19 290.32 43.31 73.13
93.87 289.77 43.96 74.23
93.87 289.77 43.96 74.23
93.54 289.21 44.62 75.34
93.54 289.21 44.62 75.34
93.54 289.21 44.62 75.34
93.54 289.21 44.62 75.34
93.21 288.65 45.29 76.47
93.21 286.81 45.29 76.47
93.21 286.81 45.29 76.47
91.76 288.10 45.97 77.62
91.76 288.10 45.97 77.62
91.42 285.63 46.66 78.79
92.87 286.21 45.97 77.62
92.87 286.21 45.97 77.62
94.29 288.62 45.29 76.47
93.56 290.99 44.62 75.34
93.89 293.33 43.96 74.23
94.21 293.88 43.31 73.13
93.89 291.55 43.96 74.23
93.56 289.19 44.62 75.34
93.89 289.74 43.96 74.23
93.17 290.29 43.31 73.13
94.21 290.29 43.31 73.13
94.21 290.29 43.31 73.13
94.21 290.29 43.31 73.13
94.21 290.29 43.31 73.13
94.21 290.29 43.31 73.13
94.21 290.29 43.31 73.13
94.21 290.29 43.31 73.13
94.21 290.29 43.31 73.13
94.21 290.29 43.31 73.13
94.21 290.29 43.31 73.13
94.21 290.29 43.31 73.13
93.89 289.74 43.96 74.23
93.89 289.74 43.96 74.23
93.89 289.74 43.96 74.23
93.89 289.74 43.96 74.23
94.21 290.29 43.31 73.13
94.21 290.29 43.31 73.13
94.21 290.29 43.31 73.13
94.21 290.29 43.31 73.13
94.21 290.29 43.31 73.13
94.21 290.29 43.31 73.13
94.21 290.29 43.31 73.13
93.89 289.74 43.96 74.23
93.89 289.74 43.96 74.23
93.89 289.74 43.96 74.23
93.89 289.74 43.96 74.23
94.21 290.29 43.31 73.13
94.21 290.29 43.31 73.13
94.21 290.29 43.31 73.13
94.21 290.29 43.31 73.13
94.21 290.29 43.31 73.13
93.89 289.74 43.96 74.23
93.89 289.74 43.96 74.23
93.89 289.74 43.96 74.23
94.21 290.29 43.31 73.13
94.21 290.29 43.31 73.13
94.21 290.29 43.31 73.13
94.21 290.29 43.31 73.13
94.21 290.29 43.31 73.13
94.21 290.29 43.31 73.13
94.21 290.29 43.31 73.13
94.21 290.29 43.31 73.13
94.21 290.29 43.31 73.13
94.21 290.29 43.31 73.13
94.21 290.29 43.31 73.13
94.21 290.29 43.31 73.13
94.21 290.29 43.31 73.13
94.21 290.29 43.31 73.13
94.21 290.29 43.31 73.13
94.21 290.29 43.31 73.13
94.21 290.29 43.31 73.13
94.21 290.29 43.31 73.13
94.21 290.29 43.31 73.13
94.21 290.29 43.31 73.13
94.21 290.29 43.31 73.13
94.21 290.29 43.31 73.13
94.21 290.29 43.31 73.13
94.21 290.29 43.31 73.13
94.21 290.29 43.31 73.13
94.21 290.29 43.31 73.13
94.21 290.29 43.31 73.13
94.21 290.29 43.31 73.13
94.21 290.29 43.31 73.13
94.21 290.29 43.31 73.13
94.21 290.29 43.31 73.13
94.21 290.29 43.31 73.13
94.21 290.29 43.31 73.13
94.21 290.29 43.31 73.13
94.21 290.29 43.31 73.13
94.21 290.29 43.31 73.13
94.21 290.29 43.31 73.13
94.21 290.29 43.31 73.13
94.21 290.29 43.31 73.13
94.21 290.29 43.31 73.13
94.21 290.29 43.31 73.13
94.21 290.29 43.31 73.13
94.21 290.29 43.31 73.13
94.21 290.29 43.31 73.13
94.21 290.29 43.31 73.13
94.21 290.29 43.31 73.13
94.21 290.29 43.31 73.13
94.21 290.29 43.31 73.13
94.21 290.29 43.31 73.13
94.21 290.29 43.31 73.13
94.21 290.29 43.31 73.13
94.21 290.29 43.31 73.13
94.21 290.29 43.31 73.13
94.21 290.29 43.31 73.13
94.21 290.29 43.31 73.13
94.21 290.29 43.31 73.13
94.21 290.29 43.31 73.13
94.21 290.29 43.31 73.13
94.21 290.29 43.31 73.13
94.21 290.29 43.31 73.13
94.21 290.29 43.31 73.13
94.21 290.29 43.31 73.13
94.21 290.29 43.31 73.13
94.21 290.29 43.31 73.13
94.21 290.29 43.31 73.13
94.21 290.29 43.31 73.13
94.21 290.29 43.31 73.13
94.21 290.29 43.31 73.13
94.21 290.29 43.31 73.13
94.21 290.29 43.31 73.13
94.21 290.29 43.31 73.13
94.21 290.29 43.31 73.13
94.21 290.29 43.31 73.13
94.21 290.29 43.31 73.13
94.21 290.29 43.31 73.13
94.21 290.29 43.31 73.13
94.21 290.29 43.31 73.13
94.21 290.29 43.31 73.13
94.21 290.29 43.31 73.13
94.21 290.29 43.31 73.13
94.21 290.29 43.31 73.13
94.21 290.29 43.31 73.13
94.21 290.29 43.31 73.13
94.21 290.29 43.31 73.13
94.21 290.29 43.31 73.13
94.21 290.29 43.31 73.13
94.21 290.29 43.31 73.13
94.21 290.29 43.31 73.13
94.21 290.29 43.31 73.13
94.21 290.29 43.31 73.13
94.21 290.29 43.31 73.13
94.21 290.29 43.31 73.13
94.21 290.29 43.31 73.13
94.21 290.29 43.31 73.13
94.21 290.29 43.31 73.13
94.21 290.29 43.31 73.13
94.21 290.29 43.31 73.13
94.21 290.29 43.31 73.13
94.21 290.29 43.31 73.13
94.21 290.29 43.31 73.13
94.21 290.29 43.31 73.13
94.21 290.29 43.31 73.13
94.21 290.29 43.31 73.13
94.21 290.29 43.31 73.13
94.21 290.29 43.31 73.13
94.21 290.29 43.31 73.13
94.21 290.29 43.31 73.13
94.21 290.29 43.31 73.13
94.21 290.29 43.31 73.13
94.21 290.29 43.31 73.13
94.21 290.29 43.31 73.13
94.21 290.29 43.31 73.13
94.21 290.29 43.31 73.13
94.21 290.29 43.31 73.13
94.21 290.29 43.31 73.13
94.21 290.29 43.31 73.13
94.21 290.29 43.31 73.13
94.21 290.29 43.31 73.13
94.21 290.29 43.31 73.13
94.21 290.29 43.31 73.13
94.21 290.29 43.31 73.13
94.21 290.29 43.31 73.13
94.21 290.29 43.31 73.13
94.21 290.29 43.31 73.13
94.21 290.29 43.31 73.13
94.21 290.29 43.31 73.13
94.21 290.29 43.31 73.13
94.21 290.29 43.31 73.13
94.21 290.29 43.31 73.13
94.21 290.29 43.31 73.13
94.21 290.29 43.31 73.13
94.21 290.29 43.31 73.13
94.21 290.29 43.31 73.13
94.21 290.29 43.31 73.13
94.21 290.29 43.31 73.13
94.21 290.29 43.31 73.13
94.21 290.29 43.31 73.13
94.21 290.29 43.31 73.13
94.21 290.29 43.31 73.13
94.21 290.29 43.31 73.13
94.21 290.29 43.31 73.13
94.21 290.29 43.31 73.13
94.21 290.29 43.31 73.13
94.21 290.29 43.31 73.13
94.21 290.29 43.31 73.13
94.21 290.29 43.31 73.13
94.21 290.29 43.31 73.13
94.21 290.29 43.31 73.13
94.21 290.29 43.31 73.13
94.21 290.29 43.31 73.13
94.21 290.29 43.31 73.13
94.21 290.29 43.31 73.13
94.21 290.29 43.31 73.13
94.21 290.29 43.31 73.13
94.21 290.29 43.31 73.13
94.21 290.29 43.31 73.13
94.21 290.29 43.31 73.13
94.21 290.29 43.31 73.13
94.21 290.29 43.31 73.13
94.21 290.29 43.31 73.13
94.21 290.29 43.31 73.13
94.21 290.29 43.31 73.13
94.21 290.29 43.31 73.13
94.21 290.29 43.31 73.13
94.21 290.29 43.31 73.13
94.21 290.29 43.31 73.13
94.21 290.29 43.31 73.13
94.21 290.29 43.31 73.13
94.21 290.29 43.31 73.13
94.21 290.29 43.31 73.13
94.21 290.29 43.31 73.13
94.21 290.29 43.31 73.13
94.21 290.29 43.31 73.13
94.21 290.29 43.31 73.13
94.21 290.29 43.31 73.13
94.21 290.29 43.31 73.13
94.21 290.29 43.31 73.13
94.21 290.29 43.31 73.13
94.21 290.29 43.31 73.13
94.21 290.29 43.31 73.13
94.21 290.29 43.31 73.13
94.21 290.29 43.31 73.13
94.21 290.29 43.31 73.13
94.21 290.29 43.31 73.13
94.21 290.29 43.31 73.13
94.21 290.29 43.31 73.13
94.21 290.29 43.31 73.13
94.21 290.29 43.31 73.13
94.21 290.29 43.31 73.13
94.21 290.29 43.31 73.13
94.21 290.29 43.31 73.13
94.21 290.29 43.31 73.13
94.21 290.29 43.31 73.13
94.21 290.29 43.31 73.13
94.21 290.29 43.31 73.13
94.21 290.29 43.31 73.13
94.21 290.29 43.31 73.13
94.21 290.29 43.31 73.13
94.21 290.29 43.31 73.13
94.21 290.29 43.31 73.13
94.21 290.29 43.31 73.13
94.21 290.29 43.31 73.13
94.21 290.29 43.31 73.13
94.21 290.29 43.31 73.13
94.21 290.29 43.31 73.13
94.21 290.29 43.31 73.13
94.21 290.29 43.31 73.13
94.21 290.29 43.31 73.13
94.21 290.29 43.31 73.13
94.21 290.29 43.31 73.13
94.21 290.29 43.31 73.13
94.21 290.29 43.31 73.13
94.21 290.29 43.31 73.13
94.21 290.29 43.31 73.13
94.21 290.29 43.31 73.13
94.21 290.29 43.31 73.13
94.21 290.29 43.31 73.13
94.21 290.29 43.31 73.13
94.21 290.29 43.31 73.13
94.21 290.29 43.31 73.13
94.21 290.29 43.31 73.13
94.21 290.29 43.31 73.13
94.21 290.29 43.31 73.13
94.21 290.29 43.31 73.13
94.21 290.29 43.31 73.13
94.21 290.29 43.31 73.13
94.21 290.29 43.31 73.13
94.21 290.29 43.31 73.13
94.21 290.29 43.31 73.13
94.21 290.29 43.31 73.13
94.21 290.29 43.31 73.13
94.21 290.29 43.31 73.13
94.21 290.29 43.31 73.13
94.21 290.29 43.31 73.13
94.21 290.29 43.31 73.13
94.21 290.29 43.31 73.13
94.21 290.29 43.31 73.13
94.21 290.29 43.31 73.13
94.21 290.29 43.31 73.13
94.21 290.29 43.31 73.13
94.21 290.29 43.31 73.13
94.21 290.29 43.31 73.13
94.21 290.29 43.31 73.13
94.21 290.29 43.31 73.13
94.21 290.29 43.31 73.13
94.21 290.29 43.31 73.13
94.21 290.29 43.31 73.13
94.21 290.29 43.31 73.13
94.21 290.29 43.31 73.13
94.21 290.29 43.31 73.13
94.21 290.29 43.31 73.13
94.21 290.29 43.31 73.13
94.21 290.29 43.31 73.13
94.21 290.29 43.31 73.13
94.21 290.29 43.31 73.13
94.21 290.29 43.31 73.13
94.21 290.29 43.31 73.13
94.21 290.29 43.31 73.13
94.21 290.29 43.31 73.13
94.21 290.29 43.31 73.13
94.21 290.29 43.31 73.13
94.21 290.29 43.31 73.13
94.21 290.29 43.31 73.13
94.21 290.29 43.31 73.13
94.21 290.29 43.31 73.13
94.21 290.29 43.31 73.13
94.21 290.29 43.31 73.13
94.21 290.29 43.31 73.13
94.21 290.29 43.31 73.13
94.21 290.29 43.31 73.13
94.21 290.29 43.31 73.13
94.21 290.29 43.31 73.13
94.21 290.29 43.31 73.13
94.21 290.29 43.31 73.13
94.21 290.29 43.31 73.13
94.21 290.29 43.31 73.13
94.21 290.29 43.31 73.13
94.21 290.29 43.31 73.13
94.21 290.29 43.31 73.13
94.21 290.29 43.31 73.13
94.21 290.29 43.31 73.13
94.21 290.29 43.31 73.13
94.21 290.29 43.31 73.13
94.21 290.29 43.31 73.13
94.21 290.29 43.31 73.13
94.21 290.29 43.31 73.13
94.21 290.29 43.31 73.13
94.21 290.29 43.31 73.13
94.21 290.29 43.31 73.13
94.21 290.29 43.31 73.13
94.21 290.29 43.31 73.13
94.21 290.29 43.31 73.13
94.21 290.29 43.31 73.13
94.21 290.29 43.31 73.13
94.21 290.29 43.31 73.13
94.21 290.29 43.31 73.13
94.21 290.29 43.31 73.13
94.21 290.29 43.31 73.13
94.21 290.29 43.31 73.13
94.21 290.29 43.31 73.13
94.21 290.29 43.31 73.13
94.21 290.29 43.31 73.13
94.21 290.29 43.31 73.13
94.21 290.29 43.31 73.13
94.21 290.29 43.31 73.13
94.21 290.29 43.31 73.13
94.21 290.29 43.31 73.13
94.21 290.29 43.31 73.13
94.21 290.29 43.31 73.13
94.21 290.29 43.31 73.13
94.21 290.29 43.31 73.13
94.21 290.29 43.31 73.13
94.21 290.29 43.31 73.13
94.21 290.29 43.31 73.13
94.21 290.29 43.31 73.13
94.21 290.29 43.31 73.13
94.21 290.29 43.31 73.13
94.21 290.29 43.31 73.13
94.21 290.29 43.31 73.13
94.21 290.29 43.31 73.13
94.21 290.29 43.31 73.13
94.21 290.29 43.31 73.13
94.21 290.29 43.31 73.13
94.21 290.29 43.31 73.13
94.21 290.29 43.31 73.13
94.21 290.29 43.31 73.13
94.21 290.29 43.31 73.13
94.21 290.29 43.31 73.13
94.21 290.29 43.31 73.13
94.21 290.29 43.31 73.13
94.21 290.29 43.31 73.13
94.21 290.29 43.31 73.13
94.21 290.29 43.31 73.13
94.21 290.29 43.31 73.13
94.21 290.29 43.31 73.13
94.21 290.29 43.31 73.13
94.21 290.29 43.31 73.13
94.21 290.29 43.31 73.13
94.21 290.29 43.31 73.13
94.21 290.29 43.31 73.13
94.21 290.29 43.31 73.13
94.21 290.29 43.31 73.13
94.21 290.29 43.31 73.13
94.21 290.29 43.31 73.13
94.21 290.29 43.31 73.13
94.21 290.29 43.31 73.13
94.21 290.29 43.31 73.13
94.21 290.29 43.31 73.13
94.21 290.29 43.31 73.13
94.21 290.29 43.31 73.13
94.21 290.29 43.31 73.13
94.21 290.29 43.31 73.13
94.21 290.29 43.31 73.13
94.21 290.29 43.31 73.13
94.21 290.29 43.31 73.13
94.21 290.29 43.31 73.13
94.21 290.29 43.31 73.13
94.21 290.29 43.31 73.13
94.21 290.29 43.31 73.13
94.21 290.29 43.31 73.13
94.21 290.29 43.31 73.13
94.21 290.29 43.31 73.13
94.21 290.29 43.31 73.13
94.21 290.29 43.31 73.13
94.21 290.29 43.31 73.13
94.21 290.29 43.31 73.13
94.21 290.29 43.31 73.13
94.21 290.29 43.31 73.13
94.21 290.29 43.31 73.13
94.21 290.29 43.31 73.13
94.21 290.29 43.31 73.13
94.21 290.29 43.31 73.13
94.21 290.29 43.31 73.13
94.21 290.29 43.31 73.13
94.21 290.29 43.31 73.13
94.21 290.29 43.31 73.13
94.21 290.29 43.31 73.13
94.21 290.29 43.31 73.13
94.21 290.29 43.31 73.13
94.21 290.29 43.31 73.13
94.21 290.29 43.31 73.13
94.21 290.29 43.31 73.13
94.21 290.29 43.31 73.13
94.21 290.29 43.31 73.13
94.21 290.29 43.31 73.13
94.21 290.29 43.31 73.13
94.21 290.29 43.31 73.13
94.21 290.29 43.31 73.13
94.21 290.29 43.31 73.13
94.21 290.29 43.31 73.13
94.21 290.29 43.31 73.13
94.21 290.29 43.31 73.13
94.21 290.29 43.31 73.13
94.21 290.29 43.31 73.13
94.21 290.29 43.31 73.13
94.21 290.29 43.31 73.13
94.21 290.29 43.31 73.13
94.21 290.29 43.31 73.13
94.21 290.29 43.31 73.13
94.21 290.29 43.31 73.13
94.21 290.29 43.31 73.13
94.21 290.29 43.31 73.13
93.89 291.52 43.96 74.23
93.89 291.52 43.96 74.23
