493.00 70.00 183.00 288.00
494.35 72.13 180.30 283.74
497.39 70.00 183.00 288.00
498.74 72.13 180.30 283.74
498.74 72.13 180.30 283.74
501.78 70.00 183.00 288.00
504.87 74.86 185.75 292.32
509.33 74.86 185.75 292.32
513.79 74.86 185.75 292.32
513.79 74.86 185.75 292.32
519.55 77.02 183.00 288.00
528.33 77.02 183.00 288.00
537.12 77.02 183.00 288.00
559.08 77.02 183.00 288.00
559.08 77.02 183.00 288.00
571.08 74.86 185.75 292.32
590.02 77.02 183.00 288.00
603.20 77.02 183.00 288.00
611.98 77.02 183.00 288.00
611.98 77.02 183.00 288.00
613.33 72.33 180.30 283.74
618.93 74.43 177.63 279.55
620.24 76.50 175.01 275.42
618.93 74.43 177.63 279.55
618.93 74.43 177.63 279.55
613.27 79.14 180.30 283.74
611.92 77.02 183.00 288.00
611.92 77.02 183.00 288.00
611.92 77.02 183.00 288.00
611.92 77.02 183.00 288.00
615.00 74.86 185.75 292.32
618.13 72.66 188.53 296.70
618.13 72.66 188.53 296.70
622.66 72.66 188.53 296.70
622.66 72.66 188.53 296.70
624.05 67.84 185.75 292.32
625.42 70.00 183.00 288.00
624.05 67.84 185.75 292.32
624.05 67.84 185.75 292.32
624.05 67.84 185.75 292.32
619.59 67.84 185.75 292.32
613.67 72.77 188.53 296.70
607.67 70.54 191.36 301.16
606.23 68.28 194.23 305.67
604.78 65.99 197.14 310.26
604.78 65.99 197.14 310.26
614.24 65.99 197.14 310.26
618.97 65.99 197.14 310.26
628.43 65.99 197.14 310.26
628.43 65.99 197.14 310.26
637.90 65.99 197.14 310.26
644.01 60.95 194.23 305.67
645.45 63.21 191.36 301.16
628.76 72.55 188.53 296.70
628.76 72.55 188.53 296.70
624.24 72.55 188.53 296.70
659.57 63.10 191.36 301.16
668.75 63.10 191.36 301.16
664.16 70.33 191.36 301.16
664.16 70.33 191.36 301.16
615.80 72.55 188.53 296.70
609.79 70.33 191.36 301.16
615.73 72.55 188.53 296.70
617.13 67.73 185.75 292.32
618.50 69.89 183.00 288.00
622.89 69.89 183.00 288.00
622.89 76.80 183.00 288.00
622.89 76.80 183.00 288.00
622.89 76.80 183.00 288.00
622.89 76.80 183.00 288.00
618.50 76.80 183.00 288.00
618.50 76.80 183.00 288.00
618.50 83.71 183.00 288.00
618.50 83.71 183.00 288.00
618.50 83.71 183.00 288.00
618.50 83.71 183.00 288.00
618.50 83.71 183.00 288.00
618.50 83.71 183.00 288.00
618.50 83.71 183.00 288.00
618.50 83.71 183.00 288.00
622.89 90.63 183.00 288.00
631.67 90.63 183.00 288.00
640.46 90.63 183.00 288.00
644.85 97.54 183.00 288.00
644.85 97.54 183.00 288.00
658.03 97.54 183.00 288.00
665.57 95.38 185.75 292.32
673.23 100.31 188.53 296.70
681.00 98.08 191.36 301.16
681.00 98.08 191.36 301.16
686.94 100.31 188.53 296.70
699.30 98.08 191.36 301.16
708.49 98.08 191.36 301.16
717.67 98.08 191.36 301.16
717.67 98.08 191.36 301.16
717.67 90.85 191.36 301.16
717.67 90.85 191.36 301.16
717.67 90.85 191.36 301.16
717.67 98.08 191.36 301.16
717.67 98.08 191.36 301.16
713.08 105.31 191.36 301.16
706.98 103.05 194.23 305.67
700.79 100.76 197.14 310.26
691.33 93.31 197.14 310.26
691.33 93.31 197.14 310.26
681.87 93.31 197.14 310.26
678.66 88.27 194.23 305.67
675.51 83.30 191.36 301.16
672.39 71.28 188.53 296.70
673.79 73.47 185.75 292.32
670.77 68.72 183.00 288.00
667.79 70.85 180.30 283.74
666.44 68.72 183.00 288.00
665.07 73.58 185.75 292.32
663.68 71.39 188.53 296.70
669.53 73.58 185.75 292.32
669.53 73.58 185.75 292.32
672.66 71.39 188.53 296.70
672.66 71.39 188.53 296.70
672.66 71.39 188.53 296.70
677.18 71.39 188.53 296.70
671.18 69.16 191.36 301.16
672.59 64.27 188.53 296.70
672.59 64.27 188.53 296.70
672.59 64.27 188.53 296.70
678.44 59.44 185.75 292.32
679.81 61.60 183.00 288.00
684.21 68.51 183.00 288.00
687.29 73.37 185.75 292.32
687.29 73.37 185.75 292.32
696.21 80.39 185.75 292.32
709.58 87.40 185.75 292.32
718.50 87.40 185.75 292.32
731.87 87.40 185.75 292.32
731.87 87.40 185.75 292.32
745.24 80.39 185.75 292.32
754.16 80.39 185.75 292.32
757.29 78.19 188.53 296.70
752.77 71.07 188.53 296.70
749.70 73.26 185.75 292.32
725.68 71.07 188.53 296.70
696.71 76.07 191.36 301.16
671.97 73.82 194.23 305.67
623.20 64.08 197.14 310.26
618.47 64.08 197.14 310.26
623.20 56.63 197.14 310.26
624.66 58.92 194.23 305.67
635.28 68.41 191.36 301.16
643.17 66.15 194.23 305.67
641.71 63.86 197.14 310.26
646.44 63.86 197.14 310.26
646.44 63.86 197.14 310.26
646.44 63.86 197.14 310.26
641.71 63.86 197.14 310.26
641.71 63.86 197.14 310.26
641.71 63.86 197.14 310.26
636.98 63.86 197.14 310.26
636.98 71.30 197.14 310.26
636.98 71.30 197.14 310.26
636.98 71.30 197.14 310.26
635.50 76.54 200.10 314.91
630.70 76.54 200.10 314.91
629.20 74.17 203.10 319.64
630.70 76.54 200.10 314.91
630.70 76.54 200.10 314.91
630.70 76.54 200.10 314.91
629.20 74.17 203.10 319.64
629.20 74.17 203.10 319.64
629.20 74.17 203.10 319.64
629.20 74.17 203.10 319.64
629.20 74.17 203.10 319.64
635.50 76.54 200.10 314.91
634.00 74.17 203.10 319.64
629.12 74.17 203.10 319.64
629.12 74.17 203.10 319.64
629.12 74.17 203.10 319.64
635.43 76.54 200.10 314.91
635.43 76.54 200.10 314.91
635.43 76.54 200.10 314.91
635.43 76.54 200.10 314.91
635.43 76.54 200.10 314.91
635.43 76.54 200.10 314.91
636.91 78.86 197.14 310.26
643.02 81.16 194.23 305.67
644.46 83.41 191.36 301.16
650.40 78.52 188.53 296.70
651.79 80.71 185.75 292.32
651.79 80.71 185.75 292.32
656.25 80.71 185.75 292.32
656.25 80.71 185.75 292.32
656.25 80.71 185.75 292.32
656.25 80.71 185.75 292.32
656.25 80.71 185.75 292.32
656.25 80.71 185.75 292.32
656.25 80.71 185.75 292.32
651.79 73.69 185.75 292.32
647.33 73.69 185.75 292.32
642.88 73.69 185.75 292.32
635.46 75.85 183.00 288.00
636.82 77.98 180.30 283.74
626.68 75.85 183.00 288.00
623.70 77.98 180.30 283.74
617.96 75.85 183.00 288.00
612.13 80.71 185.75 292.32
610.74 78.52 188.53 296.70
607.67 80.71 185.75 292.32
601.75 78.52 188.53 296.70
600.34 76.29 191.36 301.16
609.53 69.07 191.36 301.16
609.53 69.07 191.36 301.16
595.75 69.07 191.36 301.16
586.56 69.07 191.36 301.16
581.97 69.07 191.36 301.16
577.38 69.07 191.36 301.16
577.38 69.07 191.36 301.16
568.19 69.07 191.36 301.16
563.60 69.07 191.36 301.16
559.01 69.07 191.36 301.16
566.89 66.81 194.23 305.67
565.44 64.51 197.14 310.26
570.17 64.51 197.14 310.26
576.29 66.81 194.23 305.67
577.72 69.07 191.36 301.16
582.32 69.07 191.36 301.16
582.32 69.07 191.36 301.16
586.91 69.07 191.36 301.16
586.91 61.84 191.36 301.16
582.32 61.84 191.36 301.16
582.32 61.84 191.36 301.16
582.32 61.84 191.36 301.16
582.32 54.61 191.36 301.16
577.72 54.61 191.36 301.16
577.72 54.61 191.36 301.16
573.13 61.84 191.36 301.16
573.13 61.84 191.36 301.16
568.54 61.84 191.36 301.16
563.95 69.07 191.36 301.16
563.95 69.07 191.36 301.16
559.35 69.07 191.36 301.16
559.35 69.07 191.36 301.16
562.58 74.14 194.23 305.67
561.12 71.85 197.14 310.26
559.64 77.08 200.10 314.91
558.14 74.72 203.10 319.64
558.14 74.72 203.10 319.64
559.64 77.08 200.10 314.91
559.64 77.08 200.10 314.91
561.12 79.41 197.14 310.26
559.64 84.64 200.10 314.91
559.64 84.64 200.10 314.91
564.45 84.64 200.10 314.91
569.25 84.64 200.10 314.91
578.85 84.64 200.10 314.91
588.46 84.64 200.10 314.91
588.46 84.64 200.10 314.91
593.26 84.64 200.10 314.91
593.26 84.64 200.10 314.91
588.46 84.64 200.10 314.91
583.66 84.64 200.10 314.91
583.66 84.64 200.10 314.91
583.66 84.64 200.10 314.91
578.85 84.64 200.10 314.91
578.85 84.64 200.10 314.91
578.85 84.64 200.10 314.91
578.85 84.64 200.10 314.91
577.35 89.95 203.10 319.64
575.83 87.55 206.15 324.43
574.28 93.02 209.24 329.30
572.71 90.55 212.38 334.24
572.71 90.55 212.38 334.24
572.71 90.55 212.38 334.24
572.71 90.55 212.38 334.24
572.71 90.55 212.38 334.24
572.71 90.55 212.38 334.24
572.71 90.55 212.38 334.24
567.62 90.55 212.38 334.24
560.85 88.04 215.56 339.25
553.98 85.50 218.80 344.34
548.73 85.50 218.80 344.34
548.73 85.50 218.80 344.34
550.35 88.04 215.56 339.25
546.84 90.55 212.38 334.24
546.84 98.57 212.38 334.24
546.84 98.57 212.38 334.24
546.84 98.57 212.38 334.24
546.84 90.55 212.38 334.24
541.75 90.55 212.38 334.24
541.75 90.55 212.38 334.24
543.32 93.02 209.24 329.30
544.86 95.45 206.15 324.43
546.39 90.18 203.10 319.64
547.89 92.54 200.10 314.91
543.08 84.98 200.10 314.91
538.28 84.98 200.10 314.91
538.28 84.98 200.10 314.91
538.28 84.98 200.10 314.91
536.78 82.62 203.10 319.64
540.20 88.01 206.15 324.43
543.68 93.48 209.24 329.30
542.11 91.01 212.38 334.24
550.87 96.65 215.56 339.25
559.75 94.10 218.80 344.34
574.10 91.52 222.08 349.50
588.66 88.90 225.41 354.75
586.97 86.24 228.79 360.07
596.40 83.54 232.22 365.47
613.12 83.54 232.22 365.47
618.70 83.54 232.22 365.47
624.27 83.54 232.22 365.47
625.99 86.24 228.79 360.07
624.27 83.54 232.22 365.47
625.99 86.24 228.79 360.07
633.09 88.90 225.41 354.75
645.41 83.13 222.08 349.50
645.41 83.13 222.08 349.50
647.05 85.71 218.80 344.34
647.05 85.71 218.80 344.34
653.84 80.12 215.56 339.25
650.34 74.60 212.38 334.24
651.91 77.07 209.24 329.30
648.51 71.72 206.15 324.43
640.28 74.12 203.10 319.64
632.18 76.48 200.10 314.91
627.38 84.04 200.10 314.91
627.38 84.04 200.10 314.91
627.38 91.59 200.10 314.91
627.38 91.59 200.10 314.91
627.38 84.04 200.10 314.91
636.98 84.04 200.10 314.91
636.98 84.04 200.10 314.91
636.98 84.04 200.10 314.91
636.98 84.04 200.10 314.91
640.35 81.67 203.10 319.64
638.83 79.28 206.15 324.43
638.83 79.28 206.15 324.43
640.35 74.00 203.10 319.64
641.85 68.81 200.10 314.91
638.60 78.58 197.14 310.26
630.74 80.87 194.23 305.67
632.17 83.13 191.36 301.16
632.17 83.13 191.36 301.16
635.40 80.87 194.23 305.67
641.43 83.13 191.36 301.16
632.24 83.13 191.36 301.16
632.24 83.13 191.36 301.16
621.48 80.87 194.23 305.67
616.82 88.21 194.23 305.67
610.63 85.92 197.14 310.26
610.63 85.92 197.14 310.26
610.63 85.92 197.14 310.26
599.55 76.03 200.10 314.91
591.56 78.36 197.14 310.26
583.70 73.31 194.23 305.67
585.13 75.57 191.36 301.16
585.13 75.57 191.36 301.16
583.70 80.65 194.23 305.67
585.13 82.91 191.36 301.16
585.13 82.91 191.36 301.16
589.73 82.91 191.36 301.16
589.73 82.91 191.36 301.16
594.32 82.91 191.36 301.16
598.91 90.14 191.36 301.16
603.50 97.36 191.36 301.16
608.10 97.36 191.36 301.16
608.10 97.36 191.36 301.16
617.28 90.14 191.36 301.16
618.70 78.12 188.53 296.70
612.69 75.89 191.36 301.16
611.25 73.64 194.23 305.67
611.25 73.64 194.23 305.67
609.80 78.79 197.14 310.26
608.32 76.46 200.10 314.91
611.69 74.10 203.10 319.64
610.17 79.49 206.15 324.43
608.62 77.06 209.24 329.30
612.15 82.61 212.38 334.24
612.15 90.63 212.38 334.24
612.15 90.63 212.38 334.24
612.15 90.63 212.38 334.24
612.15 90.63 212.38 334.24
618.74 85.20 209.24 329.30
625.24 79.84 206.15 324.43
630.18 79.84 206.15 324.43
635.13 79.84 206.15 324.43
635.13 79.84 206.15 324.43
636.65 82.24 203.10 319.64
642.96 84.60 200.10 314.91
641.46 82.24 203.10 319.64
642.96 77.05 200.10 314.91
642.96 77.05 200.10 314.91
636.58 74.68 203.10 319.64
631.71 74.68 203.10 319.64
626.83 82.35 203.10 319.64
