637.00 198.00 87.00 156.00
630.74 201.74 87.00 156.00
626.56 205.49 87.00 156.00
625.15 206.64 85.71 153.69
623.09 210.33 85.71 153.69
618.27 212.92 87.00 156.00
614.09 216.66 87.00 156.00
612.01 216.66 87.00 156.00
609.92 220.41 87.00 156.00
607.83 220.41 87.00 156.00
605.74 220.41 87.00 156.00
603.65 220.41 87.00 156.00
604.30 217.87 85.71 153.69
604.30 217.87 85.71 153.69
603.65 216.72 87.00 156.00
606.35 214.18 85.71 153.69
605.71 213.03 87.00 156.00
606.35 210.50 85.71 153.69
610.47 206.81 85.71 153.69
611.91 205.65 87.00 156.00
614.00 201.91 87.00 156.00
616.70 199.37 85.71 153.69
618.76 195.69 85.71 153.69
622.29 194.53 87.00 156.00
624.38 190.79 87.00 156.00
625.85 185.82 88.30 158.34
628.59 183.24 87.00 156.00
632.76 183.24 87.00 156.00
635.46 180.71 85.71 153.69
635.46 177.02 85.71 153.69
635.46 173.33 85.71 153.69
634.82 168.43 87.00 156.00
632.73 164.69 87.00 156.00
628.56 164.69 87.00 156.00
624.38 160.95 87.00 156.00
620.91 158.41 85.71 153.69
616.79 154.72 85.71 153.69
614.74 151.03 85.71 153.69
612.01 146.14 87.00 156.00
610.59 147.29 85.71 153.69
607.86 142.39 87.00 156.00
605.77 142.39 87.00 156.00
605.12 141.22 88.30 158.34
605.12 141.22 88.30 158.34
605.12 141.22 88.30 158.34
605.77 142.39 87.00 156.00
606.42 143.55 85.71 153.69
606.42 143.55 85.71 153.69
606.42 139.86 85.71 153.69
607.86 138.70 87.00 156.00
610.56 143.55 85.71 153.69
614.68 143.55 85.71 153.69
618.21 142.39 87.00 156.00
622.97 147.23 85.71 153.69
625.02 147.23 85.71 153.69
626.47 149.83 87.00 156.00
627.11 154.67 85.71 153.69
627.11 154.67 85.71 153.69
627.11 158.36 85.71 153.69
624.38 160.95 87.00 156.00
620.20 164.69 87.00 156.00
617.43 163.52 88.30 158.34
617.43 167.32 88.30 158.34
617.43 174.92 88.30 158.34
618.08 179.83 87.00 156.00
618.08 183.58 87.00 156.00
618.73 188.42 85.71 153.69
616.00 191.01 87.00 156.00
615.34 193.64 88.30 158.34
616.00 198.56 87.00 156.00
616.64 203.40 85.71 153.69
616.64 203.40 85.71 153.69
616.00 205.99 87.00 156.00
618.70 210.83 85.71 153.69
618.05 209.68 87.00 156.00
616.64 214.52 85.71 153.69
613.91 213.37 87.00 156.00
612.49 218.21 85.71 153.69
609.76 217.05 87.00 156.00
608.35 218.21 85.71 153.69
605.62 220.80 87.00 156.00
602.85 219.63 88.30 158.34
601.41 220.80 87.00 156.00
603.50 220.80 87.00 156.00
604.14 225.64 85.71 153.69
606.20 225.64 85.71 153.69
608.26 225.64 85.71 153.69
613.88 220.74 87.00 156.00
618.63 221.90 85.71 153.69
620.69 218.21 85.71 153.69
624.81 218.21 85.71 153.69
628.34 213.31 87.00 156.00
631.93 208.34 88.30 158.34
634.67 209.51 87.00 156.00
636.75 205.77 87.00 156.00
641.51 206.92 85.71 153.69
647.68 203.23 85.71 153.69
652.37 204.37 84.45 151.42
653.79 199.54 85.71 153.69
657.33 198.39 87.00 156.00
660.91 193.42 88.30 158.34
665.74 194.59 87.00 156.00
668.44 195.74 85.71 153.69
670.50 195.74 85.71 153.69
671.94 194.59 87.00 156.00
674.03 194.59 87.00 156.00
676.73 199.43 85.71 153.69
674.67 199.43 85.71 153.69
673.28 204.20 84.45 151.42
668.53 203.06 85.71 153.69
668.53 203.06 85.71 153.69
664.42 206.75 85.71 153.69
661.69 205.60 87.00 156.00
657.51 209.34 87.00 156.00
654.74 208.17 88.30 158.34
655.39 213.09 87.00 156.00
651.22 216.83 87.00 156.00
648.44 215.66 88.30 158.34
647.01 220.58 87.00 156.00
646.36 219.41 88.30 158.34
644.24 223.21 88.30 158.34
642.80 224.38 87.00 156.00
642.80 224.38 87.00 156.00
643.44 229.22 85.71 153.69
645.50 229.22 85.71 153.69
647.56 232.91 85.71 153.69
648.19 234.04 84.45 151.42
649.62 232.91 85.71 153.69
653.73 232.91 85.71 153.69
655.79 232.91 85.71 153.69
659.32 235.50 87.00 156.00
664.08 240.34 85.71 153.69
667.61 239.19 87.00 156.00
670.31 244.03 85.71 153.69
650.88 295.29 87.00 156.00
677.77 324.52 88.30 158.34
667.99 355.64 87.00 156.00
650.12 393.68 85.71 153.69
629.54 426.88 85.71 153.69
612.20 478.15 87.00 156.00
610.78 497.74 85.71 153.69
610.78 494.05 85.71 153.69
605.96 477.92 87.00 156.00
618.49 481.67 87.00 156.00
610.91 493.89 85.71 153.69
608.18 481.50 87.00 156.00
610.26 488.99 87.00 156.00
610.26 485.25 87.00 156.00
610.26 485.25 87.00 156.00
610.26 485.25 87.00 156.00
610.26 485.25 87.00 156.00
610.26 485.25 87.00 156.00
610.26 485.25 87.00 156.00
610.26 485.25 87.00 156.00
610.26 485.25 87.00 156.00
610.26 485.25 87.00 156.00
610.26 485.25 87.00 156.00
610.26 485.25 87.00 156.00
610.26 485.25 87.00 156.00
610.26 485.25 87.00 156.00
610.26 485.25 87.00 156.00
610.26 485.25 87.00 156.00
610.26 485.25 87.00 156.00
610.26 485.25 87.00 156.00
610.26 485.25 87.00 156.00
610.26 485.25 87.00 156.00
610.26 485.25 87.00 156.00
610.26 485.25 87.00 156.00
610.26 485.25 87.00 156.00
610.26 485.25 87.00 156.00
610.26 485.25 87.00 156.00
610.26 485.25 87.00 156.00
610.26 485.25 87.00 156.00
610.26 485.25 87.00 156.00
610.26 485.25 87.00 156.00
610.26 485.25 87.00 156.00
610.26 485.25 87.00 156.00
610.26 485.25 87.00 156.00
610.26 485.25 87.00 156.00
610.26 485.25 87.00 156.00
610.26 485.25 87.00 156.00
610.26 485.25 87.00 156.00
610.26 485.25 87.00 156.00
610.26 485.25 87.00 156.00
610.26 485.25 87.00 156.00
610.26 485.25 87.00 156.00
610.26 485.25 87.00 156.00
610.26 485.25 87.00 156.00
610.26 485.25 87.00 156.00
610.26 485.25 87.00 156.00
610.26 485.25 87.00 156.00
610.26 485.25 87.00 156.00
610.26 485.25 87.00 156.00
610.26 485.25 87.00 156.00
610.26 485.25 87.00 156.00
610.26 485.25 87.00 156.00
610.26 485.25 87.00 156.00
610.26 485.25 87.00 156.00
610.26 485.25 87.00 156.00
610.26 485.25 87.00 156.00
610.26 485.25 87.00 156.00
610.26 485.25 87.00 156.00
610.26 485.25 87.00 156.00
610.26 485.25 87.00 156.00
610.26 485.25 87.00 156.00
610.26 485.25 87.00 156.00
610.26 485.25 87.00 156.00
610.26 485.25 87.00 156.00
610.26 485.25 87.00 156.00
610.26 485.25 87.00 156.00
610.26 485.25 87.00 156.00
610.26 485.25 87.00 156.00
610.26 485.25 87.00 156.00
610.26 485.25 87.00 156.00
610.26 485.25 87.00 156.00
610.26 485.25 87.00 156.00
610.26 485.25 87.00 156.00
610.26 485.25 87.00 156.00
610.26 485.25 87.00 156.00
610.26 485.25 87.00 156.00
610.26 485.25 87.00 156.00
610.26 485.25 87.00 156.00
610.26 485.25 87.00 156.00
610.26 485.25 87.00 156.00
610.26 485.25 87.00 156.00
610.26 485.25 87.00 156.00
610.26 485.25 87.00 156.00
610.26 485.25 87.00 156.00
610.26 485.25 87.00 156.00
610.26 485.25 87.00 156.00
610.26 485.25 87.00 156.00
610.26 485.25 87.00 156.00
610.26 485.25 87.00 156.00
610.26 485.25 87.00 156.00
610.26 485.25 87.00 156.00
610.26 485.25 87.00 156.00
610.26 485.25 87.00 156.00
610.26 485.25 87.00 156.00
610.26 485.25 87.00 156.00
610.26 485.25 87.00 156.00
610.26 485.25 87.00 156.00
610.26 485.25 87.00 156.00
610.26 485.25 87.00 156.00
610.26 485.25 87.00 156.00
610.26 485.25 87.00 156.00
610.26 485.25 87.00 156.00
610.26 485.25 87.00 156.00
610.26 485.25 87.00 156.00
610.26 485.25 87.00 156.00
610.26 485.25 87.00 156.00
610.26 485.25 87.00 156.00
610.26 485.25 87.00 156.00
610.26 485.25 87.00 156.00
610.26 485.25 87.00 156.00
610.26 485.25 87.00 156.00
610.26 485.25 87.00 156.00
610.26 485.25 87.00 156.00
610.26 485.25 87.00 156.00
610.26 485.25 87.00 156.00
610.26 485.25 87.00 156.00
610.26 485.25 87.00 156.00
610.26 485.25 87.00 156.00
610.26 485.25 87.00 156.00
610.26 485.25 87.00 156.00
610.26 485.25 87.00 156.00
610.26 485.25 87.00 156.00
610.26 485.25 87.00 156.00
610.26 485.25 87.00 156.00
610.26 485.25 87.00 156.00
610.26 485.25 87.00 156.00
610.26 485.25 87.00 156.00
610.26 485.25 87.00 156.00
610.26 485.25 87.00 156.00
610.26 485.25 87.00 156.00
610.26 485.25 87.00 156.00
610.26 485.25 87.00 156.00
610.26 485.25 87.00 156.00
610.26 485.25 87.00 156.00
610.26 485.25 87.00 156.00
610.26 485.25 87.00 156.00
610.26 485.25 87.00 156.00
610.26 485.25 87.00 156.00
610.26 485.25 87.00 156.00
610.26 485.25 87.00 156.00
610.26 485.25 87.00 156.00
610.26 485.25 87.00 156.00
610.26 485.25 87.00 156.00
610.26 485.25 87.00 156.00
610.26 485.25 87.00 156.00
610.26 485.25 87.00 156.00
610.26 485.25 87.00 156.00
610.26 485.25 87.00 156.00
610.26 485.25 87.00 156.00
610.26 485.25 87.00 156.00
610.26 485.25 87.00 156.00
610.26 485.25 87.00 156.00
610.26 485.25 87.00 156.00
610.26 485.25 87.00 156.00
610.26 485.25 87.00 156.00
610.26 485.25 87.00 156.00
608.85 486.40 85.71 153.69
611.51 487.53 84.45 151.42
612.13 492.23 83.20 149.19
612.13 492.23 83.20 149.19
612.13 492.23 83.20 149.19
612.13 492.23 83.20 149.19
612.13 492.23 83.20 149.19
612.13 492.23 83.20 149.19
612.13 492.23 83.20 149.19
612.13 492.23 83.20 149.19
612.13 492.23 83.20 149.19
612.13 492.23 83.20 149.19
612.13 492.23 83.20 149.19
612.13 492.23 83.20 149.19
612.13 492.23 83.20 149.19
612.13 492.23 83.20 149.19
612.13 492.23 83.20 149.19
612.13 492.23 83.20 149.19
612.13 492.23 83.20 149.19
612.13 492.23 83.20 149.19
612.13 492.23 83.20 149.19
612.13 492.23 83.20 149.19
612.13 492.23 83.20 149.19
612.13 492.23 83.20 149.19
612.13 492.23 83.20 149.19
612.13 492.23 83.20 149.19
612.13 492.23 83.20 149.19
612.13 492.23 83.20 149.19
612.13 492.23 83.20 149.19
612.13 492.23 83.20 149.19
612.13 492.23 83.20 149.19
612.13 492.23 83.20 149.19
612.13 492.23 83.20 149.19
612.13 492.23 83.20 149.19
612.13 492.23 83.20 149.19
612.13 492.23 83.20 149.19
612.13 492.23 83.20 149.19
612.13 492.23 83.20 149.19
612.13 492.23 83.20 149.19
612.13 492.23 83.20 149.19
612.13 492.23 83.20 149.19
612.13 492.23 83.20 149.19
612.13 492.23 83.20 149.19
612.13 492.23 83.20 149.19
612.13 492.23 83.20 149.19
612.13 492.23 83.20 149.19
612.13 492.23 83.20 149.19
612.13 492.23 83.20 149.19
612.13 492.23 83.20 149.19
612.13 492.23 83.20 149.19
612.13 492.23 83.20 149.19
612.13 492.23 83.20 149.19
612.13 492.23 83.20 149.19
612.13 492.23 83.20 149.19
612.13 492.23 83.20 149.19
612.13 492.23 83.20 149.19
612.13 492.23 83.20 149.19
612.13 492.23 83.20 149.19
612.13 492.23 83.20 149.19
612.13 492.23 83.20 149.19
612.13 492.23 83.20 149.19
612.13 492.23 83.20 149.19
612.13 492.23 83.20 149.19
612.13 492.23 83.20 149.19
612.13 492.23 83.20 149.19
612.13 492.23 83.20 149.19
612.13 492.23 83.20 149.19
612.13 492.23 83.20 149.19
612.13 492.23 83.20 149.19
612.13 492.23 83.20 149.19
612.13 492.23 83.20 149.19
612.13 492.23 83.20 149.19
612.13 492.23 83.20 149.19
612.13 492.23 83.20 149.19
612.13 492.23 83.20 149.19
612.13 492.23 83.20 149.19
612.13 492.23 83.20 149.19
612.13 492.23 83.20 149.19
612.13 492.23 83.20 149.19
612.13 492.23 83.20 149.19
612.13 492.23 83.20 149.19
612.13 492.23 83.20 149.19
612.13 492.23 83.20 149.19
612.13 492.23 83.20 149.19
612.13 492.23 83.20 149.19
612.13 492.23 83.20 149.19
612.13 492.23 83.20 149.19
612.13 492.23 83.20 149.19
612.13 492.23 83.20 149.19
612.13 492.23 83.20 149.19
612.13 492.23 83.20 149.19
612.13 492.23 83.20 149.19
612.13 492.23 83.20 149.19
612.13 492.23 83.20 149.19
612.13 492.23 83.20 149.19
612.13 492.23 83.20 149.19
612.13 492.23 83.20 149.19
612.13 492.23 83.20 149.19
612.13 492.23 83.20 149.19
612.13 492.23 83.20 149.19
612.13 492.23 83.20 149.19
612.13 492.23 83.20 149.19
612.13 492.23 83.20 149.19
612.13 492.23 83.20 149.19
612.13 492.23 83.20 149.19
612.13 492.23 83.20 149.19
612.13 492.23 83.20 149.19
612.13 492.23 83.20 149.19
612.13 492.23 83.20 149.19
612.13 492.23 83.20 149.19
612.13 492.23 83.20 149.19
612.13 492.23 83.20 149.19
612.13 492.23 83.20 149.19
612.13 492.23 83.20 149.19
612.13 492.23 83.20 149.19
612.13 492.23 83.20 149.19
612.13 492.23 83.20 149.19
612.13 492.23 83.20 149.19
612.13 492.23 83.20 149.19
612.13 492.23 83.20 149.19
612.13 492.23 83.20 149.19
612.13 492.23 83.20 149.19
612.13 492.23 83.20 149.19
612.13 492.23 83.20 149.19
612.13 492.23 83.20 149.19
612.13 492.23 83.20 149.19
612.13 492.23 83.20 149.19
612.13 492.23 83.20 149.19
612.13 492.23 83.20 149.19
612.13 492.23 83.20 149.19
612.13 492.23 83.20 149.19
612.13 492.23 83.20 149.19
612.13 492.23 83.20 149.19
612.13 492.23 83.20 149.19
612.13 492.23 83.20 149.19
612.13 492.23 83.20 149.19
612.13 492.23 83.20 149.19
612.13 492.23 83.20 149.19
612.13 492.23 83.20 149.19
612.13 492.23 83.20 149.19
612.13 492.23 83.20 149.19
612.13 492.23 83.20 149.19
612.13 492.23 83.20 149.19
612.13 492.23 83.20 149.19
612.13 492.23 83.20 149.19
612.13 492.23 83.20 149.19
612.13 492.23 83.20 149.19
612.13 492.23 83.20 149.19
612.13 492.23 83.20 149.19
612.13 492.23 83.20 149.19
612.13 492.23 83.20 149.19
612.13 492.23 83.20 149.19
612.13 492.23 83.20 149.19
612.13 492.23 83.20 149.19
612.13 492.23 83.20 149.19
612.13 492.23 83.20 149.19
612.13 492.23 83.20 149.19
612.13 492.23 83.20 149.19
612.13 492.23 83.20 149.19
612.13 492.23 83.20 149.19
612.13 492.23 83.20 149.19
612.13 492.23 83.20 149.19
612.13 492.23 83.20 149.19
612.13 492.23 83.20 149.19
612.13 492.23 83.20 149.19
612.13 492.23 83.20 149.19
612.13 492.23 83.20 149.19
612.13 492.23 83.20 149.19
612.13 492.23 83.20 149.19
612.13 492.23 83.20 149.19
612.13 492.23 83.20 149.19
612.13 492.23 83.20 149.19
612.13 492.23 83.20 149.19
612.13 492.23 83.20 149.19
612.13 492.23 83.20 149.19
612.13 492.23 83.20 149.19
612.13 492.23 83.20 149.19
612.13 492.23 83.20 149.19
612.13 492.23 83.20 149.19
612.13 492.23 83.20 149.19
612.13 492.23 83.20 149.19
612.13 492.23 83.20 149.19
612.13 492.23 83.20 149.19
612.13 492.23 83.20 149.19
612.13 492.23 83.20 149.19
612.13 492.23 83.20 149.19
612.13 492.23 83.20 149.19
612.13 492.23 83.20 149.19
612.13 492.23 83.20 149.19
612.13 492.23 83.20 149.19
612.13 492.23 83.20 149.19
612.13 492.23 83.20 149.19
612.13 492.23 83.20 149.19
612.13 492.23 83.20 149.19
612.13 492.23 83.20 149.19
612.13 492.23 83.20 149.19
612.13 492.23 83.20 149.19
612.13 492.23 83.20 149.19
612.13 492.23 83.20 149.19
612.13 492.23 83.20 149.19
612.13 492.23 83.20 149.19
612.13 492.23 83.20 149.19
612.13 492.23 83.20 149.19
612.13 492.23 83.20 149.19
612.13 492.23 83.20 149.19
612.13 492.23 83.20 149.19
612.13 492.23 83.20 149.19
612.13 492.23 83.20 149.19
612.13 492.23 83.20 149.19
612.13 492.23 83.20 149.19
612.13 492.23 83.20 149.19
612.13 492.23 83.20 149.19
612.13 492.23 83.20 149.19
612.13 492.23 83.20 149.19
612.13 492.23 83.20 149.19
612.13 492.23 83.20 149.19
612.13 492.23 83.20 149.19
612.13 492.23 83.20 149.19
612.13 492.23 83.20 149.19
612.13 492.23 83.20 149.19
612.13 492.23 83.20 149.19
612.13 492.23 83.20 149.19
612.13 492.23 83.20 149.19
612.13 492.23 83.20 149.19
612.13 492.23 83.20 149.19
612.13 492.23 83.20 149.19
612.13 492.23 83.20 149.19
612.13 492.23 83.20 149.19
612.13 492.23 83.20 149.19
612.13 492.23 83.20 149.19
612.13 492.23 83.20 149.19
612.13 492.23 83.20 149.19
612.13 492.23 83.20 149.19
612.13 492.23 83.20 149.19
612.13 492.23 83.20 149.19
612.13 492.23 83.20 149.19
612.13 492.23 83.20 149.19
612.13 492.23 83.20 149.19
612.13 492.23 83.20 149.19
612.13 492.23 83.20 149.19
612.13 492.23 83.20 149.19
612.13 492.23 83.20 149.19
612.13 492.23 83.20 149.19
612.13 492.23 83.20 149.19
612.13 492.23 83.20 149.19
612.13 492.23 83.20 149.19
612.13 492.23 83.20 149.19
612.13 492.23 83.20 149.19
612.13 492.23 83.20 149.19
612.13 492.23 83.20 149.19
612.13 492.23 83.20 149.19
612.13 492.23 83.20 149.19
612.13 492.23 83.20 149.19
612.13 492.23 83.20 149.19
612.13 492.23 83.20 149.19
612.13 492.23 83.20 149.19
612.13 492.23 83.20 149.19
612.13 492.23 83.20 149.19
612.13 492.23 83.20 149.19
612.13 492.23 83.20 149.19
612.13 492.23 83.20 149.19
612.13 492.23 83.20 149.19
612.13 492.23 83.20 149.19
