319.00 185.00 67.00 56.00
317.39 183.66 67.00 56.00
316.30 182.75 66.01 55.17
314.72 182.75 66.01 55.17
313.65 181.85 65.03 54.36
311.57 180.12 66.01 55.17
310.50 179.22 65.03 54.36
306.84 177.49 66.01 55.17
305.26 176.16 66.01 55.17
303.16 174.41 67.00 56.00
302.07 173.50 66.01 55.17
300.48 173.50 66.01 55.17
298.38 171.74 67.00 56.00
298.88 170.83 66.01 55.17
296.77 169.07 67.00 56.00
294.64 167.29 68.01 56.84
295.14 165.02 67.00 56.00
293.01 163.23 68.01 56.84
290.84 161.42 69.03 57.69
288.64 159.58 70.06 58.56
286.96 158.18 70.06 58.56
286.96 156.77 70.06 58.56
284.73 154.91 71.11 59.44
282.46 153.01 72.18 60.33
280.73 151.57 72.18 60.33
280.19 148.18 73.26 61.23
277.85 146.22 74.36 62.15
278.40 145.21 73.26 61.23
277.85 143.26 74.36 62.15
275.48 141.28 75.48 63.08
274.92 137.74 76.61 64.03
272.48 135.70 77.76 64.99
271.89 133.63 78.92 65.97
271.30 131.52 80.11 66.95
270.70 127.76 81.31 67.96
271.30 125.05 80.11 66.95
271.30 123.44 80.11 66.95
271.30 120.23 80.11 66.95
271.89 119.14 78.92 65.97
271.89 119.14 78.92 65.97
272.48 116.51 77.76 64.99
273.05 113.91 76.61 64.03
273.62 112.87 75.48 63.08
274.18 111.85 74.36 62.15
275.43 109.87 75.48 63.08
275.43 108.35 75.48 63.08
275.99 107.33 74.36 62.15
276.54 106.32 73.26 61.23
278.81 105.32 72.18 60.33
278.27 104.87 73.26 61.23
277.72 102.92 74.36 62.15
278.27 101.91 73.26 61.23
277.72 101.45 74.36 62.15
277.16 99.47 75.48 63.08
279.50 99.94 74.36 62.15
279.50 99.94 74.36 62.15
280.76 97.95 75.48 63.08
281.32 98.42 74.36 62.15
280.76 97.95 75.48 63.08
281.32 96.93 74.36 62.15
280.76 96.46 75.48 63.08
280.19 95.99 76.61 64.03
281.48 95.51 77.76 64.99
280.90 93.44 78.92 65.97
281.48 93.93 77.76 64.99
283.35 93.93 77.76 64.99
283.92 92.87 76.61 64.03
286.30 93.34 75.48 63.08
286.86 93.81 74.36 62.15
289.17 92.80 73.26 61.23
288.62 92.34 74.36 62.15
288.62 92.34 74.36 62.15
289.87 91.87 75.48 63.08
291.68 90.36 75.48 63.08
292.24 90.83 74.36 62.15
294.55 89.82 73.26 61.23
295.09 90.27 72.18 60.33
297.33 89.29 71.11 59.44
299.54 89.73 70.06 58.56
300.05 88.77 69.03 57.69
302.20 87.84 68.01 56.84
301.69 86.03 69.03 57.69
301.69 86.03 69.03 57.69
303.83 85.09 68.01 56.84
303.32 84.66 69.03 57.69
302.80 82.82 70.06 58.56
303.32 81.87 69.03 57.69
302.80 81.44 70.06 58.56
304.97 81.87 69.03 57.69
304.46 80.03 70.06 58.56
304.46 80.03 70.06 58.56
304.97 80.47 69.03 57.69
304.46 80.03 70.06 58.56
304.97 79.08 69.03 57.69
305.48 79.51 68.01 56.84
305.99 79.93 67.00 56.00
308.07 80.34 66.01 55.17
308.55 79.44 65.03 54.36
309.03 79.85 64.07 53.55
308.55 78.14 65.03 54.36
306.48 77.73 66.01 55.17
305.99 77.32 67.00 56.00
305.48 76.90 68.01 56.84
305.99 78.66 67.00 56.00
306.48 77.75 66.01 55.17
306.48 77.75 66.01 55.17
306.48 77.75 66.01 55.17
306.48 77.75 66.01 55.17
305.99 77.34 67.00 56.00
306.48 77.75 66.01 55.17
306.48 77.75 66.01 55.17
306.97 78.16 65.03 54.36
306.97 78.16 65.03 54.36
307.45 78.56 64.07 53.55
306.97 78.16 65.03 54.36
306.97 79.46 65.03 54.36
306.48 79.06 66.01 55.17
306.48 79.06 66.01 55.17
305.99 79.99 67.00 56.00
306.48 81.73 66.01 55.17
305.99 81.31 67.00 56.00
305.99 81.31 67.00 56.00
305.99 81.31 67.00 56.00
303.85 80.89 68.01 56.84
304.35 81.31 67.00 56.00
303.85 82.26 68.01 56.84
304.35 84.02 67.00 56.00
302.22 83.60 68.01 56.84
301.71 84.56 69.03 57.69
301.71 84.56 69.03 57.69
302.22 86.35 68.01 56.84
302.72 86.77 67.00 56.00
300.59 87.71 68.01 56.84
300.08 88.67 69.03 57.69
299.56 88.24 70.06 58.56
299.56 89.64 70.06 58.56
297.88 89.64 70.06 58.56
298.40 90.08 69.03 57.69
298.91 90.50 68.01 56.84
296.74 91.46 69.03 57.69
297.25 91.89 68.01 56.84
297.25 91.89 68.01 56.84
297.75 93.65 67.00 56.00
297.75 93.65 67.00 56.00
296.14 93.65 67.00 56.00
295.64 94.60 68.01 56.84
296.14 95.02 67.00 56.00
294.01 94.60 68.01 56.84
293.50 94.17 69.03 57.69
291.84 94.17 69.03 57.69
292.35 95.96 68.01 56.84
292.86 96.38 67.00 56.00
290.72 97.32 68.01 56.84
291.22 97.74 67.00 56.00
291.22 97.74 67.00 56.00
289.09 97.32 68.01 56.84
289.59 99.09 67.00 56.00
287.46 98.67 68.01 56.84
286.95 99.63 69.03 57.69
286.95 101.01 69.03 57.69
285.82 101.44 68.01 56.84
285.82 102.80 68.01 56.84
286.33 104.57 67.00 56.00
284.19 104.15 68.01 56.84
284.70 105.91 67.00 56.00
285.19 107.65 66.01 55.17
284.70 108.58 67.00 56.00
282.56 108.16 68.01 56.84
283.06 109.92 67.00 56.00
282.56 110.87 68.01 56.84
281.46 111.29 67.00 56.00
281.95 113.02 66.01 55.17
281.95 114.35 66.01 55.17
280.37 114.35 66.01 55.17
279.87 115.28 67.00 56.00
279.37 116.22 68.01 56.84
277.20 115.80 69.03 57.69
276.68 116.77 70.06 58.56
277.20 117.20 69.03 57.69
276.68 116.77 70.06 58.56
275.00 118.17 70.06 58.56
274.48 119.16 71.11 59.44
273.94 118.72 72.18 60.33
271.64 119.73 73.26 61.23
272.19 120.18 72.18 60.33
269.89 121.20 73.26 61.23
269.89 121.20 73.26 61.23
269.89 122.67 73.26 61.23
269.34 122.21 74.36 62.15
266.97 123.26 75.48 63.08
265.16 124.77 75.48 63.08
263.93 125.24 74.36 62.15
263.93 126.73 74.36 62.15
264.48 128.66 73.26 61.23
262.72 130.13 73.26 61.23
263.26 132.03 72.18 60.33
260.96 134.52 73.26 61.23
259.20 137.46 73.26 61.23
259.75 139.36 72.18 60.33
259.20 140.37 73.26 61.23
257.45 143.31 73.26 61.23
257.99 145.21 72.18 60.33
257.45 147.70 73.26 61.23
255.11 148.73 74.36 62.15
255.66 150.66 73.26 61.23
256.90 151.69 74.36 62.15
257.45 155.09 73.26 61.23
257.99 156.99 72.18 60.33
258.52 160.29 71.11 59.44
257.36 162.14 70.06 58.56
257.88 163.95 69.03 57.69
257.88 165.34 69.03 57.69
257.88 166.72 69.03 57.69
256.76 168.51 68.01 56.84
257.26 170.28 67.00 56.00
256.17 170.69 66.01 55.17
256.66 172.40 65.03 54.36
255.60 172.80 64.07 53.55
256.08 173.20 63.13 52.76
256.54 174.84 62.19 51.98
255.53 175.22 61.27 51.21
255.53 176.45 61.27 51.21
255.07 176.07 62.19 51.98
255.07 176.07 62.19 51.98
253.09 175.68 63.13 52.76
253.56 177.31 62.19 51.98
252.07 177.31 62.19 51.98
251.60 176.92 63.13 52.76
