273.00 159.00 25.00 22.00
269.05 159.68 24.63 21.67
265.26 156.35 25.00 22.00
259.86 150.54 25.00 22.00
254.19 141.80 25.37 22.33
249.06 131.30 25.76 22.66
246.98 118.43 26.14 23.00
246.56 104.46 25.76 22.66
243.47 87.05 25.76 22.66
240.38 71.82 25.76 22.66
238.13 60.20 25.37 22.33
237.52 52.16 25.37 22.33
236.51 44.41 25.00 22.00
234.11 35.43 25.00 22.00
232.31 28.04 25.00 22.00
231.11 22.76 25.00 22.00
230.51 19.59 25.00 22.00
228.71 18.01 25.00 22.00
225.71 18.01 25.00 22.00
222.71 19.59 25.00 22.00
222.30 23.91 24.63 21.67
221.52 29.03 25.00 22.00
220.11 34.76 25.37 22.33
218.89 41.19 25.37 22.33
217.88 48.22 25.00 22.00
217.69 55.56 25.37 22.33
216.89 63.01 25.76 22.66
213.18 69.54 25.76 22.66
209.10 74.53 25.38 22.33
206.67 78.28 25.38 22.33
206.26 83.19 25.00 22.00
204.24 87.85 25.38 22.33
201.20 92.68 25.38 22.33
197.78 97.59 25.00 22.00
195.16 102.25 25.38 22.33
195.16 107.61 25.38 22.33
195.35 112.53 25.00 22.00
194.75 117.81 25.00 22.00
193.95 124.07 25.38 22.33
192.34 131.10 25.00 22.00
190.32 137.90 25.38 22.33
187.04 143.18 25.76 22.66
183.58 147.63 25.38 22.33
181.75 150.31 25.38 22.33
181.75 153.53 25.38 22.33
182.36 156.74 25.38 22.33
181.95 159.55 25.00 22.00
179.94 161.53 25.38 22.33
178.11 164.21 25.38 22.33
178.11 167.42 25.38 22.33
179.33 170.64 25.38 22.33
180.71 173.44 25.00 22.00
181.74 173.28 25.38 22.33
182.79 173.65 25.76 22.66
185.42 171.68 25.38 22.33
185.00 171.84 25.00 22.00
183.80 170.79 25.00 22.00
182.60 169.20 25.00 22.00
182.00 167.62 25.00 22.00
181.82 165.31 25.38 22.33
178.54 160.25 25.76 22.66
175.07 153.98 25.38 22.33
171.17 147.83 25.76 22.66
169.54 143.18 25.38 22.33
169.35 138.66 25.76 22.66
168.52 133.52 26.14 23.00
166.25 128.79 25.76 22.66
162.92 123.65 26.14 23.00
160.17 119.00 26.53 23.35
157.39 114.84 26.93 23.70
153.77 111.09 26.53 23.35
150.98 106.94 26.93 23.70
149.47 102.14 27.34 24.06
150.12 97.52 27.34 24.06
151.62 93.15 26.93 23.70
152.45 88.84 26.53 23.35
152.25 85.25 26.93 23.70
153.09 82.62 26.53 23.35
153.91 81.69 26.14 23.00
154.73 80.23 25.76 22.66
154.73 78.60 25.76 22.66
154.92 77.69 25.38 22.33
156.30 77.33 25.00 22.00
159.30 77.33 25.00 22.00
161.70 76.80 25.00 22.00
162.30 75.75 25.00 22.00
162.49 75.39 24.63 21.67
163.08 76.43 24.63 21.67
166.03 77.99 24.63 21.67
170.05 78.88 25.00 22.00
175.45 78.36 25.00 22.00
181.55 75.92 24.63 21.67
187.96 73.12 25.00 22.00
193.86 70.27 25.38 22.33
202.39 67.59 25.38 22.33
210.85 64.16 25.76 22.66
219.44 61.23 26.14 23.00
228.29 57.59 25.76 22.66
235.79 52.40 25.38 22.33
242.40 46.25 25.76 22.66
248.58 40.81 25.76 22.66
254.25 36.69 25.38 22.33
259.62 33.26 25.76 22.66
264.69 29.14 25.38 22.33
268.47 24.55 25.00 22.00
273.39 20.55 24.63 21.67
278.12 17.95 24.63 21.67
283.44 17.43 24.63 21.67
286.85 16.74 25.00 22.00
288.81 15.86 24.63 21.67
290.74 15.00 24.27 21.35
292.33 14.32 24.63 21.67
295.75 15.74 25.00 22.00
299.35 17.85 25.00 22.00
302.35 21.55 25.00 22.00
303.99 27.28 25.38 22.33
305.81 34.78 25.38 22.33
308.25 42.82 25.38 22.33
309.47 51.93 25.38 22.33
310.85 61.07 25.00 22.00
310.67 70.55 25.38 22.33
310.48 80.72 25.76 22.66
309.24 89.42 25.76 22.66
306.15 97.58 25.76 22.66
302.82 104.04 26.14 23.00
300.08 110.59 26.53 23.35
300.27 110.21 26.14 23.00
295.62 117.32 26.53 23.35
290.89 118.85 26.93 23.70
293.97 119.25 27.34 24.06
301.09 116.14 27.75 24.42
307.64 114.77 28.16 24.78
314.40 114.18 28.16 24.78
321.27 112.60 27.75 24.42
328.69 112.78 27.34 24.06
337.88 112.78 27.34 24.06
354.98 116.12 27.75 24.42
355.85 112.83 27.34 24.06
356.69 113.01 26.93 23.70
355.62 113.19 26.53 23.35
358.95 112.26 26.14 23.00
354.94 116.57 26.53 23.35
354.74 116.96 26.93 23.70
355.19 116.78 27.34 24.06
354.32 116.60 27.75 24.42
354.79 117.01 28.16 24.78
353.20 117.43 28.58 25.15
352.99 116.63 29.01 25.53
352.77 116.44 29.45 25.91
353.27 116.24 29.89 26.30
353.27 116.24 29.89 26.30
353.49 116.44 29.45 25.91
353.49 116.44 29.45 25.91
353.27 116.24 29.89 26.30
352.55 116.24 29.89 26.30
352.55 116.24 29.89 26.30
352.55 116.24 29.89 26.30
352.55 116.24 29.89 26.30
352.55 116.24 29.89 26.30
352.55 116.24 29.89 26.30
352.55 116.24 29.89 26.30
352.55 116.24 29.89 26.30
352.55 116.24 29.89 26.30
352.55 116.24 29.89 26.30
353.27 116.24 29.89 26.30
353.27 116.24 29.89 26.30
353.27 116.24 29.89 26.30
353.27 116.24 29.89 26.30
353.27 116.24 29.89 26.30
353.27 116.24 29.89 26.30
353.27 116.24 29.89 26.30
353.27 116.24 29.89 26.30
353.27 116.24 29.89 26.30
353.27 116.24 29.89 26.30
353.27 116.24 29.89 26.30
353.27 116.24 29.89 26.30
353.49 116.44 29.45 25.91
353.27 116.24 29.89 26.30
353.27 116.24 29.89 26.30
353.27 116.24 29.89 26.30
353.04 116.05 30.34 26.70
353.27 116.24 29.89 26.30
352.78 116.44 29.45 25.91
353.49 116.44 29.45 25.91
353.27 116.24 29.89 26.30
353.27 116.24 29.89 26.30
353.27 116.24 29.89 26.30
353.27 116.24 29.89 26.30
353.27 116.24 29.89 26.30
353.49 116.44 29.45 25.91
353.49 116.44 29.45 25.91
353.27 116.24 29.89 26.30
353.49 116.44 29.45 25.91
352.55 116.24 29.89 26.30
353.48 116.44 29.45 25.91
352.54 115.61 29.89 26.30
353.04 116.06 30.34 26.70
355.42 115.62 29.89 26.30
353.01 107.09 30.34 26.70
351.31 100.39 30.79 27.10
348.83 93.59 31.26 27.51
346.31 87.35 31.72 27.92
343.54 80.95 31.26 27.51
340.26 75.39 31.72 27.92
336.16 69.06 32.20 28.34
331.21 64.01 32.68 28.76
325.39 58.89 33.17 29.19
319.49 54.41 33.67 29.63
312.67 49.85 34.18 30.08
304.92 45.23 34.69 30.53
296.21 41.29 35.21 30.98
286.51 38.03 35.74 31.45
276.67 33.97 36.27 31.92
266.68 31.40 36.82 32.40
255.64 28.00 37.37 32.89
243.52 26.15 37.93 33.38
231.23 23.46 38.50 33.88
217.81 21.55 39.08 34.39
204.19 20.46 39.66 34.90
190.37 18.50 40.26 35.43
175.35 16.50 40.86 35.96
159.66 16.50 40.86 35.96
143.43 16.23 41.47 36.50
126.95 14.18 42.10 37.05
109.20 13.90 42.73 37.60
91.19 12.71 43.37 38.17
71.85 11.49 44.02 38.74
53.29 10.26 44.68 39.32
32.27 10.92 45.35 39.91
10.94 10.62 46.03 40.51
-10.71 10.32 46.72 41.11
-18.10 9.65 46.03 40.51
16.32 40.92 46.72 41.11
-2.12 40.25 46.03 40.51
-15.92 40.55 45.35 39.91
-15.59 40.85 44.68 39.32
-15.92 40.55 45.35 39.91
-15.59 43.68 44.68 39.32
-15.26 56.98 44.02 38.74
-14.93 59.10 43.37 38.17
-15.26 70.90 44.02 38.74
