289.00 225.00 139.00 49.00
283.45 227.68 136.95 48.28
282.43 226.14 139.00 49.00
274.61 225.77 141.08 49.73
261.07 223.39 141.08 49.73
253.14 225.44 143.20 50.48
245.09 227.52 145.35 51.24
236.91 230.88 147.53 52.01
232.21 233.02 149.74 52.79
227.44 233.91 151.99 53.58
226.30 232.20 154.27 54.38
233.71 236.12 154.27 54.38
240.07 235.71 156.58 55.20
238.89 239.33 158.93 56.03
245.44 243.01 161.32 56.87
252.09 243.96 163.73 57.72
250.86 250.56 166.19 58.59
257.72 251.55 168.68 59.46
264.67 252.55 171.21 60.36
271.73 256.51 173.78 61.26
274.66 259.04 176.39 62.18
273.33 258.57 179.03 63.11
271.99 261.17 181.72 64.06
270.63 265.37 184.45 65.02
269.24 266.47 187.21 66.00
263.28 265.97 190.02 66.99
257.23 267.10 192.87 67.99
251.08 264.94 195.76 69.01
240.07 266.10 198.70 70.05
233.74 263.87 201.68 71.10
227.32 259.87 204.71 72.16
220.80 257.57 207.78 73.25
215.81 254.06 207.78 73.25
215.81 248.78 207.78 73.25
219.31 242.88 210.89 74.34
217.73 240.51 214.06 75.46
216.13 236.27 217.27 76.59
221.34 234.43 217.27 76.59
236.98 232.59 217.27 76.59
251.23 230.15 220.53 77.74
260.32 229.57 223.84 78.91
269.55 227.06 227.19 80.09
284.45 222.55 230.60 81.29
288.34 219.96 234.06 82.51
292.28 217.33 237.57 83.75
302.07 210.59 241.13 85.00
309.56 207.19 237.57 83.75
322.55 199.89 234.06 82.51
328.17 199.89 234.06 82.51
335.43 196.60 230.60 81.29
340.96 194.65 230.60 81.29
346.50 190.75 230.60 81.29
352.03 190.75 230.60 81.29
357.57 192.70 230.60 81.29
364.72 193.30 227.19 80.09
366.40 193.89 223.84 78.91
364.72 193.30 227.19 80.09
366.40 190.10 223.84 78.91
373.35 188.82 220.53 77.74
369.76 180.20 217.27 76.59
371.37 177.15 214.06 75.46
372.95 177.71 210.89 74.34
369.52 174.74 207.78 73.25
371.06 173.55 204.71 72.16
377.41 174.08 201.68 71.10
374.13 169.56 198.70 70.05
374.13 169.56 198.70 70.05
375.60 166.77 195.76 69.01
377.05 162.38 192.87 67.99
373.91 161.28 190.02 66.99
364.79 158.06 190.02 66.99
361.70 156.97 187.21 66.00
363.09 157.46 184.45 65.02
363.09 152.78 184.45 65.02
355.73 154.80 181.72 64.06
357.07 152.24 179.03 63.11
354.16 149.72 176.39 62.18
351.29 151.65 173.78 61.26
356.68 153.55 171.21 60.36
362.00 154.00 168.68 59.46
367.23 160.06 166.19 58.59
368.46 161.88 163.73 57.72
369.67 165.04 161.32 56.87
370.86 170.84 158.93 56.03
372.04 173.90 156.58 55.20
369.49 174.31 154.27 54.38
370.63 173.42 151.99 53.58
371.75 177.62 149.74 52.79
376.40 178.01 147.53 52.01
374.00 175.94 145.35 51.24
375.08 176.31 143.20 50.48
382.91 175.49 141.09 49.74
383.95 175.86 139.00 49.00
381.69 180.86 136.95 48.28
379.46 180.07 134.92 47.56
374.08 186.05 132.93 46.86
360.13 198.25 134.92 47.56
345.97 197.90 136.95 48.28
350.22 201.68 134.92 47.56
348.03 205.40 132.93 46.86
345.87 202.42 130.96 46.17
340.64 208.22 129.03 45.48
335.49 209.64 127.12 44.81
333.43 207.85 125.24 44.15
337.31 209.22 123.39 43.50
338.23 205.43 121.57 42.86
336.25 203.72 119.77 42.22
337.14 201.03 118.00 41.60
338.01 197.41 116.26 40.98
344.36 198.68 114.54 40.38
347.92 196.11 112.85 39.78
356.76 189.82 111.18 39.19
365.47 191.04 109.54 38.61
368.86 190.41 107.92 38.04
374.77 187.09 106.32 37.48
383.09 185.60 104.75 36.93
383.87 186.74 103.20 36.38
387.07 188.73 101.68 35.84
390.23 184.76 100.18 35.31
390.97 186.69 98.70 34.79
394.03 185.30 97.24 34.28
397.05 184.74 95.80 33.77
400.02 184.99 94.38 33.27
402.95 186.03 92.99 32.78
401.44 183.94 91.61 32.30
402.11 186.47 90.26 31.82
402.78 191.97 88.93 31.35
403.44 189.24 87.61 30.89
406.16 191.66 86.32 30.43
410.88 189.01 85.04 29.98
407.48 192.06 83.79 29.54
404.14 192.98 82.55 29.10
404.75 188.38 81.33 28.67
407.27 186.56 80.13 28.25
405.97 188.77 78.94 27.83
404.69 187.00 77.77 27.42
407.10 186.56 76.63 27.01
400.42 188.67 75.49 26.61
394.34 181.99 76.63 27.01
391.28 175.80 75.49 26.61
386.48 174.74 74.38 26.22
382.30 168.80 75.49 26.61
378.68 165.60 75.49 26.61
375.67 166.43 74.38 26.22
371.48 162.40 75.49 26.61
365.40 161.55 76.63 27.01
361.09 160.03 77.77 27.42
352.93 155.82 78.94 27.83
349.78 158.00 77.77 27.42
349.78 159.97 77.77 27.42
349.20 155.76 78.94 27.83
350.53 155.55 80.13 28.25
349.93 153.96 81.33 28.67
350.53 151.46 80.13 28.25
356.30 152.82 80.13 28.25
362.57 151.02 78.94 27.83
366.36 150.36 78.94 27.83
372.05 154.36 78.94 27.83
377.22 150.77 80.13 28.25
377.22 150.09 80.13 28.25
381.61 150.96 78.94 27.83
385.39 148.96 78.94 27.83
387.29 150.30 78.94 27.83
389.74 149.84 77.77 27.42
385.37 148.97 78.94 27.83
379.01 147.41 80.13 28.25
375.16 147.41 80.13 28.25
370.65 151.32 81.33 28.67
371.26 154.92 80.13 28.25
373.18 152.89 80.13 28.25
374.53 156.12 81.33 28.67
377.88 160.09 82.55 29.10
371.23 164.13 83.79 29.54
373.24 160.58 83.79 29.54
381.28 159.88 83.79 29.54
372.49 167.57 85.04 29.98
369.78 169.53 86.32 30.43
371.24 164.86 87.61 30.89
369.81 168.01 86.32 30.43
373.96 159.24 86.32 30.43
369.81 152.67 86.32 30.43
367.74 146.83 86.32 30.43
367.74 139.53 86.32 30.43
373.96 130.76 86.32 30.43
375.41 136.47 87.61 30.89
376.89 131.72 88.93 31.35
380.56 123.85 90.26 31.82
376.95 129.35 88.93 31.35
384.95 130.64 90.26 31.82
395.27 130.40 91.61 32.30
398.11 134.46 90.26 31.82
398.11 140.57 90.26 31.82
393.04 151.18 91.61 32.30
401.83 160.48 91.61 32.30
404.03 170.56 91.61 32.30
404.71 173.85 90.26 31.82
401.11 180.11 88.93 31.35
387.44 188.27 90.26 31.82
390.24 190.01 88.93 31.35
388.11 197.54 88.93 31.35
388.77 197.03 87.61 30.89
384.56 192.58 87.61 30.89
376.92 185.50 86.32 30.43
365.76 176.38 87.61 30.89
357.35 172.67 87.61 30.89
353.14 169.71 87.61 30.89
349.65 163.36 86.32 30.43
344.16 162.15 85.04 29.98
344.79 162.37 83.79 29.54
344.79 153.16 83.79 29.54
339.47 147.79 82.55 29.10
338.13 153.51 81.33 28.67
346.42 147.62 80.13 28.25
352.69 137.81 78.94 27.83
347.68 134.72 77.77 27.42
339.06 123.91 76.63 27.01
327.28 106.60 77.77 27.42
326.70 99.04 78.94 27.83
320.34 92.73 80.13 28.25
308.80 99.51 80.13 28.25
303.71 103.06 78.94 27.83
304.29 108.53 77.77 27.42
307.50 116.34 78.94 27.83
308.08 124.44 77.77 27.42
297.62 124.64 76.63 27.01
287.32 125.48 75.49 26.61
289.13 130.59 75.49 26.61
284.33 131.42 74.38 26.22
276.53 135.69 75.49 26.61
277.08 141.55 74.38 26.22
282.44 142.18 74.38 26.22
271.73 149.73 74.38 26.22
277.55 153.65 73.28 25.83
295.42 155.67 72.20 25.45
309.61 159.47 71.13 25.07
320.23 159.65 70.08 24.70
321.41 168.49 71.13 25.07
328.66 171.05 70.08 24.70
349.07 167.73 69.04 24.34
365.90 169.64 68.02 23.98
385.28 175.30 69.04 24.34
395.58 178.35 68.02 23.98
410.27 180.66 68.02 23.98
424.68 193.91 69.04 24.34
431.72 196.39 68.02 23.98
435.44 202.24 67.02 23.62
439.83 206.09 68.02 23.98
445.16 204.00 67.02 23.62
453.58 205.85 66.03 23.28
454.06 202.72 65.05 22.93
456.08 201.26 64.09 22.59
457.62 203.43 64.09 22.59
456.58 206.80 63.14 22.26
449.95 206.64 64.09 22.59
447.91 202.06 65.05 22.93
444.25 205.80 66.03 23.28
444.74 208.18 65.05 22.93
452.18 208.00 66.03 23.28
448.47 216.33 67.02 23.62
448.96 216.51 66.03 23.28
442.03 210.67 67.02 23.62
428.47 210.49 68.02 23.98
419.67 209.14 69.04 24.34
412.43 197.10 70.08 24.70
403.37 189.69 71.13 25.07
395.90 188.89 72.20 25.45
391.32 183.06 71.13 25.07
385.58 182.27 72.20 25.45
374.49 177.73 73.28 25.83
365.02 180.06 74.38 26.22
365.02 176.28 74.38 26.22
359.66 171.25 74.38 26.22
356.69 165.24 73.28 25.83
354.93 159.04 73.28 25.83
363.31 154.44 74.38 26.22
370.00 150.42 75.49 26.61
368.77 153.13 74.38 26.22
374.13 152.50 74.38 26.22
384.44 151.03 75.49 26.61
385.71 159.25 76.63 27.01
390.74 164.97 77.77 27.42
392.05 174.12 78.94 27.83
395.30 171.88 80.13 28.25
400.56 176.48 81.33 28.67
407.87 181.15 82.55 29.10
413.29 181.64 83.79 29.54
416.74 187.90 85.04 29.98
418.17 188.40 86.32 30.43
409.89 186.94 86.32 30.43
392.16 179.97 85.04 29.98
386.03 176.38 85.04 29.98
386.03 178.53 85.04 29.98
381.25 176.85 86.32 30.43
372.19 178.84 87.61 30.89
365.13 182.37 88.93 31.35
361.59 178.90 87.61 30.89
358.79 181.68 88.93 31.35
353.79 184.50 90.26 31.82
355.96 186.79 90.26 31.82
361.88 197.40 91.61 32.30
374.58 196.37 92.99 32.78
379.67 198.94 91.61 32.30
384.68 199.94 90.26 31.82
390.60 202.03 91.61 32.30
394.37 206.51 92.99 32.78
405.00 211.85 94.38 33.27
416.86 209.74 92.99 32.78
418.43 211.09 94.38 33.27
423.59 211.33 92.99 32.78
426.47 210.80 91.61 32.30
425.79 216.85 92.99 32.78
427.35 221.40 94.38 33.27
431.24 230.06 95.80 33.77
435.19 235.57 97.24 34.28
433.61 240.68 95.80 33.77
429.01 243.93 95.80 33.77
429.01 245.55 95.80 33.77
430.63 251.05 97.24 34.28
433.65 250.50 95.80 33.77
429.82 253.14 94.38 33.27
426.82 256.94 95.80 33.77
432.06 248.41 94.38 33.27
434.98 250.23 92.99 32.78
431.27 248.92 91.61 32.30
427.62 238.47 90.26 31.82
424.74 232.03 91.61 32.30
421.82 226.28 92.99 32.78
421.13 220.44 94.38 33.27
414.33 218.05 94.38 33.27
410.56 212.79 92.99 32.78
409.87 201.36 94.38 33.27
397.66 202.73 95.80 33.77
391.58 200.59 94.38 33.27
393.84 196.60 94.38 33.27
388.53 199.59 95.80 33.77
387.82 201.80 97.24 34.28
389.46 207.39 98.70 34.79
388.72 212.21 100.18 35.31
385.52 214.53 101.68 35.84
382.28 216.88 103.20 36.38
381.51 221.93 104.75 36.93
375.62 226.15 106.32 37.48
372.23 226.78 107.92 38.04
368.80 231.13 109.54 38.61
367.97 228.02 111.18 39.19
369.85 226.77 112.85 39.78
369.00 230.34 114.54 40.38
368.14 227.09 116.26 40.98
358.78 225.79 118.00 41.60
360.76 225.47 119.77 42.22
359.87 225.16 121.57 42.86
359.87 225.16 121.57 42.86
358.95 224.84 123.39 43.50
359.87 224.13 121.57 42.86
356.95 221.04 121.57 42.86
356.95 220.01 121.57 42.86
362.78 221.04 121.57 42.86
362.78 220.01 121.57 42.86
360.81 226.41 119.77 42.22
363.68 228.44 119.77 42.22
365.70 226.06 121.57 42.86
377.37 229.15 121.57 42.86
386.89 227.44 119.77 42.22
384.95 229.75 118.00 41.60
396.98 226.12 116.26 40.98
400.59 222.55 114.54 40.38
401.43 219.98 112.85 39.78
410.27 214.63 111.18 39.19
413.72 208.43 109.54 38.61
414.53 205.07 107.92 38.04
420.43 199.05 106.32 37.48
423.73 195.78 104.75 36.93
419.55 190.82 103.20 36.38
420.32 185.93 101.68 35.84
413.85 185.34 100.18 35.31
412.23 182.26 98.70 34.79
419.33 180.59 98.70 34.79
411.38 179.48 100.18 35.31
400.87 185.24 101.68 35.84
396.81 190.59 100.18 35.31
393.62 193.77 101.68 35.84
385.43 196.12 103.20 36.38
386.19 198.11 101.68 35.84
382.95 205.70 103.20 36.38
377.15 209.86 104.75 36.93
380.40 210.13 103.20 36.38
381.16 209.54 101.68 35.84
396.34 200.48 100.18 35.31
406.55 197.40 98.70 34.79
408.22 197.14 100.18 35.31
423.17 187.38 98.70 34.79
430.90 182.70 97.24 34.28
433.92 182.95 95.80 33.77
443.68 173.62 94.38 33.27
439.92 173.87 92.99 32.78
438.41 167.13 91.61 32.30
437.72 162.17 92.99 32.78
434.76 157.93 94.38 33.27
431.75 155.25 95.80 33.77
424.85 156.87 95.80 33.77
412.47 154.15 97.24 34.28
408.59 154.40 95.80 33.77
402.50 153.86 94.38 33.27
394.89 154.42 95.80 33.77
380.17 153.34 97.24 34.28
373.99 154.40 95.80 33.77
367.09 156.84 95.80 33.77
358.74 159.48 94.38 33.27
344.24 166.53 95.80 33.77
339.64 167.34 95.80 33.77
331.92 170.37 97.24 34.28
319.35 176.80 98.70 34.79
317.74 176.23 97.24 34.28
318.46 174.86 95.80 33.77
319.17 175.91 94.38 33.27
322.10 173.80 92.99 32.78
322.79 175.59 91.61 32.30
323.46 175.83 90.26 31.82
332.67 168.54 88.93 31.35
339.63 171.00 87.61 30.89
344.42 169.03 86.32 30.43
350.08 171.03 87.61 30.89
357.96 174.56 88.93 31.35
364.37 176.06 88.93 31.35
368.64 179.82 88.93 31.35
379.81 176.35 87.61 30.89
384.01 183.02 87.61 30.89
387.62 183.54 88.93 31.35
394.59 178.59 87.61 30.89
389.66 182.87 88.93 31.35
391.80 182.12 88.93 31.35
398.76 179.38 87.61 30.89
395.97 182.16 88.93 31.35
391.70 183.66 88.93 31.35
394.46 177.97 87.61 30.89
387.40 180.74 88.93 31.35
384.57 181.27 90.26 31.82
383.89 180.26 91.61 32.30
382.40 180.50 90.26 31.82
377.33 185.68 91.61 32.30
377.33 189.56 91.61 32.30
382.34 191.33 90.26 31.82
375.84 192.09 90.26 31.82
374.37 193.08 88.93 31.35
382.37 193.61 90.26 31.82
386.70 196.66 90.26 31.82
385.23 196.14 88.93 31.35
386.73 195.91 90.26 31.82
388.26 199.54 91.61 32.30
391.10 193.67 90.26 31.82
388.22 188.78 91.61 32.30
391.07 185.21 90.26 31.82
393.87 181.68 88.93 31.35
391.03 179.92 90.26 31.82
395.97 174.13 88.93 31.35
393.14 172.37 90.26 31.82
391.67 171.10 88.93 31.35
394.43 166.14 87.61 30.89
387.37 167.42 88.93 31.35
388.03 166.17 87.61 30.89
389.50 168.19 88.93 31.35
383.10 171.20 88.93 31.35
377.45 164.76 87.61 30.89
364.83 161.05 87.61 30.89
362.73 156.61 87.61 30.89
362.73 156.61 87.61 30.89
355.67 158.63 88.93 31.35
356.33 157.38 87.61 30.89
354.90 158.34 86.32 30.43
351.46 160.00 85.04 29.98
350.82 157.59 86.32 30.43
350.17 161.81 87.61 30.89
350.17 162.55 87.61 30.89
350.17 164.03 87.61 30.89
347.38 165.30 88.93 31.35
349.52 166.06 88.93 31.35
351.02 162.77 90.26 31.82
350.34 161.75 91.61 32.30
359.13 161.75 91.61 32.30
356.94 160.98 91.61 32.30
354.74 164.08 91.61 32.30
357.58 160.50 90.26 31.82
356.11 158.48 88.93 31.35
355.45 158.24 90.26 31.82
355.45 156.71 90.26 31.82
356.11 155.45 88.93 31.35
360.38 152.44 88.93 31.35
359.71 149.15 90.26 31.82
354.64 145.03 91.61 32.30
348.04 139.61 91.61 32.30
343.65 136.51 91.61 32.30
339.25 133.41 91.61 32.30
334.10 136.31 92.99 32.78
333.40 143.25 94.38 33.27
328.09 144.62 95.80 33.77
322.71 150.13 97.24 34.28
317.24 154.88 98.70 34.79
317.97 153.49 97.24 34.28
312.50 159.92 98.70 34.79
308.57 161.82 97.24 34.28
313.88 162.07 95.80 33.77
311.58 166.12 95.80 33.77
310.87 162.58 97.24 34.28
310.14 165.66 98.70 34.79
315.53 165.92 97.24 34.28
320.85 165.36 95.80 33.77
320.13 168.40 97.24 34.28
325.45 169.46 95.80 33.77
330.05 168.65 95.80 33.77
334.00 172.51 97.24 34.28
343.91 172.77 95.80 33.77
350.19 176.63 97.24 34.28
354.20 173.86 98.70 34.79
361.93 176.59 97.24 34.28
365.94 176.33 98.70 34.79
375.41 175.50 98.70 34.79
380.81 179.87 97.24 34.28
388.43 180.93 95.80 33.77
395.93 181.18 94.38 33.27
398.20 186.77 94.38 33.27
400.46 187.57 94.38 33.27
405.62 185.45 92.99 32.78
404.11 187.25 91.61 32.30
407.89 185.43 92.99 32.78
404.92 187.58 94.38 33.27
401.92 189.76 95.80 33.77
396.53 187.86 97.24 34.28
394.95 190.55 95.80 33.77
398.90 192.76 97.24 34.28
404.22 190.59 95.80 33.77
403.50 184.57 97.24 34.28
401.92 183.21 95.80 33.77
404.89 177.87 94.38 33.27
406.48 180.86 95.80 33.77
413.38 180.86 95.80 33.77
412.66 178.14 97.24 34.28
411.08 177.58 95.80 33.77
409.52 175.43 94.38 33.27
410.22 174.89 92.99 32.78
413.11 175.14 91.61 32.30
410.19 177.25 92.99 32.78
410.19 179.61 92.99 32.78
405.72 180.40 92.99 32.78
402.01 179.09 91.61 32.30
403.56 177.28 92.99 32.78
396.06 177.83 94.38 33.27
386.16 172.72 95.80 33.77
380.77 173.29 97.24 34.28
378.44 170.82 97.24 34.28
373.77 167.53 97.24 34.28
366.77 173.29 97.24 34.28
364.44 174.93 97.24 34.28
362.10 175.75 97.24 34.28
364.44 180.69 97.24 34.28
363.71 182.10 98.70 34.79
364.44 183.18 97.24 34.28
365.16 181.82 95.80 33.77
363.60 182.86 94.38 33.27
363.60 186.86 94.38 33.27
363.60 188.45 94.38 33.27
362.89 190.63 95.80 33.77
369.17 196.14 97.24 34.28
374.49 195.58 95.80 33.77
376.79 193.96 95.80 33.77
376.07 192.06 97.24 34.28
376.07 187.13 97.24 34.28
379.09 182.52 95.80 33.77
384.33 176.38 94.38 33.27
385.03 169.54 92.99 32.78
381.32 164.36 91.61 32.30
379.12 158.16 91.61 32.30
384.13 150.00 90.26 31.82
386.29 145.42 90.26 31.82
381.22 149.05 91.61 32.30
376.07 151.96 92.99 32.78
378.30 152.74 92.99 32.78
382.76 155.11 92.99 32.78
391.13 156.46 94.38 33.27
395.02 161.88 95.80 33.77
395.02 165.12 95.80 33.77
404.78 167.77 94.38 33.27
408.68 172.38 95.80 33.77
409.38 171.83 94.38 33.27
416.78 172.08 92.99 32.78
416.78 172.86 92.99 32.78
416.08 172.62 94.38 33.27
421.24 168.93 92.99 32.78
422.81 167.89 94.38 33.27
416.81 166.56 92.99 32.78
413.85 166.31 94.38 33.27
410.08 170.49 92.99 32.78
410.08 172.07 92.99 32.78
409.38 171.82 94.38 33.27
402.59 174.22 94.38 33.27
407.75 171.31 92.99 32.78
409.32 174.26 94.38 33.27
404.01 182.93 95.80 33.77
415.51 182.12 95.80 33.77
425.27 181.57 94.38 33.27
426.87 184.56 95.80 33.77
432.10 184.01 94.38 33.27
429.10 183.76 95.80 33.77
435.99 177.28 95.80 33.77
438.97 173.54 94.38 33.27
441.23 175.13 94.38 33.27
448.63 171.45 92.99 32.78
451.51 169.36 91.61 32.30
450.02 167.31 90.26 31.82
452.82 163.03 88.93 31.35
456.49 161.27 90.26 31.82
455.81 160.26 91.61 32.30
458.01 158.70 91.61 32.30
459.56 160.04 92.99 32.78
459.56 158.46 92.99 32.78
455.85 155.60 91.61 32.30
452.19 158.13 90.26 31.82
447.86 158.90 90.26 31.82
449.38 160.21 91.61 32.30
448.69 168.62 92.99 32.78
453.16 171.77 92.99 32.78
452.46 176.31 94.38 33.27
448.69 176.56 92.99 32.78
447.18 178.35 91.61 32.30
442.03 184.40 92.99 32.78
439.80 185.19 92.99 32.78
432.30 190.53 94.38 33.27
430.04 192.93 94.38 33.27
427.03 197.54 95.80 33.77
429.33 200.78 95.80 33.77
427.77 201.83 94.38 33.27
416.45 203.43 94.38 33.27
419.38 201.32 92.99 32.78
425.48 201.07 94.38 33.27
422.47 204.06 95.80 33.77
419.42 203.81 97.24 34.28
414.75 203.81 97.24 34.28
417.08 201.34 97.24 34.28
417.80 201.59 95.80 33.77
418.51 201.84 94.38 33.27
421.44 202.09 92.99 32.78
418.48 202.64 94.38 33.27
420.07 198.34 95.80 33.77
417.01 199.73 97.24 34.28
418.65 208.66 98.70 34.79
418.65 206.16 98.70 34.79
411.55 202.82 98.70 34.79
404.44 202.82 98.70 34.79
402.07 196.14 98.70 34.79
390.23 199.48 98.70 34.79
375.06 200.91 100.18 35.31
380.54 181.97 98.70 34.79
379.80 181.70 100.18 35.31
364.41 188.32 101.68 35.84
