242.00 436.00 30.00 15.00
243.24 435.89 30.45 15.23
244.18 435.28 30.00 15.00
245.82 435.39 29.56 14.78
246.74 435.50 29.12 14.56
247.94 435.75 29.56 14.78
248.86 436.20 29.12 14.56
250.06 436.80 29.56 14.78
251.67 437.26 29.12 14.56
253.27 438.06 28.69 14.34
254.16 438.84 28.27 14.13
255.51 439.86 28.27 14.13
256.68 440.44 28.69 14.34
257.57 440.89 28.27 14.13
259.11 441.33 27.85 13.92
259.78 442.00 27.85 13.92
261.30 442.76 27.44 13.72
261.96 443.42 27.44 13.72
263.28 444.07 27.44 13.72
263.94 444.40 27.44 13.72
264.79 444.50 27.03 13.52
266.09 444.50 27.03 13.52
266.74 444.50 27.03 13.52
267.58 444.60 26.63 13.32
268.85 444.92 26.63 13.32
269.49 445.88 26.63 13.32
270.95 446.61 26.24 13.12
271.58 447.24 26.24 13.12
272.21 447.56 26.24 13.12
272.84 447.87 26.24 13.12
273.47 447.87 26.24 13.12
274.28 447.97 25.85 12.93
275.08 448.67 25.47 12.73
275.70 449.29 25.47 12.73
275.70 449.59 25.47 12.73
276.49 449.68 25.09 12.55
276.67 450.07 24.72 12.36
277.09 449.68 25.09 12.55
277.27 449.18 24.72 12.36
277.87 448.59 24.72 12.36
278.05 447.80 24.36 12.18
278.63 447.51 24.36 12.18
279.39 446.45 24.00 12.00
279.97 446.73 24.00 12.00
280.71 445.97 23.64 11.82
281.85 445.12 23.64 11.82
282.98 445.41 23.64 11.82
284.27 445.49 23.29 11.65
285.23 445.41 23.64 11.82
286.53 444.10 23.29 11.65
287.64 444.10 23.29 11.65
288.92 441.70 22.95 11.47
290.42 438.82 23.29 11.65
291.70 436.70 22.95 11.47
293.90 435.05 22.95 11.47
296.24 433.78 22.61 11.30
297.72 431.77 22.95 11.47
299.23 428.61 23.29 11.65
301.05 426.49 22.95 11.47
302.85 424.95 22.61 11.30
303.93 421.96 22.61 11.30
306.77 422.05 22.27 11.14
308.91 421.25 22.27 11.14
311.71 421.33 21.94 10.97
313.29 422.12 21.94 10.97
314.87 422.91 21.94 10.97
316.45 423.43 21.94 10.97
317.50 423.70 21.94 10.97
319.22 424.04 21.62 10.81
320.78 425.34 21.62 10.81
322.33 426.11 21.62 10.81
324.41 426.63 21.62 10.81
326.10 427.74 21.30 10.65
328.15 428.25 21.30 10.65
329.68 427.99 21.30 10.65
331.35 428.32 20.99 10.49
333.37 428.32 20.99 10.49
335.38 428.57 20.99 10.49
337.39 427.82 20.99 10.49
339.41 427.82 20.99 10.49
341.42 427.57 20.99 10.49
343.56 426.90 20.68 10.34
345.05 426.15 20.68 10.34
347.04 426.15 20.68 10.34
349.15 425.74 20.37 10.19
350.74 425.09 20.07 10.03
352.67 424.85 20.07 10.03
354.59 424.85 20.07 10.03
356.52 424.61 20.07 10.03
357.35 424.54 20.37 10.19
359.30 424.78 20.37 10.19
360.28 424.78 20.37 10.19
362.36 424.38 20.07 10.03
363.93 424.45 19.77 9.89
365.36 424.69 19.77 9.89
366.90 424.29 19.48 9.74
368.89 423.90 19.19 9.60
370.15 423.83 19.48 9.74
371.21 423.67 19.19 9.60
372.60 422.98 19.19 9.60
373.98 422.75 19.19 9.60
374.90 422.98 19.19 9.60
376.16 422.68 19.48 9.74
377.09 422.68 19.48 9.74
378.62 422.98 19.19 9.60
379.67 423.28 18.91 9.45
381.03 423.28 18.91 9.45
382.06 423.57 18.63 9.31
382.96 423.57 18.63 9.31
383.85 423.57 18.63 9.31
384.17 423.27 18.91 9.45
385.65 423.12 18.63 9.31
386.23 422.75 18.35 9.18
387.11 422.97 18.35 9.18
387.99 423.63 18.35 9.18
388.43 423.41 18.35 9.18
388.43 423.63 18.35 9.18
389.31 424.07 18.35 9.18
389.75 423.85 18.35 9.18
390.19 423.63 18.35 9.18
390.95 423.56 18.63 9.31
391.52 423.19 18.35 9.18
391.97 423.19 18.35 9.18
392.41 422.75 18.35 9.18
393.41 422.82 18.08 9.04
393.84 423.25 18.08 9.04
394.15 423.62 18.35 9.18
394.72 423.91 18.08 9.04
394.72 424.34 18.08 9.04
395.15 425.43 18.08 9.04
395.15 425.43 18.08 9.04
395.59 424.99 18.08 9.04
396.57 426.34 17.82 8.91
396.57 426.56 17.82 8.91
396.87 426.92 18.08 9.04
397.44 427.20 17.82 8.91
397.99 427.06 17.55 8.78
398.29 427.42 17.82 8.91
398.84 427.07 17.55 8.78
399.13 424.43 17.82 8.91
399.56 423.79 17.82 8.91
399.99 421.01 17.82 8.91
400.54 417.92 17.55 8.78
400.54 416.87 17.55 8.78
400.41 411.67 17.82 8.91
400.41 409.75 17.82 8.91
400.28 407.94 18.08 9.04
400.41 406.73 17.82 8.91
401.27 405.66 17.82 8.91
401.13 405.16 18.08 9.04
401.27 406.08 17.82 8.91
401.69 408.43 17.82 8.91
402.55 411.21 17.82 8.91
402.55 411.64 17.82 8.91
402.55 413.56 17.82 8.91
403.10 415.73 17.55 8.78
403.40 415.88 17.82 8.91
403.95 416.16 17.55 8.78
403.95 416.16 17.55 8.78
404.49 416.02 17.29 8.65
404.37 415.53 17.55 8.78
404.23 414.40 17.82 8.91
404.23 413.75 17.82 8.91
403.67 414.34 18.08 9.04
403.80 414.40 17.82 8.91
403.23 416.07 18.08 9.04
403.37 416.78 17.82 8.91
403.50 418.11 17.55 8.78
403.37 419.76 17.82 8.91
403.23 420.34 18.08 9.04
403.23 420.34 18.08 9.04
403.23 420.56 18.08 9.04
402.36 419.69 18.08 9.04
402.36 418.60 18.08 9.04
402.07 418.46 17.82 8.91
401.21 416.96 17.82 8.91
400.65 415.38 18.08 9.04
400.07 414.21 18.35 9.18
399.77 412.54 18.08 9.04
398.90 410.58 18.08 9.04
398.04 408.85 18.08 9.04
