103.00 168.00 7.00 8.00
102.27 166.38 7.10 8.12
101.17 166.91 7.21 8.24
101.40 166.78 7.10 8.12
97.82 168.34 7.10 8.12
97.70 168.40 7.00 8.00
97.75 168.46 6.90 7.88
97.03 166.86 7.00 8.00
95.27 172.84 7.11 8.12
92.97 171.94 7.00 8.00
89.00 169.94 7.11 8.12
88.04 173.26 7.00 8.00
90.89 172.03 7.11 8.12
90.77 171.32 7.00 8.00
87.82 169.90 7.11 8.12
92.79 169.84 7.21 8.24
92.56 174.79 7.32 8.37
90.36 173.87 7.21 8.24
95.40 173.60 7.32 8.37
90.89 174.15 7.43 8.49
90.65 174.09 7.54 8.62
90.89 174.15 7.43 8.49
89.75 169.13 7.54 8.62
85.83 169.69 7.65 8.75
78.32 170.48 7.77 8.88
77.69 169.98 7.89 9.01
78.01 171.01 8.00 9.15
79.12 172.94 8.12 9.28
80.25 174.68 8.25 9.42
80.79 175.53 8.37 9.56
81.95 177.32 8.49 9.71
82.92 178.91 8.62 9.85
83.49 180.03 8.75 10.00
84.96 181.71 8.75 10.00
86.22 183.39 8.75 10.00
86.90 184.41 8.62 9.85
87.89 185.78 8.75 10.00
89.20 187.75 8.62 9.85
89.61 188.46 8.62 9.85
90.81 190.06 8.75 10.00
92.02 191.45 8.88 10.15
92.45 192.18 8.88 10.15
93.51 193.64 8.88 10.15
94.58 195.35 8.88 10.15
95.22 196.08 8.88 10.15
96.23 197.49 9.02 10.30
97.36 198.78 8.88 10.15
97.79 199.51 8.88 10.15
98.86 200.73 8.88 10.15
99.92 202.43 8.88 10.15
100.07 202.85 9.02 10.30
101.15 204.09 9.02 10.30
102.07 205.38 8.88 10.15
102.22 205.80 9.02 10.30
103.31 207.04 9.02 10.30
104.01 208.09 8.88 10.15
104.38 208.76 9.02 10.30
105.24 209.74 9.02 10.30
106.16 211.04 8.88 10.15
106.31 211.46 9.02 10.30
106.96 212.45 9.02 10.30
107.61 213.44 9.02 10.30
107.98 213.86 9.15 10.46
108.70 214.68 9.02 10.30
109.29 215.61 9.15 10.46
109.57 215.93 9.02 10.30
110.28 216.98 8.88 10.15
110.98 217.78 8.75 10.00
111.12 217.95 8.88 10.15
111.82 218.74 8.75 10.00
112.18 219.40 8.88 10.15
112.39 219.64 8.88 10.15
112.82 220.37 8.88 10.15
113.19 220.79 9.02 10.30
113.62 221.04 9.02 10.30
113.90 221.60 8.88 10.15
114.33 221.84 8.88 10.15
114.39 221.92 8.75 10.00
114.75 221.60 8.88 10.15
114.69 221.52 9.02 10.30
114.69 221.28 9.02 10.30
115.12 221.28 9.02 10.30
115.12 221.28 9.02 10.30
115.12 221.03 9.02 10.30
115.12 221.03 9.02 10.30
115.12 221.03 9.02 10.30
114.90 221.03 9.02 10.30
114.90 221.03 9.02 10.30
115.12 221.03 9.02 10.30
115.12 221.03 9.02 10.30
115.12 221.03 9.02 10.30
115.12 221.03 9.02 10.30
115.12 221.03 9.02 10.30
115.12 221.03 9.02 10.30
115.12 221.03 9.02 10.30
115.33 221.03 9.02 10.30
115.33 221.03 9.02 10.30
115.05 220.95 9.15 10.46
115.05 220.95 9.15 10.46
115.05 220.95 9.15 10.46
115.05 220.95 9.15 10.46
115.05 220.95 9.15 10.46
114.98 220.87 9.29 10.62
109.25 217.43 9.43 10.77
99.08 218.14 9.57 10.94
100.91 210.27 9.57 10.94
95.95 208.58 9.71 11.10
91.14 210.12 9.86 11.27
90.98 214.20 9.71 11.10
91.14 217.91 9.86 11.27
89.15 219.74 10.01 11.44
86.15 223.84 10.16 11.61
84.34 228.84 10.31 11.78
79.74 230.47 10.46 11.96
78.90 236.79 10.62 12.14
75.71 246.35 10.46 11.96
75.79 246.44 10.31 11.78
75.71 246.35 10.46 11.96
75.71 246.64 10.46 11.96
75.71 246.64 10.46 11.96
75.71 246.35 10.46 11.96
75.71 246.35 10.46 11.96
75.71 246.35 10.46 11.96
75.71 246.35 10.46 11.96
75.71 246.35 10.46 11.96
75.71 246.35 10.46 11.96
75.71 246.35 10.46 11.96
75.71 246.35 10.46 11.96
75.71 246.35 10.46 11.96
75.71 246.35 10.46 11.96
75.71 246.35 10.46 11.96
75.71 246.35 10.46 11.96
75.71 246.35 10.46 11.96
