222.00 40.00 6.00 5.00
223.12 40.57 6.09 5.07
221.45 43.87 6.18 5.15
219.44 45.46 6.27 5.23
214.05 48.23 6.37 5.31
209.66 50.51 6.46 5.39
207.24 51.65 6.56 5.47
202.72 54.28 6.66 5.55
198.45 56.67 6.76 5.63
195.93 58.00 6.86 5.72
191.54 60.60 6.96 5.80
187.07 63.10 7.07 5.89
184.79 64.40 6.96 5.80
179.98 67.32 7.07 5.89
175.28 69.72 7.17 5.98
173.30 71.04 7.07 5.89
168.25 73.57 7.17 5.98
163.66 76.15 7.28 6.07
160.94 77.73 7.39 6.16
156.39 80.24 7.50 6.25
151.58 82.93 7.61 6.34
148.74 84.27 7.73 6.44
143.79 87.36 7.84 6.54
138.76 90.02 7.96 6.63
136.37 91.32 7.84 6.54
131.54 94.14 7.96 6.63
126.43 97.16 8.08 6.73
123.63 98.65 7.96 6.63
118.72 101.34 8.08 6.73
113.54 104.41 8.20 6.84
110.69 105.75 8.08 6.73
105.71 108.82 8.20 6.84
100.45 111.60 8.33 6.94
97.56 113.13 8.20 6.84
92.70 115.91 8.33 6.94
86.96 118.90 8.45 7.04
84.03 120.61 8.33 6.94
79.10 123.77 8.45 7.04
73.48 126.81 8.58 7.15
70.70 128.38 8.45 7.04
70.09 130.92 8.45 7.04
72.95 133.47 8.33 6.94
73.80 134.66 8.20 6.84
75.80 137.14 8.08 6.73
77.71 139.55 8.20 6.84
78.65 140.66 8.33 6.94
80.68 143.01 8.20 6.84
82.87 144.19 8.08 6.73
83.89 143.61 7.96 6.63
85.96 141.94 8.08 6.73
87.87 140.41 8.20 6.84
88.81 139.53 8.33 6.94
90.57 138.13 8.45 7.04
92.56 136.70 8.58 7.15
93.64 135.91 8.45 7.04
95.67 134.89 8.45 7.04
97.46 133.30 8.58 7.15
98.54 132.67 8.45 7.04
100.16 131.49 8.45 7.04
101.74 130.07 8.58 7.15
102.56 129.38 8.58 7.15
104.45 128.42 8.45 7.04
106.31 127.31 8.33 6.94
107.16 126.70 8.20 6.84
108.58 125.78 8.08 6.73
110.17 124.88 7.96 6.63
111.13 124.40 7.96 6.63
112.62 123.06 8.08 6.73
113.93 122.02 8.20 6.84
114.96 121.59 8.08 6.73
116.13 120.62 8.08 6.73
117.53 119.71 7.96 6.63
118.34 119.29 7.84 6.54
119.62 118.44 7.96 6.63
120.72 117.59 8.08 6.73
121.35 117.16 7.96 6.63
122.73 116.58 7.84 6.54
123.82 115.42 7.96 6.63
124.44 115.31 7.84 6.54
125.53 114.30 7.96 6.63
126.72 113.57 7.84 6.54
127.04 113.52 7.96 6.63
127.95 112.50 8.08 6.73
128.87 111.79 8.20 6.84
129.71 111.36 8.08 6.73
130.63 110.82 8.20 6.84
131.66 110.22 8.08 6.73
132.11 110.11 7.96 6.63
132.92 109.53 7.84 6.54
133.90 109.27 7.73 6.44
134.27 109.12 7.73 6.44
135.16 108.13 7.84 6.54
135.96 107.87 7.73 6.44
136.20 107.76 7.61 6.34
137.15 107.36 7.50 6.25
137.65 106.85 7.61 6.34
138.06 106.60 7.50 6.25
138.55 106.25 7.61 6.34
139.05 105.74 7.73 6.44
139.42 105.58 7.73 6.44
139.93 105.22 7.84 6.54
140.55 104.96 7.73 6.44
140.79 105.01 7.61 6.34
141.10 104.50 7.73 6.44
141.61 104.29 7.84 6.54
142.04 104.19 7.73 6.44
142.41 104.03 7.73 6.44
142.54 103.67 7.84 6.54
142.67 103.62 7.96 6.63
143.05 103.46 7.96 6.63
143.49 103.35 7.84 6.54
143.54 103.40 7.73 6.44
143.67 103.20 7.84 6.54
143.86 103.04 7.84 6.54
143.99 102.83 7.96 6.63
144.05 102.88 7.84 6.54
144.30 102.93 7.73 6.44
144.48 102.77 7.73 6.44
144.48 102.77 7.73 6.44
144.54 102.82 7.61 6.34
144.48 102.77 7.73 6.44
144.67 102.62 7.73 6.44
144.73 102.67 7.61 6.34
144.73 102.67 7.61 6.34
