102.00 158.00 8.00 8.00
102.00 158.00 8.00 8.00
102.00 158.00 8.00 8.00
102.00 158.00 8.00 8.00
102.00 158.00 8.00 8.00
102.00 158.00 8.00 8.00
101.94 161.45 8.12 8.12
99.12 159.20 8.00 8.00
99.37 158.51 7.88 7.88
99.37 158.32 7.88 7.88
99.37 158.70 7.88 7.88
99.37 158.70 7.88 7.88
99.37 159.07 7.88 7.88
99.37 158.51 7.88 7.88
99.31 158.45 8.00 8.00
99.31 158.45 8.00 8.00
99.31 158.45 8.00 8.00
99.37 158.32 7.88 7.88
99.37 158.32 7.88 7.88
99.37 158.32 7.88 7.88
99.37 158.13 7.88 7.88
99.37 157.94 7.88 7.88
99.43 158.00 7.77 7.77
99.18 156.99 7.88 7.88
99.18 156.99 7.88 7.88
99.05 157.05 7.77 7.77
99.18 155.86 7.88 7.88
99.31 155.61 8.00 8.00
106.47 153.99 8.12 8.12
104.22 152.90 8.00 8.00
105.42 151.06 7.88 7.88
106.51 147.16 8.00 8.00
107.13 149.87 7.88 7.88
105.73 149.24 8.00 8.00
105.28 149.18 8.12 8.12
110.53 145.01 8.00 8.00
108.50 148.10 7.88 7.88
107.10 148.04 8.00 8.00
105.48 144.67 8.12 8.12
111.36 143.22 8.24 8.24
111.61 143.28 8.12 8.12
105.62 143.42 8.24 8.24
104.95 138.34 8.37 8.37
105.09 137.87 8.49 8.49
105.65 138.01 8.62 8.62
105.10 138.07 8.49 8.49
106.07 141.94 8.62 8.62
110.00 143.35 8.75 8.75
109.72 142.85 8.88 8.88
109.87 142.79 9.01 9.01
109.80 142.72 9.15 9.15
109.73 142.87 9.28 9.28
109.66 142.80 9.42 9.42
109.59 142.73 9.56 9.56
109.52 142.66 9.71 9.71
103.53 137.39 9.85 9.85
107.54 139.95 10.00 10.00
106.98 140.12 10.15 10.15
105.17 138.81 10.30 10.30
105.09 138.73 10.46 10.46
102.20 131.14 10.30 10.30
103.38 127.30 10.46 10.46
104.20 126.88 10.30 10.30
104.28 126.96 10.15 10.15
104.35 126.79 10.00 10.00
104.76 125.99 10.15 10.15
104.69 125.91 10.30 10.30
104.11 133.11 10.46 10.46
113.46 124.37 10.62 10.62
112.60 126.88 10.77 10.77
113.05 125.22 10.94 10.94
112.96 124.34 11.10 11.10
112.88 124.26 11.27 11.27
112.80 124.17 11.44 11.44
112.71 124.37 11.61 11.61
112.91 124.28 11.78 11.78
111.38 124.48 11.96 11.96
110.34 131.64 11.78 11.78
110.83 131.26 11.96 11.96
106.08 133.79 12.14 12.14
99.78 131.93 12.32 12.32
99.38 132.14 12.50 12.50
99.29 132.04 12.69 12.69
99.19 132.26 12.88 12.88
99.41 131.84 13.08 13.08
99.31 131.75 13.27 13.27
99.21 131.65 13.47 13.47
99.11 131.55 13.67 13.67
99.01 131.44 13.88 13.88
98.91 131.34 14.09 14.09
98.80 131.23 14.30 14.30
98.69 131.13 14.51 14.51
97.77 128.15 14.30 14.30
97.88 128.59 14.09 14.09
97.65 128.03 13.88 13.88
97.65 128.03 13.88 13.88
97.65 128.03 13.88 13.88
97.65 128.03 13.88 13.88
97.65 128.03 13.88 13.88
97.65 128.03 13.88 13.88
97.65 128.03 13.88 13.88
97.65 128.03 13.88 13.88
97.98 128.36 13.88 13.88
97.98 128.36 13.88 13.88
97.75 128.13 13.67 13.67
97.75 128.13 13.67 13.67
97.75 127.81 13.67 13.67
98.32 128.70 13.88 13.88
97.76 128.15 13.67 13.67
97.76 128.15 13.67 13.67
97.76 128.15 13.67 13.67
97.76 128.15 13.67 13.67
97.76 128.15 13.67 13.67
97.76 128.15 13.67 13.67
97.76 128.15 13.67 13.67
97.76 128.15 13.67 13.67
97.76 128.15 13.67 13.67
97.76 128.15 13.67 13.67
98.33 128.38 13.88 13.88
98.22 128.28 14.09 14.09
98.12 128.17 14.30 14.30
98.01 128.41 14.51 14.51
96.49 115.22 14.73 14.73
96.38 113.32 14.95 14.95
96.27 113.21 15.18 15.18
96.15 113.09 15.40 15.40
96.04 112.98 15.63 15.63
96.04 112.98 15.63 15.63
96.04 112.98 15.63 15.63
96.04 112.98 15.63 15.63
96.04 112.98 15.63 15.63
96.04 112.98 15.63 15.63
95.54 112.86 15.87 15.87
96.03 112.98 15.63 15.63
95.53 112.86 15.87 15.87
96.02 113.35 15.63 15.63
96.14 113.10 15.40 15.40
97.53 105.85 15.63 15.63
97.41 105.35 15.87 15.87
97.41 105.35 15.87 15.87
97.41 105.35 15.87 15.87
97.41 105.35 15.87 15.87
97.41 105.35 15.87 15.87
97.68 105.24 16.11 16.11
97.56 105.12 16.35 16.35
97.56 105.12 16.35 16.35
97.56 105.12 16.35 16.35
97.56 105.12 16.35 16.35
97.56 105.12 16.35 16.35
97.56 105.12 16.35 16.35
97.56 105.51 16.35 16.35
97.56 105.51 16.35 16.35
95.84 106.58 16.59 16.59
96.35 111.41 16.35 16.35
96.86 113.85 16.11 16.11
96.74 111.38 16.35 16.35
96.86 115.75 16.11 16.11
80.26 117.20 16.35 16.35
104.03 101.54 16.59 16.59
95.52 111.08 16.35 16.35
97.19 115.46 16.11 16.11
103.02 113.29 15.87 15.87
106.77 115.10 16.11 16.11
103.84 120.93 15.87 15.87
96.08 114.30 15.63 15.63
96.94 114.78 15.40 15.40
