344.00 560.00 28.00 103.00
345.34 560.00 28.00 103.00
346.50 559.23 28.42 104.55
346.98 560.99 28.85 106.11
347.46 560.19 29.28 107.70
348.17 560.19 29.28 107.70
350.09 559.39 29.72 109.32
350.31 560.19 29.28 107.70
351.91 560.99 28.85 106.11
352.12 561.77 28.42 104.55
353.00 562.55 28.00 103.00
353.21 560.87 27.59 101.48
361.07 552.70 28.00 103.00
359.49 551.92 28.42 104.55
364.13 558.78 28.85 106.11
363.91 557.98 29.28 107.70
377.97 556.23 28.85 106.11
372.05 559.53 28.42 104.55
371.14 556.19 28.85 106.11
371.63 555.40 29.28 107.70
373.55 554.59 29.72 109.32
374.05 553.77 30.16 110.96
374.56 552.94 30.62 112.62
375.82 552.09 31.08 114.31
378.80 552.09 31.08 114.31
380.29 552.09 31.08 114.31
381.78 554.84 31.08 114.31
384.95 552.98 30.62 112.62
387.71 554.88 31.08 114.31
387.71 554.88 31.08 114.31
389.20 554.88 31.08 114.31
389.94 554.88 31.08 114.31
392.18 554.88 31.08 114.31
394.62 555.72 30.62 112.62
394.12 556.55 30.16 110.96
395.05 557.37 29.72 109.32
397.73 553.89 30.16 110.96
399.71 550.36 30.62 112.62
399.48 546.77 31.08 114.31
403.78 554.27 31.54 116.03
406.81 557.05 31.54 116.03
406.81 557.05 31.54 116.03
408.54 557.91 31.08 114.31
407.30 556.05 30.62 112.62
407.52 554.22 30.16 110.96
408.46 555.04 29.72 109.32
411.13 554.22 30.16 110.96
410.91 556.09 30.62 112.62
410.68 555.24 31.08 114.31
412.71 554.39 31.54 116.03
412.48 553.52 32.01 117.77
414.23 554.39 31.54 116.03
415.95 555.24 31.08 114.31
418.39 553.39 30.62 112.62
421.14 555.28 31.08 114.31
411.82 515.44 31.54 116.03
411.59 514.57 32.01 117.77
411.59 514.57 32.01 117.77
409.79 525.16 32.50 119.54
412.91 519.43 32.50 119.54
408.54 511.83 32.01 117.77
408.30 536.77 32.50 119.54
409.64 538.78 32.98 121.33
436.71 552.65 33.48 123.15
437.75 553.56 32.98 121.33
439.55 551.59 32.50 119.54
442.09 552.47 32.01 117.77
443.63 552.47 32.01 117.77
444.17 551.59 32.50 119.54
446.72 552.47 32.01 117.77
448.47 553.34 31.54 116.03
450.19 551.45 31.08 114.31
453.17 551.45 31.08 114.31
453.40 552.30 30.62 112.62
453.40 552.30 30.62 112.62
454.14 552.30 30.62 112.62
455.81 550.47 30.16 110.96
459.26 552.34 30.62 112.62
461.27 551.49 31.08 114.31
461.27 551.49 31.08 114.31
462.55 550.64 31.54 116.03
464.27 551.49 31.08 114.31
465.77 551.49 31.08 114.31
467.80 550.64 31.54 116.03
469.10 549.77 32.01 117.77
471.20 548.88 32.50 119.54
472.54 547.99 32.98 121.33
474.35 548.88 32.50 119.54
477.66 549.77 32.01 117.77
478.98 551.75 32.50 119.54
478.98 551.75 32.50 119.54
481.52 549.81 32.01 117.77
484.79 550.68 31.54 116.03
488.57 550.68 31.54 116.03
490.85 547.89 31.54 116.03
490.85 547.89 31.54 116.03
492.15 547.02 32.01 117.77
491.91 546.14 32.50 119.54
493.24 545.24 32.98 121.33
499.73 546.14 32.50 119.54
503.04 547.02 32.01 117.77
503.28 547.89 31.54 116.03
503.51 546.01 31.08 114.31
504.26 546.01 31.08 114.31
505.54 545.15 31.54 116.03
508.37 547.11 32.01 117.77
509.69 546.22 32.50 119.54
512.62 545.33 32.98 121.33
514.78 544.42 33.48 123.15
514.78 544.42 33.48 123.15
516.16 546.49 33.98 125.00
518.02 544.46 33.48 123.15
519.85 545.37 32.98 121.33
520.40 544.46 33.48 123.15
522.01 544.46 33.48 123.15
522.01 544.46 33.48 123.15
525.02 543.54 33.98 125.00
527.68 544.46 33.48 123.15
528.72 542.46 32.98 121.33
529.75 543.36 32.50 119.54
533.06 544.24 32.01 117.77
535.36 544.24 32.01 117.77
535.12 543.36 32.50 119.54
534.88 545.37 32.98 121.33
537.04 544.46 33.48 123.15
540.26 544.46 33.48 123.15
542.88 542.46 32.98 121.33
545.46 543.36 32.50 119.54
548.01 544.24 32.01 117.77
551.08 544.24 32.01 117.77
553.96 546.23 32.50 119.54
559.42 543.36 32.50 119.54
561.76 543.36 32.50 119.54
561.76 543.36 32.50 119.54
564.68 542.46 32.98 121.33
567.27 540.49 32.50 119.54
568.05 540.49 32.50 119.54
568.83 540.49 32.50 119.54
571.37 541.37 32.01 117.77
576.59 540.49 32.50 119.54
577.37 543.36 32.50 119.54
577.13 542.46 32.98 121.33
577.37 543.36 32.50 119.54
579.71 543.36 32.50 119.54
581.27 543.36 32.50 119.54
582.61 542.46 32.98 121.33
583.17 544.51 33.48 123.15
584.54 543.58 33.98 125.00
586.77 542.64 34.49 126.87
591.11 543.58 33.98 125.00
592.74 543.58 33.98 125.00
592.74 543.58 33.98 125.00
593.79 541.55 33.48 123.15
597.20 542.46 32.98 121.33
597.45 543.36 32.50 119.54
600.76 544.24 32.01 117.77
604.03 545.11 31.54 116.03
606.50 545.97 31.08 114.31
606.73 546.81 30.62 112.62
606.23 544.98 30.16 110.96
607.68 544.98 30.16 110.96
609.85 544.98 30.16 110.96
611.09 546.85 30.62 112.62
611.61 546.01 31.08 114.31
612.89 545.15 31.54 116.03
616.11 546.01 31.08 114.31
619.83 546.01 31.08 114.31
624.14 545.15 31.54 116.03
624.14 545.15 31.54 116.03
626.41 545.15 31.54 116.03
626.41 545.15 31.54 116.03
627.71 544.28 32.01 117.77
629.47 542.37 31.54 116.03
630.98 542.37 31.54 116.03
631.51 544.32 32.01 117.77
633.61 543.44 32.50 119.54
635.74 542.54 32.98 121.33
638.71 541.63 33.48 123.15
641.33 542.54 32.98 121.33
641.57 543.44 32.50 119.54
643.71 542.54 32.98 121.33
644.50 542.54 32.98 121.33
646.30 543.44 32.50 119.54
649.61 544.32 32.01 117.77
650.61 545.19 31.54 116.03
650.84 546.05 31.08 114.31
653.08 548.79 31.08 114.31
655.87 547.94 31.54 116.03
657.60 548.79 31.08 114.31
659.30 546.93 30.62 112.62
661.30 546.09 31.08 114.31
664.86 545.23 31.54 116.03
667.33 546.09 31.08 114.31
671.80 546.09 31.08 114.31
674.79 548.83 31.08 114.31
675.75 549.68 30.62 112.62
677.22 549.68 30.62 112.62
677.74 548.83 31.08 114.31
678.48 548.83 31.08 114.31
680.52 547.98 31.54 116.03
682.59 547.11 32.01 117.77
684.89 547.11 32.01 117.77
686.43 547.11 32.01 117.77
691.21 547.98 31.54 116.03
694.42 548.83 31.08 114.31
694.42 548.83 31.08 114.31
695.71 547.98 31.54 116.03
696.46 547.98 31.54 116.03
696.99 547.11 32.01 117.77
698.31 546.22 32.50 119.54
700.44 545.33 32.98 121.33
704.21 544.42 33.48 123.15
706.84 545.33 32.98 121.33
710.00 545.33 32.98 121.33
711.59 545.33 32.98 121.33
714.75 545.33 32.98 121.33
716.56 543.35 32.50 119.54
716.31 542.46 32.98 121.33
717.10 542.46 32.98 121.33
718.69 542.46 32.98 121.33
721.27 543.35 32.50 119.54
722.83 546.22 32.50 119.54
723.61 546.22 32.50 119.54
725.17 546.22 32.50 119.54
726.73 546.22 32.50 119.54
731.41 546.22 32.50 119.54
732.97 546.22 32.50 119.54
732.97 546.22 32.50 119.54
733.75 546.22 32.50 119.54
733.75 546.22 32.50 119.54
736.09 546.22 32.50 119.54
740.77 546.22 32.50 119.54
742.54 547.11 32.01 117.77
742.54 547.11 32.01 117.77
743.86 546.22 32.50 119.54
746.20 546.22 32.50 119.54
747.98 544.28 32.01 117.77
750.49 545.15 31.54 116.03
751.79 544.28 32.01 117.77
753.89 543.40 32.50 119.54
756.23 543.40 32.50 119.54
756.23 543.40 32.50 119.54
758.57 543.40 32.50 119.54
760.70 542.50 32.98 121.33
762.50 543.40 32.50 119.54
763.28 543.40 32.50 119.54
764.62 542.50 32.98 121.33
766.20 542.50 32.98 121.33
770.95 539.59 32.98 121.33
774.12 539.59 32.98 121.33
774.12 539.59 32.98 121.33
775.48 538.68 33.48 123.15
778.10 539.59 32.98 121.33
780.26 538.68 33.48 123.15
780.83 537.75 33.98 125.00
785.54 536.82 34.49 126.87
788.24 537.75 33.98 125.00
788.24 537.75 33.98 125.00
789.87 537.75 33.98 125.00
792.53 538.68 33.48 123.15
795.16 539.59 32.98 121.33
798.12 538.68 33.48 123.15
800.75 539.59 32.98 121.33
800.75 539.59 32.98 121.33
801.54 539.59 32.98 121.33
803.34 540.48 32.50 119.54
804.90 540.48 32.50 119.54
806.68 541.37 32.01 117.77
809.56 540.48 32.50 119.54
810.10 539.59 32.98 121.33
810.10 539.59 32.98 121.33
811.69 539.59 32.98 121.33
814.06 539.59 32.98 121.33
815.65 539.59 32.98 121.33
816.20 535.72 33.48 123.15
818.82 536.63 32.98 121.33
820.41 536.63 32.98 121.33
821.77 538.68 33.48 123.15
824.39 539.59 32.98 121.33
828.96 538.68 33.48 123.15
831.16 537.75 33.98 125.00
832.21 538.68 33.48 123.15
833.59 537.75 33.98 125.00
836.25 535.72 33.48 123.15
840.89 537.80 33.98 125.00
843.56 538.72 33.48 123.15
843.56 538.72 33.48 123.15
846.97 536.72 32.98 121.33
847.53 535.81 33.48 123.15
849.13 535.81 33.48 123.15
850.17 536.72 32.98 121.33
854.75 535.81 33.48 123.15
856.58 536.72 32.98 121.33
856.33 535.81 33.48 123.15
857.71 534.89 33.98 125.00
859.11 533.95 34.49 126.87
861.81 531.89 33.98 125.00
863.44 531.89 33.98 125.00
865.07 534.89 33.98 125.00
866.47 533.95 34.49 126.87
873.25 534.89 33.98 125.00
875.11 535.81 33.48 123.15
875.91 535.81 33.48 123.15
876.95 536.72 32.98 121.33
878.31 535.81 33.48 123.15
881.32 534.89 33.98 125.00
883.55 533.95 34.49 126.87
883.55 533.95 34.49 126.87
884.97 533.00 35.01 128.77
886.65 533.00 35.01 128.77
887.24 535.17 35.53 130.71
888.71 534.19 36.06 132.67
890.68 535.17 35.53 130.71
892.14 534.19 36.06 132.67
893.01 534.19 36.06 132.67
895.38 529.96 36.61 134.66
896.25 529.96 36.61 134.66
896.25 529.96 36.61 134.66
899.12 530.96 36.06 132.67
899.12 530.96 36.06 132.67
902.58 530.96 36.06 132.67
904.95 529.96 36.61 134.66
907.35 528.95 37.15 136.68
907.07 531.26 37.71 138.73
907.71 530.22 38.28 140.81
909.80 531.26 37.71 138.73
911.86 529.00 37.15 136.68
912.49 527.98 37.71 138.73
915.20 527.98 37.71 138.73
916.76 526.94 38.28 140.81
917.95 531.31 37.71 138.73
910.20 535.61 37.15 136.68
906.96 536.62 36.61 134.66
907.23 537.62 36.06 132.67
906.64 538.60 35.53 130.71
896.82 570.47 35.01 128.77
898.50 536.47 35.01 128.77
895.45 540.47 34.49 126.87
908.75 583.40 33.98 125.00
909.57 586.40 33.98 125.00
905.18 585.47 34.49 126.87
902.17 586.40 33.98 125.00
897.28 583.40 33.98 125.00
887.92 585.51 34.49 126.87
882.62 584.56 35.01 128.77
881.50 583.59 35.53 130.71
875.18 582.61 36.06 132.67
866.06 583.59 35.53 130.71
865.21 583.59 35.53 130.71
854.98 580.46 35.53 130.71
850.71 577.32 35.53 130.71
850.71 577.32 35.53 130.71
847.85 576.34 36.06 132.67
846.41 580.46 35.53 130.71
844.15 581.42 35.01 128.77
841.10 582.37 34.49 126.87
837.79 585.42 34.49 126.87
835.01 581.38 35.01 128.77
830.48 580.41 35.53 130.71
820.70 579.43 36.06 132.67
815.85 580.41 35.53 130.71
815.85 580.41 35.53 130.71
810.23 581.38 35.01 128.77
804.35 581.38 35.01 128.77
799.64 582.33 34.49 126.87
796.02 581.38 35.01 128.77
792.14 582.33 34.49 126.87
789.13 583.27 33.98 125.00
785.57 576.24 34.49 126.87
778.48 574.18 33.98 125.00
770.33 577.18 33.98 125.00
769.24 576.24 34.49 126.87
763.94 578.38 35.01 128.77
763.10 578.38 35.01 128.77
758.90 578.38 35.01 128.77
755.54 581.47 35.01 128.77
752.18 581.47 35.01 128.77
748.30 582.42 34.49 126.87
743.34 582.42 34.49 126.87
739.20 579.37 34.49 126.87
735.58 575.33 35.01 128.77
738.73 555.55 35.53 130.71
731.05 539.86 35.53 130.71
718.67 561.17 36.06 132.67
724.55 563.40 36.61 134.66
730.51 565.68 37.15 136.68
740.45 563.45 36.61 134.66
746.42 559.16 37.15 136.68
753.38 558.14 37.71 138.73
760.45 557.10 38.28 140.81
769.49 559.47 38.85 142.92
776.95 556.04 38.85 142.92
776.95 556.04 38.85 142.92
781.61 556.04 38.85 142.92
784.65 557.10 38.28 140.81
789.46 558.14 37.71 138.73
793.98 558.14 37.71 138.73
801.40 559.16 37.15 136.68
805.19 556.94 36.61 134.66
805.46 557.94 36.06 132.67
809.13 558.92 35.53 130.71
812.33 557.94 36.06 132.67
815.79 557.94 36.06 132.67
820.98 557.94 36.06 132.67
828.62 556.94 36.61 134.66
833.22 554.75 36.06 132.67
841.16 552.60 35.53 130.71
850.66 550.47 35.01 128.77
851.75 551.42 34.49 126.87
852.58 551.42 34.49 126.87
852.58 551.42 34.49 126.87
855.89 551.42 34.49 126.87
860.03 548.38 34.49 126.87
