833.00 357.00 23.00 52.00
822.84 359.84 22.66 51.23
817.65 360.22 22.33 50.47
814.97 360.22 22.33 50.47
806.93 360.22 22.33 50.47
801.57 360.22 22.33 50.47
793.54 360.22 22.33 50.47
793.37 357.38 22.66 51.23
787.68 357.00 23.00 52.00
777.51 359.84 22.66 51.23
775.00 360.22 22.33 50.47
766.97 360.22 22.33 50.47
764.49 360.59 22.00 49.73
759.21 360.59 22.00 49.73
753.69 360.22 22.33 50.47
748.58 360.59 22.00 49.73
743.30 360.59 22.00 49.73
739.92 357.80 22.33 50.47
732.42 360.22 22.33 50.47
724.66 360.59 22.00 49.73
719.14 360.22 22.33 50.47
716.66 360.59 22.00 49.73
711.39 360.59 22.00 49.73
703.18 360.22 22.33 50.47
697.83 360.22 22.33 50.47
697.11 357.38 22.66 51.23
692.22 357.38 22.66 51.23
684.06 357.38 22.66 51.23
678.87 360.19 22.33 50.47
673.76 360.56 22.00 49.73
665.84 360.56 22.00 49.73
663.20 360.56 22.00 49.73
655.28 360.56 22.00 49.73
649.76 360.19 22.33 50.47
644.40 360.19 22.33 50.47
643.69 357.35 22.66 51.23
635.79 356.96 23.00 52.00
627.78 360.37 23.34 52.78
627.03 359.98 23.70 53.57
627.03 359.98 23.70 53.57
625.70 363.49 24.05 54.38
622.00 365.73 24.41 55.19
621.23 366.66 24.78 56.02
624.92 373.70 24.41 55.19
625.68 384.55 24.05 54.38
625.68 384.55 24.05 54.38
625.68 384.55 24.05 54.38
623.02 388.81 23.70 53.57
623.02 399.09 23.70 53.57
623.75 399.49 23.34 52.78
623.92 399.88 23.00 52.00
624.09 411.33 22.66 51.23
625.73 418.71 22.66 51.23
626.27 418.71 22.66 51.23
626.27 418.71 22.66 51.23
625.55 430.80 23.00 52.00
625.37 434.21 23.35 52.78
625.37 434.21 23.35 52.78
621.68 444.59 23.00 52.00
621.85 444.97 22.66 51.23
622.02 445.35 22.33 50.47
622.02 445.35 22.33 50.47
616.96 444.97 22.66 51.23
612.61 444.97 22.66 51.23
606.37 444.59 23.00 52.00
605.99 442.51 22.66 51.23
595.98 445.31 22.33 50.47
590.87 445.69 22.00 49.73
582.95 445.69 22.00 49.73
579.78 445.69 22.00 49.73
574.50 445.69 22.00 49.73
566.58 445.69 22.00 49.73
563.94 445.69 22.00 49.73
561.30 445.69 22.00 49.73
555.78 442.89 22.33 50.47
547.46 442.51 22.66 51.23
542.27 445.31 22.33 50.47
537.15 445.69 22.00 49.73
531.87 445.69 22.00 49.73
526.59 445.69 22.00 49.73
521.31 445.69 22.00 49.73
513.40 445.69 22.00 49.73
507.87 446.52 22.33 50.47
507.16 442.46 22.66 51.23
499.55 442.46 22.66 51.23
491.68 445.26 22.33 50.47
491.84 445.63 22.00 49.73
484.20 446.00 21.67 48.99
476.12 445.63 22.00 49.73
470.84 445.63 22.00 49.73
468.21 445.63 22.00 49.73
462.93 445.63 22.00 49.73
456.87 442.84 22.33 50.47
453.98 442.46 22.66 51.23
443.97 445.26 22.33 50.47
438.85 445.63 22.00 49.73
433.58 445.63 22.00 49.73
427.77 445.63 22.00 49.73
422.49 445.63 22.00 49.73
419.85 445.63 22.00 49.73
414.57 445.63 22.00 49.73
411.73 442.84 22.33 50.47
403.40 442.46 22.66 51.23
397.96 442.46 22.66 51.23
392.77 445.26 22.33 50.47
385.02 445.63 22.00 49.73
379.21 445.63 22.00 49.73
374.18 446.00 21.67 48.99
369.26 445.63 22.00 49.73
363.20 445.26 22.33 50.47
358.14 444.88 22.66 51.23
357.60 442.42 22.66 51.23
352.16 442.42 22.66 51.23
342.15 446.43 22.33 50.47
339.14 445.61 22.00 49.73
339.14 445.61 22.00 49.73
339.14 445.61 22.00 49.73
339.14 445.61 22.00 49.73
339.14 445.61 22.00 49.73
339.14 445.61 22.00 49.73
341.78 443.23 22.00 49.73
341.78 443.23 22.00 49.73
341.78 443.23 22.00 49.73
341.78 443.23 22.00 49.73
341.78 443.23 22.00 49.73
341.78 443.23 22.00 49.73
341.78 443.23 22.00 49.73
341.78 443.23 22.00 49.73
341.78 443.23 22.00 49.73
341.78 443.23 22.00 49.73
341.78 443.23 22.00 49.73
341.78 443.23 22.00 49.73
341.78 443.23 22.00 49.73
341.78 443.23 22.00 49.73
341.78 443.23 22.00 49.73
341.78 443.23 22.00 49.73
341.78 443.23 22.00 49.73
341.78 443.23 22.00 49.73
341.78 443.23 22.00 49.73
341.78 443.23 22.00 49.73
341.78 443.23 22.00 49.73
341.78 443.23 22.00 49.73
341.78 443.23 22.00 49.73
341.78 443.23 22.00 49.73
341.78 443.23 22.00 49.73
341.78 443.23 22.00 49.73
341.78 443.23 22.00 49.73
341.78 443.23 22.00 49.73
341.78 443.23 22.00 49.73
341.78 443.23 22.00 49.73
341.78 443.23 22.00 49.73
341.78 443.23 22.00 49.73
341.78 443.23 22.00 49.73
341.78 443.23 22.00 49.73
341.78 443.23 22.00 49.73
341.78 443.23 22.00 49.73
341.78 443.23 22.00 49.73
341.78 443.23 22.00 49.73
341.78 443.23 22.00 49.73
350.76 442.03 22.00 49.73
353.00 442.40 21.67 48.99
358.72 443.58 21.67 48.99
367.00 444.40 22.00 49.73
372.20 444.03 22.33 50.47
373.66 443.65 22.66 51.23
377.91 447.01 23.00 52.00
388.41 425.26 22.66 51.23
382.15 418.37 22.33 50.47
381.26 424.71 22.00 49.73
381.26 424.71 22.00 49.73
381.63 421.92 22.33 50.47
377.57 405.58 22.00 49.73
374.19 399.15 22.33 50.47
371.72 401.91 22.00 49.73
371.36 403.45 21.67 48.99
371.52 403.82 21.35 48.27
369.98 393.39 21.35 48.27
364.62 378.92 21.67 48.99
360.98 381.27 21.67 48.99
360.11 382.79 21.35 48.27
360.11 382.79 21.35 48.27
359.26 372.87 21.03 47.56
353.98 358.62 21.35 48.27
350.70 360.61 21.67 48.99
350.86 360.97 21.35 48.27
350.86 360.97 21.35 48.27
350.86 360.97 21.35 48.27
350.86 360.97 21.35 48.27
350.86 360.97 21.35 48.27
350.86 360.97 21.35 48.27
350.86 360.97 21.35 48.27
350.86 360.97 21.35 48.27
350.86 360.97 21.35 48.27
350.86 360.97 21.35 48.27
350.86 360.97 21.35 48.27
350.86 360.97 21.35 48.27
350.86 360.97 21.35 48.27
350.86 360.97 21.35 48.27
350.86 360.97 21.35 48.27
350.86 360.97 21.35 48.27
344.98 360.61 21.67 48.99
341.65 357.85 22.00 49.73
341.48 357.48 22.33 50.47
341.48 357.48 22.33 50.47
341.12 359.04 22.00 49.73
341.12 359.04 22.00 49.73
341.12 359.04 22.00 49.73
341.12 359.04 22.00 49.73
341.12 359.04 22.00 49.73
341.12 359.04 22.00 49.73
341.12 361.43 22.00 49.73
341.12 361.43 22.00 49.73
341.12 361.43 22.00 49.73
341.12 361.43 22.00 49.73
341.12 361.43 22.00 49.73
341.12 361.43 22.00 49.73
341.12 361.43 22.00 49.73
341.12 361.43 22.00 49.73
341.12 361.43 22.00 49.73
341.12 361.43 22.00 49.73
341.12 361.43 22.00 49.73
341.12 361.43 22.00 49.73
341.12 361.43 22.00 49.73
341.12 361.43 22.00 49.73
341.12 361.43 22.00 49.73
341.12 361.43 22.00 49.73
341.12 361.43 22.00 49.73
341.12 361.43 22.00 49.73
341.12 361.43 22.00 49.73
341.12 361.43 22.00 49.73
341.12 361.43 22.00 49.73
343.23 359.04 22.00 49.73
341.65 360.24 22.00 49.73
341.65 360.24 22.00 49.73
342.02 358.65 22.33 50.47
341.66 360.22 22.00 49.73
341.66 360.22 22.00 49.73
341.66 360.22 22.00 49.73
341.66 360.22 22.00 49.73
341.66 360.22 22.00 49.73
341.66 360.22 22.00 49.73
341.66 360.22 22.00 49.73
341.66 360.22 22.00 49.73
341.66 360.22 22.00 49.73
341.66 360.22 22.00 49.73
341.66 360.22 22.00 49.73
341.66 360.22 22.00 49.73
341.66 360.22 22.00 49.73
341.66 360.22 22.00 49.73
341.66 360.22 22.00 49.73
341.66 360.22 22.00 49.73
341.66 360.22 22.00 49.73
341.66 360.22 22.00 49.73
341.66 360.22 22.00 49.73
341.66 360.22 22.00 49.73
341.66 360.22 22.00 49.73
341.66 360.22 22.00 49.73
341.66 360.22 22.00 49.73
341.66 360.22 22.00 49.73
341.66 360.22 22.00 49.73
341.66 360.22 22.00 49.73
341.66 360.22 22.00 49.73
341.66 360.22 22.00 49.73
341.66 360.22 22.00 49.73
341.66 360.22 22.00 49.73
341.66 360.22 22.00 49.73
341.66 360.22 22.00 49.73
341.66 360.22 22.00 49.73
341.66 360.22 22.00 49.73
341.66 360.22 22.00 49.73
341.66 360.22 22.00 49.73
341.66 360.22 22.00 49.73
341.66 360.22 22.00 49.73
341.66 360.22 22.00 49.73
341.66 360.22 22.00 49.73
341.66 360.22 22.00 49.73
341.66 360.22 22.00 49.73
341.66 360.22 22.00 49.73
341.66 360.22 22.00 49.73
341.66 360.22 22.00 49.73
341.66 360.22 22.00 49.73
341.66 360.22 22.00 49.73
341.66 360.22 22.00 49.73
341.66 360.22 22.00 49.73
341.66 360.22 22.00 49.73
341.66 360.22 22.00 49.73
341.66 360.22 22.00 49.73
341.66 360.22 22.00 49.73
341.66 360.22 22.00 49.73
341.66 360.22 22.00 49.73
341.66 360.22 22.00 49.73
341.66 360.22 22.00 49.73
341.66 360.22 22.00 49.73
341.66 360.22 22.00 49.73
341.66 360.22 22.00 49.73
341.66 360.22 22.00 49.73
341.66 360.22 22.00 49.73
341.66 360.22 22.00 49.73
341.66 360.22 22.00 49.73
341.66 360.22 22.00 49.73
341.66 360.22 22.00 49.73
341.66 360.22 22.00 49.73
341.66 360.22 22.00 49.73
341.66 360.22 22.00 49.73
341.66 360.22 22.00 49.73
341.66 360.22 22.00 49.73
341.66 360.22 22.00 49.73
341.66 360.22 22.00 49.73
341.66 360.22 22.00 49.73
341.66 360.22 22.00 49.73
341.66 360.22 22.00 49.73
341.66 360.22 22.00 49.73
341.66 360.22 22.00 49.73
341.66 360.22 22.00 49.73
341.66 360.22 22.00 49.73
341.66 360.22 22.00 49.73
341.66 360.22 22.00 49.73
341.66 360.22 22.00 49.73
341.66 360.22 22.00 49.73
341.66 360.22 22.00 49.73
341.66 360.22 22.00 49.73
341.66 360.22 22.00 49.73
341.66 360.22 22.00 49.73
341.66 360.22 22.00 49.73
341.66 360.22 22.00 49.73
341.66 360.22 22.00 49.73
341.66 360.22 22.00 49.73
341.66 360.22 22.00 49.73
342.03 359.85 22.33 50.47
341.67 360.22 22.00 49.73
341.67 360.22 22.00 49.73
341.67 360.22 22.00 49.73
341.67 360.22 22.00 49.73
341.67 360.22 22.00 49.73
341.67 360.22 22.00 49.73
341.67 360.22 22.00 49.73
341.67 360.22 22.00 49.73
341.67 360.22 22.00 49.73
341.67 360.22 22.00 49.73
341.67 360.22 22.00 49.73
341.67 360.22 22.00 49.73
341.67 360.22 22.00 49.73
341.67 360.22 22.00 49.73
341.67 360.22 22.00 49.73
341.67 360.22 22.00 49.73
341.67 360.22 22.00 49.73
341.67 360.22 22.00 49.73
341.67 360.22 22.00 49.73
341.67 360.22 22.00 49.73
341.67 360.22 22.00 49.73
341.67 360.22 22.00 49.73
341.67 360.22 22.00 49.73
341.67 360.22 22.00 49.73
341.67 360.22 22.00 49.73
341.67 360.22 22.00 49.73
341.67 360.22 22.00 49.73
341.67 360.22 22.00 49.73
341.67 360.22 22.00 49.73
341.67 360.22 22.00 49.73
341.67 360.22 22.00 49.73
341.67 360.22 22.00 49.73
341.67 360.22 22.00 49.73
341.67 360.22 22.00 49.73
341.67 360.22 22.00 49.73
341.67 360.22 22.00 49.73
341.67 360.22 22.00 49.73
341.67 360.22 22.00 49.73
341.67 360.22 22.00 49.73
341.67 360.22 22.00 49.73
341.67 360.22 22.00 49.73
341.67 360.22 22.00 49.73
341.67 360.22 22.00 49.73
341.67 360.22 22.00 49.73
341.67 360.22 22.00 49.73
341.67 360.22 22.00 49.73
341.67 360.22 22.00 49.73
341.67 360.22 22.00 49.73
341.67 360.22 22.00 49.73
341.67 360.22 22.00 49.73
341.67 360.22 22.00 49.73
341.67 360.22 22.00 49.73
341.67 360.22 22.00 49.73
341.67 360.22 22.00 49.73
341.67 360.22 22.00 49.73
341.67 360.22 22.00 49.73
341.67 360.22 22.00 49.73
341.67 360.22 22.00 49.73
341.67 360.22 22.00 49.73
341.67 360.22 22.00 49.73
341.67 360.22 22.00 49.73
341.67 360.22 22.00 49.73
341.67 360.22 22.00 49.73
341.67 360.22 22.00 49.73
341.67 360.22 22.00 49.73
341.67 360.22 22.00 49.73
341.67 360.22 22.00 49.73
341.67 360.22 22.00 49.73
341.67 360.22 22.00 49.73
341.67 360.22 22.00 49.73
341.67 360.22 22.00 49.73
341.67 360.22 22.00 49.73
341.67 360.22 22.00 49.73
