298.00 149.00 67.00 122.00
296.39 149.00 67.00 122.00
296.39 149.00 67.00 122.00
294.78 149.00 67.00 122.00
294.78 149.00 67.00 122.00
293.18 149.00 67.00 122.00
294.78 146.07 67.00 122.00
294.28 145.16 68.00 123.83
289.96 149.00 67.00 122.00
287.29 149.90 66.01 120.20
285.18 149.00 67.00 122.00
285.68 147.02 66.01 120.20
281.97 146.12 67.00 122.00
280.36 146.12 67.00 122.00
277.69 147.02 66.01 120.20
273.98 146.12 67.00 122.00
272.89 147.02 66.01 120.20
269.72 147.02 66.01 120.20
267.08 147.90 65.03 118.42
264.49 145.98 64.07 116.67
261.93 146.84 63.13 114.95
259.41 147.69 62.19 113.25
258.40 148.53 61.27 111.57
255.96 149.35 60.37 109.93
254.98 147.57 59.48 108.30
252.60 148.37 58.60 106.70
249.79 148.37 58.60 106.70
247.45 146.63 57.73 105.12
245.15 147.41 56.88 103.57
242.42 147.41 56.88 103.57
240.15 148.17 56.04 102.04
237.91 146.51 55.21 100.53
235.71 147.26 54.39 99.05
233.54 147.99 53.59 97.58
232.67 148.71 52.80 96.14
230.56 147.15 52.02 94.72
229.72 147.85 51.25 93.32
228.88 146.33 50.49 91.94
226.87 147.01 49.75 90.58
225.67 147.01 49.75 90.58
226.04 145.54 49.01 89.24
223.69 145.54 49.01 89.24
221.73 146.20 48.29 87.92
220.20 145.54 49.01 89.24
217.84 145.54 49.01 89.24
216.67 145.54 49.01 89.24
215.87 144.09 48.29 87.92
215.08 144.74 47.57 86.62
214.31 143.33 46.87 85.34
213.55 143.96 46.18 84.08
212.80 142.59 45.49 82.84
211.71 142.59 45.49 82.84
209.52 142.59 45.49 82.84
208.07 141.97 46.18 84.08
207.32 140.60 45.49 82.84
206.58 141.22 44.82 81.62
205.51 141.22 44.82 81.62
204.43 139.26 44.82 81.62
203.70 139.86 44.16 80.41
203.37 139.26 44.82 81.62
202.64 137.93 44.16 80.41
202.64 137.93 44.16 80.41
201.93 136.62 43.51 79.22
201.93 136.62 43.51 79.22
202.25 135.34 42.86 78.05
201.22 135.34 42.86 78.05
201.22 135.34 42.86 78.05
200.19 135.34 42.86 78.05
200.51 134.07 42.23 76.90
200.51 134.07 42.23 76.90
200.51 132.22 42.23 76.90
199.49 132.22 42.23 76.90
199.80 130.97 41.61 75.76
198.81 130.97 41.61 75.76
199.11 129.74 40.99 74.64
198.81 129.18 41.61 75.76
197.81 129.18 41.61 75.76
198.12 127.95 40.99 74.64
197.13 127.95 40.99 74.64
196.82 127.39 41.61 75.76
196.15 126.16 40.99 74.64
195.84 125.60 41.61 75.76
194.84 123.78 41.61 75.76
195.15 122.55 40.99 74.64
194.17 122.55 40.99 74.64
194.17 122.55 40.99 74.64
192.86 121.99 41.61 75.76
191.86 120.17 41.61 75.76
191.18 117.15 40.99 74.64
189.88 118.40 41.61 75.76
187.54 117.84 42.23 76.90
186.19 117.26 42.86 78.05
184.83 116.67 43.51 79.22
182.38 116.08 44.16 80.41
180.98 115.48 44.82 81.62
178.46 114.86 45.49 82.84
177.01 114.24 46.18 84.08
174.41 113.61 46.87 85.34
171.77 112.97 47.57 86.62
169.10 110.21 48.29 87.92
165.21 109.55 49.01 89.24
162.45 108.88 49.75 90.58
158.87 106.71 49.75 90.58
156.08 106.03 50.49 91.94
152.01 105.34 51.25 93.32
148.32 103.10 51.25 93.32
144.19 102.40 52.02 94.72
140.00 101.69 52.80 96.14
135.74 98.63 53.59 97.58
132.73 97.90 54.39 99.05
128.35 97.15 55.21 100.53
123.90 96.40 56.04 102.04
119.38 95.63 56.88 103.57
114.80 92.33 57.73 105.12
110.15 91.55 58.60 106.70
105.42 90.75 59.48 108.30
102.08 89.93 60.37 109.93
97.22 89.11 61.27 111.57
93.77 85.55 62.19 113.25
90.27 84.70 63.13 114.95
86.73 83.84 64.07 116.67
83.12 82.97 65.03 118.42
81.05 82.08 66.01 120.20
77.34 81.18 67.00 122.00
76.25 79.19 66.01 120.20
74.67 79.19 66.01 120.20
73.08 79.19 66.01 120.20
70.98 78.29 67.00 122.00
68.84 77.38 68.01 123.83
68.84 77.38 68.01 123.83
66.68 76.45 69.03 125.69
66.68 76.45 69.03 125.69
66.68 76.45 69.03 125.69
65.02 76.45 69.03 125.69
65.02 76.45 69.03 125.69
64.50 75.51 70.06 127.57
66.19 75.51 70.06 127.57
66.70 76.45 69.03 125.69
67.87 75.51 70.06 127.57
67.87 75.51 70.06 127.57
69.55 78.57 70.06 127.57
71.23 78.57 70.06 127.57
71.23 78.57 70.06 127.57
73.40 79.51 69.03 125.69
74.57 81.63 70.06 127.57
75.75 80.67 71.11 129.49
77.96 81.63 70.06 127.57
79.14 83.78 71.11 129.49
80.84 83.78 71.11 129.49
82.55 86.89 71.11 129.49
84.76 87.85 70.06 127.57
85.94 90.00 71.11 129.49
88.15 90.95 70.06 127.57
89.33 93.10 71.11 129.49
94.45 93.10 71.11 129.49
100.02 97.12 70.06 127.57
107.16 101.08 69.03 125.69
114.20 102.01 68.01 123.83
121.13 105.85 67.00 122.00
127.97 109.64 66.01 120.20
133.14 110.53 65.03 118.42
138.23 111.40 64.07 116.67
143.25 115.02 63.13 114.95
148.19 115.87 62.19 113.25
153.06 119.39 61.27 111.57
156.41 120.21 60.37 109.93
161.14 121.02 59.48 108.30
165.80 124.39 58.60 106.70
170.39 125.17 57.73 105.12
173.55 125.95 56.88 103.57
176.66 129.17 56.04 102.04
179.72 129.92 55.21 100.53
182.37 129.92 55.21 100.53
184.09 130.66 54.39 99.05
186.70 133.04 54.39 99.05
188.38 133.77 53.59 97.58
190.59 133.04 54.39 99.05
193.57 136.11 53.59 97.58
196.14 136.11 53.59 97.58
197.04 137.76 54.39 99.05
201.30 138.49 53.59 97.58
202.97 139.21 52.80 96.14
205.50 139.21 52.80 96.14
207.68 140.83 53.59 97.58
209.89 142.48 54.39 99.05
212.86 140.87 53.59 97.58
215.07 142.51 54.39 99.05
216.76 143.24 53.59 97.58
219.69 143.97 52.80 96.14
220.96 143.97 52.80 96.14
223.84 144.68 52.02 94.72
225.09 144.68 52.02 94.72
227.59 146.95 52.02 94.72
230.08 146.95 52.02 94.72
231.33 146.95 52.02 94.72
233.83 146.95 52.02 94.72
236.67 147.65 51.25 93.32
237.90 147.65 51.25 93.32
238.77 146.95 52.02 94.72
240.02 146.95 52.02 94.72
241.27 146.95 52.02 94.72
243.76 146.95 52.02 94.72
244.64 146.24 52.80 96.14
245.53 145.52 53.59 97.58
248.10 145.52 53.59 97.58
251.03 146.24 52.80 96.14
253.92 144.68 52.02 94.72
255.17 144.68 52.02 94.72
256.42 144.68 52.02 94.72
258.91 144.68 52.02 94.72
259.79 143.97 52.80 96.14
261.43 144.68 52.02 94.72
262.31 143.97 52.80 96.14
265.19 142.40 52.02 94.72
266.44 142.40 52.02 94.72
267.69 142.40 52.02 94.72
268.94 142.40 52.02 94.72
270.19 142.40 52.02 94.72
271.06 141.69 52.80 96.14
272.33 141.69 52.80 96.14
274.86 139.38 52.80 96.14
276.13 139.38 52.80 96.14
277.40 139.38 52.80 96.14
277.00 138.66 53.59 97.58
277.91 137.93 54.39 99.05
279.21 137.93 54.39 99.05
279.21 137.93 54.39 99.05
280.13 137.19 55.21 100.53
281.06 133.99 56.04 102.04
281.47 134.74 55.21 100.53
283.19 135.48 54.39 99.05
283.59 136.21 53.59 97.58
284.49 135.48 54.39 99.05
284.49 137.86 54.39 99.05
284.08 137.12 55.21 100.53
284.08 137.12 55.21 100.53
283.67 136.36 56.04 102.04
283.25 135.60 56.88 103.57
283.25 135.60 56.88 103.57
281.89 135.60 56.88 103.57
281.89 133.11 56.88 103.57
280.52 133.11 56.88 103.57
280.52 133.11 56.88 103.57
278.71 132.34 57.73 105.12
277.32 132.34 57.73 105.12
275.94 132.34 57.73 105.12
273.17 132.34 57.73 105.12
271.78 132.34 57.73 105.12
269.48 133.11 56.88 103.57
266.28 132.34 57.73 105.12
264.89 132.34 57.73 105.12
262.12 132.34 57.73 105.12
258.88 131.55 58.60 106.70
256.06 131.55 58.60 106.70
254.66 131.55 58.60 106.70
251.36 130.75 59.48 108.30
248.51 130.75 59.48 108.30
245.16 129.93 60.37 109.93
241.77 129.11 61.27 111.57
239.33 127.30 60.37 109.93
235.93 126.47 61.27 111.57
232.99 126.47 61.27 111.57
230.55 127.30 60.37 109.93
227.15 126.47 61.27 111.57
224.21 126.47 61.27 111.57
219.27 125.63 62.19 113.25
216.29 125.63 62.19 113.25
212.79 124.79 63.13 114.95
209.24 121.12 64.07 116.67
204.63 121.12 64.07 116.67
201.03 120.25 65.03 118.42
198.43 121.12 64.07 116.67
193.27 120.25 65.03 118.42
188.59 120.25 65.03 118.42
184.93 119.36 66.01 120.20
179.61 115.53 67.00 122.00
175.35 116.43 66.01 120.20
170.03 115.53 67.00 122.00
164.64 111.64 68.01 123.83
159.16 110.71 69.03 125.69
152.53 110.71 69.03 125.69
146.97 109.77 70.06 127.57
141.32 108.82 71.11 129.49
135.59 104.69 72.18 131.43
130.39 104.69 72.18 131.43
124.58 103.70 73.26 133.40
118.68 102.70 74.36 135.40
112.68 98.39 75.48 137.43
107.25 98.39 75.48 137.43
101.17 97.36 76.61 139.49
93.81 97.36 76.61 139.49
87.64 96.31 77.76 141.59
81.37 91.80 78.92 143.71
75.01 90.72 80.11 145.87
66.61 89.63 81.31 148.05
60.06 88.52 82.53 150.27
53.41 87.39 83.77 152.53
47.38 83.73 83.77 152.53
42.67 82.59 85.02 154.82
33.74 81.43 86.30 157.14
28.89 80.25 87.59 159.50
23.97 79.05 88.91 161.89
18.97 77.84 90.24 164.32
12.47 73.89 90.24 164.32
8.14 73.89 90.24 164.32
3.07 72.66 91.59 166.78
-1.33 72.66 91.59 166.78
-6.48 71.41 92.97 169.28
-11.70 70.14 94.36 171.82
-16.23 70.14 94.36 171.82
-20.76 66.02 94.36 171.82
-25.29 66.02 94.36 171.82
-29.82 66.02 94.36 171.82
-35.13 64.73 95.78 174.40
-40.51 63.42 97.21 177.02
-45.98 57.78 98.67 179.67
-49.91 59.11 97.21 177.02
-53.01 57.78 98.67 179.67
-58.56 56.43 100.15 182.37
-60.96 56.43 100.15 182.37
-62.59 57.78 98.67 179.67
-65.73 52.06 100.15 182.37
-68.14 52.06 100.15 182.37
-73.77 50.69 101.65 185.10
-74.53 49.30 103.18 187.88
-77.82 47.89 104.73 190.70
-80.33 47.89 104.73 190.70
-82.84 47.89 104.73 190.70
-82.84 47.89 104.73 190.70
-82.84 47.89 104.73 190.70
-82.84 47.89 104.73 190.70
-79.59 49.30 103.18 187.88
-76.39 50.69 101.65 185.10
-73.95 50.69 101.65 185.10
-74.72 53.81 103.18 187.88
-72.98 52.40 104.73 190.70
-67.25 53.81 103.18 187.88
-61.61 55.20 101.65 185.10
-56.05 56.57 100.15 182.37
-54.36 59.64 101.65 185.10
-49.48 59.64 101.65 185.10
-42.16 64.08 101.65 185.10
-34.84 64.08 101.65 185.10
-22.07 65.45 100.15 182.37
-11.86 71.11 98.67 179.67
-1.80 72.44 97.21 177.02
10.41 73.75 95.78 174.40
20.18 79.16 94.36 171.82
32.03 80.43 92.97 169.28
43.71 85.68 91.59 166.78
53.05 86.91 90.24 164.32
62.25 92.01 88.91 161.89
71.32 93.21 87.59 159.50
82.32 94.39 86.30 157.14
91.12 99.27 85.02 154.82
99.79 100.41 83.77 152.53
108.33 105.14 82.53 150.27
118.70 106.25 81.31 148.05
126.99 110.85 80.11 145.87
137.05 111.93 78.92 143.71
145.10 116.39 77.76 141.59
154.87 117.43 76.61 139.49
164.49 118.46 75.48 137.43
172.19 122.73 74.36 135.40
179.77 123.73 73.26 133.40
188.97 127.87 72.18 131.43
