118.00 96.00 39.00 144.00
119.21 93.66 38.42 141.87
120.79 92.60 39.00 144.00
121.45 91.52 39.58 146.16
123.08 90.42 40.18 148.35
123.38 91.52 39.58 146.16
124.61 92.60 39.00 144.00
124.61 92.60 39.00 144.00
125.82 90.25 38.42 141.87
125.53 89.19 39.00 144.00
125.24 88.11 39.58 146.16
124.59 89.19 39.00 144.00
123.66 89.19 39.00 144.00
117.67 91.62 39.58 146.16
110.62 94.08 40.18 148.35
98.08 97.64 40.18 148.35
89.95 103.76 40.78 150.58
84.68 106.30 41.39 152.84
77.15 111.04 40.78 150.58
71.67 115.71 40.18 148.35
70.07 116.81 39.58 146.16
68.17 120.32 39.58 146.16
66.59 121.40 39.00 144.00
64.72 124.85 39.00 144.00
65.00 125.92 38.42 141.87
66.85 125.92 38.42 141.87
65.93 122.51 38.42 141.87
67.51 121.45 39.00 144.00
72.19 121.45 39.00 144.00
73.13 121.45 39.00 144.00
76.87 121.45 39.00 144.00
81.55 121.45 39.00 144.00
82.49 121.45 39.00 144.00
84.09 120.37 39.58 146.16
88.62 119.27 40.18 148.35
90.27 114.55 40.78 150.58
91.54 119.22 40.18 148.35
94.17 114.49 40.78 150.58
97.11 114.49 40.78 150.58
99.07 114.49 40.78 150.58
102.74 109.69 41.39 152.84
105.45 108.55 42.01 155.13
106.75 109.69 41.39 152.84
108.04 110.82 40.78 150.58
110.27 108.38 40.18 148.35
114.37 112.98 39.58 146.16
124.82 109.47 39.58 146.16
138.98 108.38 40.18 148.35
150.43 110.88 40.78 150.58
155.55 126.23 40.18 148.35
156.80 130.84 39.58 146.16
158.43 129.74 40.18 148.35
168.89 128.63 40.78 150.58
174.02 133.30 40.18 148.35
178.84 133.30 40.18 148.35
182.94 134.40 39.58 146.16
181.99 134.40 39.58 146.16
170.59 134.40 39.58 146.16
185.85 138.93 39.00 144.00
182.45 140.00 38.42 141.87
184.30 136.59 38.42 141.87
179.13 137.64 37.86 139.78
174.24 136.59 38.42 141.87
172.39 136.59 38.42 141.87
168.70 136.59 38.42 141.87
170.55 136.59 38.42 141.87
170.26 132.07 39.00 144.00
170.55 133.14 38.42 141.87
170.26 132.07 39.00 144.00
170.92 130.99 39.58 146.16
177.57 130.99 39.58 146.16
183.47 132.07 39.00 144.00
186.98 130.99 39.58 146.16
184.47 132.07 39.00 144.00
185.12 130.99 39.58 146.16
186.07 127.48 39.58 146.16
186.74 126.39 40.18 148.35
186.44 125.27 40.78 150.58
186.44 128.89 40.78 150.58
186.44 132.50 40.78 150.58
188.40 132.50 40.78 150.58
188.70 133.61 40.18 148.35
188.70 130.05 40.18 148.35
189.95 127.64 39.58 146.16
191.18 125.27 39.00 144.00
186.50 125.27 39.00 144.00
174.80 124.19 39.58 146.16
166.67 121.81 39.00 144.00
161.63 120.73 39.58 146.16
160.98 121.81 39.00 144.00
159.11 121.81 39.00 144.00
160.32 122.87 38.42 141.87
161.52 120.57 37.86 139.78
168.96 121.60 37.30 137.71
180.70 122.62 36.75 135.67
185.99 122.62 36.75 135.67
190.40 122.62 36.75 135.67
194.14 120.41 36.20 133.67
196.75 117.21 36.20 133.67
198.24 112.95 36.75 135.67
201.77 112.95 36.75 135.67
205.30 109.69 36.75 135.67
207.71 108.67 37.30 137.71
211.97 110.99 37.86 139.78
214.70 110.99 37.86 139.78
219.24 107.64 37.86 139.78
222.64 106.59 38.42 141.87
227.04 105.53 39.00 144.00
232.44 100.94 39.58 146.16
237.19 104.45 39.58 146.16
231.49 104.45 39.58 146.16
215.34 104.45 39.58 146.16
213.44 104.45 39.58 146.16
211.54 104.45 39.58 146.16
204.89 104.45 39.58 146.16
200.74 106.91 40.18 148.35
201.03 108.01 39.58 146.16
201.33 112.54 39.00 144.00
202.26 116.00 39.00 144.00
203.87 118.43 39.58 146.16
204.54 117.33 40.18 148.35
205.78 118.43 39.58 146.16
211.49 118.43 39.58 146.16
218.14 118.43 39.58 146.16
230.37 117.33 40.18 148.35
235.42 121.94 39.58 146.16
238.27 121.94 39.58 146.16
239.22 125.44 39.58 146.16
240.17 121.94 39.58 146.16
239.87 117.28 40.18 148.35
240.84 113.72 40.18 148.35
240.84 113.72 40.18 148.35
240.84 117.28 40.18 148.35
242.09 125.39 39.58 146.16
243.31 129.93 39.00 144.00
244.25 129.93 39.00 144.00
244.54 120.78 38.42 141.87
245.46 113.97 38.42 141.87
245.46 107.16 38.42 141.87
246.11 102.64 39.00 144.00
246.11 106.09 39.00 144.00
247.04 113.00 39.00 144.00
250.10 124.28 38.42 141.87
254.02 128.69 37.86 139.78
255.58 124.23 38.42 141.87
260.19 117.42 38.42 141.87
262.03 117.42 38.42 141.87
262.68 116.36 39.00 144.00
263.62 119.82 39.00 144.00
264.83 124.28 38.42 141.87
265.75 127.69 38.42 141.87
266.67 124.28 38.42 141.87
266.38 119.76 39.00 144.00
267.32 116.31 39.00 144.00
267.98 118.74 39.58 146.16
266.08 125.75 39.58 146.16
262.63 130.29 39.00 144.00
259.22 134.76 38.42 141.87
248.64 130.24 39.00 144.00
242.65 125.65 39.58 146.16
229.82 120.99 40.18 148.35
216.81 122.09 39.58 146.16
211.69 124.55 40.18 148.35
207.84 135.23 40.18 148.35
205.28 139.84 39.58 146.16
206.51 137.46 39.00 144.00
213.82 129.37 39.58 146.16
218.34 121.15 40.18 148.35
223.17 121.15 40.18 148.35
226.06 121.15 40.18 148.35
234.57 127.26 40.78 150.58
244.51 131.94 40.18 148.35
259.06 133.03 39.58 146.16
272.26 131.94 40.18 148.35
275.41 136.54 39.58 146.16
268.21 144.53 39.00 144.00
261.66 147.99 39.00 144.00
253.24 151.45 39.00 144.00
249.49 154.90 39.00 144.00
249.49 154.90 39.00 144.00
248.86 152.56 38.42 141.87
245.51 150.25 37.86 139.78
243.38 149.21 38.42 141.87
245.90 148.14 39.00 144.00
246.84 151.60 39.00 144.00
240.28 151.60 39.00 144.00
233.34 150.52 39.58 146.16
225.33 142.30 40.18 148.35
227.53 129.37 39.58 146.16
247.47 123.53 39.00 144.00
252.88 111.93 39.58 146.16
248.73 103.71 40.18 148.35
247.13 104.81 39.58 146.16
252.10 109.35 39.00 144.00
263.21 104.76 39.58 146.16
273.79 109.29 39.00 144.00
278.69 106.95 38.42 141.87
278.40 105.89 39.00 144.00
277.16 108.32 39.58 146.16
277.83 114.34 40.18 148.35
280.98 125.96 39.58 146.16
272.85 127.04 39.00 144.00
263.91 128.10 38.42 141.87
258.38 128.10 38.42 141.87
254.12 125.80 37.86 139.78
249.92 123.53 37.30 137.71
250.55 122.49 37.86 139.78
251.46 122.49 37.86 139.78
250.26 124.85 38.42 141.87
249.03 123.79 39.00 144.00
246.22 123.79 39.00 144.00
243.74 128.25 38.42 141.87
245.85 129.30 37.86 139.78
244.64 131.66 38.42 141.87
