51.00 53.00 87.00 290.00
53.09 53.00 87.00 290.00
57.85 55.14 85.71 285.71
60.51 57.25 84.45 281.49
62.53 57.25 84.45 281.49
67.15 59.33 83.20 277.33
69.73 61.38 81.97 273.23
74.21 63.40 80.76 269.20
76.72 65.39 79.57 265.22
81.07 67.35 78.39 261.30
84.83 67.35 78.39 261.30
86.71 67.35 78.39 261.30
90.48 67.35 78.39 261.30
94.76 69.28 77.23 257.44
96.62 69.28 77.23 257.44
100.32 69.28 77.23 257.44
102.72 71.18 76.09 253.63
106.37 71.18 76.09 253.63
108.20 71.18 76.09 253.63
112.36 73.06 74.97 249.88
114.16 73.06 74.97 249.88
117.76 73.06 74.97 249.88
120.08 74.90 73.86 246.19
123.63 74.90 73.86 246.19
125.40 74.90 73.86 246.19
128.95 74.90 73.86 246.19
130.72 74.90 73.86 246.19
134.76 76.72 72.77 242.55
136.50 76.72 72.77 242.55
138.25 76.72 72.77 242.55
142.23 78.52 71.69 238.97
143.95 78.52 71.69 238.97
147.39 78.52 71.69 238.97
149.11 78.52 71.69 238.97
152.55 72.78 71.69 238.97
154.78 74.55 70.63 235.44
158.17 74.55 70.63 235.44
159.86 74.55 70.63 235.44
161.05 72.78 71.69 238.97
164.50 72.78 71.69 238.97
166.22 72.78 71.69 238.97
167.94 72.78 71.69 238.97
169.66 72.78 71.69 238.97
171.38 72.78 71.69 238.97
173.10 72.78 71.69 238.97
175.32 74.55 70.63 235.44
177.02 74.55 70.63 235.44
180.41 74.55 70.63 235.44
182.60 76.29 69.59 231.96
184.27 76.29 69.59 231.96
186.43 78.00 68.56 228.53
188.56 79.69 67.55 225.15
190.65 81.35 66.55 221.82
194.29 82.99 65.56 218.55
195.87 82.99 65.56 218.55
197.44 82.99 65.56 218.55
199.01 82.99 65.56 218.55
200.59 82.99 65.56 218.55
202.16 82.99 65.56 218.55
205.31 82.99 65.56 218.55
207.34 84.61 64.59 215.32
208.89 84.61 64.59 215.32
210.44 84.61 64.59 215.32
211.99 84.61 64.59 215.32
213.54 84.61 64.59 215.32
215.09 84.61 64.59 215.32
215.09 84.61 64.59 215.32
216.64 84.61 64.59 215.32
218.19 84.61 64.59 215.32
219.74 84.61 64.59 215.32
221.29 84.61 64.59 215.32
223.30 86.20 63.64 212.13
224.83 86.20 63.64 212.13
225.90 84.61 64.59 215.32
227.45 84.61 64.59 215.32
227.45 84.61 64.59 215.32
229.00 84.61 64.59 215.32
230.55 84.61 64.59 215.32
232.10 84.61 64.59 215.32
233.65 84.61 64.59 215.32
235.20 84.61 64.59 215.32
236.75 84.61 64.59 215.32
238.30 84.61 64.59 215.32
239.85 84.61 64.59 215.32
241.40 84.61 64.59 215.32
241.40 84.61 64.59 215.32
242.95 84.61 64.59 215.32
244.50 84.61 64.59 215.32
246.05 84.61 64.59 215.32
246.05 84.61 64.59 215.32
247.60 84.61 64.59 215.32
247.60 84.61 64.59 215.32
249.61 86.20 63.64 212.13
251.58 87.77 62.70 209.00
253.09 87.77 62.70 209.00
253.09 87.77 62.70 209.00
254.59 87.77 62.70 209.00
256.10 87.77 62.70 209.00
256.10 87.77 62.70 209.00
257.60 87.77 62.70 209.00
259.11 87.77 62.70 209.00
260.61 87.77 62.70 209.00
262.12 82.75 62.70 209.00
263.62 82.75 62.70 209.00
265.13 82.75 62.70 209.00
266.63 82.75 62.70 209.00
267.09 84.29 61.77 205.91
269.01 85.81 60.86 202.87
270.47 85.81 60.86 202.87
271.93 85.81 60.86 202.87
271.93 85.81 60.86 202.87
273.39 85.81 60.86 202.87
273.39 85.81 60.86 202.87
274.85 85.81 60.86 202.87
273.39 85.81 60.86 202.87
273.39 85.81 60.86 202.87
273.84 87.31 59.96 199.87
272.40 87.31 59.96 199.87
272.85 84.06 59.07 196.92
272.85 84.06 59.07 196.92
274.68 85.52 58.20 194.01
274.68 85.52 58.20 194.01
275.11 86.95 57.34 191.14
275.11 86.95 57.34 191.14
274.68 85.52 58.20 194.01
275.66 84.06 59.07 196.92
275.66 84.06 59.07 196.92
276.10 80.86 58.20 194.01
276.10 80.86 58.20 194.01
277.90 82.30 57.34 191.14
278.33 83.71 56.49 188.31
277.90 82.30 57.34 191.14
278.87 80.86 58.20 194.01
279.30 82.30 57.34 191.14
280.27 80.86 58.20 194.01
279.83 79.41 59.07 196.92
281.25 79.41 59.07 196.92
282.67 79.41 59.07 196.92
284.09 79.41 59.07 196.92
284.09 79.41 59.07 196.92
285.92 80.86 58.20 194.01
287.32 80.86 58.20 194.01
287.75 77.71 57.34 191.14
289.53 79.12 56.49 188.31
290.88 79.12 56.49 188.31
290.88 79.12 56.49 188.31
292.63 80.51 55.66 185.53
293.97 80.51 55.66 185.53
295.70 81.88 54.84 182.79
297.01 81.88 54.84 182.79
297.01 81.88 54.84 182.79
298.33 81.88 54.84 182.79
300.03 83.24 54.03 180.09
300.03 83.24 54.03 180.09
301.71 88.82 53.23 177.43
303.36 90.14 52.44 174.80
303.75 91.43 51.67 172.22
305.35 92.70 50.90 169.68
305.73 93.95 50.15 167.17
307.28 95.19 49.41 164.70
307.65 92.51 48.68 162.26
307.28 91.29 49.41 164.70
308.82 92.51 48.68 162.26
308.82 92.51 48.68 162.26
310.33 93.71 47.96 159.87
310.33 93.71 47.96 159.87
310.33 93.71 47.96 159.87
311.48 93.71 47.96 159.87
311.83 94.89 47.25 157.50
312.97 94.89 47.25 157.50
312.61 93.71 47.96 159.87
313.76 93.71 47.96 159.87
315.25 94.89 47.25 157.50
315.60 96.06 46.55 155.18
317.05 93.53 45.86 152.88
317.38 94.66 45.19 150.62
318.47 94.66 45.19 150.62
318.47 94.66 45.19 150.62
319.87 95.78 44.52 148.40
320.94 95.78 44.52 148.40
320.94 95.78 44.52 148.40
322.32 96.87 43.86 146.20
321.99 95.78 44.52 148.40
323.37 96.87 43.86 146.20
324.74 97.95 43.21 144.04
324.41 96.87 43.86 146.20
325.77 97.95 43.21 144.04
326.09 99.02 42.57 141.91
327.11 99.02 42.57 141.91
327.11 99.02 42.57 141.91
328.14 99.02 42.57 141.91
329.16 99.02 42.57 141.91
328.84 97.95 43.21 144.04
330.18 99.02 42.57 141.91
330.18 99.02 42.57 141.91
331.20 99.02 42.57 141.91
331.20 99.02 42.57 141.91
332.52 100.07 41.95 139.82
332.52 100.07 41.95 139.82
333.82 101.10 41.33 137.75
333.82 101.10 41.33 137.75
334.82 101.10 41.33 137.75
335.12 102.12 40.71 135.72
335.12 102.12 40.71 135.72
336.38 103.12 40.11 133.71
336.08 102.12 40.71 135.72
337.35 103.12 40.11 133.71
337.64 104.11 39.52 131.73
337.94 105.08 38.94 129.79
338.87 101.97 38.94 129.79
338.87 101.97 38.94 129.79
338.87 101.97 38.94 129.79
338.87 101.97 38.94 129.79
339.80 101.97 38.94 129.79
339.80 101.97 38.94 129.79
340.09 102.92 38.36 127.87
339.80 101.97 38.94 129.79
339.80 101.97 38.94 129.79
340.74 101.97 38.94 129.79
340.74 101.97 38.94 129.79
340.74 101.97 38.94 129.79
340.74 101.97 38.94 129.79
340.74 101.97 38.94 129.79
341.03 102.92 38.36 127.87
342.22 103.87 37.79 125.98
342.22 103.87 37.79 125.98
342.50 104.80 37.24 124.12
342.77 105.72 36.69 122.28
343.65 102.78 36.69 122.28
343.65 102.78 36.69 122.28
343.65 102.78 36.69 122.28
343.38 101.87 37.24 124.12
343.38 101.87 37.24 124.12
344.27 101.87 37.24 124.12
344.27 101.87 37.24 124.12
344.27 101.87 37.24 124.12
344.27 101.87 37.24 124.12
344.55 102.78 36.69 122.28
344.55 102.78 36.69 122.28
344.55 102.78 36.69 122.28
344.82 103.69 36.14 120.48
344.55 102.78 36.69 122.28
344.82 103.69 36.14 120.48
345.08 104.58 35.61 118.70
345.08 104.58 35.61 118.70
345.08 104.58 35.61 118.70
345.08 104.58 35.61 118.70
345.35 105.45 35.08 116.94
345.35 105.45 35.08 116.94
345.35 105.45 35.08 116.94
345.61 106.32 34.56 115.21
345.61 106.32 34.56 115.21
345.61 106.32 34.56 115.21
345.04 107.17 34.05 113.51
345.04 107.17 34.05 113.51
345.04 107.17 34.05 113.51
345.04 107.17 34.05 113.51
345.04 107.17 34.05 113.51
345.30 108.01 33.55 111.83
345.30 108.01 33.55 111.83
345.30 108.01 33.55 111.83
345.54 108.83 33.05 110.18
345.79 109.65 32.57 108.55
346.03 110.45 32.08 106.95
346.03 110.45 32.08 106.95
346.03 110.45 32.08 106.95
346.80 110.45 32.08 106.95
346.80 110.45 32.08 106.95
346.80 110.45 32.08 106.95
346.80 110.45 32.08 106.95
346.80 110.45 32.08 106.95
347.57 110.45 32.08 106.95
347.57 110.45 32.08 106.95
347.81 111.24 31.61 105.37
348.04 112.02 31.14 103.81
348.27 112.79 30.68 102.28
348.27 112.79 30.68 102.28
348.50 113.54 30.23 100.76
348.50 113.54 30.23 100.76
348.50 113.54 30.23 100.76
348.72 111.90 29.78 99.28
348.50 111.16 30.23 100.76
349.22 111.16 30.23 100.76
349.22 111.16 30.23 100.76
349.45 111.90 29.78 99.28
349.45 111.90 29.78 99.28
349.45 111.90 29.78 99.28
349.67 112.64 29.34 97.81
349.67 112.64 29.34 97.81
349.67 112.64 29.34 97.81
350.37 112.64 29.34 97.81
350.37 112.64 29.34 97.81
350.37 112.64 29.34 97.81
350.59 113.36 28.91 96.36
350.80 114.07 28.48 94.94
351.01 114.77 28.06 93.54
351.01 114.77 28.06 93.54
351.01 114.77 28.06 93.54
351.22 115.46 27.65 92.15
351.22 115.46 27.65 92.15
351.42 116.15 27.24 90.79
351.22 115.46 27.65 92.15
351.88 115.46 27.65 92.15
351.88 115.46 27.65 92.15
351.88 115.46 27.65 92.15
351.88 115.46 27.65 92.15
352.09 116.15 27.24 90.79
351.88 115.46 27.65 92.15
351.43 116.15 27.24 90.79
351.63 116.82 26.84 89.45
351.43 116.15 27.24 90.79
351.63 116.82 26.84 89.45
351.63 116.82 26.84 89.45
351.63 116.82 26.84 89.45
351.20 115.36 26.44 88.13
351.20 115.36 26.44 88.13
351.20 115.36 26.44 88.13
351.39 116.01 26.05 86.83
350.97 116.66 25.66 85.54
350.78 116.01 26.05 86.83
350.78 116.01 26.05 86.83
350.78 116.01 26.05 86.83
350.97 116.66 25.66 85.54
350.55 117.29 25.28 84.28
350.55 117.29 25.28 84.28
350.74 117.91 24.91 83.03
350.74 117.91 24.91 83.03
350.74 117.91 24.91 83.03
350.74 117.91 24.91 83.03
350.33 118.52 24.54 81.81
350.33 118.52 24.54 81.81
350.33 118.52 24.54 81.81
350.33 118.52 24.54 81.81
350.33 118.52 24.54 81.81
350.33 118.52 24.54 81.81
350.52 119.13 24.18 80.60
350.69 119.72 23.82 79.41
350.69 119.72 23.82 79.41
350.69 119.72 23.82 79.41
350.69 119.72 23.82 79.41
350.69 119.72 23.82 79.41
350.87 120.31 23.47 78.23
350.87 120.31 23.47 78.23
350.87 120.31 23.47 78.23
351.43 120.31 23.47 78.23
351.61 120.89 23.12 77.08
351.61 120.89 23.12 77.08
351.78 121.46 22.78 75.94
352.32 121.46 22.78 75.94
352.32 121.46 22.78 75.94
352.32 121.46 22.78 75.94
