300.00 80.00 60.00 200.00
297.12 80.00 60.00 200.00
297.12 80.00 60.00 200.00
295.68 80.00 60.00 200.00
292.80 80.00 60.00 200.00
292.80 80.00 60.00 200.00
291.82 81.48 59.11 197.04
286.67 82.93 58.24 194.13
286.67 82.93 58.24 194.13
283.87 82.93 58.24 194.13
279.68 82.93 58.24 194.13
279.68 82.93 58.24 194.13
276.89 82.93 58.24 194.13
274.09 87.59 58.24 194.13
272.69 87.59 58.24 194.13
272.69 87.59 58.24 194.13
290.86 87.59 58.24 194.13
290.86 92.25 58.24 194.13
290.86 92.25 58.24 194.13
289.47 92.25 58.24 194.13
278.88 93.69 57.38 191.26
279.30 95.10 56.53 188.44
276.13 93.69 57.38 191.26
295.40 84.51 57.38 191.26
300.57 83.07 58.24 194.13
301.55 76.89 59.11 197.04
300.59 78.34 58.24 194.13
300.59 78.34 58.24 194.13
301.57 76.89 59.11 197.04
305.82 76.89 59.11 197.04
307.24 76.89 59.11 197.04
305.82 76.89 59.11 197.04
304.41 76.89 59.11 197.04
304.41 76.89 59.11 197.04
305.82 76.89 59.11 197.04
310.08 76.89 59.11 197.04
310.08 76.89 59.11 197.04
312.92 76.89 59.11 197.04
319.67 80.21 60.00 200.00
321.11 80.21 60.00 200.00
323.59 73.84 60.90 203.00
326.10 62.42 61.81 206.05
327.14 60.88 62.74 209.14
329.73 54.22 63.68 212.27
332.35 47.45 64.64 215.46
331.87 45.84 65.61 218.69
332.97 44.20 66.59 221.97
327.61 37.12 67.59 225.30
327.61 37.12 67.59 225.30
322.16 35.43 68.60 228.68
313.29 33.72 69.63 232.11
313.29 33.72 69.63 232.11
309.95 33.72 69.63 232.11
305.52 35.43 68.60 228.68
305.52 35.43 68.60 228.68
302.79 37.12 67.59 225.30
303.93 35.43 68.60 228.68
303.93 35.43 68.60 228.68
302.81 42.53 67.59 225.30
317.69 49.52 66.59 221.97
319.29 49.52 66.59 221.97
324.51 51.16 65.61 218.69
330.80 51.16 65.61 218.69
332.38 51.16 65.61 218.69
333.49 44.20 66.59 221.97
335.55 51.09 65.61 218.69
335.55 51.09 65.61 218.69
334.49 57.87 64.64 215.46
331.91 64.56 63.68 212.27
331.91 64.56 63.68 212.27
329.37 71.15 62.74 209.14
323.90 72.69 61.81 206.05
323.90 72.69 61.81 206.05
321.43 74.21 60.90 203.00
315.58 74.21 60.90 203.00
314.12 74.21 60.90 203.00
314.12 74.21 60.90 203.00
314.12 74.21 60.90 203.00
314.12 74.21 60.90 203.00
314.12 74.21 60.90 203.00
312.66 79.09 60.90 203.00
312.66 79.09 60.90 203.00
310.23 80.59 60.00 200.00
305.00 86.79 59.11 197.04
305.00 86.79 59.11 197.04
304.55 80.52 60.00 200.00
301.67 80.52 60.00 200.00
301.67 80.52 60.00 200.00
301.67 80.52 60.00 200.00
305.61 79.02 60.90 203.00
305.61 79.02 60.90 203.00
305.61 79.02 60.90 203.00
302.19 67.60 61.81 206.05
302.19 67.60 61.81 206.05
300.22 61.04 62.74 209.14
301.72 61.04 62.74 209.14
301.72 61.04 62.74 209.14
301.72 56.02 62.74 209.14
301.72 56.02 62.74 209.14
301.72 56.02 62.74 209.14
299.72 54.45 63.68 212.27
295.14 54.45 63.68 212.27
295.14 54.45 63.68 212.27
291.56 52.86 64.64 215.46
284.77 51.24 65.61 218.69
282.68 44.27 66.59 221.97
280.03 51.16 65.61 218.69
278.96 52.78 64.64 215.46
278.96 52.78 64.64 215.46
280.97 54.37 63.68 212.27
281.44 60.96 62.74 209.14
283.38 62.50 61.81 206.05
282.38 64.03 60.90 203.00
278.96 62.50 61.81 206.05
278.96 62.50 61.81 206.05
277.47 62.50 61.81 206.05
270.05 57.56 61.81 206.05
268.57 57.56 61.81 206.05
264.12 57.56 61.81 206.05
259.14 56.01 62.74 209.14
259.14 56.01 62.74 209.14
259.14 56.01 62.74 209.14
261.73 49.35 63.68 212.27
261.73 49.35 63.68 212.27
264.78 49.35 63.68 212.27
276.72 47.76 64.64 215.46
276.23 46.14 65.61 218.69
278.93 39.18 66.59 221.97
280.53 28.52 66.59 221.97
280.53 28.52 66.59 221.97
277.34 23.19 66.59 221.97
275.74 28.52 66.59 221.97
275.74 28.52 66.59 221.97
272.54 28.52 66.59 221.97
270.94 33.85 66.59 221.97
270.94 33.85 66.59 221.97
271.44 40.74 65.61 218.69
271.92 42.35 64.64 215.46
271.92 42.35 64.64 215.46
271.92 42.35 64.64 215.46
271.92 42.35 64.64 215.46
271.92 42.35 64.64 215.46
271.92 42.35 64.64 215.46
276.57 42.35 64.64 215.46
276.57 42.35 64.64 215.46
276.57 42.35 64.64 215.46
277.66 40.74 65.61 218.69
277.17 39.10 66.59 221.97
279.24 40.74 65.61 218.69
280.81 35.49 65.61 218.69
280.81 35.49 65.61 218.69
281.30 37.10 64.64 215.46
278.72 38.70 63.68 212.27
279.19 40.27 62.74 209.14
276.18 40.27 62.74 209.14
269.22 41.81 61.81 206.05
267.74 41.81 61.81 206.05
263.29 41.81 61.81 206.05
260.82 43.33 60.90 203.00
260.82 43.33 60.90 203.00
260.82 38.46 60.90 203.00
261.85 36.94 61.81 206.05
261.39 35.39 62.74 209.14
260.92 33.82 63.68 212.27
260.44 37.40 64.64 215.46
260.44 37.40 64.64 215.46
260.44 37.40 64.64 215.46
243.37 37.40 64.64 215.46
243.37 37.40 64.64 215.46
243.37 37.40 64.64 215.46
242.89 41.04 65.61 218.69
242.89 41.04 65.61 218.69
242.40 39.40 66.59 221.97
242.40 39.40 66.59 221.97
242.40 39.40 66.59 221.97
241.90 37.73 67.59 225.30
241.90 37.73 67.59 225.30
241.90 37.73 67.59 225.30
242.40 39.40 66.59 221.97
247.61 35.79 65.61 218.69
249.19 35.79 65.61 218.69
250.76 35.79 65.61 218.69
257.45 37.40 64.64 215.46
259.00 37.40 64.64 215.46
262.11 37.40 64.64 215.46
267.92 35.79 65.61 218.69
267.43 34.15 66.59 221.97
271.07 35.79 65.61 218.69
277.76 37.40 64.64 215.46
278.24 39.00 63.68 212.27
281.29 44.09 63.68 212.27
282.37 42.50 64.64 215.46
282.37 42.50 64.64 215.46
283.46 46.13 65.61 218.69
282.96 44.49 66.59 221.97
282.96 44.49 66.59 221.97
284.56 44.49 66.59 221.97
285.05 46.13 65.61 218.69
285.05 46.13 65.61 218.69
285.05 46.13 65.61 218.69
286.16 39.16 66.59 221.97
286.16 39.16 66.59 221.97
287.28 37.50 67.59 225.30
288.42 30.32 68.60 228.68
288.42 30.32 68.60 228.68
287.31 26.60 67.59 225.30
285.69 26.60 67.59 225.30
285.69 26.60 67.59 225.30
285.69 26.60 67.59 225.30
278.59 24.91 68.60 228.68
278.08 23.20 69.63 232.11
276.41 23.20 69.63 232.11
274.74 28.77 69.63 232.11
273.06 28.77 69.63 232.11
273.06 28.77 69.63 232.11
281.02 21.37 70.68 235.59
282.72 21.37 70.68 235.59
282.72 21.37 70.68 235.59
282.72 15.72 70.68 235.59
282.72 15.72 70.68 235.59
281.57 17.46 69.63 232.11
289.93 17.46 69.63 232.11
289.93 17.46 69.63 232.11
289.93 17.46 69.63 232.11
293.27 17.46 69.63 232.11
293.27 17.46 69.63 232.11
294.94 17.46 69.63 232.11
298.28 17.46 69.63 232.11
298.28 17.46 69.63 232.11
299.95 17.46 69.63 232.11
303.30 17.46 69.63 232.11
304.97 17.46 69.63 232.11
308.31 17.46 69.63 232.11
313.32 17.46 69.63 232.11
313.32 17.46 69.63 232.11
314.99 17.46 69.63 232.11
315.51 19.18 68.60 228.68
316.02 20.87 67.59 225.30
312.77 20.87 67.59 225.30
314.87 22.53 66.59 221.97
315.36 24.17 65.61 218.69
315.36 18.92 65.61 218.69
318.51 18.92 65.61 218.69
318.51 18.92 65.61 218.69
320.08 18.92 65.61 218.69
323.23 18.92 65.61 218.69
323.23 18.92 65.61 218.69
325.27 15.37 64.64 215.46
328.80 16.96 63.68 212.27
329.88 15.37 64.64 215.46
330.36 16.96 63.68 212.27
331.88 22.05 63.68 212.27
331.88 22.05 63.68 212.27
332.96 20.46 64.64 215.46
336.06 15.29 64.64 215.46
336.06 15.29 64.64 215.46
336.54 16.88 63.68 212.27
335.01 16.88 63.68 212.27
335.01 16.88 63.68 212.27
333.48 16.88 63.68 212.27
331.45 15.29 64.64 215.46
331.45 15.29 64.64 215.46
331.45 15.29 64.64 215.46
333.00 15.29 64.64 215.46
333.00 15.29 64.64 215.46
335.01 16.88 63.68 212.27
331.43 15.29 64.64 215.46
330.94 13.67 65.61 218.69
331.43 10.12 64.64 215.46
330.38 11.71 63.68 212.27
332.36 13.28 62.74 209.14
332.36 13.28 62.74 209.14
332.36 13.28 62.74 209.14
330.85 13.28 62.74 209.14
330.85 13.28 62.74 209.14
331.31 14.83 61.81 206.05
332.80 14.83 61.81 206.05
332.80 14.83 61.81 206.05
331.31 14.83 61.81 206.05
329.83 14.83 61.81 206.05
329.83 14.83 61.81 206.05
330.29 16.35 60.90 203.00
331.31 14.83 61.81 206.05
331.31 14.83 61.81 206.05
331.31 14.83 61.81 206.05
328.85 16.35 60.90 203.00
328.85 16.35 60.90 203.00
325.92 16.35 60.90 203.00
316.29 22.65 60.00 200.00
316.74 24.13 59.11 197.04
314.38 25.58 58.24 194.13
308.79 25.58 58.24 194.13
308.79 25.58 58.24 194.13
305.99 25.58 58.24 194.13
299.88 24.13 59.11 197.04
298.00 22.65 60.00 200.00
295.12 22.65 60.00 200.00
286.48 17.85 60.00 200.00
286.48 17.85 60.00 200.00
284.08 14.60 59.11 197.04
277.88 13.12 60.00 200.00
275.97 11.62 60.90 203.00
275.51 10.10 61.81 206.05
273.04 11.62 60.90 203.00
273.49 13.12 60.00 200.00
273.49 13.12 60.00 200.00
270.61 13.12 60.00 200.00
270.61 13.12 60.00 200.00
271.06 14.60 59.11 197.04
269.64 19.33 59.11 197.04
269.64 19.33 59.11 197.04
269.64 14.60 59.11 197.04
269.20 13.12 60.00 200.00
269.20 13.12 60.00 200.00
270.21 11.62 60.90 203.00
271.67 6.75 60.90 203.00
271.67 6.75 60.90 203.00
273.56 8.25 60.00 200.00
275.42 5.00 59.11 197.04
275.42 5.00 59.11 197.04
278.65 6.45 58.24 194.13
283.21 12.48 57.38 191.26
285.00 13.89 56.53 188.44
286.35 13.89 56.53 188.44
289.07 18.41 56.53 188.44
289.07 18.41 56.53 188.44
289.48 19.80 55.70 185.65
290.42 22.93 56.53 188.44
290.42 22.93 56.53 188.44
290.42 27.46 56.53 188.44
290.42 27.46 56.53 188.44
290.42 27.46 56.53 188.44
290.00 26.04 57.38 191.26
291.38 26.04 57.38 191.26
291.38 26.04 57.38 191.26
290.95 24.61 58.24 194.13
296.88 26.04 57.38 191.26
296.88 26.04 57.38 191.26
299.64 26.04 57.38 191.26
304.13 27.46 56.53 188.44
304.13 27.46 56.53 188.44
307.22 28.85 55.70 185.65
312.23 27.46 56.53 188.44
311.81 26.04 57.38 191.26
313.59 27.46 56.53 188.44
313.59 27.46 56.53 188.44
313.59 27.46 56.53 188.44
312.67 28.85 55.70 185.65
307.81 30.22 54.87 182.91
308.22 31.57 54.06 180.21
305.62 31.57 54.06 180.21
301.27 34.61 54.87 182.91
300.86 33.24 55.70 185.65
298.18 33.24 55.70 185.65
293.70 31.85 56.53 188.44
293.27 30.43 57.38 191.26
290.98 31.85 56.53 188.44
286.05 33.24 55.70 185.65
286.46 34.61 54.87 182.91
286.87 35.96 54.06 180.21
283.83 39.00 54.87 182.91
283.83 39.00 54.87 182.91
282.51 39.00 54.87 182.91
280.32 36.03 54.06 180.21
280.72 37.36 53.26 177.54
281.12 38.67 52.48 174.92
281.50 39.96 51.70 172.33
281.50 39.96 51.70 172.33
279.02 44.10 51.70 172.33
280.63 45.37 50.94 169.79
281.00 46.63 50.18 167.28
283.07 45.37 50.94 169.79
284.65 46.63 50.18 167.28
285.02 47.86 49.44 164.81
287.06 50.64 50.18 167.28
294.02 49.39 50.94 169.79
294.88 48.11 51.70 172.33
298.27 51.02 52.48 174.92
301.71 49.71 53.26 177.54
302.61 48.38 54.06 180.21
303.52 42.63 54.87 182.91
309.79 45.72 55.70 185.65
309.37 44.33 56.53 188.44
311.71 47.50 57.38 191.26
314.07 46.07 58.24 194.13
313.63 44.61 59.11 197.04
314.63 43.14 60.00 200.00
313.65 49.34 59.11 197.04
313.65 49.34 59.11 197.04
315.07 54.07 59.11 197.04
317.51 52.59 60.00 200.00
317.06 51.09 60.90 203.00
318.09 49.57 61.81 206.05
319.13 53.04 62.74 209.14
320.19 51.48 63.68 212.27
322.81 49.88 64.64 215.46
328.63 48.27 65.61 218.69
328.63 48.27 65.61 218.69
330.20 48.27 65.61 218.69
335.34 49.88 64.64 215.46
335.82 51.48 63.68 212.27
337.79 53.04 62.74 209.14
337.79 48.03 62.74 209.14
337.79 48.03 62.74 209.14
339.74 54.52 61.81 206.05
340.20 56.04 60.90 203.00
340.20 56.04 60.90 203.00
337.27 56.04 60.90 203.00
332.89 60.91 60.90 203.00
332.89 60.91 60.90 203.00
329.46 59.39 61.81 206.05
324.48 57.84 62.74 209.14
324.48 57.84 62.74 209.14
322.98 57.84 62.74 209.14
319.97 52.82 62.74 209.14
319.97 52.82 62.74 209.14
318.95 54.37 61.81 206.05
315.98 49.42 61.81 206.05
315.98 49.42 61.81 206.05
314.01 47.88 62.74 209.14
311.51 49.42 61.81 206.05
311.51 49.42 61.81 206.05
310.50 50.95 60.90 203.00
307.08 49.42 61.81 206.05
307.08 49.42 61.81 206.05
303.60 47.88 62.74 209.14
293.96 51.40 63.68 212.27
292.43 51.40 63.68 212.27
290.91 51.40 63.68 212.27
286.86 57.99 62.74 209.14
286.86 57.99 62.74 209.14
285.35 57.99 62.74 209.14
286.41 51.33 63.68 212.27
285.93 49.74 64.64 215.46
285.45 48.12 65.61 218.69
280.16 46.48 66.59 221.97
278.56 46.48 66.59 221.97
275.37 41.15 66.59 221.97
269.56 42.79 65.61 218.69
269.56 42.79 65.61 218.69
268.49 44.41 64.64 215.46
267.44 46.00 63.68 212.27
267.44 46.00 63.68 212.27
267.44 46.00 63.68 212.27
272.43 47.57 62.74 209.14
272.90 49.12 61.81 206.05
275.44 47.57 62.74 209.14
284.81 49.12 61.81 206.05
285.26 50.64 60.90 203.00
287.77 49.12 61.81 206.05
294.08 60.38 60.90 203.00
295.10 58.86 61.81 206.05
296.15 62.33 62.74 209.14
298.73 60.76 63.68 212.27
298.26 59.17 64.64 215.46
297.77 62.81 65.61 218.69
290.89 61.17 66.59 221.97
288.76 59.50 67.59 225.30
284.96 57.81 68.60 228.68
292.81 56.10 69.63 232.11
293.98 54.35 70.68 235.59
296.17 56.10 69.63 232.11
291.16 56.10 69.63 232.11
291.16 56.10 69.63 232.11
288.38 57.81 68.60 228.68
287.27 59.50 67.59 225.30
287.27 59.50 67.59 225.30
287.27 59.50 67.59 225.30
287.77 61.17 66.59 221.97
288.26 62.81 65.61 218.69
289.83 57.56 65.61 218.69
294.56 57.56 65.61 218.69
294.56 57.56 65.61 218.69
297.70 57.56 65.61 218.69
302.84 59.17 64.64 215.46
302.84 59.17 64.64 215.46
304.85 60.76 63.68 212.27
305.32 67.35 62.74 209.14
305.32 67.35 62.74 209.14
305.78 68.90 61.81 206.05
305.78 68.90 61.81 206.05
305.78 68.90 61.81 206.05
304.78 70.42 60.90 203.00
300.39 70.42 60.90 203.00
300.39 70.42 60.90 203.00
297.96 76.72 60.00 200.00
290.21 80.09 60.90 203.00
288.74 80.09 60.90 203.00
285.32 78.57 61.81 206.05
287.87 77.02 62.74 209.14
287.40 75.46 63.68 212.27
290.02 73.86 64.64 215.46
295.84 77.50 65.61 218.69
296.94 75.86 66.59 221.97
296.44 74.19 67.59 225.30
296.44 68.78 67.59 225.30
296.44 68.78 67.59 225.30
298.07 68.78 67.59 225.30
298.07 74.19 67.59 225.30
298.07 74.19 67.59 225.30
292.62 72.50 68.60 228.68
294.75 74.19 67.59 225.30
294.75 74.19 67.59 225.30
296.37 74.19 67.59 225.30
300.07 75.86 66.59 221.97
300.07 75.86 66.59 221.97
300.56 77.50 65.61 218.69
302.13 77.50 65.61 218.69
302.13 77.50 65.61 218.69
302.62 79.11 64.64 215.46
298.98 82.75 65.61 218.69
298.49 81.10 66.59 221.97
297.41 82.75 65.61 218.69
292.69 87.99 65.61 218.69
292.69 87.99 65.61 218.69
290.59 86.35 66.59 221.97
286.85 90.10 67.59 225.30
286.85 90.10 67.59 225.30
285.23 90.10 67.59 225.30
284.72 93.89 68.60 228.68
283.61 100.99 67.59 225.30
284.11 102.66 66.59 221.97
284.60 104.30 65.61 218.69
283.53 111.08 64.64 215.46
284.01 112.68 63.68 212.27
282.97 114.24 62.74 209.14
281.47 114.24 62.74 209.14
281.47 114.24 62.74 209.14
281.47 119.26 62.74 209.14
279.47 117.69 63.68 212.27
279.47 117.69 63.68 212.27
279.47 117.69 63.68 212.27
276.93 124.28 62.74 209.14
276.46 122.71 63.68 212.27
274.93 117.62 63.68 212.27
276.00 110.86 64.64 215.46
275.52 109.24 65.61 218.69
273.94 109.24 65.61 218.69
273.94 109.24 65.61 218.69
273.94 109.24 65.61 218.69
275.52 103.99 65.61 218.69
277.09 98.74 65.61 218.69
277.09 98.74 65.61 218.69
276.60 97.10 66.59 221.97
279.35 95.44 67.59 225.30
279.35 95.44 67.59 225.30
280.49 93.75 68.60 228.68
283.31 92.03 69.63 232.11
282.79 90.29 70.68 235.59
286.66 97.60 69.63 232.11
288.82 104.81 68.60 228.68
288.82 104.81 68.60 228.68
288.82 110.30 68.60 228.68
284.46 117.39 67.59 225.30
283.36 119.06 66.59 221.97
287.00 120.70 65.61 218.69
296.45 120.70 65.61 218.69
298.02 120.70 65.61 218.69
304.32 120.70 65.61 218.69
315.34 120.70 65.61 218.69
315.34 120.70 65.61 218.69
320.07 120.70 65.61 218.69
324.37 119.06 66.59 221.97
323.87 117.39 67.59 225.30
321.71 115.70 68.60 228.68
309.50 113.99 69.63 232.11
307.28 112.25 70.68 235.59
299.45 119.56 69.63 232.11
306.55 121.27 68.60 228.68
306.55 121.27 68.60 228.68
309.84 121.27 68.60 228.68
314.78 121.27 68.60 228.68
316.43 121.27 68.60 228.68
318.08 121.27 68.60 228.68
314.78 121.27 68.60 228.68
314.78 121.27 68.60 228.68
312.05 122.96 67.59 225.30
307.18 122.96 67.59 225.30
307.18 122.96 67.59 225.30
307.18 122.96 67.59 225.30
308.32 115.79 68.60 228.68
308.32 115.79 68.60 228.68
314.90 115.79 68.60 228.68
328.08 110.30 68.60 228.68
328.08 110.30 68.60 228.68
333.45 111.99 67.59 225.30
323.06 110.30 68.60 228.68
319.21 103.01 69.63 232.11
322.55 103.01 69.63 232.11
327.12 101.27 70.68 235.59
326.59 99.50 71.74 239.12
326.59 93.76 71.74 239.12
329.54 91.97 72.81 242.71
331.29 91.97 72.81 242.71
336.07 90.15 73.91 246.35
351.71 88.30 75.01 250.05
355.31 88.30 75.01 250.05
360.72 88.30 75.01 250.05
371.52 88.30 75.01 250.05
373.32 88.30 75.01 250.05
378.24 86.43 76.14 253.80
388.80 84.52 77.28 257.60
390.65 84.52 77.28 257.60
396.21 84.52 77.28 257.60
394.36 84.52 77.28 257.60
399.43 82.59 78.44 261.47
406.48 80.63 79.62 265.39
405.89 78.64 80.81 269.37
408.39 80.63 79.62 265.39
412.75 88.87 78.44 261.47
412.75 88.87 78.44 261.47
404.05 90.80 77.28 257.60
393.66 86.61 76.14 253.80
391.83 86.61 76.14 253.80
388.18 86.61 76.14 253.80
385.14 94.49 75.01 250.05
385.14 94.49 75.01 250.05
385.14 94.49 75.01 250.05
384.58 92.61 76.14 253.80
384.01 90.71 77.28 257.60
384.58 92.61 76.14 253.80
386.94 94.49 75.01 250.05
386.94 94.49 75.01 250.05
388.74 94.49 75.01 250.05
388.74 94.49 75.01 250.05
388.74 94.49 75.01 250.05
387.52 96.34 73.91 246.35
385.17 94.49 75.01 250.05
385.17 94.49 75.01 250.05
384.60 92.61 76.14 253.80
385.89 90.71 77.28 257.60
385.89 90.71 77.28 257.60
385.89 90.71 77.28 257.60
386.46 92.61 76.14 253.80
387.02 94.49 75.01 250.05
385.22 94.49 75.01 250.05
384.00 96.34 73.91 246.35
384.55 98.16 72.81 242.71
382.80 98.16 72.81 242.71
379.89 99.95 71.74 239.12
379.89 99.95 71.74 239.12
379.89 99.95 71.74 239.12
375.86 98.16 72.81 242.71
375.32 96.34 73.91 246.35
374.11 98.16 72.81 242.71
371.79 102.25 73.91 246.35
371.79 102.25 73.91 246.35
370.59 104.07 72.81 242.71
369.41 105.86 71.74 239.12
369.41 105.86 71.74 239.12
369.41 105.86 71.74 239.12
364.24 105.86 71.74 239.12
364.24 105.86 71.74 239.12
364.24 105.86 71.74 239.12
364.77 107.63 70.68 235.59
364.77 107.63 70.68 235.59
364.77 107.63 70.68 235.59
366.47 107.63 70.68 235.59
366.47 107.63 70.68 235.59
366.47 107.63 70.68 235.59
363.65 109.37 69.63 232.11
361.98 109.37 69.63 232.11
360.85 111.08 68.60 228.68
357.55 111.08 68.60 228.68
357.55 111.08 68.60 228.68
355.37 109.37 69.63 232.11
349.30 111.08 68.60 228.68
347.65 111.08 68.60 228.68
347.65 111.08 68.60 228.68
345.46 109.37 69.63 232.11
345.46 109.37 69.63 232.11
345.46 109.37 69.63 232.11
342.69 111.08 68.60 228.68
342.69 111.08 68.60 228.68
339.39 111.08 68.60 228.68
334.45 111.08 68.60 228.68
332.81 111.08 68.60 228.68
328.95 109.37 69.63 232.11
326.73 101.97 70.68 235.59
326.20 100.21 71.74 239.12
324.48 100.21 71.74 239.12
321.04 100.21 71.74 239.12
321.04 100.21 71.74 239.12
318.75 98.41 72.81 242.71
312.40 100.21 71.74 239.12
309.54 107.63 70.68 235.59
309.01 100.12 71.74 239.12
307.29 100.12 71.74 239.12
307.29 100.12 71.74 239.12
307.29 100.12 71.74 239.12
310.25 92.50 72.81 242.71
310.25 92.50 72.81 242.71
313.25 90.68 73.91 246.35
317.29 92.50 72.81 242.71
317.83 94.30 71.74 239.12
319.55 100.04 71.74 239.12
321.27 100.04 71.74 239.12
321.27 100.04 71.74 239.12
321.27 100.04 71.74 239.12
321.27 100.04 71.74 239.12
321.27 100.04 71.74 239.12
321.80 101.80 70.68 235.59
325.66 103.54 69.63 232.11
326.18 105.26 68.60 228.68
327.82 105.26 68.60 228.68
333.99 103.54 69.63 232.11
333.99 103.54 69.63 232.11
