592.00 133.00 83.00 207.00
594.58 134.53 81.77 203.94
593.96 133.00 83.00 207.00
594.58 129.63 81.77 203.94
596.54 129.63 81.77 203.94
595.93 128.11 83.00 207.00
595.93 128.11 83.00 207.00
597.32 126.55 84.24 210.10
597.95 128.11 83.00 207.00
597.95 128.11 83.00 207.00
597.95 128.11 83.00 207.00
599.35 121.51 84.24 210.10
599.97 123.06 83.00 207.00
599.97 123.06 83.00 207.00
599.97 123.06 83.00 207.00
597.98 123.06 83.00 207.00
595.33 121.51 84.24 210.10
595.33 116.47 84.24 210.10
590.60 114.89 85.51 213.26
588.54 109.77 85.51 213.26
585.13 111.35 84.24 210.10
585.75 107.93 83.00 207.00
584.41 104.57 81.77 203.94
583.79 103.04 83.00 207.00
582.44 99.67 81.77 203.94
584.98 96.36 80.56 200.93
587.48 93.09 79.37 197.96
591.82 94.56 78.20 195.03
597.95 100.61 77.05 192.15
603.98 102.03 75.91 189.31
615.31 107.90 74.79 186.51
624.70 118.10 73.68 183.76
633.96 128.15 72.59 181.04
646.51 138.05 71.52 178.37
655.50 147.80 70.46 175.73
662.68 157.41 69.42 173.13
669.76 162.78 68.39 170.57
673.50 172.11 67.38 168.05
675.59 169.38 66.39 165.57
674.51 166.69 65.41 163.12
671.90 160.18 64.44 160.71
670.85 161.37 63.49 158.34
644.30 185.00 62.55 156.00
637.74 187.63 63.49 158.34
633.17 183.83 63.49 158.34
626.50 178.78 64.44 160.71
626.98 172.37 63.49 158.34
626.50 175.04 64.44 160.71
624.45 189.50 65.41 163.12
619.18 200.19 66.39 165.57
617.07 211.05 67.38 168.05
596.86 181.14 68.39 170.57
609.68 175.70 69.42 173.13
609.16 178.62 70.46 175.73
613.01 179.92 69.42 173.13
576.98 170.18 70.46 175.73
600.48 164.59 71.52 178.37
601.01 153.25 70.46 175.73
591.90 134.81 71.52 178.37
598.33 124.78 72.59 181.04
603.09 105.78 73.68 183.76
620.77 52.86 73.68 183.76
640.22 30.81 73.68 183.76
650.83 26.40 73.68 183.76
620.02 58.17 72.59 181.04
623.99 59.51 71.52 178.37
624.52 56.61 70.46 175.73
630.04 41.29 69.42 173.13
626.13 73.73 70.46 175.73
630.75 76.69 71.52 178.37
624.99 114.46 72.59 181.04
611.05 127.50 72.59 181.04
617.58 143.78 73.68 183.76
618.82 164.78 74.79 186.51
618.26 186.10 75.91 189.31
623.24 170.85 77.05 192.15
630.17 155.36 78.20 195.03
643.69 138.36 77.05 192.15
633.73 118.19 78.20 195.03
570.28 154.74 79.37 197.96
570.28 145.24 79.37 197.96
569.68 129.29 80.56 200.93
569.68 119.64 80.56 200.93
567.12 103.45 81.77 203.94
560.53 67.14 83.00 207.00
561.93 75.68 84.25 210.11
557.19 53.63 85.51 213.26
559.85 50.16 84.25 210.11
562.46 56.68 83.00 207.00
567.90 55.13 84.25 210.11
567.90 70.26 84.25 210.11
565.88 90.43 84.25 210.11
572.48 101.92 83.00 207.00
579.94 105.41 84.25 210.11
585.47 119.18 85.51 213.26
596.21 125.80 84.25 210.11
606.79 137.29 83.00 207.00
621.14 143.72 81.77 203.94
631.42 150.04 80.56 200.93
641.54 156.28 79.37 197.96
651.51 162.42 78.20 195.03
653.93 168.48 77.05 192.15
666.49 167.04 78.20 195.03
647.73 167.04 78.20 195.03
639.52 151.32 79.37 197.96
640.86 130.55 80.56 200.93
642.22 124.14 81.77 203.94
643.59 112.68 83.00 207.00
644.21 99.52 81.77 203.94
639.01 81.74 80.56 200.93
612.89 85.13 81.77 203.94
591.31 80.24 81.77 203.94
598.66 68.77 83.00 207.00
579.84 82.35 84.25 210.11
571.00 91.01 85.51 213.26
567.59 107.71 84.25 210.11
560.80 121.49 85.51 213.26
555.99 135.47 86.79 216.46
555.34 144.40 88.09 219.70
548.24 164.16 89.41 223.00
546.79 176.35 88.09 219.70
546.79 181.62 88.09 219.70
546.13 185.33 89.41 223.00
547.64 183.65 90.76 226.34
553.59 181.96 92.12 229.74
562.98 183.65 90.76 226.34
571.14 170.93 92.12 229.74
579.43 163.61 93.50 233.18
588.41 152.42 93.50 233.18
599.62 146.82 93.50 233.18
610.31 139.39 94.90 236.68
616.54 126.08 96.32 240.23
625.20 118.43 97.77 243.84
638.76 122.54 99.24 247.49
652.52 120.69 100.72 251.21
648.50 140.36 99.24 247.49
658.62 142.19 97.77 243.84
667.41 140.36 99.24 247.49
669.79 146.30 99.24 247.49
640.04 144.44 100.72 251.21
644.87 150.47 100.72 251.21
648.00 146.39 99.24 247.49
649.67 132.48 100.72 251.21
648.92 124.47 102.24 254.97
653.13 110.14 103.77 258.80
658.11 97.72 103.77 258.80
661.33 93.51 102.24 254.97
663.06 91.60 103.77 258.80
663.06 91.60 103.77 258.80
665.55 97.81 103.77 258.80
666.31 111.96 102.24 254.97
666.31 118.08 102.24 254.97
667.07 132.02 100.72 251.21
666.31 136.26 102.24 254.97
670.53 140.55 103.77 258.80
672.28 151.22 105.33 262.68
674.05 162.05 106.91 266.62
678.46 166.54 108.51 270.62
686.27 166.54 108.51 270.62
666.95 210.66 110.14 274.68
666.95 217.25 110.14 274.68
670.37 225.78 108.51 270.62
677.49 223.75 110.14 274.68
693.35 230.34 110.14 274.68
707.18 238.87 108.51 270.62
728.51 234.47 106.91 266.62
751.60 208.87 106.91 266.62
722.15 148.42 108.51 270.62
717.82 150.42 106.91 266.62
713.56 158.69 105.33 262.68
714.34 154.42 103.77 258.80
729.83 150.21 102.24 254.97
723.33 146.07 100.72 251.21
719.31 147.92 99.24 247.49
709.78 141.99 99.24 247.49
701.79 140.13 100.72 251.21
689.70 146.16 100.72 251.21
680.03 140.13 100.72 251.21
667.94 140.13 100.72 251.21
701.54 132.13 102.24 254.97
698.28 117.79 103.77 258.80
728.49 125.82 102.24 254.97
733.40 107.46 102.24 254.97
705.15 145.52 100.72 251.21
719.11 125.28 102.24 254.97
701.94 131.40 102.24 254.97
728.93 131.40 102.24 254.97
740.61 123.28 103.77 258.80
755.00 133.94 105.33 262.68
758.27 129.67 103.77 258.80
755.78 123.46 103.77 258.80
743.33 123.46 103.77 258.80
714.65 131.49 102.24 254.97
684.00 123.37 103.77 258.80
674.04 117.16 103.77 258.80
664.07 129.58 103.77 258.80
665.82 121.34 105.33 262.68
670.88 115.03 105.33 262.68
665.82 108.73 105.33 262.68
654.77 106.76 106.91 266.62
644.51 106.76 106.91 266.62
634.25 106.76 106.91 266.62
629.11 100.36 106.91 266.62
600.89 125.95 106.91 266.62
614.32 115.32 105.33 262.68
616.85 109.01 105.33 262.68
647.51 117.16 103.77 258.80
654.98 110.95 103.77 258.80
650.00 104.74 103.77 258.80
645.02 104.74 103.77 258.80
645.02 104.74 103.77 258.80
642.53 104.74 103.77 258.80
639.22 109.10 105.33 262.68
641.75 109.10 105.33 262.68
636.70 109.10 105.33 262.68
636.70 109.10 105.33 262.68
636.70 115.41 105.33 262.68
639.22 115.41 105.33 262.68
641.75 115.41 105.33 262.68
641.75 109.10 105.33 262.68
639.22 109.10 105.33 262.68
637.51 111.05 103.77 258.80
635.02 111.05 103.77 258.80
637.51 111.05 103.77 258.80
640.00 104.83 103.77 258.80
638.32 112.87 102.24 254.97
640.77 112.87 102.24 254.97
637.51 117.16 103.77 258.80
637.51 117.16 103.77 258.80
636.73 115.22 105.33 262.68
635.94 113.25 106.91 266.62
635.14 111.25 108.51 270.62
634.33 109.22 110.14 274.68
634.33 109.22 110.14 274.68
631.69 115.82 110.14 274.68
634.33 109.22 110.14 274.68
637.75 104.76 108.51 270.62
638.55 100.36 106.91 266.62
635.14 104.86 108.51 270.62
635.14 104.86 108.51 270.62
632.54 104.86 108.51 270.62
631.72 102.83 110.14 274.68
628.22 100.77 111.79 278.80
629.04 102.83 110.14 274.68
625.53 107.46 111.79 278.80
621.97 98.57 113.47 282.98
619.25 98.57 113.47 282.98
612.87 96.45 115.17 287.23
613.72 91.78 113.47 282.98
613.72 91.78 113.47 282.98
611.00 91.78 113.47 282.98
611.00 91.78 113.47 282.98
605.55 98.57 113.47 282.98
605.55 91.78 113.47 282.98
605.55 91.78 113.47 282.98
604.70 89.66 115.17 287.23
604.70 89.66 115.17 287.23
604.70 89.66 115.17 287.23
601.03 87.51 116.90 291.53
601.03 87.51 116.90 291.53
598.22 87.51 116.90 291.53
598.22 87.51 116.90 291.53
598.22 87.51 116.90 291.53
598.22 87.51 116.90 291.53
595.42 87.51 116.90 291.53
601.03 80.51 116.90 291.53
595.42 87.51 116.90 291.53
595.42 87.51 116.90 291.53
594.54 85.32 118.65 295.91
591.69 92.42 118.65 295.91
587.91 82.99 120.43 300.35
585.02 82.99 120.43 300.35
583.07 92.31 118.65 295.91
583.94 94.50 116.90 291.53
582.04 96.66 115.17 287.23
582.04 96.66 115.17 287.23
582.04 96.66 115.17 287.23
586.79 87.50 116.90 291.53
581.18 94.50 116.90 291.53
582.04 103.55 115.17 287.23
582.04 96.66 115.17 287.23
580.17 105.57 113.47 282.98
582.89 105.57 113.47 282.98
582.89 98.78 113.47 282.98
580.17 98.78 113.47 282.98
579.32 103.55 115.17 287.23
578.46 101.39 116.90 291.53
578.46 101.39 116.90 291.53
581.26 101.39 116.90 291.53
582.13 103.55 115.17 287.23
580.25 112.46 113.47 282.98
578.41 121.24 111.79 278.80
578.41 114.55 111.79 278.80
577.57 112.46 113.47 282.98
577.57 119.25 113.47 282.98
578.41 114.65 111.79 278.80
578.41 114.65 111.79 278.80
575.73 121.35 111.79 278.80
574.89 119.25 113.47 282.98
571.27 117.13 115.17 287.23
571.27 124.03 115.17 287.23
574.04 117.13 115.17 287.23
574.04 117.13 115.17 287.23
571.27 124.03 115.17 287.23
572.12 126.15 113.47 282.98
572.96 128.24 111.79 278.80
571.14 130.30 110.14 274.68
570.32 134.93 111.79 278.80
569.48 132.84 113.47 282.98
569.48 126.05 113.47 282.98
567.64 134.83 111.79 278.80
568.46 136.89 110.14 274.68
564.95 134.83 111.79 278.80
567.64 134.83 111.79 278.80
567.64 141.52 111.79 278.80
567.64 134.83 111.79 278.80
570.32 134.83 111.79 278.80
571.14 143.48 110.14 274.68
570.32 141.42 111.79 278.80
570.32 141.42 111.79 278.80
570.32 141.42 111.79 278.80
570.32 141.42 111.79 278.80
571.14 143.48 110.14 274.68
571.14 143.48 110.14 274.68
571.14 143.48 110.14 274.68
571.14 150.07 110.14 274.68
571.14 150.07 110.14 274.68
571.96 152.10 108.51 270.62
574.56 152.10 108.51 270.62
574.56 158.60 108.51 270.62
577.17 158.60 108.51 270.62
577.17 158.60 108.51 270.62
577.17 152.10 108.51 270.62
579.77 152.10 108.51 270.62
579.77 158.60 108.51 270.62
579.77 158.60 108.51 270.62
579.77 158.60 108.51 270.62
582.38 158.60 108.51 270.62
582.38 158.60 108.51 270.62
582.38 158.60 108.51 270.62
584.98 158.60 108.51 270.62
584.98 158.60 108.51 270.62
588.35 160.60 106.91 266.62
590.91 160.60 106.91 266.62
593.48 160.60 106.91 266.62
593.48 160.60 106.91 266.62
596.04 160.60 106.91 266.62
596.83 162.57 105.33 262.68
599.36 156.26 105.33 262.68
601.89 156.26 105.33 262.68
605.16 158.21 103.77 258.80
608.38 160.12 102.24 254.97
608.38 160.12 102.24 254.97
610.10 158.21 103.77 258.80
611.85 149.96 105.33 262.68
615.12 151.90 103.77 258.80
618.34 153.81 102.24 254.97
621.51 155.70 100.72 251.21
624.64 157.55 99.24 247.49
626.31 149.67 100.72 251.21
625.56 147.78 102.24 254.97
627.28 145.87 103.77 258.80
629.77 139.66 103.77 258.80
626.47 137.72 105.33 262.68
625.68 129.35 106.91 266.62
623.94 131.32 105.33 262.68
618.02 129.35 106.91 266.62
612.89 122.95 106.91 266.62
608.62 124.92 105.33 262.68
603.56 124.92 105.33 262.68
597.64 116.55 106.91 266.62
592.51 116.55 106.91 266.62
589.95 116.55 106.91 266.62
587.38 116.55 106.91 266.62
583.97 114.55 108.51 270.62
583.16 112.52 110.14 274.68
583.16 112.52 110.14 274.68
583.97 108.06 108.51 270.62
584.78 110.06 106.91 266.62
584.78 110.06 106.91 266.62
583.04 112.03 105.33 262.68
583.82 107.76 103.77 258.80
581.33 107.76 103.77 258.80
580.55 105.82 105.33 262.68
577.19 103.85 106.91 266.62
573.79 101.85 108.51 270.62
573.79 101.85 108.51 270.62
571.18 101.85 108.51 270.62
568.58 101.85 108.51 270.62
568.58 101.85 108.51 270.62
565.97 101.85 108.51 270.62
565.97 101.85 108.51 270.62
565.97 101.85 108.51 270.62
568.58 101.85 108.51 270.62
569.38 103.85 106.91 266.62
569.38 97.45 106.91 266.62
571.94 97.45 106.91 266.62
571.94 97.45 106.91 266.62
571.94 97.45 106.91 266.62
574.51 97.45 106.91 266.62
574.51 97.45 106.91 266.62
577.08 97.45 106.91 266.62
577.08 97.45 106.91 266.62
577.08 97.45 106.91 266.62
577.08 97.45 106.91 266.62
576.27 95.45 108.51 270.62
576.27 95.45 108.51 270.62
576.27 95.45 108.51 270.62
576.27 95.45 108.51 270.62
578.88 95.45 108.51 270.62
578.88 95.45 108.51 270.62
578.88 95.45 108.51 270.62
578.88 95.45 108.51 270.62
581.48 95.45 108.51 270.62
581.48 95.45 108.51 270.62
581.48 95.45 108.51 270.62
584.09 95.45 108.51 270.62
583.27 93.42 110.14 274.68
583.27 93.42 110.14 274.68
585.92 93.42 110.14 274.68
585.92 93.42 110.14 274.68
585.92 93.42 110.14 274.68
585.09 91.36 111.79 278.80
585.09 91.36 111.79 278.80
586.97 89.27 113.47 282.98
584.25 89.27 113.47 282.98
584.25 89.27 113.47 282.98
584.25 89.27 113.47 282.98
584.25 89.27 113.47 282.98
584.25 89.27 113.47 282.98
584.25 89.27 113.47 282.98
584.25 89.27 113.47 282.98
581.53 89.27 113.47 282.98
581.53 89.27 113.47 282.98
581.53 89.27 113.47 282.98
578.81 89.27 113.47 282.98
578.81 89.27 113.47 282.98
577.95 87.15 115.17 287.23
575.19 87.15 115.17 287.23
575.19 87.15 115.17 287.23
571.52 84.99 116.90 291.53
567.80 82.80 118.65 295.91
561.13 80.59 120.43 300.35
559.17 82.80 118.65 295.91
552.50 87.79 120.43 300.35
547.69 97.11 118.65 295.91
542.96 99.30 116.90 291.53
536.39 104.22 118.65 295.91
528.85 113.40 116.90 291.53
522.28 111.21 118.65 295.91
517.54 120.40 116.90 291.53
509.12 120.40 116.90 291.53
500.71 120.40 116.90 291.53
493.28 129.44 115.17 287.23
485.96 131.57 113.47 282.98
478.75 133.66 111.79 278.80
471.65 135.72 110.14 274.68
462.77 126.97 111.79 278.80
454.72 126.97 111.79 278.80
447.62 129.03 110.14 274.68
439.69 129.03 110.14 274.68
431.76 129.03 110.14 274.68
424.76 131.06 108.51 270.62
416.02 129.03 110.14 274.68
411.62 131.06 108.51 270.62
407.29 126.66 106.91 266.62
403.03 128.63 105.33 262.68
398.82 130.57 103.77 258.80
395.52 122.32 105.33 262.68
392.99 122.32 105.33 262.68
388.79 124.26 103.77 258.80
387.10 126.18 102.24 254.97
383.84 118.05 103.77 258.80
380.54 116.11 105.33 262.68
377.18 107.74 106.91 266.62
372.05 107.74 106.91 266.62
368.64 105.74 108.51 270.62
366.04 99.25 108.51 270.62
366.84 101.25 106.91 266.62
364.28 101.25 106.91 266.62
365.07 103.22 105.33 262.68
365.84 105.16 103.77 258.80
365.84 98.95 103.77 258.80
365.07 97.01 105.33 262.68
366.84 95.04 106.91 266.62
367.63 97.01 105.33 262.68
369.41 88.64 106.91 266.62
368.61 86.64 108.51 270.62
371.97 88.64 106.91 266.62
371.97 88.64 106.91 266.62
373.78 80.14 108.51 270.62
372.96 78.11 110.14 274.68
375.61 78.11 110.14 274.68
378.25 78.11 110.14 274.68
381.67 80.14 108.51 270.62
384.27 80.14 108.51 270.62
387.64 75.74 106.91 266.62
