162.00 188.00 34.00 84.00
162.00 188.00 34.00 84.00
161.18 188.00 34.00 84.00
161.18 188.00 34.00 84.00
161.18 188.00 34.00 84.00
160.37 185.98 34.00 84.00
160.37 185.98 34.00 84.00
159.55 185.98 34.00 84.00
159.55 183.97 34.00 84.00
159.55 183.97 34.00 84.00
159.30 183.34 34.51 85.26
159.04 182.70 35.03 86.54
159.30 183.34 34.51 85.26
159.55 183.97 34.00 84.00
160.37 185.98 34.00 84.00
160.37 185.98 34.00 84.00
160.37 185.98 34.00 84.00
160.37 188.00 34.00 84.00
160.37 188.00 34.00 84.00
160.37 190.02 34.00 84.00
161.18 190.02 34.00 84.00
162.82 190.02 34.00 84.00
162.82 190.02 34.00 84.00
163.07 192.62 33.50 82.76
165.69 193.23 33.00 81.54
167.28 193.23 33.00 81.54
168.86 193.23 33.00 81.54
168.86 191.28 33.00 81.54
170.66 191.88 32.51 80.33
171.44 191.88 32.51 80.33
170.66 191.88 32.51 80.33
170.42 191.28 33.00 81.54
169.37 190.67 33.50 82.76
168.82 191.28 33.00 81.54
167.77 190.67 33.50 82.76
166.97 188.68 33.50 82.76
166.97 188.68 33.50 82.76
166.42 189.29 33.00 81.54
164.84 189.29 33.00 81.54
164.05 191.25 33.00 81.54
164.29 191.85 32.51 80.33
162.46 191.25 33.00 81.54
160.61 192.62 33.50 82.76
160.61 192.62 33.50 82.76
159.80 192.62 33.50 82.76
159.55 192.00 34.00 84.00
157.92 194.02 34.00 84.00
156.29 194.02 34.00 84.00
155.47 192.00 34.00 84.00
153.56 191.37 34.51 85.26
152.46 190.73 35.03 86.54
152.72 191.37 34.51 85.26
152.16 192.00 34.00 84.00
150.80 192.62 33.50 82.76
151.05 193.23 33.00 81.54
149.20 192.62 33.50 82.76
147.59 192.62 33.50 82.76
146.78 190.64 33.50 82.76
145.98 190.64 33.50 82.76
145.73 190.02 34.00 84.00
144.91 190.02 34.00 84.00
144.10 190.02 34.00 84.00
144.35 190.64 33.50 82.76
144.35 190.64 33.50 82.76
144.91 190.02 34.00 84.00
144.66 191.43 34.51 85.26
145.24 192.87 35.03 86.54
146.92 192.87 35.03 86.54
148.01 193.51 34.51 85.26
149.89 194.14 34.00 84.00
151.53 194.14 34.00 84.00
153.16 192.12 34.00 84.00
154.79 190.11 34.00 84.00
155.61 190.11 34.00 84.00
157.47 190.73 33.50 82.76
158.27 190.73 33.50 82.76
160.47 188.09 34.00 84.00
162.91 190.11 34.00 84.00
165.36 190.11 34.00 84.00
167.81 190.11 34.00 84.00
170.04 189.48 34.51 85.26
173.14 188.84 35.03 86.54
175.67 188.84 35.03 86.54
178.82 186.08 35.55 87.84
181.15 185.42 36.09 89.15
185.27 184.75 36.63 90.49
188.79 184.75 36.63 90.49
191.66 183.28 36.09 89.15
194.48 183.94 35.55 87.84
197.04 183.94 35.55 87.84
198.75 183.94 35.55 87.84
200.46 186.05 35.55 87.84
201.31 186.05 35.55 87.84
202.16 186.05 35.55 87.84
202.16 186.05 35.55 87.84
203.02 186.05 35.55 87.84
203.02 186.05 35.55 87.84
203.02 186.05 35.55 87.84
203.02 186.05 35.55 87.84
202.75 185.39 36.09 89.15
202.48 184.72 36.63 90.49
202.20 184.04 37.18 91.85
202.83 183.35 37.73 93.23
203.47 182.65 38.30 94.63
204.11 179.64 38.88 96.04
204.77 178.92 39.46 97.49
205.72 178.92 39.46 97.49
207.34 175.81 40.05 98.95
208.02 175.07 40.65 100.43
209.69 171.87 41.26 101.94
210.39 171.11 41.88 103.47
212.12 167.81 42.51 105.02
212.83 167.02 43.15 106.59
214.61 166.22 43.79 108.19
215.97 164.46 43.15 106.59
217.75 163.67 43.79 108.19
218.49 162.85 44.45 109.82
220.92 161.07 43.79 108.19
221.66 160.26 44.45 109.82
222.40 159.43 45.12 111.46
223.17 155.88 45.79 113.14
224.59 156.72 45.12 111.46
225.99 157.54 44.45 109.82
225.99 157.54 44.45 109.82
226.32 158.35 43.79 108.19
226.32 158.35 43.79 108.19
227.37 158.35 43.79 108.19
227.04 157.54 44.45 109.82
227.04 157.54 44.45 109.82
225.97 157.54 44.45 109.82
225.97 157.54 44.45 109.82
225.97 157.54 44.45 109.82
225.97 157.54 44.45 109.82
227.04 157.54 44.45 109.82
227.04 157.54 44.45 109.82
227.04 157.54 44.45 109.82
227.04 157.54 44.45 109.82
225.97 157.54 44.45 109.82
225.97 157.54 44.45 109.82
225.97 157.54 44.45 109.82
225.97 157.54 44.45 109.82
225.97 157.54 44.45 109.82
225.97 157.54 44.45 109.82
225.97 157.54 44.45 109.82
225.97 157.54 44.45 109.82
225.97 157.54 44.45 109.82
225.97 157.54 44.45 109.82
225.97 157.54 44.45 109.82
225.97 157.54 44.45 109.82
225.97 157.54 44.45 109.82
225.97 157.54 44.45 109.82
227.04 157.54 44.45 109.82
227.04 157.54 44.45 109.82
227.79 156.72 45.12 111.46
228.12 160.18 44.45 109.82
228.45 160.99 43.79 108.19
228.77 164.35 43.15 106.59
229.09 165.13 42.51 105.02
230.11 167.66 42.51 105.02
230.83 166.87 43.15 106.59
230.83 166.87 43.15 106.59
229.79 166.87 43.15 106.59
228.07 167.66 42.51 105.02
226.03 167.66 42.51 105.02
225.34 165.95 41.88 103.47
224.33 165.95 41.88 103.47
221.98 165.17 42.51 105.02
221.98 165.17 42.51 105.02
221.29 165.95 41.88 103.47
220.61 164.27 41.26 101.94
220.61 161.82 41.26 101.94
219.62 159.37 41.26 101.94
220.31 158.61 41.88 103.47
220.00 157.83 42.51 105.02
218.98 157.83 42.51 105.02
218.66 157.04 43.15 106.59
218.34 153.65 43.79 108.19
218.01 152.84 44.45 109.82
218.01 150.20 44.45 109.82
218.01 150.20 44.45 109.82
218.01 150.20 44.45 109.82
217.68 149.38 45.12 111.46
216.24 151.26 45.79 113.14
215.89 150.41 46.48 114.83
214.78 150.41 46.48 114.83
214.78 150.41 46.48 114.83
213.30 152.34 47.18 116.56
212.17 152.34 47.18 116.56
209.90 155.14 47.18 116.56
209.13 156.00 46.48 114.83
206.52 155.14 47.18 116.56
204.64 158.76 46.48 114.83
202.78 159.61 45.79 113.14
200.96 160.44 45.12 111.46
199.16 161.27 44.45 109.82
198.09 161.27 44.45 109.82
197.37 162.08 43.79 108.19
196.66 162.88 43.15 106.59
195.62 162.88 43.15 106.59
195.30 159.48 43.79 108.19
193.90 158.67 44.45 109.82
193.18 156.89 43.79 108.19
192.47 157.68 43.15 106.59
191.43 157.68 43.15 106.59
191.75 158.47 42.51 105.02
190.73 160.99 42.51 105.02
189.03 161.77 41.88 103.47
188.03 161.77 41.88 103.47
186.02 164.25 41.88 103.47
184.68 163.48 42.51 105.02
183.99 164.25 41.88 103.47
183.99 164.25 41.88 103.47
183.99 164.25 41.88 103.47
184.30 165.02 41.26 101.94
184.30 162.57 41.26 101.94
185.58 160.91 40.65 100.43
187.53 160.91 40.65 100.43
189.21 160.16 41.26 101.94
189.91 156.91 41.88 103.47
189.59 156.14 42.51 105.02
190.31 155.35 43.15 106.59
190.31 155.35 43.15 106.59
190.31 155.35 43.15 106.59
189.98 154.55 43.79 108.19
189.66 153.74 44.45 109.82
189.32 152.91 45.12 111.46
188.24 152.91 45.12 111.46
188.24 152.91 45.12 111.46
187.90 152.08 45.79 113.14
186.44 151.23 46.48 114.83
186.79 152.08 45.79 113.14
185.69 152.08 45.79 113.14
184.23 148.47 46.48 114.83
183.88 147.61 47.18 116.56
184.23 148.47 46.48 114.83
184.57 149.32 45.79 113.14
184.23 148.47 46.48 114.83
185.01 147.61 47.18 116.56
186.14 147.61 47.18 116.56
187.28 147.61 47.18 116.56
187.62 148.47 46.48 114.83
188.74 148.47 46.48 114.83
190.18 149.32 45.79 113.14
191.60 150.16 45.12 111.46
192.36 152.04 45.79 113.14
194.56 152.04 45.79 113.14
195.98 150.20 45.12 111.46
197.38 151.02 44.45 109.82
198.45 148.39 44.45 109.82
198.45 148.39 44.45 109.82
199.20 147.56 45.12 111.46
198.86 144.01 45.79 113.14
197.03 144.85 45.12 111.46
196.30 145.67 44.45 109.82
196.63 146.48 43.79 108.19
196.30 148.31 44.45 109.82
197.68 149.12 43.79 108.19
196.97 152.48 43.15 106.59
194.54 151.68 43.79 108.19
195.28 150.86 44.45 109.82
198.48 153.50 44.45 109.82
198.81 154.31 43.79 108.19
198.48 153.50 44.45 109.82
200.31 152.68 45.12 111.46
201.71 153.50 44.45 109.82
201.71 150.86 44.45 109.82
202.04 151.68 43.79 108.19
203.40 152.48 43.15 106.59
204.74 153.26 42.51 105.02
206.49 152.48 43.15 106.59
207.22 154.27 43.79 108.19
208.27 154.27 43.79 108.19
211.70 155.07 43.15 106.59
215.08 155.86 42.51 105.02
220.42 156.64 41.88 103.47
225.68 157.40 41.26 101.94
227.94 158.15 40.65 100.43
230.16 158.90 40.05 98.95
232.35 161.97 39.46 97.49
231.40 161.97 39.46 97.49
233.99 161.24 40.05 98.95
235.64 160.49 40.65 100.43
238.31 159.74 41.26 101.94
239.59 162.90 40.65 100.43
240.85 163.65 40.05 98.95
240.55 162.90 40.65 100.43
241.52 165.31 40.65 100.43
243.75 166.06 40.05 98.95
246.63 163.68 40.05 98.95
247.87 166.75 39.46 97.49
249.10 169.78 38.88 96.04
248.81 169.06 39.46 97.49
246.59 170.70 40.05 98.95
247.55 170.70 40.05 98.95
249.20 167.55 40.65 100.43
249.20 167.55 40.65 100.43
250.18 165.14 40.65 100.43
250.18 165.14 40.65 100.43
250.86 164.38 41.26 101.94
250.55 163.62 41.88 103.47
249.87 166.83 41.26 101.94
250.18 167.58 40.65 100.43
250.18 167.58 40.65 100.43
251.44 165.95 40.05 98.95
251.73 164.34 39.46 97.49
251.09 165.06 38.88 96.04
249.54 165.77 38.30 94.63
250.73 162.00 37.73 93.23
251.37 161.30 38.30 94.63
238.97 173.19 37.73 93.23
238.06 170.95 37.73 93.23
238.34 173.84 37.18 91.85
236.86 174.52 36.63 90.49
235.40 175.19 36.09 89.15
234.81 175.85 35.55 87.84
232.55 176.50 35.03 86.54
231.98 177.14 34.51 85.26
232.24 177.77 34.00 84.00
231.69 180.37 33.50 82.76
229.56 182.94 33.00 81.54
227.46 183.54 32.51 80.33
222.00 181.62 32.51 80.33
222.00 181.62 32.51 80.33
225.31 184.11 32.03 79.14
224.79 182.82 31.56 77.97
225.77 181.55 31.09 76.82
224.02 180.98 31.56 77.97
223.02 180.39 32.03 79.14
225.53 182.85 31.56 77.97
225.29 182.26 32.03 79.14
224.27 181.67 32.51 80.33
226.82 184.16 32.03 79.14
230.08 184.75 31.56 77.97
233.30 185.33 31.09 76.82
236.10 184.75 31.56 77.97
238.17 184.16 32.03 79.14
240.47 184.16 32.03 79.14
242.01 184.16 32.03 79.14
243.55 184.16 32.03 79.14
246.06 184.75 31.56 77.97
249.28 185.33 31.09 76.82
252.83 184.75 31.56 77.97
255.67 182.26 32.03 79.14
258.55 181.67 32.51 80.33
261.48 183.03 33.00 81.54
263.06 183.03 33.00 81.54
265.64 183.63 32.51 80.33
268.96 186.12 32.03 79.14
272.23 184.83 31.56 77.97
275.44 183.57 31.09 76.82
277.48 184.86 31.56 77.97
281.86 184.28 32.03 79.14
285.52 185.61 32.51 80.33
281.32 188.92 33.00 81.54
281.87 188.31 33.50 82.76
282.91 186.97 33.00 81.54
284.27 186.35 33.50 82.76
285.65 183.72 34.00 84.00
286.71 186.32 33.50 82.76
286.96 186.94 33.00 81.54
287.98 189.47 32.51 80.33
288.99 191.96 32.03 79.14
289.98 194.42 31.56 77.97
290.74 196.29 31.56 77.97
291.50 196.29 31.56 77.97
292.80 193.80 32.03 79.14
294.55 194.39 31.56 77.97
296.07 194.39 31.56 77.97
297.58 194.39 31.56 77.97
300.05 194.96 31.09 76.82
302.09 192.52 31.56 77.97
304.93 191.93 32.03 79.14
307.03 191.34 32.51 80.33
309.16 190.74 33.00 81.54
312.13 190.12 33.50 82.76
314.33 189.50 34.00 84.00
317.80 192.11 33.50 82.76
320.81 191.49 34.00 84.00
323.87 192.91 34.51 85.26
325.29 192.27 35.03 86.54
324.72 192.91 34.51 85.26
324.46 192.27 35.03 86.54
325.05 191.62 35.55 87.84
325.65 190.96 36.09 89.15
326.26 190.29 36.63 90.49
328.66 189.61 37.18 91.85
330.19 188.92 37.73 93.23
331.75 188.22 38.30 94.63
332.40 187.51 38.88 96.04
333.05 186.79 39.46 97.49
334.28 187.51 38.88 96.04
333.98 189.13 39.46 97.49
333.98 189.13 39.46 97.49
333.69 190.78 40.05 98.95
334.36 190.03 40.65 100.43
335.05 189.28 41.26 101.94
336.33 190.03 40.65 100.43
338.55 188.40 40.05 98.95
340.47 188.40 40.05 98.95
342.40 186.03 40.05 98.95
