756.00 339.00 83.00 132.00
743.25 344.44 84.24 133.98
735.16 347.66 84.24 133.98
731.80 354.98 83.00 132.00
727.13 357.21 84.24 133.98
723.09 363.64 84.24 133.98
716.30 365.90 85.51 135.99
711.49 364.88 86.79 138.03
706.61 367.21 88.09 140.10
703.10 368.24 86.79 138.03
698.93 371.55 86.79 138.03
696.85 371.55 86.79 138.03
694.08 373.88 88.09 140.10
689.13 372.83 89.41 142.20
684.10 371.76 90.76 144.33
681.21 370.68 92.12 146.50
676.03 366.01 93.50 148.70
675.33 361.28 94.90 150.93
672.31 360.14 96.32 153.19
669.24 355.26 97.77 155.49
666.12 350.31 99.24 157.82
662.96 341.44 100.72 160.19
661.33 338.83 99.24 157.82
658.16 333.80 100.72 160.19
656.53 331.20 99.24 157.82
655.78 326.17 100.72 160.19
656.53 327.36 99.24 157.82
658.91 331.14 99.24 157.82
690.15 298.72 97.77 155.49
658.45 327.86 99.24 157.82
665.60 324.07 99.24 157.82
671.02 325.24 97.77 155.49
682.20 324.07 99.24 157.82
689.97 317.77 97.77 155.49
703.53 252.22 99.24 157.82
710.03 243.34 100.72 160.19
674.93 238.24 102.24 162.59
684.12 229.10 103.77 165.03
690.93 223.84 105.33 167.51
701.04 215.80 105.33 167.51
713.68 211.78 105.33 167.51
723.15 206.44 106.91 170.02
729.00 207.70 105.33 167.51
731.52 203.68 105.33 167.51
734.79 204.92 103.77 165.03
736.54 199.66 105.33 167.51
737.32 196.94 103.77 165.03
735.63 194.25 102.24 162.59
738.81 183.92 100.72 160.19
741.93 185.11 99.24 157.82
745.01 186.27 97.77 155.49
745.74 187.42 96.32 153.19
751.00 188.55 94.90 150.93
765.17 171.82 93.50 148.70
761.44 172.92 92.12 146.50
757.76 174.01 90.76 144.33
754.14 181.90 89.41 142.20
749.85 185.31 89.41 142.20
750.51 186.36 88.09 140.10
753.24 187.40 86.79 138.03
743.62 201.47 85.51 135.99
754.36 196.05 84.25 133.98
756.39 199.26 84.25 133.98
759.00 206.59 83.00 132.00
761.58 210.68 81.77 130.05
760.96 212.88 83.00 132.00
760.34 215.10 84.25 133.98
804.82 186.16 84.25 133.98
806.24 185.16 85.51 135.99
807.68 184.14 86.79 138.03
800.69 186.46 88.09 140.10
802.18 178.59 89.41 142.20
803.68 257.19 90.76 144.33
803.00 256.11 92.12 146.50
803.00 259.63 92.12 146.50
801.50 257.25 90.76 144.33
800.03 265.14 89.41 142.20
798.58 266.19 88.09 140.10
795.77 265.14 89.41 142.20
792.20 269.55 88.09 140.10
788.69 277.21 86.79 138.03
785.22 281.50 85.51 135.99
783.83 285.72 84.25 133.98
783.20 287.98 85.51 135.99
779.79 295.41 84.25 133.98
776.43 299.57 83.00 132.00
772.44 299.57 83.00 132.00
767.78 305.01 84.25 133.98
765.76 308.23 84.25 133.98
761.71 311.44 84.25 133.98
759.03 316.96 85.51 135.99
752.87 323.49 85.51 135.99
746.71 326.76 85.51 135.99
748.77 326.76 85.51 135.99
743.96 332.36 86.79 138.03
736.97 334.69 88.09 140.10
734.16 333.64 89.41 142.20
726.95 336.03 90.76 144.33
719.64 338.47 92.12 146.50
715.22 341.98 92.12 146.50
709.37 339.60 90.76 144.33
711.54 336.14 90.76 144.33
702.02 335.06 92.12 146.50
690.97 338.57 92.12 146.50
676.81 341.04 93.50 148.70
670.08 337.47 93.50 148.70
666.35 338.57 92.12 146.50
670.15 333.90 93.50 148.70
683.11 329.17 94.90 150.93
687.02 320.68 96.32 153.19
687.73 314.57 94.90 150.93
694.57 307.33 94.90 150.93
696.84 300.08 94.90 150.93
696.84 296.46 94.90 150.93
691.51 291.65 96.32 153.19
686.09 286.77 97.77 155.49
681.40 283.04 97.77 155.49
676.71 279.31 97.77 155.49
675.97 274.35 99.24 157.82
674.36 271.79 97.77 155.49
672.77 269.26 96.32 153.19
672.05 268.11 97.77 155.49
668.93 266.94 99.24 157.82
668.19 269.60 100.72 160.19
667.43 272.30 102.24 162.59
666.67 275.05 103.77 165.03
667.43 276.27 102.24 162.59
670.61 273.62 100.72 160.19
674.76 276.32 102.24 162.59
677.93 277.52 100.72 160.19
681.06 274.92 99.24 157.82
686.48 276.09 97.77 155.49
691.83 273.56 96.32 153.19
694.82 274.69 94.90 150.93
700.01 272.24 93.50 148.70
707.33 273.34 92.12 146.50
712.37 274.42 90.76 144.33
717.33 272.07 89.41 142.20
721.02 267.54 90.76 144.33
722.55 262.94 92.12 146.50
724.76 259.43 92.12 146.50
727.62 260.51 90.76 144.33
731.36 259.43 92.12 146.50
734.22 260.51 90.76 144.33
733.54 259.43 92.12 146.50
734.22 260.51 90.76 144.33
729.11 259.43 92.12 146.50
732.91 254.76 93.50 148.70
734.49 250.02 94.90 150.93
736.09 241.54 96.32 153.19
736.09 237.86 96.32 153.19
732.24 235.37 94.90 150.93
730.70 232.92 93.50 148.70
729.18 230.50 92.12 146.50
732.04 228.12 90.76 144.33
730.57 229.18 89.41 142.20
732.71 225.77 89.41 142.20
734.86 222.36 89.41 142.20
739.15 222.36 89.41 142.20
740.66 221.29 90.76 144.33
738.48 221.29 90.76 144.33
737.00 222.36 89.41 142.20
737.00 222.36 89.41 142.20
741.30 222.36 89.41 142.20
741.30 222.36 89.41 142.20
741.30 222.36 89.41 142.20
742.80 224.76 90.76 144.33
743.47 225.82 89.41 142.20
745.62 229.24 89.41 142.20
747.13 235.10 90.76 144.33
748.66 237.53 92.12 146.50
750.21 240.00 93.50 148.70
751.79 242.51 94.90 150.93
751.07 248.73 96.32 153.19
752.70 251.31 97.77 155.49
756.73 253.93 99.24 157.82
758.40 260.44 100.72 160.19
762.55 263.14 102.24 162.59
766.77 265.88 103.77 165.03
771.05 272.68 105.33 167.51
775.39 275.51 106.91 170.02
778.70 280.78 105.33 167.51
783.05 283.61 106.91 170.02
784.85 286.48 108.51 172.57
785.65 287.75 106.91 170.02
786.44 293.03 105.33 167.51
786.44 297.05 105.33 167.51
784.73 298.28 103.77 165.03
782.24 306.21 103.77 165.03
778.10 311.33 102.24 162.59
773.19 319.13 102.24 162.59
769.11 324.18 100.72 160.19
765.09 329.15 99.24 157.82
759.51 331.81 100.72 160.19
753.11 332.99 99.24 157.82
745.12 335.65 100.72 160.19
738.71 336.84 99.24 157.82
733.14 339.50 100.72 160.19
729.93 342.20 102.24 162.59
721.69 340.98 103.77 165.03
715.85 339.74 105.33 167.51
709.16 340.98 103.77 165.03
704.18 340.98 103.77 165.03
700.04 342.20 102.24 162.59
695.13 342.20 102.24 162.59
690.23 342.20 102.24 162.59
683.73 339.56 100.72 160.19
678.07 338.36 102.24 162.59
673.16 338.36 102.24 162.59
669.08 335.71 100.72 160.19
665.87 334.51 102.24 162.59
661.79 328.02 100.72 160.19
658.58 322.92 102.24 162.59
655.32 313.78 103.77 165.03
654.55 304.50 105.33 167.51
651.19 295.08 106.91 170.02
646.92 288.30 105.33 167.51
643.57 282.96 106.91 170.02
642.77 273.40 108.51 172.57
638.44 270.60 106.91 170.02
639.23 263.82 105.33 167.51
636.70 259.79 105.33 167.51
633.34 254.46 106.91 170.02
629.94 249.04 108.51 172.57
626.48 243.54 110.14 175.16
625.65 237.96 111.79 177.78
622.09 236.63 113.47 180.45
618.48 248.46 115.17 183.16
620.42 256.01 116.90 185.91
628.09 263.68 118.65 188.69
630.09 262.26 120.43 191.52
632.12 265.49 122.23 194.40
635.05 265.49 122.23 194.40
633.06 262.33 120.43 191.52
635.95 262.33 120.43 191.52
635.95 262.33 120.43 191.52
637.98 265.56 122.23 194.40
641.78 267.00 120.43 191.52
642.67 268.41 118.65 188.69
651.96 274.27 116.90 185.91
652.82 275.64 115.17 183.16
656.40 276.99 113.47 180.45
657.24 282.59 111.79 177.78
658.06 288.11 110.14 175.16
661.48 293.55 108.51 172.57
659.72 298.90 106.91 170.02
665.56 304.18 105.33 167.51
672.47 307.00 106.91 170.02
680.84 312.28 105.33 167.51
684.11 321.44 103.77 165.03
684.88 330.46 102.24 162.59
690.47 335.51 100.72 160.19
698.36 344.27 99.24 157.82
701.44 349.17 97.77 155.49
704.47 353.99 96.32 153.19
711.41 361.34 96.32 153.19
716.67 366.10 94.90 150.93
716.67 366.10 94.90 150.93
716.67 373.34 94.90 150.93
715.13 381.60 93.50 148.70
718.03 386.21 92.12 146.50
718.03 386.21 92.12 146.50
720.89 387.29 90.76 144.33
725.25 387.29 90.76 144.33
722.36 389.73 92.12 146.50
726.15 388.63 93.50 148.70
727.73 387.51 94.90 150.93
724.71 386.38 96.32 153.19
714.60 385.23 97.77 155.49
711.48 380.28 99.24 157.82
705.90 379.09 100.72 160.19
695.33 377.89 102.24 162.59
687.97 377.89 102.24 162.59
681.48 375.25 100.72 160.19
675.81 374.05 102.24 162.59
671.73 375.25 100.72 160.19
666.07 377.95 102.24 162.59
657.83 376.73 103.77 165.03
649.47 375.49 105.33 167.51
