485.00 266.00 91.00 181.00
504.66 261.66 91.00 181.00
524.69 254.43 89.66 178.33
544.44 247.32 88.33 175.69
561.80 240.31 87.02 173.09
572.73 233.40 85.74 170.54
581.47 226.60 84.47 168.02
592.08 223.87 83.22 165.53
602.54 221.17 81.99 163.09
616.71 214.67 80.78 160.68
625.95 205.63 81.99 163.09
632.37 202.98 80.78 160.68
642.52 200.37 79.59 158.30
622.53 152.91 80.78 160.68
619.96 143.88 81.99 163.09
615.35 130.73 83.22 165.53
612.70 121.43 84.47 168.02
607.95 111.98 85.74 170.54
607.31 110.70 87.02 173.09
604.53 113.62 88.33 175.69
601.72 108.02 89.66 178.33
592.31 89.31 91.00 181.00
586.53 82.09 89.66 178.33
578.71 79.19 88.33 175.69
573.74 73.59 89.66 178.33
567.29 69.31 89.66 178.33
563.71 62.20 88.33 175.69
562.28 59.34 87.02 173.09
557.38 53.83 88.33 175.69
557.38 53.83 88.33 175.69
551.77 55.12 87.02 173.09
544.18 56.40 85.74 170.54
538.73 57.66 84.47 168.02
533.37 62.88 83.22 165.53
530.05 64.10 81.99 163.09
528.08 68.02 81.99 163.09
524.81 69.22 80.78 160.68
522.87 73.08 80.78 160.68
521.55 74.26 79.59 158.30
520.26 75.43 78.41 155.96
517.76 78.06 79.59 158.30
515.23 80.73 80.78 160.68
508.72 91.27 81.99 163.09
492.97 79.53 81.99 163.09
487.76 73.02 80.78 160.68
483.22 71.81 81.99 163.09
524.54 19.03 80.78 160.68
530.87 39.22 79.59 158.30
537.10 55.36 78.41 155.96
570.90 69.38 79.59 158.30
577.13 74.30 78.41 155.96
578.45 80.73 79.59 158.30
575.28 85.64 78.41 155.96
572.15 94.17 77.25 153.66
569.07 109.84 76.11 151.39
565.41 117.10 76.11 151.39
563.59 124.37 76.11 151.39
560.55 132.65 74.99 149.15
555.78 140.80 73.88 146.94
551.09 148.84 72.79 144.77
546.46 156.75 71.71 142.63
543.60 164.55 70.65 140.53
536.19 170.34 71.71 142.63
533.90 172.75 72.79 144.77
533.36 175.19 73.88 146.94
531.00 181.25 74.99 149.15
538.20 184.83 74.99 149.15
547.62 196.51 73.88 146.94
563.26 209.73 74.99 149.15
566.36 219.51 76.11 151.39
568.72 227.78 74.99 149.15
567.50 235.94 73.88 146.94
566.30 243.97 72.79 144.77
563.39 255.31 71.71 142.63
560.53 263.11 70.65 140.53
559.38 267.47 69.61 138.45
559.90 275.04 68.58 136.40
558.78 282.50 67.56 134.39
557.16 292.18 67.56 134.39
555.01 297.72 68.58 136.40
552.82 300.02 69.61 138.45
548.91 302.35 70.65 140.53
543.22 301.30 71.71 142.63
539.19 303.70 72.79 144.77
538.00 311.62 71.71 142.63
536.28 318.47 71.71 142.63
534.00 327.82 72.79 144.77
529.91 333.79 73.88 146.94
547.35 311.21 74.99 149.15
549.67 315.84 73.88 146.94
550.22 320.40 72.79 144.77
547.90 326.36 73.88 146.94
545.55 325.26 74.99 149.15
535.85 324.14 76.11 151.39
529.72 326.70 77.25 153.66
531.02 333.03 78.41 155.96
528.52 335.66 79.59 158.30
522.11 342.18 80.78 160.68
515.60 348.81 81.99 163.09
508.99 355.53 83.22 165.53
503.71 360.67 81.99 163.09
496.56 361.87 80.78 160.68
489.51 366.86 79.59 158.30
480.69 371.77 78.41 155.96
449.54 336.41 79.59 158.30
441.19 339.08 80.78 160.68
432.71 333.96 81.99 163.09
424.11 332.74 83.22 165.53
417.40 335.53 84.47 168.02
408.54 338.36 85.74 170.54
399.54 332.93 87.02 173.09
390.41 335.84 88.33 175.69
381.14 338.81 89.66 178.33
373.91 337.47 91.00 181.00
368.80 331.70 92.37 183.72
361.35 330.32 93.75 186.47
349.23 333.47 95.16 189.27
345.44 343.82 93.75 186.47
333.31 342.42 95.16 189.27
327.27 348.29 93.75 186.47
319.09 349.67 92.37 183.72
311.04 355.37 91.00 181.00
303.11 356.71 89.66 178.33
297.41 358.03 88.33 175.69
289.71 363.48 87.02 173.09
280.06 364.76 85.74 170.54
272.58 366.02 84.47 168.02
265.22 371.23 83.22 165.53
261.90 372.46 81.99 163.09
257.29 371.23 83.22 165.53
253.97 372.46 81.99 163.09
221.40 375.21 83.22 165.53
213.41 375.21 83.22 165.53
209.41 375.21 83.22 165.53
204.73 373.96 84.47 168.02
