261.00 152.00 29.00 34.00
261.21 146.62 28.57 33.50
261.00 139.84 29.00 34.00
263.78 134.13 29.00 34.00
268.11 128.76 28.57 33.50
271.70 125.04 28.15 33.00
274.57 125.29 27.73 32.51
277.90 125.29 27.73 32.51
283.89 126.07 27.73 32.51
287.74 125.03 28.15 33.00
290.27 124.78 28.57 33.50
293.70 124.78 28.57 33.50
296.61 128.99 28.15 33.00
299.83 134.37 28.57 33.50
298.01 137.00 28.15 33.00
298.22 138.02 27.73 32.51
295.31 136.98 28.15 33.00
295.31 136.98 28.15 33.00
295.31 136.98 28.15 33.00
295.31 136.98 28.15 33.00
293.73 136.74 28.57 33.50
293.51 136.49 29.00 34.00
293.51 136.49 29.00 34.00
293.51 136.49 29.00 34.00
293.51 136.49 29.00 34.00
293.51 136.49 29.00 34.00
293.51 136.49 29.00 34.00
293.51 136.49 29.00 34.00
293.51 136.49 29.00 34.00
293.51 136.49 29.00 34.00
293.51 136.49 29.00 34.00
293.51 136.49 29.00 34.00
293.51 136.49 29.00 34.00
293.51 136.49 29.00 34.00
298.24 135.40 29.43 34.51
300.89 135.14 29.88 35.03
305.35 135.40 29.44 34.51
309.04 136.47 29.00 34.00
307.20 136.72 28.57 33.50
307.20 136.72 28.57 33.50
305.59 136.47 29.00 34.00
305.38 136.22 29.44 34.51
305.38 136.22 29.44 34.51
305.38 136.22 29.44 34.51
305.59 136.47 29.00 34.00
306.08 139.53 29.44 34.51
310.17 145.16 29.88 35.03
312.85 150.87 30.32 35.55
314.51 157.01 29.88 35.03
314.73 163.90 29.44 34.51
314.73 169.70 29.44 34.51
314.95 175.66 29.00 34.00
313.56 182.19 29.00 34.00
313.34 186.91 29.44 34.51
313.34 193.53 29.44 34.51
313.12 199.16 29.88 35.03
313.12 205.04 29.88 35.03
313.12 210.93 29.88 35.03
313.34 217.81 29.44 34.51
313.34 223.61 29.44 34.51
316.87 229.41 29.44 34.51
319.52 235.03 29.88 35.03
323.27 241.92 29.44 34.51
326.10 247.72 29.44 34.51
330.34 253.51 29.44 34.51
334.03 260.30 29.00 34.00
336.99 266.18 28.57 33.50
339.90 272.76 28.15 33.00
346.10 273.78 27.73 32.51
349.59 270.18 27.32 32.03
353.02 264.36 26.92 31.56
353.02 258.30 26.92 31.56
344.95 251.91 27.32 32.03
342.08 245.43 27.73 32.51
338.35 239.52 27.32 32.03
335.48 237.72 27.73 32.51
331.22 236.68 28.15 33.00
328.27 236.43 28.57 33.50
324.57 230.47 29.00 34.00
321.79 223.94 29.00 34.00
319.95 218.56 28.57 33.50
317.46 213.27 28.15 33.00
313.67 207.27 27.73 32.51
310.60 202.13 27.32 32.03
304.98 197.06 26.92 31.56
307.09 192.07 26.52 31.09
305.41 186.42 26.13 30.63
295.66 179.47 26.52 31.09
298.37 174.56 26.13 30.63
293.62 168.99 25.74 30.18
291.98 163.50 25.36 29.74
289.17 158.10 24.99 29.30
286.40 152.08 24.62 28.86
282.86 145.84 24.62 28.86
280.13 140.60 24.26 28.44
277.22 134.45 24.26 28.44
274.31 128.31 24.26 28.44
270.58 121.86 24.62 28.86
267.85 115.93 24.26 28.44
265.16 110.76 23.90 28.02
262.07 104.41 24.26 28.44
258.81 98.57 23.90 28.02
255.72 92.22 24.26 28.44
252.46 86.38 23.90 28.02
249.81 81.28 23.54 27.60
246.42 75.32 23.54 27.60
243.37 69.06 23.90 28.02
240.16 63.31 23.54 27.60
237.12 56.38 23.90 28.02
233.44 56.17 24.26 28.44
233.26 55.95 24.62 28.86
233.08 61.36 24.99 29.30
231.67 65.42 25.36 29.74
230.87 71.00 25.74 30.18
230.67 72.24 26.13 30.63
230.48 72.01 26.52 31.09
228.99 71.78 26.92 31.56
228.78 71.54 27.32 32.03
229.24 71.30 27.73 32.51
228.36 71.06 28.15 33.00
228.84 70.81 28.57 33.50
228.62 70.56 29.00 34.00
228.62 70.56 29.00 34.00
228.40 70.30 29.44 34.51
228.62 70.56 29.00 34.00
228.62 70.56 29.00 34.00
228.40 70.30 29.44 34.51
228.62 70.56 29.00 34.00
228.40 70.30 29.44 34.51
228.18 69.20 29.88 35.03
228.18 73.41 29.88 35.03
228.18 79.29 29.88 35.03
228.18 79.29 29.88 35.03
228.18 79.29 29.88 35.03
228.18 79.29 29.88 35.03
227.96 79.03 30.32 35.55
227.96 79.03 30.32 35.55
227.96 79.03 30.32 35.55
228.18 79.29 29.88 35.03
228.18 79.29 29.88 35.03
228.18 79.29 29.88 35.03
228.18 79.29 29.88 35.03
228.18 80.97 29.88 35.03
228.40 87.86 29.44 34.51
228.40 93.65 29.44 34.51
228.18 93.40 29.88 35.03
228.18 93.40 29.88 35.03
228.18 93.40 29.88 35.03
228.18 93.40 29.88 35.03
228.18 93.40 29.88 35.03
228.18 93.40 29.88 35.03
228.18 93.40 29.88 35.03
228.18 93.40 29.88 35.03
228.18 93.40 29.88 35.03
228.18 93.40 29.88 35.03
228.18 93.40 29.88 35.03
228.18 93.40 29.88 35.03
228.18 93.40 29.88 35.03
228.18 93.40 29.88 35.03
228.18 93.40 29.88 35.03
228.18 93.40 29.88 35.03
228.40 99.45 29.44 34.51
228.18 105.08 29.88 35.03
228.18 109.28 29.88 35.03
228.18 109.28 29.88 35.03
227.96 109.02 30.32 35.55
228.18 109.28 29.88 35.03
228.18 109.28 29.88 35.03
228.18 109.28 29.88 35.03
228.18 109.28 29.88 35.03
228.18 109.28 29.88 35.03
228.18 109.28 29.88 35.03
228.18 109.28 29.88 35.03
228.18 109.28 29.88 35.03
228.18 109.28 29.88 35.03
228.18 109.28 29.88 35.03
228.18 109.28 29.88 35.03
228.18 109.28 29.88 35.03
228.18 109.28 29.88 35.03
227.96 109.02 30.32 35.55
228.18 109.28 29.88 35.03
228.18 109.28 29.88 35.03
231.05 109.28 29.88 35.03
234.64 109.28 29.88 35.03
238.39 112.03 29.44 34.51
241.39 117.99 29.00 34.00
245.03 124.67 28.57 33.50
248.46 130.30 28.57 33.50
254.08 137.68 28.15 33.00
257.30 142.25 28.57 33.50
260.88 148.84 28.15 33.00
259.10 149.86 27.73 32.51
256.43 149.86 27.73 32.51
256.22 148.83 28.15 33.00
256.01 148.58 28.57 33.50
256.01 148.58 28.57 33.50
255.10 151.59 29.00 34.00
254.89 157.13 29.44 34.51
254.67 162.76 29.88 35.03
254.44 168.47 30.32 35.55
254.67 175.46 29.88 35.03
254.44 180.32 30.32 35.55
254.67 187.30 29.88 35.03
258.97 193.19 29.88 35.03
263.43 200.07 29.44 34.51
266.96 205.04 29.44 34.51
269.78 211.67 29.44 34.51
272.79 218.45 29.00 34.00
278.49 224.33 28.57 33.50
282.08 230.91 28.15 33.00
285.61 237.40 27.73 32.51
288.78 242.70 28.15 33.00
291.65 249.19 27.73 32.51
294.82 254.49 28.15 33.00
297.52 260.83 28.15 33.00
300.74 266.21 28.57 33.50
303.65 272.79 28.15 33.00
307.19 279.28 27.73 32.51
310.36 281.41 28.15 33.00
313.74 281.41 28.15 33.00
316.44 281.41 28.15 33.00
319.31 281.65 27.73 32.51
322.48 281.41 28.15 33.00
326.02 281.65 27.73 32.51
329.35 281.65 27.73 32.51
331.84 281.41 28.15 33.00
335.22 281.41 28.15 33.00
338.75 281.65 27.73 32.51
341.25 281.41 28.15 33.00
344.63 281.41 28.15 33.00
347.50 281.65 27.73 32.51
350.98 281.89 27.32 32.03
354.10 281.65 27.73 32.51
358.62 281.41 28.15 33.00
364.82 281.65 27.73 32.51
370.69 286.95 28.15 33.00
376.77 293.29 28.15 33.00
383.53 298.83 28.15 33.00
388.80 304.21 28.57 33.50
395.77 310.80 28.15 33.00
401.73 316.98 28.57 33.50
407.90 322.61 28.57 33.50
414.19 329.19 28.15 33.00
420.39 335.68 27.73 32.51
427.16 335.92 27.32 32.03
433.06 335.92 27.32 32.03
439.62 335.92 27.32 32.03
446.28 336.16 26.92 31.56
451.98 330.54 27.32 32.03
455.41 324.72 26.92 31.56
455.61 318.98 26.52 31.09
455.61 313.01 26.52 31.09
449.60 305.96 26.92 31.56
446.11 299.57 27.32 32.03
442.58 293.09 27.73 32.51
439.67 287.30 28.15 33.00
436.03 284.64 28.57 33.50
432.34 284.39 29.00 34.00
429.29 284.13 29.44 34.51
426.21 283.03 29.88 35.03
425.01 284.12 29.44 34.51
423.14 284.38 29.00 34.00
419.66 284.38 29.00 34.00
416.18 284.38 29.00 34.00
413.65 286.24 28.57 33.50
410.49 286.48 28.15 33.00
407.37 286.73 27.73 32.51
404.29 286.97 27.32 32.03
401.91 287.20 26.92 31.56
398.68 287.20 26.92 31.56
395.70 288.18 26.52 31.09
392.91 287.19 26.92 31.56
389.68 287.19 26.92 31.56
386.45 287.19 26.92 31.56
383.22 287.19 26.92 31.56
379.74 292.34 27.32 32.03
376.21 298.34 27.73 32.51
373.79 304.73 27.32 32.03
370.26 309.95 27.73 32.51
366.93 316.20 27.73 32.51
364.27 322.44 27.73 32.51
360.68 327.74 28.15 33.00
357.56 328.76 27.73 32.51
355.14 329.00 27.32 32.03
352.12 329.24 26.92 31.56
348.89 329.24 26.92 31.56
345.65 329.24 26.92 31.56
342.17 328.24 27.32 32.03
339.31 328.00 27.73 32.51
335.72 327.75 28.15 33.00
333.27 328.00 27.73 32.51
330.19 329.00 27.32 32.03
327.16 329.24 26.92 31.56
323.93 329.24 26.92 31.56
321.35 329.24 26.92 31.56
318.12 329.24 26.92 31.56
314.89 329.24 26.92 31.56
311.41 328.24 27.32 32.03
308.38 329.23 26.92 31.56
302.28 328.22 27.32 32.03
295.72 330.53 27.32 32.03
289.46 336.83 26.92 31.56
283.36 342.74 27.32 32.03
277.16 347.96 27.73 32.51
270.81 354.35 27.32 32.03
264.61 360.36 27.73 32.51
264.40 360.11 28.15 33.00
264.40 360.11 28.15 33.00
258.62 366.60 27.73 32.51
251.66 371.90 28.15 33.00
245.88 378.39 27.73 32.51
240.18 384.78 27.32 32.03
233.32 390.00 27.73 32.51
227.33 396.24 27.73 32.51
221.34 402.49 27.73 32.51
214.98 408.88 27.32 32.03
208.79 414.10 27.73 32.51
202.44 415.11 27.32 32.03
196.53 415.11 27.32 32.03
190.28 409.28 26.92 31.56
184.46 403.22 26.92 31.56
183.82 397.17 26.92 31.56
185.58 390.01 27.32 32.03
189.37 383.53 27.73 32.51
192.54 376.95 28.15 33.00
195.76 376.70 28.57 33.50
194.85 375.63 29.00 34.00
197.45 375.38 29.44 34.51
200.10 375.12 29.88 35.03
203.52 374.85 30.32 35.55
207.33 375.96 29.88 35.03
210.37 376.22 29.44 34.51
213.74 375.96 29.88 35.03
216.61 375.96 29.88 35.03
222.48 376.22 29.44 34.51
225.48 377.29 29.00 34.00
229.12 377.54 28.57 33.50
232.04 377.79 28.15 33.00
235.41 377.79 28.15 33.00
238.28 378.03 27.73 32.51
241.45 377.79 28.15 33.00
244.99 378.03 27.73 32.51
248.32 378.03 27.73 32.51
250.98 378.03 27.73 32.51
254.31 378.03 27.73 32.51
257.64 378.03 27.73 32.51
260.13 377.79 28.15 33.00
263.67 378.03 27.73 32.51
266.99 378.03 27.73 32.51
269.66 378.03 27.73 32.51
272.83 377.79 28.15 33.00
276.36 378.03 27.73 32.51
278.86 377.79 28.15 33.00
282.39 378.03 27.73 32.51
284.89 377.79 28.15 33.00
288.42 378.03 27.73 32.51
291.59 377.79 28.15 33.00
294.46 378.03 27.73 32.51
297.63 377.79 28.15 33.00
301.17 378.03 27.73 32.51
303.66 377.79 28.15 33.00
307.20 378.03 27.73 32.51
309.69 377.79 28.15 33.00
313.23 378.03 27.73 32.51
316.56 378.03 27.73 32.51
319.22 378.03 27.73 32.51
322.39 377.79 28.15 33.00
325.77 377.79 28.15 33.00
328.47 377.79 28.15 33.00
333.34 378.03 27.73 32.51
339.21 377.79 28.15 33.00
346.07 378.03 27.73 32.51
351.95 377.79 28.15 33.00
358.14 378.03 27.73 32.51
364.69 377.79 28.15 33.00
