32.00 60.00 68.00 78.00
36.90 61.87 68.00 78.00
42.22 67.98 67.00 76.85
49.05 75.82 66.00 75.71
57.34 79.96 65.03 74.59
67.05 82.27 64.07 73.49
78.13 84.55 63.12 72.40
87.55 86.80 62.19 71.33
96.83 92.39 61.27 70.28
105.98 96.23 60.36 69.24
113.56 96.74 59.47 68.22
123.84 97.25 58.59 67.21
131.20 96.15 57.73 66.22
137.09 93.51 56.87 65.24
142.89 89.37 56.03 64.27
147.28 86.80 55.21 63.32
153.90 83.76 55.21 63.32
159.20 80.72 55.21 63.32
168.48 79.20 55.21 63.32
181.51 77.18 56.03 64.27
197.65 77.18 56.03 64.27
215.13 77.18 56.03 64.27
231.45 77.66 55.21 63.32
248.67 76.14 55.21 63.32
263.24 76.14 55.21 63.32
277.82 76.14 55.21 63.32
289.74 76.14 55.21 63.32
297.69 73.10 55.21 63.32
300.71 72.07 54.39 62.39
299.41 70.57 54.39 62.39
293.38 71.03 53.59 61.47
282.53 72.07 54.39 62.39
267.55 70.08 55.21 63.32
252.34 68.07 56.03 64.27
236.91 66.02 56.87 65.24
222.63 67.12 57.73 66.22
216.57 76.30 58.59 67.21
205.92 83.15 57.73 66.22
192.83 85.88 58.59 67.21
180.97 88.65 59.47 68.22
173.83 98.48 59.47 68.22
164.43 100.59 58.59 67.21
157.94 102.68 57.73 66.22
150.47 102.18 58.59 67.21
146.75 99.50 57.73 66.22
141.21 99.50 57.73 66.22
137.54 99.99 56.87 65.24
134.81 99.99 56.87 65.24
131.61 97.91 57.73 66.22
128.37 94.19 58.59 67.21
126.50 93.68 59.47 68.22
128.95 93.17 60.36 69.24
137.96 95.32 59.47 68.22
150.55 94.81 60.36 69.24
168.13 95.32 59.47 68.22
183.62 91.49 60.36 69.24
196.91 85.45 59.47 68.22
215.63 84.34 58.59 67.21
232.69 84.84 57.73 66.22
249.49 83.76 56.87 65.24
264.71 82.70 56.03 64.27
279.50 81.16 56.03 64.27
291.37 77.54 56.87 65.24
302.54 73.40 56.03 64.27
310.31 69.78 56.87 65.24
314.04 66.12 57.73 66.22
315.02 64.01 58.59 67.21
311.72 63.50 59.47 68.22
302.58 66.32 60.36 69.24
288.90 70.86 61.27 70.28
283.96 85.74 62.19 71.33
265.31 90.42 63.12 72.40
243.31 91.64 64.07 73.49
220.98 94.67 65.03 74.59
196.73 92.29 66.00 75.71
173.73 91.72 67.00 76.85
153.64 91.14 68.00 78.00
134.91 86.76 69.02 79.17
114.22 80.38 70.06 80.36
94.92 73.90 71.11 81.56
71.87 69.32 72.17 82.79
50.23 68.70 73.26 84.03
26.48 68.07 74.35 85.29
6.00 73.66 75.47 86.57
-7.43 81.45 76.60 87.87
-11.11 83.56 76.60 87.87
-11.11 83.56 76.60 87.87
-7.95 80.76 77.75 89.18
-4.75 73.57 78.92 90.52
5.16 59.26 77.75 89.18
11.25 59.92 76.60 87.87
15.44 60.56 75.47 86.57
19.57 61.20 74.35 85.29
25.39 77.97 73.26 84.03
34.18 84.02 73.26 84.03
41.22 88.05 73.26 84.03
51.77 92.08 73.26 84.03
60.56 94.10 73.26 84.03
71.10 96.12 73.26 84.03
83.41 98.13 73.26 84.03
97.48 100.15 73.26 84.03
115.06 100.15 73.26 84.03
132.35 101.57 74.35 85.29
146.29 100.93 75.47 86.57
160.43 100.28 76.60 87.87
180.65 102.39 76.60 87.87
202.47 103.87 77.75 89.18
225.10 106.64 76.60 87.87
249.22 109.36 75.47 86.57
274.76 110.00 74.35 85.29
298.16 108.62 73.26 84.03
319.49 109.24 72.17 82.79
335.38 107.89 71.11 81.56
349.36 104.64 70.06 80.36
356.50 99.53 69.02 79.17
357.66 95.08 70.06 80.36
357.14 90.56 71.11 81.56
349.68 83.99 72.17 82.79
354.41 83.37 73.26 84.03
341.37 78.65 74.35 85.29
326.32 73.85 75.47 86.57
311.05 73.20 76.60 87.87
297.41 72.54 77.75 89.18
291.15 76.22 78.92 90.52
286.71 77.74 80.10 91.88
280.25 79.29 81.30 93.26
273.70 78.59 82.52 94.66
271.07 87.11 83.76 96.08
264.32 86.39 85.02 97.52
251.26 80.90 86.29 98.98
233.80 75.34 87.59 100.47
211.81 72.14 88.90 101.97
191.44 70.48 87.59 100.47
175.52 68.85 86.29 98.98
163.92 69.58 85.02 97.52
170.58 74.91 83.76 96.08
188.31 76.53 85.02 97.52
210.45 80.55 86.29 98.98
227.41 88.30 85.02 97.52
236.08 91.33 83.76 96.08
246.60 92.04 82.52 94.66
253.07 92.74 81.30 93.26
253.67 93.43 80.10 91.88
254.26 94.11 78.92 90.52
251.11 96.92 77.75 89.18
248.01 99.68 76.60 87.87
241.33 100.33 75.47 86.57
236.53 100.97 74.35 85.29
233.57 99.59 73.26 84.03
227.18 96.23 72.17 82.79
227.71 90.97 71.11 81.56
238.33 89.65 70.06 80.36
252.10 86.44 69.02 79.17
265.66 85.15 68.00 78.00
282.24 83.89 67.00 76.85
295.41 82.64 66.00 75.71
303.70 79.62 65.03 74.59
310.33 73.11 64.07 73.49
313.84 66.70 63.12 72.40
312.81 63.82 62.19 71.33
311.80 64.34 61.27 70.28
307.39 69.40 61.27 70.28
302.45 75.72 62.19 71.33
300.47 87.35 63.12 72.40
295.38 99.16 64.07 73.49
288.66 107.56 65.03 74.59
286.59 110.63 66.00 75.71
282.88 106.37 67.00 76.85
270.95 96.44 68.00 78.00
257.19 86.35 69.02 79.17
246.58 76.12 70.06 80.36
235.82 71.60 71.11 81.56
226.63 69.00 72.17 82.79
229.60 66.36 73.26 84.03
234.40 67.78 74.35 85.29
230.22 67.14 75.47 86.57
213.11 68.60 76.60 87.87
190.15 74.36 77.75 89.18
172.52 82.38 78.92 90.52
167.50 89.47 77.75 89.18
175.43 92.24 76.60 87.87
184.19 89.44 77.75 89.18
184.19 87.30 77.75 89.18
186.60 87.96 76.60 87.87
196.22 86.53 75.47 86.57
200.35 91.26 74.35 85.29
206.17 89.88 73.26 84.03
206.71 86.52 72.17 82.79
210.66 83.22 71.11 81.56
217.91 79.97 70.06 80.36
225.05 71.06 69.02 79.17
220.67 66.03 68.00 78.00
219.56 66.61 67.00 76.85
225.99 70.29 67.00 76.85
232.02 71.59 68.00 78.00
234.82 71.01 69.02 79.17
235.99 72.34 70.06 80.36
233.75 73.69 71.11 81.56
232.60 78.15 70.06 80.36
235.49 75.59 71.11 81.56
240.15 73.00 72.17 82.79
253.67 72.37 73.26 84.03
270.97 73.79 74.35 85.29
284.90 71.07 75.47 86.57
291.69 70.43 76.60 87.87
285.52 67.63 77.75 89.18
271.67 66.96 78.92 90.52
253.78 68.48 80.10 91.88
249.28 72.27 81.30 93.26
254.61 76.11 82.52 94.66
253.99 75.40 83.76 96.08
249.28 77.02 85.02 97.52
238.29 78.67 86.29 98.98
218.72 80.34 87.59 100.47
198.66 78.70 86.29 98.98
182.98 84.12 85.02 97.52
167.52 91.75 83.76 96.08
158.24 97.01 82.52 94.66
158.85 99.95 81.30 93.26
163.29 100.63 80.10 91.88
168.55 97.71 81.30 93.26
173.88 92.46 82.52 94.66
183.31 82.53 83.76 96.08
193.83 71.88 82.52 94.66
202.25 63.63 81.30 93.26
218.23 57.70 80.10 91.88
228.29 56.21 78.92 90.52
236.34 56.88 77.75 89.18
242.43 59.65 76.60 87.87
244.80 64.45 75.47 86.57
241.79 69.18 74.35 85.29
236.44 71.23 74.35 85.29
227.52 77.37 74.35 85.29
214.28 85.04 75.47 86.57
202.68 92.83 76.60 87.87
194.64 96.45 77.75 89.18
194.06 97.95 78.92 90.52
197.31 97.27 80.10 91.88
200.62 92.11 81.30 93.26
207.93 84.59 82.52 94.66
217.36 79.27 83.76 96.08
226.93 71.53 85.02 97.52
231.58 69.95 83.76 96.08
238.14 72.93 82.52 94.66
239.53 76.83 83.76 96.08
242.99 80.79 85.02 97.52
247.64 83.82 83.76 96.08
246.27 86.80 82.52 94.66
244.93 87.50 81.30 93.26
237.84 88.19 80.10 91.88
227.07 88.86 78.92 90.52
220.19 93.81 77.75 89.18
213.41 100.80 76.60 87.87
210.35 107.68 75.47 86.57
207.34 112.42 74.35 85.29
209.65 115.06 73.26 84.03
210.89 114.43 74.35 85.29
217.57 109.64 75.47 86.57
228.04 100.55 76.60 87.87
234.93 95.61 77.75 89.18
238.13 90.60 78.92 90.52
237.54 87.72 80.10 91.88
229.13 84.79 81.30 93.26
218.62 84.09 82.52 94.66
203.93 81.07 83.76 96.08
195.14 80.35 85.02 97.52
194.50 72.49 86.29 98.98
202.27 71.75 87.59 100.47
211.20 70.12 86.29 98.98
217.96 66.17 85.02 97.52
218.58 62.28 83.76 96.08
217.22 58.44 82.52 94.66
215.24 56.17 82.52 94.66
209.30 56.17 82.52 94.66
200.64 55.46 83.76 96.08
187.77 52.40 85.02 97.52
178.35 55.43 83.76 96.08
167.08 58.41 82.52 94.66
155.20 62.95 82.52 94.66
144.10 65.89 81.30 93.26
140.20 63.65 81.30 93.26
147.51 56.14 82.52 94.66
158.95 50.82 83.76 96.08
176.69 45.41 85.02 97.52
198.83 44.68 86.29 98.98
219.21 53.59 87.59 100.47
237.75 62.62 88.90 101.97
254.41 69.31 90.23 103.50
269.12 73.58 91.59 105.05
275.12 72.79 92.96 106.63
272.16 69.39 94.35 108.23
268.40 67.63 92.96 106.63
264.69 65.90 91.59 105.05
260.29 65.90 91.59 105.05
256.64 64.19 90.23 103.50
253.04 67.40 88.90 101.97
251.59 70.57 87.59 100.47
248.10 68.93 86.29 98.98
238.53 69.66 85.02 97.52
227.10 72.69 83.76 96.08
219.80 75.67 82.52 94.66
214.55 80.85 81.30 93.26
218.46 83.09 81.30 93.26
229.73 84.66 82.52 94.66
241.17 88.56 83.76 96.08
246.66 94.86 85.02 97.52
252.24 94.13 86.29 98.98
250.17 89.38 86.29 98.98
245.32 83.81 87.59 100.47
244.66 83.06 88.90 101.97
248.33 79.81 90.23 103.50
248.33 74.84 90.23 103.50
241.05 71.55 91.59 105.05
213.59 65.64 92.96 106.63
183.46 64.84 94.35 108.23
171.26 69.30 95.77 109.85
168.96 69.30 95.77 109.85
184.57 63.13 97.21 111.50
209.89 59.57 98.66 113.17
243.28 60.41 97.21 111.50
276.18 61.23 95.77 109.85
297.27 56.85 94.35 108.23
295.73 52.53 92.96 106.63
270.04 48.28 91.59 105.05
242.57 54.02 90.23 103.50
206.72 68.37 91.59 105.05
185.96 85.50 92.96 106.63
177.85 96.37 91.59 105.05
185.02 102.12 90.23 103.50
198.49 97.99 88.90 101.97
211.76 89.10 87.59 100.47
228.98 77.96 86.29 98.98
241.86 71.67 85.02 97.52
246.50 67.78 83.76 96.08
231.28 73.03 82.52 94.66
214.33 82.68 81.30 93.26
205.32 89.99 80.10 91.88
205.91 99.36 78.92 90.52
221.42 106.45 77.75 89.18
247.73 111.33 76.60 87.87
271.84 114.05 75.47 86.57
304.37 104.97 76.60 87.87
333.65 89.33 77.75 89.18
339.74 73.11 76.60 87.87
314.91 63.89 77.75 89.18
289.70 65.40 78.92 90.52
262.20 66.92 80.10 91.88
230.38 70.71 81.30 93.26
200.06 72.28 82.52 94.66
217.88 79.10 82.52 94.66
204.02 90.46 82.52 94.66
194.12 97.27 82.52 94.66
192.78 106.92 81.30 93.26
182.26 113.04 82.52 94.66
190.68 118.22 81.30 93.26
202.81 114.50 80.10 91.88
209.09 106.48 78.92 90.52
198.88 94.78 80.10 91.88
178.77 87.38 81.30 93.26
158.36 84.40 82.52 94.66
143.67 86.00 83.76 96.08
135.62 88.31 83.76 96.08
142.19 89.02 82.52 94.66
154.50 85.24 81.30 93.26
166.64 74.90 80.10 91.88
