146.00 54.00 68.00 101.00
145.49 53.24 69.02 102.51
145.49 53.24 69.02 102.51
147.15 53.24 69.02 102.51
148.80 53.24 69.02 102.51
149.97 52.47 70.06 104.05
149.44 51.69 71.11 105.61
151.15 51.69 71.11 105.61
150.61 50.90 72.17 107.20
152.35 50.90 72.17 107.20
151.81 52.71 73.26 108.81
149.47 54.54 74.35 110.44
147.10 56.40 75.47 112.09
147.10 56.40 75.47 112.09
146.54 58.29 76.60 113.78
149.69 60.21 77.75 115.48
149.11 59.35 78.92 117.21
150.44 61.32 80.10 118.97
154.29 61.32 80.10 118.97
155.64 60.43 81.30 120.76
155.03 56.58 82.52 122.57
157.01 53.64 82.52 122.57
158.99 50.70 82.52 122.57
158.37 52.77 83.76 124.41
160.38 55.75 83.76 124.41
160.38 58.74 83.76 124.41
161.00 59.66 82.52 122.57
159.66 63.46 81.30 120.76
157.07 62.56 82.52 122.57
155.72 63.46 81.30 120.76
153.77 66.36 81.30 120.76
150.53 61.54 80.10 118.97
149.23 62.42 78.92 117.21
147.94 63.29 77.75 115.48
144.84 61.41 76.60 113.78
141.79 62.25 75.47 112.09
136.99 60.43 74.35 110.44
134.02 58.63 73.26 108.81
131.10 59.44 72.17 107.20
131.63 57.69 71.11 105.61
132.16 58.47 70.06 104.05
134.33 59.24 69.02 102.52
136.47 60.00 68.00 101.00
135.37 60.75 67.00 99.51
135.86 61.48 66.00 98.04
130.55 65.52 67.00 99.51
127.33 65.52 67.00 99.51
125.72 65.52 67.00 99.51
125.22 64.78 68.00 101.00
125.72 65.52 67.00 99.51
122.51 65.52 67.00 99.51
122.00 64.78 68.00 101.00
123.15 64.02 69.02 102.52
120.95 65.75 70.06 104.05
120.43 67.50 71.11 105.61
121.62 69.28 72.17 107.20
121.08 71.09 73.26 108.81
120.53 72.92 74.35 110.44
120.53 75.58 74.35 110.44
118.75 75.58 74.35 110.44
118.75 72.92 74.35 110.44
120.00 69.41 75.47 112.09
121.28 65.83 76.60 113.78
124.43 62.21 77.75 115.48
132.36 60.33 76.60 113.78
134.74 58.48 75.47 112.09
138.87 56.66 74.35 110.44
142.93 57.48 73.26 108.81
146.94 58.28 72.17 107.20
149.18 61.61 71.11 105.61
150.38 63.39 72.17 107.20
151.59 65.20 73.26 108.81
151.59 65.20 73.26 108.81
151.59 65.20 73.26 108.81
152.83 64.38 74.35 110.44
154.61 64.38 74.35 110.44
155.16 62.58 73.26 108.81
153.97 60.82 72.17 107.20
155.19 60.01 73.26 108.81
154.00 60.82 72.17 107.20
151.12 64.14 71.11 105.61
151.64 64.92 70.06 104.05
150.50 65.69 69.02 102.52
148.85 65.69 69.02 102.52
146.65 64.92 70.06 104.05
146.65 64.92 70.06 104.05
145.51 63.23 69.02 102.52
145.51 63.23 69.02 102.52
143.31 62.46 70.06 104.05
143.83 60.77 69.02 102.52
142.71 59.10 68.00 101.00
139.99 57.46 67.00 99.51
137.32 55.84 66.00 98.04
137.81 54.25 65.03 96.59
138.29 59.53 64.07 95.16
140.28 62.49 63.12 93.75
140.74 65.40 62.19 92.37
142.67 68.26 61.27 91.00
141.68 71.09 60.36 89.66
142.12 71.75 59.47 88.33
142.56 72.40 58.59 87.03
145.77 73.04 57.73 85.74
146.19 71.65 56.87 84.48
147.96 70.28 56.03 83.23
151.02 70.89 55.21 82.00
151.02 70.89 55.21 82.00
151.95 70.28 56.03 83.23
154.26 69.65 56.87 84.48
156.61 71.08 57.73 85.74
156.17 72.52 58.59 87.03
155.73 71.87 59.47 88.33
155.29 73.36 60.36 89.66
162.87 69.78 59.47 88.33
163.31 70.43 58.59 87.03
162.87 69.78 59.47 88.33
162.42 71.27 60.36 89.66
163.44 70.60 61.27 91.00
164.47 69.92 62.19 92.37
165.52 66.97 63.12 93.75
166.59 63.99 64.07 95.16
166.11 63.27 65.03 96.59
167.20 62.55 66.00 98.04
166.71 66.59 67.00 99.51
166.21 68.27 68.00 101.00
169.92 71.40 67.00 99.51
169.92 71.40 67.00 99.51
171.05 68.23 68.00 101.00
171.56 66.59 67.00 99.51
167.30 64.97 66.00 98.04
158.76 66.62 67.00 99.51
156.63 61.03 68.00 101.00
156.63 58.61 68.00 101.00
157.13 56.96 67.00 99.51
156.04 60.05 66.00 98.04
152.87 62.41 66.00 98.04
150.24 63.13 65.03 96.59
147.65 63.84 64.07 95.16
145.09 66.80 63.12 93.75
142.06 64.55 63.12 93.75
140.05 63.84 64.07 95.16
140.05 61.56 64.07 95.16
139.57 60.85 65.03 96.59
140.05 61.56 64.07 95.16
139.57 63.16 65.03 96.59
139.08 62.44 66.00 98.04
140.19 61.70 67.00 99.51
141.32 63.38 68.00 101.00
142.47 65.09 69.02 102.52
144.61 65.84 68.00 101.00
146.24 65.84 68.00 101.00
147.39 65.09 69.02 102.52
148.55 64.32 70.06 104.05
151.44 61.00 71.11 105.61
152.64 57.64 72.17 107.20
152.10 56.83 73.26 108.81
153.33 56.02 74.35 110.44
152.78 57.88 75.47 112.09
155.12 58.71 74.35 110.44
155.12 58.71 74.35 110.44
154.56 60.57 75.47 112.09
154.56 60.57 75.47 112.09
155.12 64.05 74.35 110.44
153.33 64.05 74.35 110.44
150.97 63.22 75.47 112.09
148.56 62.38 76.60 113.78
148.56 62.38 76.60 113.78
149.13 60.53 75.47 112.09
148.56 56.96 76.60 113.78
148.56 54.23 76.60 113.78
146.72 56.96 76.60 113.78
145.48 57.80 75.47 112.09
145.48 57.80 75.47 112.09
144.25 61.28 74.35 110.44
141.88 60.45 75.47 112.09
140.65 63.93 74.35 110.44
137.69 64.74 73.26 108.81
133.03 62.97 72.17 107.20
130.15 61.23 71.11 105.61
130.68 62.01 70.06 104.05
126.74 61.23 71.11 105.61
124.47 60.44 72.17 107.20
124.47 60.44 72.17 107.20
127.94 60.44 72.17 107.20
131.40 60.44 72.17 107.20
132.62 62.25 73.26 108.81
134.89 65.62 72.17 107.20
134.89 68.20 72.17 107.20
136.11 67.39 73.26 108.81
137.35 66.58 74.35 110.44
143.17 70.00 73.26 108.81
147.17 70.81 72.17 107.20
152.83 71.60 71.11 105.61
156.24 69.07 71.11 105.61
159.17 65.70 72.17 107.20
158.63 62.29 73.26 108.81
162.15 62.29 73.26 108.81
167.88 63.09 72.17 107.20
171.35 63.09 72.17 107.20
176.54 63.09 72.17 107.20
177.76 64.90 73.26 108.81
179.00 64.08 74.35 110.44
184.35 64.08 74.35 110.44
184.35 64.08 74.35 110.44
183.79 63.25 75.47 112.09
186.13 64.08 74.35 110.44
186.13 61.43 74.35 110.44
184.35 61.43 74.35 110.44
182.57 61.43 74.35 110.44
184.87 62.25 73.26 108.81
185.41 63.05 72.17 107.20
183.12 62.25 73.26 108.81
183.12 62.25 73.26 108.81
183.12 62.25 73.26 108.81
180.78 61.43 74.35 110.44
181.33 62.25 73.26 108.81
180.14 60.48 72.17 107.20
178.41 63.05 72.17 107.20
176.11 64.86 73.26 108.81
173.19 68.23 72.17 107.20
171.45 68.23 72.17 107.20
173.19 68.23 72.17 107.20
169.13 64.82 73.26 108.81
169.67 65.62 72.17 107.20
169.13 62.21 73.26 108.81
167.94 63.01 72.17 107.20
170.91 62.21 73.26 108.81
172.67 64.82 73.26 108.81
176.19 64.82 73.26 108.81
176.73 68.20 72.17 107.20
176.73 68.20 72.17 107.20
180.19 68.20 72.17 107.20
179.65 64.78 73.26 108.81
179.65 62.17 73.26 108.81
180.89 64.00 74.35 110.44
182.14 60.49 75.47 112.09
189.83 58.66 74.35 110.44
197.42 59.48 73.26 108.81
201.42 62.86 72.17 107.20
204.89 68.00 72.17 107.20
204.35 67.20 73.26 108.81
203.80 69.03 74.35 110.44
203.80 71.68 74.35 110.44
202.01 71.68 74.35 110.44
199.64 68.16 75.47 112.09
201.45 65.47 75.47 112.09
200.89 64.63 76.60 113.78
200.31 63.78 77.75 115.48
197.84 62.91 78.92 117.21
195.32 62.03 80.10 118.97
195.32 62.03 80.10 118.97
195.32 62.03 80.10 118.97
192.77 64.04 81.30 120.76
190.18 66.08 82.52 122.57
188.84 66.98 81.30 120.76
187.52 67.87 80.10 118.97
188.11 68.75 78.92 117.21
183.67 65.02 80.10 118.97
182.37 63.08 78.92 117.21
184.82 58.41 77.75 115.48
187.23 53.80 76.60 113.78
193.23 51.95 75.47 112.09
197.36 55.43 74.35 110.44
200.42 59.98 75.47 112.09
204.55 66.11 74.35 110.44
207.61 67.97 75.47 112.09
213.53 71.45 74.35 110.44
216.59 76.00 75.47 112.09
221.54 72.43 76.60 113.78
225.73 67.89 75.47 112.09
227.00 61.59 76.60 113.78
233.00 57.05 75.47 112.09
236.62 51.67 75.47 112.09
240.25 48.98 75.47 112.09
240.80 47.16 74.35 110.44
240.80 47.16 74.35 110.44
236.62 49.02 75.47 112.09
233.00 51.71 75.47 112.09
233.00 51.71 75.47 112.09
231.19 51.71 75.47 112.09
231.75 52.54 74.35 110.44
231.19 49.02 75.47 112.09
231.75 49.85 74.35 110.44
233.00 49.02 75.47 112.09
233.56 49.85 74.35 110.44
234.11 50.66 73.26 108.81
234.65 51.47 72.17 107.20
236.38 51.47 72.17 107.20
237.60 50.66 73.26 108.81
238.14 54.04 72.17 107.20
235.84 53.24 73.26 108.81
233.51 52.42 74.35 110.44
232.95 48.90 75.47 112.09
232.95 51.59 75.47 112.09
234.76 51.59 75.47 112.09
235.32 55.07 74.35 110.44
234.76 56.93 75.47 112.09
229.96 57.76 74.35 110.44
225.24 61.19 73.26 108.81
217.55 60.37 74.35 110.44
212.20 60.37 74.35 110.44
207.47 61.19 73.26 108.81
201.09 61.99 72.17 107.20
198.21 65.32 71.11 105.61
193.69 66.10 70.06 104.05
189.75 65.32 71.11 105.61
189.22 64.53 72.17 107.20
186.34 65.32 71.11 105.61
182.92 67.85 71.11 105.61
178.92 67.06 72.17 107.20
175.46 67.06 72.17 107.20
171.40 63.65 73.26 108.81
165.50 62.83 74.35 110.44
161.93 60.18 74.35 110.44
155.94 56.66 75.47 112.09
148.02 55.82 76.60 113.78
139.53 53.97 75.47 112.09
132.95 52.15 74.35 110.44
124.71 50.35 73.26 108.81
120.05 51.16 72.17 107.20
117.17 49.42 71.11 105.61
115.47 51.95 71.11 105.61
112.05 51.95 71.11 105.61
110.35 51.95 71.11 105.61
112.05 51.95 71.11 105.61
111.52 53.73 72.17 107.20
110.35 57.06 71.11 105.61
109.19 57.84 70.06 104.05
112.08 57.06 71.11 105.61
115.97 57.84 70.06 104.05
117.65 57.84 70.06 104.05
117.12 59.59 71.11 105.61
117.65 60.37 70.06 104.05
122.24 59.59 71.11 105.61
125.66 62.13 71.11 105.61
128.59 61.33 72.17 107.20
133.32 63.14 73.26 108.81
136.34 62.33 74.35 110.44
139.91 62.33 74.35 110.44
139.35 58.81 75.47 112.09
141.69 56.99 74.35 110.44
142.24 52.58 73.26 108.81
141.05 50.81 72.17 107.20
142.27 47.39 73.26 108.81
142.81 45.63 72.17 107.20
141.64 48.95 71.11 105.61
141.10 53.31 72.17 107.20
144.08 60.34 73.26 108.81
145.31 67.47 74.35 110.44
148.38 72.02 75.47 112.09
153.33 79.37 76.60 113.78
158.84 84.84 76.60 113.78
160.13 83.98 77.75 115.48
164.39 87.57 76.60 113.78
167.54 86.71 77.75 115.48
168.85 83.03 78.92 117.21
172.11 85.01 80.10 118.97
173.46 87.02 81.30 120.76
168.89 83.17 82.52 122.57
169.50 78.28 81.30 120.76
170.10 76.32 80.10 118.97
166.90 71.57 78.92 117.21
161.89 66.89 77.75 115.48
156.94 65.01 76.60 113.78
152.08 60.47 75.47 112.09
150.85 61.30 74.35 110.44
147.88 62.12 73.26 108.81
146.69 62.92 72.17 107.20
145.52 63.71 71.11 105.61
146.04 66.99 70.06 104.05
146.56 70.22 69.02 102.52
145.44 73.40 68.00 101.00
145.94 74.15 67.00 99.51
143.27 77.24 66.00 98.04
143.76 75.64 65.03 96.59
144.24 74.07 64.07 95.16
142.20 73.36 65.03 96.59
141.71 70.28 66.00 98.04
138.00 67.16 67.00 99.51
135.86 66.41 68.00 101.00
137.01 63.19 69.02 102.52
153.84 59.10 68.00 101.00
162.38 62.24 67.00 99.51
164.46 67.68 66.00 98.04
169.21 70.03 66.00 98.04
172.38 72.39 66.00 98.04
175.10 74.04 67.00 99.51
177.18 74.77 66.00 98.04
178.29 74.04 67.00 99.51
179.42 70.87 68.00 101.00
180.57 67.65 69.02 102.52
182.23 65.19 69.02 102.52
179.47 65.95 68.00 101.00
176.21 65.95 68.00 101.00
172.39 65.19 69.02 102.52
170.19 64.42 70.06 104.05
168.51 66.92 70.06 104.05
168.51 66.92 70.06 104.05
166.27 68.67 71.11 105.61
165.12 69.45 70.06 104.05
164.59 68.67 71.11 105.61
161.76 69.45 70.06 104.05
159.52 68.67 71.11 105.61
157.26 65.31 72.17 107.20
157.26 62.74 72.17 107.20
156.08 60.99 71.11 105.61
157.79 60.99 71.11 105.61
159.50 60.99 71.11 105.61
160.02 64.27 70.06 104.05
161.70 66.77 70.06 104.05
163.88 70.00 69.02 102.52
164.39 75.60 68.00 101.00
164.89 76.35 67.00 99.51
165.39 77.08 66.00 98.04
163.28 73.96 67.00 99.51
164.41 73.21 68.00 101.00
163.90 72.46 69.02 102.52
163.38 69.19 70.06 104.05
162.86 65.88 71.11 105.61
165.79 65.08 72.17 107.20
170.52 64.28 73.26 108.81
173.54 66.11 74.35 110.44
178.42 65.29 75.47 112.09
181.53 67.18 76.60 113.78
180.96 69.09 77.75 115.48
178.48 68.23 78.92 117.21
174.69 68.23 78.92 117.21
170.25 67.35 80.10 118.97
163.80 66.46 81.30 120.76
157.25 62.61 82.52 122.57
153.96 60.62 81.30 120.76
150.71 61.51 80.10 118.97
149.41 56.76 78.92 117.21
151.86 57.63 77.75 115.48
156.11 58.48 76.60 113.78
160.30 62.01 75.47 112.09
164.42 62.84 74.35 110.44
170.25 66.27 73.26 108.81
172.52 67.07 72.17 107.20
174.76 70.40 71.11 105.61
178.17 70.40 71.11 105.61
178.70 71.18 70.06 104.05
175.91 69.49 69.02 102.52
171.52 67.82 68.00 101.00
168.26 65.40 68.00 101.00
162.78 64.64 69.02 102.52
156.76 65.40 68.00 101.00
155.65 66.14 67.00 99.51
152.98 69.23 66.00 98.04
151.91 72.27 65.03 96.59
150.35 72.27 65.03 96.59
149.29 70.70 64.07 95.16
146.73 69.16 63.12 93.75
144.21 69.85 62.19 92.37
146.14 68.35 61.27 91.00
146.60 66.87 60.36 89.66
149.90 65.41 59.47 88.33
153.80 62.60 60.36 89.66
158.52 67.50 59.47 88.33
158.52 69.62 59.47 88.33
156.63 68.96 60.36 89.66
154.71 70.47 61.27 91.00
151.26 69.79 62.19 92.37
143.80 69.79 62.19 92.37
135.76 69.09 63.12 93.75
129.13 63.82 64.07 95.16
125.06 60.02 63.12 93.75
120.52 57.77 63.12 93.75
115.43 50.22 64.07 95.16
113.39 47.19 65.03 96.59
111.32 44.11 66.00 98.04
112.43 43.38 67.00 99.51
114.04 45.76 67.00 99.51
115.65 48.15 67.00 99.51
117.73 48.89 66.00 98.04
122.90 49.61 65.03 96.59
125.58 48.89 66.00 98.04
128.30 48.15 67.00 99.51
129.43 47.41 68.00 101.00
128.92 46.65 69.02 102.52
130.08 45.88 70.06 104.05
131.26 45.10 71.11 105.61
132.97 47.63 71.11 105.61
134.17 51.99 72.17 107.20
135.90 54.56 72.17 107.20
135.36 53.76 73.26 108.81
135.90 57.13 72.17 107.20
138.87 56.33 73.26 108.81
140.63 56.33 73.26 108.81
144.64 57.13 72.17 107.20
144.10 53.72 73.26 108.81
144.10 51.11 73.26 108.81
144.10 45.88 73.26 108.81
140.58 43.27 73.26 108.81
138.25 42.46 74.35 110.44
138.80 48.49 73.26 108.81
135.28 51.11 73.26 108.81
135.28 51.11 73.26 108.81
133.52 51.11 73.26 108.81
135.80 51.91 72.17 107.20
135.25 51.11 73.26 108.81
136.49 47.64 74.35 110.44
145.83 45.84 73.26 108.81
149.83 44.08 72.17 107.20
155.49 47.40 71.11 105.61
159.38 53.18 70.06 104.05
164.86 58.87 69.02 102.52
164.35 58.10 70.06 104.05
160.98 55.60 70.06 104.05
159.84 56.37 69.02 102.52
157.09 54.70 68.00 101.00
153.83 54.70 68.00 101.00
153.32 53.95 69.02 102.52
152.80 50.68 70.06 104.05
155.69 47.36 71.11 105.61
156.88 46.57 72.17 107.20
163.38 48.38 73.26 108.81
162.19 51.76 72.17 107.20
159.89 56.17 73.26 108.81
155.77 60.66 74.35 110.44
146.15 65.21 75.47 112.09
135.29 67.90 75.47 112.09
123.69 64.33 76.60 113.78
115.65 60.71 77.75 115.48
110.71 53.37 76.60 113.78
107.03 47.91 76.60 113.78
103.98 46.06 75.47 112.09
102.75 44.23 74.35 110.44
105.06 47.66 73.26 108.81
105.06 52.88 73.26 108.81
104.51 57.37 74.35 110.44
105.76 59.23 75.47 112.09
103.36 63.85 76.60 113.78
100.92 65.77 77.75 115.48
102.23 67.72 78.92 117.21
107.40 63.98 80.10 118.97
108.75 57.29 81.30 120.76
113.20 52.48 80.10 118.97
115.12 52.48 80.10 118.97
114.52 51.58 81.30 120.76
114.52 51.58 81.30 120.76
111.93 53.62 82.52 122.57
111.31 55.69 83.76 124.41
111.31 61.66 83.76 124.41
108.64 63.75 85.02 126.27
105.25 67.67 83.76 124.41
99.93 68.59 82.52 122.57
95.97 65.65 82.52 122.57
93.34 61.75 83.76 124.41
90.00 59.72 82.52 122.57
91.39 52.83 83.76 124.41
93.99 47.87 82.52 122.57
93.37 43.96 83.76 124.41
90.70 46.06 85.02 126.27
90.70 49.09 85.02 126.27
91.33 53.01 83.76 124.41
88.66 55.11 85.02 126.27
88.02 57.24 86.29 128.17
87.37 59.40 87.59 130.09
84.58 58.42 88.90 132.04
86.08 57.43 90.23 134.02
86.08 57.43 90.23 134.02
87.60 56.43 91.59 136.03
94.78 54.22 90.23 134.02
100.69 49.95 91.59 136.03
105.09 49.95 91.59 136.03
111.10 48.93 92.96 138.07
114.93 47.89 94.35 140.14
119.46 51.25 94.35 140.14
123.35 50.20 95.77 142.25
