130.00 132.00 31.00 115.00
130.00 132.00 31.00 115.00
130.00 132.00 31.00 115.00
130.00 132.00 31.00 115.00
129.01 131.14 31.46 116.72
129.24 132.00 31.00 115.00
129.01 128.34 31.46 116.72
129.01 128.34 31.46 116.72
128.01 127.46 31.94 118.48
127.24 127.46 31.94 118.48
127.24 127.46 31.94 118.48
126.48 127.46 31.94 118.48
126.24 126.57 32.42 120.25
125.20 125.67 32.90 122.06
125.20 125.67 32.90 122.06
124.67 123.69 32.42 120.25
124.91 124.57 31.94 118.48
124.14 121.73 31.94 118.48
124.14 121.73 31.94 118.48
123.13 120.84 32.42 120.25
123.36 121.73 31.94 118.48
123.36 121.73 31.94 118.48
123.60 122.61 31.47 116.73
123.36 121.73 31.94 118.48
123.36 121.73 31.94 118.48
123.60 122.61 31.47 116.73
123.36 121.73 31.94 118.48
123.36 121.73 31.94 118.48
122.85 119.81 31.47 116.73
122.61 118.93 31.94 118.48
122.37 118.04 32.42 120.25
121.34 117.14 32.90 122.06
121.09 116.22 33.40 123.89
121.34 117.14 32.90 122.06
121.34 117.14 32.90 122.06
121.58 118.04 32.42 120.25
121.82 116.09 31.94 118.48
120.80 115.20 32.42 120.25
120.56 114.30 32.90 122.06
120.80 115.20 32.42 120.25
120.28 113.24 31.94 118.48
120.51 114.12 31.47 116.73
120.74 112.22 31.00 115.00
120.97 113.07 30.54 113.30
121.20 113.91 30.09 111.63
121.42 114.73 29.65 109.98
122.34 115.55 29.21 108.35
122.34 115.55 29.21 108.35
122.56 113.78 28.78 106.75
122.34 112.98 29.21 108.35
122.12 112.17 29.65 109.98
121.64 110.38 29.21 108.35
121.64 110.38 29.21 108.35
121.42 109.57 29.65 109.98
121.20 108.75 30.09 111.63
120.48 108.75 30.09 111.63
120.48 108.75 30.09 111.63
120.48 108.75 30.09 111.63
120.48 108.75 30.09 111.63
119.99 109.57 29.65 109.98
120.21 107.78 29.21 108.35
120.42 108.58 28.78 106.75
120.42 106.02 28.78 106.75
119.73 106.02 28.78 106.75
119.94 106.81 28.35 105.17
119.94 106.81 28.35 105.17
120.15 107.59 27.93 103.62
120.15 107.59 27.93 103.62
121.02 108.35 27.52 102.09
120.81 107.59 27.93 103.62
120.81 107.59 27.93 103.62
120.36 105.90 27.52 102.09
120.15 105.14 27.93 103.62
119.94 104.36 28.35 105.17
119.73 103.57 28.78 106.75
119.04 103.57 28.78 106.75
119.04 103.57 28.78 106.75
119.25 104.36 28.35 105.17
119.25 104.36 28.35 105.17
119.25 104.36 28.35 105.17
119.46 102.65 27.93 103.62
118.79 102.65 27.93 103.62
118.79 102.65 27.93 103.62
118.34 100.97 27.52 102.09
118.34 100.97 27.52 102.09
118.34 100.97 27.52 102.09
118.34 100.97 27.52 102.09
118.54 101.72 27.11 100.58
118.54 101.72 27.11 100.58
118.74 102.46 26.71 99.09
119.38 102.46 26.71 99.09
119.58 100.85 26.32 97.63
119.38 100.12 26.71 99.09
119.18 99.38 27.11 100.58
119.18 99.38 27.11 100.58
119.18 96.96 27.11 100.58
118.53 96.96 27.11 100.58
118.73 97.71 26.71 99.09
118.53 96.96 27.11 100.58
118.33 98.66 27.52 102.09
118.53 97.00 27.11 100.58
118.73 97.74 26.71 99.09
118.93 98.47 26.32 97.63
118.30 96.13 26.32 97.63
118.30 96.13 26.32 97.63
118.30 96.13 26.32 97.63
118.10 95.40 26.71 99.09
118.30 93.79 26.32 97.63
118.49 94.51 25.93 96.18
118.49 94.51 25.93 96.18
118.07 95.22 25.54 94.76
118.26 95.92 25.17 93.36
118.86 95.92 25.17 93.36
118.86 95.92 25.17 93.36
118.68 95.22 25.54 94.76
118.68 95.22 25.54 94.76
118.06 92.95 25.54 94.76
118.06 92.95 25.54 94.76
117.45 92.95 25.54 94.76
117.26 92.24 25.93 96.18
116.64 92.24 25.93 96.18
116.83 92.95 25.54 94.76
116.83 92.95 25.54 94.76
116.01 92.24 25.93 96.18
116.20 90.67 25.54 94.76
115.59 90.67 25.54 94.76
115.40 89.96 25.93 96.18
114.98 88.40 25.54 94.76
114.98 88.40 25.54 94.76
115.17 89.10 25.17 93.36
115.17 89.10 25.17 93.36
114.76 89.79 24.80 91.98
114.94 90.47 24.43 90.62
114.94 90.47 24.43 90.62
115.12 91.14 24.07 89.28
115.12 88.99 24.07 89.28
114.36 88.32 24.43 90.62
114.17 87.64 24.80 91.98
113.38 86.96 25.17 93.36
113.38 86.96 25.17 93.36
112.58 86.25 25.54 94.76
112.58 86.25 25.54 94.76
111.97 86.25 25.54 94.76
111.55 86.96 25.17 93.36
111.55 86.96 25.17 93.36
110.75 86.25 25.54 94.76
110.75 86.25 25.54 94.76
110.33 84.71 25.17 93.36
110.33 84.71 25.17 93.36
109.93 83.20 24.80 91.98
110.11 83.88 24.43 90.62
109.93 83.20 24.80 91.98
109.52 83.88 24.43 90.62
109.70 84.55 24.07 89.28
109.88 85.21 23.71 87.96
109.88 85.21 23.71 87.96
110.06 85.86 23.36 86.66
110.06 85.86 23.36 86.66
109.50 83.78 23.36 86.66
109.32 83.13 23.71 87.96
108.75 83.13 23.71 87.96
108.57 82.47 24.07 89.28
108.00 82.47 24.07 89.28
107.82 81.80 24.43 90.62
107.23 81.80 24.43 90.62
107.23 81.80 24.43 90.62
107.23 81.80 24.43 90.62
106.64 81.80 24.43 90.62
106.64 81.80 24.43 90.62
106.25 80.32 24.07 89.28
105.67 80.32 24.07 89.28
105.85 78.87 23.71 87.96
105.67 78.21 24.07 89.28
105.28 78.87 23.71 87.96
105.28 78.87 23.71 87.96
105.45 79.52 23.36 86.66
105.62 80.16 23.02 85.38
105.62 80.16 23.02 85.38
105.79 80.79 22.68 84.12
105.62 80.16 23.02 85.38
105.62 80.16 23.02 85.38
105.25 78.77 22.68 84.12
105.08 78.14 23.02 85.38
105.08 78.14 23.02 85.38
104.53 78.14 23.02 85.38
104.53 78.14 23.02 85.38
104.53 78.14 23.02 85.38
103.79 79.58 23.36 86.66
103.62 78.93 23.71 87.96
103.79 77.50 23.36 86.66
103.97 78.14 23.02 85.38
103.59 76.76 22.68 84.12
103.76 77.38 22.34 82.88
103.40 76.03 22.01 81.65
103.40 76.03 22.01 81.65
102.87 76.03 22.01 81.65
102.87 76.03 22.01 81.65
102.34 76.03 22.01 81.65
102.34 76.03 22.01 81.65
102.50 76.63 21.69 80.45
102.34 76.03 22.01 81.65
102.18 77.41 22.34 82.88
102.01 76.78 22.68 84.12
101.84 76.15 23.02 85.38
101.67 75.51 23.36 86.66
100.92 74.86 23.71 87.96
100.74 76.35 24.07 89.28
100.56 75.68 24.43 90.62
100.38 75.00 24.80 91.98
100.80 74.31 25.17 93.36
100.61 73.61 25.54 94.76
99.59 72.07 25.17 93.36
99.18 72.76 24.80 91.98
99.36 71.26 24.43 90.62
98.97 71.93 24.07 89.28
99.14 72.59 23.71 87.96
99.32 71.16 23.36 86.66
100.04 71.80 23.02 85.38
100.21 70.41 22.68 84.12
99.85 71.03 22.34 82.88
100.01 71.65 22.01 81.65
100.17 72.25 21.69 80.45
100.33 72.84 21.37 79.26
100.49 71.56 21.05 78.09
100.33 70.97 21.37 79.26
100.17 70.38 21.69 80.45
99.82 69.07 21.37 79.26
99.82 69.07 21.37 79.26
99.31 69.07 21.37 79.26
99.15 70.40 21.69 80.45
98.99 69.80 22.01 81.65
98.46 69.80 22.01 81.65
98.46 69.80 22.01 81.65
98.46 69.80 22.01 81.65
98.10 68.47 21.69 80.45
98.26 69.07 21.37 79.26
98.10 68.47 21.69 80.45
98.26 67.17 21.37 79.26
98.42 67.75 21.05 78.09
98.42 67.75 21.05 78.09
98.42 67.75 21.05 78.09
98.57 68.33 20.74 76.93
99.22 68.90 20.43 75.80
99.37 69.46 20.13 74.68
99.22 68.90 20.43 75.80
99.06 68.33 20.74 76.93
98.91 67.75 21.05 78.09
99.06 66.48 20.74 76.93
99.06 66.48 20.74 76.93
99.06 66.48 20.74 76.93
99.06 66.48 20.74 76.93
99.06 66.48 20.74 76.93
99.06 66.48 20.74 76.93
99.06 66.48 20.74 76.93
99.06 66.48 20.74 76.93
99.06 66.48 20.74 76.93
99.06 64.64 20.74 76.93
99.06 64.64 20.74 76.93
99.06 64.64 20.74 76.93
99.56 64.64 20.74 76.93
99.56 64.64 20.74 76.93
99.56 64.64 20.74 76.93
99.56 64.64 20.74 76.93
100.20 65.20 20.43 75.80
100.36 65.76 20.13 74.68
100.84 65.76 20.13 74.68
100.69 65.20 20.43 75.80
100.53 64.64 20.74 76.93
100.69 63.39 20.43 75.80
101.18 63.39 20.43 75.80
101.18 63.39 20.43 75.80
101.18 61.57 20.43 75.80
101.18 61.57 20.43 75.80
101.18 61.57 20.43 75.80
100.53 62.84 20.74 76.93
100.37 62.27 21.05 78.09
100.37 62.27 21.05 78.09
100.37 62.27 21.05 78.09
100.53 61.00 20.74 76.93
100.53 61.00 20.74 76.93
100.53 61.00 20.74 76.93
100.53 61.00 20.74 76.93
100.68 59.75 20.43 75.80
100.68 59.75 20.43 75.80
100.68 59.75 20.43 75.80
100.68 59.75 20.43 75.80
100.83 62.10 20.13 74.68
100.83 62.10 20.13 74.68
100.98 60.89 19.83 73.57
100.83 60.33 20.13 74.68
100.83 60.33 20.13 74.68
100.68 59.77 20.43 75.80
100.83 58.54 20.13 74.68
100.68 57.98 20.43 75.80
100.19 57.98 20.43 75.80
100.04 57.41 20.74 76.93
100.04 57.41 20.74 76.93
100.04 59.26 20.74 76.93
100.19 58.01 20.43 75.80
100.19 58.01 20.43 75.80
100.19 58.01 20.43 75.80
99.70 58.01 20.43 75.80
99.85 56.78 20.13 74.68
99.85 56.78 20.13 74.68
99.70 56.22 20.43 75.80
99.70 56.22 20.43 75.80
99.85 56.78 20.13 74.68
99.85 56.78 20.13 74.68
100.00 57.33 19.83 73.57
100.62 57.87 19.54 72.49
100.62 57.87 19.54 72.49
100.62 57.87 19.54 72.49
100.47 57.33 19.83 73.57
100.62 56.13 19.54 72.49
100.15 56.13 19.54 72.49
100.00 55.59 19.83 73.57
100.00 55.59 19.83 73.57
99.85 55.04 20.13 74.68
99.21 54.48 20.43 75.80
99.36 55.04 20.13 74.68
99.51 55.59 19.83 73.57
98.88 55.04 20.13 74.68
98.88 55.04 20.13 74.68
99.03 53.82 19.83 73.57
99.03 53.82 19.83 73.57
98.55 53.82 19.83 73.57
98.55 53.82 19.83 73.57
98.70 52.63 19.54 72.49
98.84 53.16 19.25 71.41
98.84 53.16 19.25 71.41
99.17 54.37 19.54 72.49
99.17 54.37 19.54 72.49
99.17 54.37 19.54 72.49
99.31 54.90 19.25 71.41
99.45 53.74 18.97 70.36
98.85 53.21 19.25 71.41
98.85 53.21 19.25 71.41
98.99 52.05 18.97 70.36
98.85 51.52 19.25 71.41
98.85 51.52 19.25 71.41
98.70 52.73 19.54 72.49
98.56 52.19 19.83 73.57
98.23 52.73 19.54 72.49
98.23 52.73 19.54 72.49
98.38 51.55 19.25 71.41
97.92 51.55 19.25 71.41
97.92 51.55 19.25 71.41
97.77 51.02 19.54 72.49
97.92 49.84 19.25 71.41
98.06 50.36 18.97 70.36
98.06 50.36 18.97 70.36
98.65 50.88 18.69 69.32
98.65 50.88 18.69 69.32
98.51 52.05 18.97 70.36
98.51 52.05 18.97 70.36
98.51 52.05 18.97 70.36
98.51 52.05 18.97 70.36
98.65 50.91 18.69 69.32
98.51 50.39 18.97 70.36
98.51 50.39 18.97 70.36
98.37 49.86 19.25 71.41
98.37 49.86 19.25 71.41
98.37 49.86 19.25 71.41
97.75 49.33 19.54 72.49
97.90 49.86 19.25 71.41
97.90 49.86 19.25 71.41
97.90 49.86 19.25 71.41
97.58 48.70 18.97 70.36
97.58 48.70 18.97 70.36
97.58 48.70 18.97 70.36
97.44 48.17 19.25 71.41
97.44 48.17 19.25 71.41
97.58 48.70 18.97 70.36
97.44 48.17 19.25 71.41
98.04 48.70 18.97 70.36
98.18 49.22 18.69 69.32
98.18 49.22 18.69 69.32
98.18 49.22 18.69 69.32
98.18 49.22 18.69 69.32
98.18 49.22 18.69 69.32
98.18 47.56 18.69 69.32
98.18 47.56 18.69 69.32
98.18 47.56 18.69 69.32
98.18 47.56 18.69 69.32
98.18 47.56 18.69 69.32
98.18 47.56 18.69 69.32
98.18 47.56 18.69 69.32
98.18 47.56 18.69 69.32
97.88 48.07 18.41 68.29
97.74 47.56 18.69 69.32
97.60 47.04 18.97 70.36
97.60 47.04 18.97 70.36
97.74 45.89 18.69 69.32
97.74 45.89 18.69 69.32
97.88 46.41 18.41 68.29
98.01 46.91 18.14 67.29
98.01 46.91 18.14 67.29
98.15 47.41 17.87 66.29
98.15 47.41 17.87 66.29
98.15 47.41 17.87 66.29
98.15 47.41 17.87 66.29
98.15 47.41 17.87 66.29
97.72 45.82 17.87 66.29
97.72 45.82 17.87 66.29
97.58 45.32 18.14 67.29
97.15 45.32 18.14 67.29
97.15 45.32 18.14 67.29
96.85 45.82 17.87 66.29
96.42 45.82 17.87 66.29
96.42 45.82 17.87 66.29
95.99 45.82 17.87 66.29
95.99 45.82 17.87 66.29
95.86 45.32 18.14 67.29
95.43 43.70 18.14 67.29
95.43 43.70 18.14 67.29
95.43 43.70 18.14 67.29
95.13 44.20 17.87 66.29
95.13 44.20 17.87 66.29
95.26 44.69 17.61 65.31
94.98 45.17 17.35 64.35
94.98 45.17 17.35 64.35
94.98 45.17 17.35 64.35
94.69 45.65 17.09 63.40
94.69 44.13 17.09 63.40
94.69 44.13 17.09 63.40
94.15 43.65 17.35 64.35
94.15 43.65 17.35 64.35
93.73 43.65 17.35 64.35
93.32 43.65 17.35 64.35
93.32 43.65 17.35 64.35
93.04 44.13 17.09 63.40
93.04 44.13 17.09 63.40
92.62 44.13 17.09 63.40
92.62 44.13 17.09 63.40
92.21 42.61 17.09 63.40
92.21 42.61 17.09 63.40
92.21 42.61 17.09 63.40
92.21 42.61 17.09 63.40
92.21 42.61 17.09 63.40
91.80 42.61 17.09 63.40
91.93 43.07 16.84 62.46
92.06 43.54 16.59 61.54
91.93 43.07 16.84 62.46
91.93 43.07 16.84 62.46
91.93 43.07 16.84 62.46
91.53 41.58 16.84 62.46
91.53 41.58 16.84 62.46
91.53 41.58 16.84 62.46
91.53 41.58 16.84 62.46
91.53 41.58 16.84 62.46
91.12 41.58 16.84 62.46
91.12 41.58 16.84 62.46
91.12 41.58 16.84 62.46
91.12 41.58 16.84 62.46
91.25 42.04 16.59 61.54
90.72 41.58 16.84 62.46
90.72 41.58 16.84 62.46
90.84 40.56 16.59 61.54
90.72 40.10 16.84 62.46
90.72 40.10 16.84 62.46
91.12 41.60 16.84 62.46
91.12 41.60 16.84 62.46
90.85 42.06 16.59 61.54
91.13 41.60 16.84 62.46
91.25 42.06 16.59 61.54
91.25 42.06 16.59 61.54
91.25 40.58 16.59 61.54
91.13 40.12 16.84 62.46
91.13 40.12 16.84 62.46
91.41 39.65 17.09 63.40
91.41 39.65 17.09 63.40
91.41 39.65 17.09 63.40
91.41 39.65 17.09 63.40
91.54 40.12 16.84 62.46
91.54 40.12 16.84 62.46
91.54 40.12 16.84 62.46
91.27 39.11 16.59 61.54
91.14 38.64 16.84 62.46
91.14 38.64 16.84 62.46
91.01 38.18 17.09 63.40
91.01 38.18 17.09 63.40
91.01 38.18 17.09 63.40
91.01 38.18 17.09 63.40
91.42 38.18 17.09 63.40
91.55 38.64 16.84 62.46
91.55 38.64 16.84 62.46
91.55 38.64 16.84 62.46
91.96 38.64 16.84 62.46
91.83 38.18 17.09 63.40
91.83 38.18 17.09 63.40
92.36 37.15 16.84 62.46
92.36 37.15 16.84 62.46
92.36 37.15 16.84 62.46
92.36 37.15 16.84 62.46
92.36 37.15 16.84 62.46
92.88 37.61 16.59 61.54
92.88 37.61 16.59 61.54
92.88 37.61 16.59 61.54
93.00 38.06 16.34 60.63
93.00 38.06 16.34 60.63
