158.00 142.00 15.00 15.00
158.00 142.00 15.00 15.00
165.93 145.91 15.23 15.23
168.20 145.66 15.00 15.00
168.31 145.77 14.78 14.78
169.02 144.71 14.78 14.78
168.31 144.35 14.78 14.78
168.20 144.24 15.00 15.00
168.20 144.24 15.00 15.00
168.20 144.24 15.00 15.00
168.20 144.24 15.00 15.00
168.20 144.24 15.00 15.00
167.84 144.24 15.00 15.00
167.84 144.24 15.00 15.00
167.84 144.24 15.00 15.00
167.84 144.24 15.00 15.00
167.84 144.24 15.00 15.00
167.84 144.24 15.00 15.00
167.84 144.24 15.00 15.00
167.84 144.24 15.00 15.00
167.84 144.24 15.00 15.00
167.84 144.24 15.00 15.00
167.84 144.24 15.00 15.00
167.48 144.60 15.00 15.00
167.48 144.96 15.00 15.00
167.84 146.04 15.00 15.00
168.92 147.84 15.00 15.00
170.00 150.72 15.00 15.00
171.44 153.60 15.00 15.00
172.97 155.84 14.78 14.78
175.02 159.33 15.00 15.00
175.02 159.33 15.00 15.00
175.74 162.21 15.00 15.00
175.38 164.01 15.00 15.00
175.02 164.37 15.00 15.00
172.86 168.33 15.00 15.00
171.06 170.85 15.00 15.00
169.26 176.25 15.00 15.00
167.10 182.73 15.00 15.00
163.50 185.25 15.00 15.00
159.54 185.97 15.00 15.00
151.39 186.95 15.23 15.23
147.37 186.95 15.23 15.23
147.37 186.95 15.23 15.23
140.95 185.35 15.45 15.45
138.50 185.10 15.23 15.23
136.16 184.62 15.45 15.45
134.68 184.62 15.45 15.45
133.57 184.62 15.45 15.45
132.83 184.99 15.45 15.45
132.46 186.10 15.45 15.45
132.08 186.10 15.45 15.45
132.08 186.10 15.45 15.45
132.08 186.47 15.45 15.45
132.08 186.47 15.45 15.45
132.08 186.47 15.45 15.45
132.08 186.10 15.45 15.45
131.71 186.10 15.45 15.45
131.71 186.10 15.45 15.45
132.08 185.73 15.45 15.45
132.83 186.10 15.45 15.45
132.83 186.10 15.45 15.45
134.22 186.36 15.69 15.69
135.82 186.48 15.45 15.45
135.82 186.48 15.45 15.45
139.09 185.99 15.69 15.69
141.43 185.36 15.45 15.45
143.20 184.49 15.69 15.69
145.17 183.87 15.45 15.45
147.39 183.49 15.45 15.45
148.78 182.63 15.69 15.69
150.38 182.37 15.45 15.45
152.15 181.50 15.69 15.69
152.26 181.62 15.45 15.45
153.00 181.25 15.45 15.45
153.00 180.88 15.45 15.45
153.00 180.51 15.45 15.45
152.63 180.51 15.45 15.45
152.26 180.51 15.45 15.45
151.52 180.88 15.45 15.45
151.52 182.36 15.45 15.45
151.89 187.92 15.45 15.45
151.89 187.92 15.45 15.45
153.00 191.26 15.45 15.45
157.41 195.66 15.69 15.69
161.17 194.91 15.69 15.69
166.44 191.15 15.69 15.69
171.67 185.30 15.92 15.92
177.79 177.27 15.92 15.92
183.10 167.46 16.16 16.16
183.37 167.34 16.40 16.40
188.04 191.59 16.65 16.65
189.13 189.84 16.90 16.90
190.65 190.53 17.15 17.15
193.03 187.48 17.41 17.41
192.33 187.61 17.15 17.15
193.27 187.33 16.90 16.90
192.32 187.20 17.15 17.15
191.78 188.75 17.41 17.41
191.08 190.11 17.15 17.15
191.61 190.24 16.90 16.90
191.74 189.96 16.65 16.65
198.10 190.65 16.90 16.90
203.74 188.88 17.15 17.15
204.03 188.75 17.41 17.41
204.32 188.19 17.67 17.67
204.19 188.06 17.93 17.93
204.05 187.93 18.20 18.20
203.92 187.79 18.48 18.48
203.78 188.10 18.75 18.75
203.18 188.42 19.03 19.03
203.50 187.81 19.32 19.32
203.36 187.67 19.61 19.61
203.21 188.00 19.90 19.90
203.06 187.85 20.20 20.20
202.91 187.70 20.51 20.51
202.76 187.54 20.81 20.81
202.09 187.39 21.13 21.13
201.93 187.23 21.44 21.44
201.77 187.07 21.76 21.76
202.14 187.43 22.09 22.09
201.97 187.27 22.42 22.42
201.81 187.10 22.76 22.76
202.51 187.27 22.42 22.42
202.34 187.10 22.76 22.76
202.73 188.59 23.10 23.10
171.04 187.29 23.45 23.45
187.43 175.12 23.80 23.80
198.28 163.13 23.80 23.80
206.90 148.11 23.45 23.45
211.86 130.23 23.80 23.80
213.42 112.08 24.15 24.15
207.36 81.89 24.52 24.52
205.38 81.11 24.88 24.88
199.09 69.52 24.52 24.52
182.46 59.85 24.15 24.15
173.50 61.74 23.80 23.80
165.79 67.36 24.15 24.15
160.83 77.25 23.80 23.80
158.91 86.35 24.15 24.15
163.66 100.23 23.80 23.80
161.02 110.54 23.45 23.45
161.19 110.71 23.10 23.10
161.19 114.59 23.10 23.10
161.75 118.47 23.10 23.10
162.46 119.73 22.76 22.76
162.46 119.73 22.76 22.76
162.63 120.44 22.42 22.42
162.46 120.27 22.76 22.76
163.17 120.98 22.42 22.42
163.17 121.52 22.42 22.42
163.17 121.52 22.42 22.42
163.71 122.06 22.42 22.42
163.71 122.59 22.42 22.42
163.71 122.59 22.42 22.42
164.25 123.67 22.42 22.42
164.79 124.21 22.42 22.42
164.95 125.43 22.09 22.09
165.32 125.81 22.42 22.42
165.70 126.18 22.76 22.76
166.41 127.43 22.42 22.42
166.24 127.81 22.76 22.76
167.18 129.30 23.10 23.10
167.35 129.47 22.76 22.76
167.35 127.83 22.76 22.76
162.19 102.71 23.10 23.10
157.51 82.28 23.45 23.45
153.34 63.83 23.80 23.80
150.48 48.98 23.80 23.80
148.41 38.46 23.45 23.45
146.16 31.15 23.45 23.45
140.84 26.97 23.80 23.80
141.02 27.15 23.45 23.45
137.86 31.20 23.10 23.10
132.06 49.04 23.45 23.45
129.03 63.71 23.80 23.80
126.53 80.35 24.15 24.15
124.59 100.76 24.52 24.52
125.35 112.53 24.15 24.15
127.24 120.14 23.80 23.80
130.79 136.07 23.45 23.45
130.41 136.24 23.10 23.10
131.68 140.24 22.76 22.76
131.31 144.17 22.42 22.42
131.47 144.34 22.09 22.09
130.23 144.71 22.42 22.42
130.23 144.71 22.42 22.42
130.23 144.71 22.42 22.42
130.77 145.25 22.42 22.42
131.31 145.79 22.42 22.42
132.00 147.01 22.09 22.09
132.53 148.07 22.09 22.09
133.06 150.19 22.09 22.09
133.06 150.19 22.09 22.09
132.90 151.10 22.42 22.42
132.90 154.87 22.42 22.42
132.73 156.89 22.76 22.76
132.36 160.28 22.42 22.42
132.19 162.30 22.76 22.76
132.02 158.80 23.10 23.10
130.72 141.19 23.45 23.45
134.22 144.13 23.10 23.10
133.84 151.95 22.76 22.76
133.67 158.43 23.10 23.10
134.23 158.99 23.10 23.10
134.40 159.16 22.76 22.76
135.11 158.79 22.42 22.42
127.29 166.27 22.76 22.76
126.92 166.97 22.42 22.42
127.62 167.67 22.09 22.09
125.84 166.96 22.42 22.42
125.84 166.96 22.42 22.42
126.00 167.13 22.09 22.09
126.00 167.13 22.09 22.09
131.76 182.57 22.42 22.42
131.59 182.95 22.76 22.76
131.42 182.78 23.10 23.10
131.24 182.60 23.45 23.45
131.07 182.43 23.80 23.80
130.89 182.25 24.15 24.15
130.71 182.07 24.52 24.52
129.93 181.88 24.88 24.88
129.74 181.70 25.26 25.26
129.55 181.51 25.64 25.64
129.36 180.69 26.02 26.02
129.16 180.50 26.41 26.41
128.96 180.30 26.81 26.81
128.11 180.10 27.21 27.21
127.91 179.89 27.62 27.62
138.46 215.34 28.03 28.03
138.25 208.99 28.45 28.45
126.26 179.66 28.88 28.88
137.30 218.84 29.31 29.31
137.79 207.91 29.75 29.75
125.25 178.70 30.20 30.20
136.79 136.54 30.65 30.65
138.47 144.01 30.20 30.20
137.98 148.52 29.75 29.75
137.49 153.67 29.31 29.31
137.02 158.04 28.88 28.88
137.91 168.50 28.45 28.45
138.12 168.03 28.03 28.03
138.33 175.53 27.62 27.62
137.23 186.19 27.21 27.21
137.43 185.74 26.81 26.81
135.09 185.94 26.41 26.41
134.04 186.14 26.02 26.02
132.38 186.33 25.64 25.64
131.97 187.12 25.26 25.26
130.96 187.31 24.88 24.88
130.55 187.50 24.52 24.52
130.16 187.68 24.15 24.15
130.33 189.00 23.80 23.80
130.51 189.17 23.45 23.45
129.95 189.17 23.45 23.45
128.82 189.74 23.45 23.45
128.26 189.74 23.45 23.45
127.70 189.74 23.45 23.45
127.13 189.74 23.45 23.45
125.82 188.99 23.80 23.80
125.43 189.16 23.45 23.45
124.30 188.60 23.45 23.45
124.30 188.60 23.45 23.45
123.74 188.04 23.45 23.45
124.14 186.72 23.80 23.80
124.71 186.15 23.80 23.80
125.45 186.33 23.45 23.45
126.41 185.58 23.80 23.80
127.15 185.75 23.45 23.45
128.12 185.01 23.80 23.80
129.42 185.18 23.45 23.45
129.81 184.44 23.80 23.80
131.12 184.61 23.45 23.45
131.68 184.05 23.45 23.45
132.07 183.30 23.80 23.80
132.64 182.73 23.80 23.80
132.64 182.73 23.80 23.80
133.38 183.47 23.45 23.45
133.38 184.60 23.45 23.45
133.95 186.28 23.45 23.45
134.34 188.39 23.80 23.80
136.20 191.38 23.45 23.45
138.31 192.92 23.80 23.80
142.31 192.92 23.80 23.80
147.45 190.63 23.80 23.80
160.03 179.44 24.15 24.15
166.32 170.43 24.52 24.52
172.30 159.60 24.15 24.15
176.23 146.47 24.52 24.52
176.82 132.35 24.52 24.52
174.69 118.04 24.15 24.15
167.44 104.51 23.80 23.80
157.99 94.48 24.15 24.15
147.21 87.82 24.52 24.52
136.62 84.88 24.52 24.52
115.53 87.68 24.88 24.88
105.71 93.75 24.52 24.52
98.94 100.31 24.15 24.15
94.05 107.19 24.52 24.52
91.33 115.49 24.15 24.15
90.56 124.13 24.52 24.52
92.33 133.55 24.52 24.52
96.45 142.37 24.52 24.52
103.01 150.09 24.15 24.15
109.38 155.89 24.15 24.15
122.14 160.53 24.15 24.15
127.46 161.28 23.80 23.80
132.13 162.01 23.45 23.45
135.63 162.19 23.10 23.10
137.99 162.36 22.76 22.76
138.93 161.63 23.10 23.10
138.55 161.26 22.76 22.76
137.83 160.53 23.10 23.10
136.72 159.98 23.10 23.10
134.50 158.31 23.10 23.10
133.39 158.31 23.10 23.10
132.28 159.42 23.10 23.10
131.73 161.64 23.10 23.10
131.55 164.84 23.45 23.45
132.12 169.91 23.45 23.45
134.37 174.41 23.45 23.45
137.62 178.80 23.80 23.80
143.24 181.52 24.15 24.15
151.41 182.84 23.80 23.80
172.10 173.39 24.15 24.15
183.69 162.03 24.52 24.52
194.85 146.91 24.88 24.88
204.37 130.36 25.26 25.26
210.95 112.33 25.64 25.64
213.41 94.48 25.64 25.64
209.47 77.43 26.02 26.02
203.51 64.70 25.64 25.64
195.21 57.01 25.26 25.26
186.44 53.02 24.88 24.88
168.67 60.71 25.26 25.26
162.94 72.83 25.64 25.64
162.53 86.96 25.26 25.26
166.77 98.48 25.26 25.26
166.77 108.18 25.26 25.26
166.96 116.13 24.88 24.88
167.73 122.19 24.52 24.52
169.65 125.85 24.15 24.15
170.97 127.17 23.80 23.80
172.27 128.48 23.45 23.45
172.44 129.20 23.10 23.10
171.89 129.20 23.10 23.10
171.34 129.20 23.10 23.10
171.34 129.20 23.10 23.10
171.89 129.20 23.10 23.10
172.28 128.47 23.45 23.45
172.84 128.47 23.45 23.45
173.57 128.64 23.10 23.10
173.74 128.26 22.76 22.76
173.19 127.17 22.76 22.76
171.36 124.78 23.10 23.10
170.25 124.23 23.10 23.10
169.88 124.40 22.76 22.76
170.42 123.85 22.76 22.76
170.97 124.40 22.76 22.76
172.46 125.34 23.10 23.10
174.54 128.54 23.45 23.45
177.92 133.61 23.45 23.45
180.73 139.80 23.45 23.45
184.55 147.62 23.80 23.80
191.33 167.15 24.15 24.15
194.09 178.15 24.52 24.52
197.03 186.38 24.52 24.52
199.24 194.56 24.88 24.88
200.01 198.28 24.52 24.52
200.19 198.46 24.15 24.15
194.09 196.35 23.80 23.80
190.43 196.75 24.15 24.15
187.18 197.50 23.80 23.80
184.33 198.64 23.80 23.80
179.76 199.79 23.80 23.80
179.76 199.79 23.80 23.80
177.84 200.77 24.15 24.15
178.02 201.52 23.80 23.80
178.02 201.52 23.80 23.80
178.59 202.09 23.80 23.80
178.59 202.09 23.80 23.80
178.59 202.66 23.80 23.80
179.33 203.40 23.45 23.45
179.15 203.79 23.80 23.80
179.72 205.51 23.80 23.80
178.58 207.79 23.80 23.80
177.24 208.77 24.15 24.15
177.24 208.77 24.15 24.15
172.35 211.53 24.52 24.52
168.48 208.82 24.15 24.15
164.66 205.57 23.80 23.80
160.09 201.57 23.80 23.80
156.09 197.00 23.80 23.80
152.09 191.29 23.80 23.80
146.38 177.01 23.80 23.80
144.67 169.59 23.80 23.80
144.84 169.76 23.45 23.45
145.81 149.02 23.80 23.80
149.11 136.67 24.15 24.15
148.93 135.90 24.52 24.52
163.08 110.04 24.88 24.88
176.23 97.12 25.26 25.26
193.88 92.01 25.64 25.64
211.80 94.31 26.02 26.02
205.27 99.82 26.41 26.41
204.42 99.63 26.81 26.81
203.57 98.77 27.21 27.21
203.37 97.90 27.62 27.62
203.16 97.70 28.03 28.03
204.31 97.49 28.45 28.45
204.79 97.27 28.88 28.88
206.18 97.27 28.88 28.88
205.96 97.76 29.31 29.31
205.74 98.25 29.75 29.75
205.52 98.76 30.20 30.20
204.56 100.00 30.65 30.65
204.33 101.26 31.11 31.11
204.10 101.03 31.58 31.58
205.08 104.25 31.11 31.11
205.08 105.00 31.11 31.11
204.57 105.23 30.65 30.65
203.59 105.74 31.11 31.11
201.84 104.75 31.58 31.58
200.84 103.75 32.05 32.05
201.08 102.47 31.58 31.58
201.08 101.71 31.58 31.58
201.08 101.71 31.58 31.58
202.38 100.70 32.05 32.05
204.13 100.18 31.58 31.58
204.36 100.42 31.11 31.11
206.06 99.18 30.65 30.65
207.02 98.68 30.20 30.20
206.79 98.45 30.65 30.65
206.56 98.97 31.11 31.11
204.81 98.73 31.58 31.58
204.81 98.73 31.58 31.58
203.29 99.49 31.58 31.58
202.29 100.02 32.05 32.05
202.29 100.02 32.05 32.05
200.75 100.79 32.05 32.05
200.99 101.79 31.58 31.58
200.23 102.55 31.58 31.58
199.22 103.08 32.05 32.05
199.46 103.32 31.58 31.58
199.22 103.08 32.05 32.05
201.32 102.84 32.53 32.53
201.87 103.39 33.02 33.02
200.82 102.33 33.52 33.52
202.20 102.90 34.02 34.02
203.02 102.90 34.02 34.02
202.76 102.64 34.53 34.53
202.76 102.64 34.53 34.53
202.76 102.64 34.53 34.53
203.02 102.90 34.02 34.02
