191.00 182.00 14.00 13.00
193.42 188.86 13.79 12.81
193.32 189.07 14.00 13.00
193.99 192.19 14.00 13.00
195.59 197.48 14.21 13.19
197.04 200.70 14.00 13.00
198.98 204.08 14.21 13.19
201.71 206.30 14.21 13.19
206.45 207.17 14.42 13.39
212.68 206.20 14.42 13.39
229.08 200.56 14.64 13.59
229.54 200.66 14.42 13.39
237.86 196.64 14.64 13.59
252.37 187.93 14.86 13.80
257.72 184.62 14.86 13.80
261.65 181.97 14.86 13.80
263.43 179.98 14.86 13.80
263.54 179.43 14.64 13.59
262.48 180.41 14.64 13.59
254.53 187.26 14.86 13.80
254.64 187.36 14.64 13.59
247.75 193.55 14.86 13.80
247.04 193.22 14.86 13.80
226.30 209.92 15.08 14.00
234.63 225.17 15.31 14.21
234.38 225.28 15.08 14.00
234.50 225.38 14.86 13.80
234.61 225.48 14.64 13.59
234.71 225.58 14.42 13.39
234.82 225.68 14.21 13.20
234.59 225.78 14.00 13.00
234.59 225.78 14.00 13.00
234.59 225.78 14.00 13.00
234.59 225.78 14.00 13.00
234.59 225.78 14.00 13.00
234.59 225.78 14.00 13.00
234.59 225.78 14.00 13.00
234.59 225.78 14.00 13.00
234.59 225.78 14.00 13.00
234.59 225.78 14.00 13.00
234.59 225.78 14.00 13.00
234.59 225.78 14.00 13.00
234.59 225.78 14.00 13.00
234.59 225.78 14.00 13.00
234.59 225.78 14.00 13.00
234.59 225.78 14.00 13.00
234.59 225.78 14.00 13.00
234.59 225.78 14.00 13.00
234.59 225.78 14.00 13.00
234.59 225.78 14.00 13.00
234.59 225.78 14.00 13.00
234.59 225.78 14.00 13.00
234.59 225.78 14.00 13.00
234.59 225.78 14.00 13.00
234.59 225.78 14.00 13.00
234.59 225.78 14.00 13.00
234.59 225.78 14.00 13.00
234.59 225.78 14.00 13.00
234.59 225.78 14.00 13.00
234.59 225.78 14.00 13.00
234.59 225.78 14.00 13.00
234.59 225.78 14.00 13.00
234.59 225.78 14.00 13.00
234.59 225.78 14.00 13.00
234.59 225.78 14.00 13.00
234.59 225.78 14.00 13.00
234.59 225.78 14.00 13.00
234.59 225.78 14.00 13.00
234.59 225.78 14.00 13.00
234.59 225.78 14.00 13.00
234.59 225.78 14.00 13.00
234.59 225.78 14.00 13.00
234.59 225.78 14.00 13.00
234.59 225.78 14.00 13.00
234.59 225.78 14.00 13.00
234.59 225.78 14.00 13.00
234.59 225.78 14.00 13.00
234.59 225.78 14.00 13.00
234.59 225.78 14.00 13.00
234.59 225.78 14.00 13.00
234.59 225.78 14.00 13.00
234.59 225.78 14.00 13.00
234.59 225.78 14.00 13.00
234.59 225.78 14.00 13.00
234.59 225.78 14.00 13.00
234.59 225.78 14.00 13.00
234.59 225.78 14.00 13.00
234.59 225.78 14.00 13.00
234.59 225.78 14.00 13.00
234.59 225.78 14.00 13.00
234.59 225.78 14.00 13.00
234.59 225.78 14.00 13.00
234.59 225.78 14.00 13.00
234.59 225.78 14.00 13.00
234.59 225.78 14.00 13.00
234.59 225.78 14.00 13.00
234.59 225.78 14.00 13.00
234.59 225.78 14.00 13.00
234.59 225.78 14.00 13.00
234.59 225.78 14.00 13.00
234.59 225.78 14.00 13.00
234.59 225.78 14.00 13.00
234.59 225.78 14.00 13.00
234.59 225.78 14.00 13.00
234.59 225.78 14.00 13.00
234.59 225.78 14.00 13.00
234.59 225.78 14.00 13.00
234.59 225.78 14.00 13.00
234.59 225.78 14.00 13.00
234.59 225.78 14.00 13.00
234.59 225.78 14.00 13.00
234.59 225.78 14.00 13.00
234.59 225.78 14.00 13.00
234.59 225.78 14.00 13.00
234.59 225.78 14.00 13.00
234.59 225.78 14.00 13.00
234.59 225.78 14.00 13.00
234.59 225.78 14.00 13.00
234.59 225.78 14.00 13.00
234.59 225.78 14.00 13.00
234.59 225.78 14.00 13.00
234.59 225.78 14.00 13.00
234.59 225.78 14.00 13.00
234.59 225.78 14.00 13.00
234.59 225.78 14.00 13.00
234.59 225.78 14.00 13.00
234.59 225.78 14.00 13.00
234.59 225.78 14.00 13.00
234.59 225.78 14.00 13.00
234.59 225.78 14.00 13.00
234.59 225.78 14.00 13.00
234.59 225.78 14.00 13.00
234.59 225.78 14.00 13.00
234.59 225.78 14.00 13.00
234.59 225.78 14.00 13.00
234.59 225.78 14.00 13.00
234.59 225.78 14.00 13.00
234.59 225.78 14.00 13.00
234.59 225.78 14.00 13.00
234.59 225.78 14.00 13.00
234.59 225.78 14.00 13.00
234.59 225.78 14.00 13.00
234.59 225.78 14.00 13.00
234.59 225.78 14.00 13.00
234.59 225.78 14.00 13.00
234.59 225.78 14.00 13.00
234.59 225.78 14.00 13.00
234.59 225.78 14.00 13.00
234.59 225.78 14.00 13.00
234.59 225.78 14.00 13.00
234.59 225.78 14.00 13.00
234.59 225.78 14.00 13.00
234.59 225.78 14.00 13.00
234.59 225.78 14.00 13.00
234.59 225.78 14.00 13.00
234.59 225.78 14.00 13.00
234.59 225.78 14.00 13.00
234.59 225.78 14.00 13.00
234.59 225.78 14.00 13.00
234.59 225.78 14.00 13.00
234.59 225.78 14.00 13.00
234.59 225.78 14.00 13.00
234.59 225.78 14.00 13.00
234.59 225.78 14.00 13.00
234.59 225.78 14.00 13.00
234.59 225.78 14.00 13.00
234.59 225.78 14.00 13.00
234.59 225.78 14.00 13.00
234.59 225.78 14.00 13.00
234.59 225.78 14.00 13.00
234.59 225.78 14.00 13.00
234.59 225.78 14.00 13.00
234.59 225.78 14.00 13.00
234.59 225.78 14.00 13.00
234.59 225.78 14.00 13.00
234.59 225.78 14.00 13.00
234.59 225.78 14.00 13.00
234.59 225.78 14.00 13.00
234.59 225.78 14.00 13.00
234.59 225.78 14.00 13.00
234.59 225.78 14.00 13.00
234.59 225.78 14.00 13.00
234.59 225.78 14.00 13.00
234.59 225.78 14.00 13.00
234.59 225.78 14.00 13.00
234.59 225.78 14.00 13.00
234.59 225.78 14.00 13.00
234.59 225.78 14.00 13.00
234.59 225.78 14.00 13.00
234.59 225.78 14.00 13.00
234.59 225.78 14.00 13.00
234.59 225.78 14.00 13.00
234.59 225.78 14.00 13.00
234.59 225.78 14.00 13.00
234.59 225.78 14.00 13.00
234.59 225.78 14.00 13.00
234.59 225.78 14.00 13.00
234.59 225.78 14.00 13.00
234.59 225.78 14.00 13.00
234.59 225.78 14.00 13.00
234.59 225.78 14.00 13.00
234.59 225.78 14.00 13.00
234.59 225.78 14.00 13.00
234.59 225.78 14.00 13.00
234.59 225.78 14.00 13.00
234.59 225.78 14.00 13.00
234.59 225.78 14.00 13.00
234.59 225.78 14.00 13.00
234.59 225.78 14.00 13.00
234.59 225.78 14.00 13.00
234.59 225.78 14.00 13.00
234.59 225.78 14.00 13.00
234.59 225.78 14.00 13.00
234.59 225.78 14.00 13.00
234.59 225.78 14.00 13.00
234.59 225.78 14.00 13.00
234.59 225.78 14.00 13.00
234.59 225.78 14.00 13.00
234.59 225.78 14.00 13.00
234.59 225.78 14.00 13.00
234.59 225.78 14.00 13.00
234.59 225.78 14.00 13.00
234.59 225.78 14.00 13.00
234.59 225.78 14.00 13.00
234.59 225.78 14.00 13.00
234.59 225.78 14.00 13.00
234.59 225.78 14.00 13.00
234.59 225.78 14.00 13.00
234.59 225.78 14.00 13.00
234.59 225.78 14.00 13.00
234.59 225.78 14.00 13.00
234.59 225.78 14.00 13.00
234.59 225.78 14.00 13.00
234.59 225.78 14.00 13.00
234.59 225.78 14.00 13.00
