1
188.066635,351.096893,52.522026,105.923149
194.069901,352.452698,53.309856,107.512001
201.245407,353.828857,54.109505,109.124680
211.240997,356.785431,53.309856,107.512001
222.745270,358.161591,54.109505,109.124680
232.225250,359.558380,54.921146,110.761551
242.962341,358.727661,55.744965,112.422974
253.860474,360.166687,56.581139,114.109314
264.922089,361.627289,57.429855,115.820953
278.481293,360.758636,58.291302,117.558273
291.060547,362.263367,59.165672,119.321648
305.029572,361.368469,60.053158,121.111473
319.208099,362.918701,60.953957,122.928139
336.074066,361.996735,61.868263,124.772064
350.681152,363.593811,62.796288,126.643646
368.056885,362.643982,63.738232,128.543304
383.105499,364.289337,64.694305,130.471451
398.379822,368.607941,65.664719,132.428528
408.551300,370.303040,66.649689,134.414948
414.816345,366.566284,67.649437,136.431168
419.802124,362.773499,68.664177,138.477646
423.468781,358.923828,69.694138,140.554810
454.071472,369.282715,70.739555,142.663132
460.721008,353.732422,71.800644,144.803070
476.215576,352.646423,72.877655,146.975113
505.366638,376.162445,72.877655,146.975113
521.093628,378.043701,73.970818,149.179749
526.545288,373.896515,75.080383,151.417450
530.554565,366.613342,76.206589,153.688705
534.624023,362.340790,77.349686,155.994034
530.903503,364.337524,78.509933,158.333939
527.127197,369.578369,79.687584,160.708954
526.145813,389.765961,78.509933,158.333939
523.963196,388.578430,79.687584,160.708954
524.983215,384.110748,80.882896,163.119583
2
0
0
0
0
1
581.702881,264.117188,240.012711,126.293854
560.413757,250.351166,243.612900,128.188263
538.805298,231.174210,247.267090,130.111084
526.911743,211.709579,250.976105,132.062759
535.219055,208.038239,254.740738,134.043686
522.966003,220.638351,258.561859,136.054352
512.623535,212.475082,258.561859,136.054352
494.154846,202.756912,254.740738,134.043686
621.525208,196.309418,258.561859,136.054352
619.585999,203.574722,262.440277,138.095169
595.669006,220.921646,258.561859,136.054352
564.641602,242.690338,258.561859,136.054352
520.711975,255.479446,262.440277,138.095169
438.830566,254.443741,266.376892,140.166595
398.980591,247.701721,270.372528,142.269089
364.021423,243.746643,274.428131,144.403122
339.679657,233.869476,278.544556,146.569168
270.386566,286.937622,274.428131,144.403122
2
0
0
0
0
1
603.395020,167.709808,152.125000,232.360382
625.501831,187.740875,149.876846,228.926498
627.420288,199.965546,152.125000,232.360382
634.539429,219.996613,149.876846,228.926498
660.797852,264.751740,152.125000,232.360382
679.907104,298.518402,149.876846,228.926498
697.892334,348.882233,149.876846,228.926498
700.889893,367.196350,149.876846,228.926498
675.418213,350.844452,147.661911,225.543335
673.599731,352.511047,145.479721,222.210190
667.780518,352.511047,145.479721,222.210190
659.051758,352.511047,145.479721,222.210190
657.960632,350.844452,147.661911,225.543335
661.961365,352.511047,145.479721,222.210190
663.036316,349.774445,143.329773,218.926300
666.919617,347.078308,141.211594,215.690933
679.093018,348.672089,139.124725,212.503372
661.104187,351.392151,141.211594,215.690933
651.445313,349.774445,143.329773,218.926300
650.370361,348.132507,145.479721,222.210190
648.578735,345.395935,143.329773,218.926300
647.503784,343.753967,145.479721,222.210190
647.503784,343.753967,145.479721,222.210190
647.503784,343.753967,145.479721,222.210190
647.503784,343.753967,145.479721,222.210190
647.503784,339.309784,145.479721,222.210190
645.712158,340.951721,143.329773,218.926300
643.947021,342.569397,141.211594,215.690933
644.990417,344.163177,139.124725,212.503372
644.990417,344.163177,139.124725,212.503372
644.990417,344.163177,139.124725,212.503372
644.990417,344.163177,139.124725,212.503372
642.207947,344.163177,139.124725,212.503372
641.164490,342.569397,141.211594,215.690933
640.105408,336.573212,143.329773,218.926300
641.164490,338.190887,141.211594,215.690933
643.988770,338.190887,141.211594,215.690933
643.988770,338.190887,141.211594,215.690933
642.929626,336.573212,143.329773,218.926300
642.929626,336.573212,143.329773,218.926300
645.796265,336.573212,143.329773,218.926300
644.721252,339.375458,145.479721,222.210190
647.630859,334.931244,145.479721,222.210190
647.630859,334.931244,145.479721,222.210190
646.539795,333.264679,147.661911,225.543335
645.432312,331.573090,149.876846,228.926498
645.432312,331.573090,149.876846,228.926498
643.586548,333.264679,147.661911,225.543335
643.586548,333.264679,147.661911,225.543335
639.481506,326.994568,149.876846,228.926498
639.481506,326.994568,149.876846,228.926498
636.484009,326.994568,149.876846,228.926498
