1
235.00,162.00,269.00,162.00,269.00,228.00,235.00,228.00
236.00,165.00,269.00,165.00,269.00,231.00,236.00,231.00
231.00,164.00,264.00,164.00,264.00,229.00,231.00,229.00
233.00,170.00,267.00,170.00,267.00,236.00,233.00,236.00
234.00,175.00,267.00,175.00,267.00,241.00,234.00,241.00
231.00,185.00,264.00,185.00,264.00,249.00,231.00,249.00
223.00,191.00,256.00,191.00,256.00,256.00,223.00,256.00
249.00,208.00,283.00,208.00,283.00,274.00,249.00,274.00
262.00,234.00,296.00,234.00,296.00,300.00,262.00,300.00
274.00,267.00,309.00,267.00,309.00,334.00,274.00,334.00
266.00,285.00,302.00,285.00,302.00,354.00,266.00,354.00
250.00,289.00,286.00,289.00,286.00,360.00,250.00,360.00
236.00,289.00,272.00,289.00,272.00,361.00,236.00,361.00
207.00,303.00,243.00,303.00,243.00,373.00,207.00,373.00
167.00,298.00,203.00,298.00,203.00,368.00,167.00,368.00
145.00,283.00,180.00,283.00,180.00,353.00,145.00,353.00
127.00,276.00,163.00,276.00,163.00,346.00,127.00,346.00
124.00,279.00,160.00,279.00,160.00,351.00,124.00,351.00
111.00,305.00,148.00,305.00,148.00,376.00,111.00,376.00
98.00,310.00,135.00,310.00,135.00,382.00,98.00,382.00
93.00,306.00,130.00,306.00,130.00,379.00,93.00,379.00
89.00,302.00,127.00,302.00,127.00,375.00,89.00,375.00
70.00,292.00,107.00,292.00,107.00,364.00,70.00,364.00
80.00,285.00,118.00,285.00,118.00,358.00,80.00,358.00
76.00,281.00,114.00,281.00,114.00,355.00,76.00,355.00
129.00,260.00,166.00,260.00,166.00,334.00,129.00,334.00
191.00,263.00,228.00,263.00,228.00,336.00,191.00,336.00
240.00,284.00,276.00,284.00,276.00,355.00,240.00,355.00
257.00,291.00,294.00,291.00,294.00,362.00,257.00,362.00
266.00,288.00,302.00,288.00,302.00,358.00,266.00,358.00
270.00,285.00,306.00,285.00,306.00,354.00,270.00,354.00
294.00,269.00,330.00,269.00,330.00,339.00,294.00,339.00
298.00,251.00,334.00,251.00,334.00,321.00,298.00,321.00
270.00,254.00,306.00,254.00,306.00,324.00,270.00,324.00
277.00,256.00,314.00,256.00,314.00,326.00,277.00,326.00
271.00,283.00,308.00,283.00,308.00,354.00,271.00,354.00
287.00,288.00,323.00,288.00,323.00,359.00,287.00,359.00
309.00,295.00,346.00,295.00,346.00,367.00,309.00,367.00
326.00,298.00,363.00,298.00,363.00,370.00,326.00,370.00
337.00,306.00,374.00,306.00,374.00,377.00,337.00,377.00
337.00,309.00,374.00,309.00,374.00,380.00,337.00,380.00
333.00,312.00,370.00,312.00,370.00,384.00,333.00,384.00
351.00,320.00,388.00,320.00,388.00,393.00,351.00,393.00
376.00,336.00,414.00,336.00,414.00,410.00,376.00,410.00
371.00,334.00,409.00,334.00,409.00,409.00,371.00,409.00
366.00,325.00,405.00,325.00,405.00,399.00,366.00,399.00
379.00,329.00,418.00,329.00,418.00,404.00,379.00,404.00
399.00,336.00,438.00,336.00,438.00,413.00,399.00,413.00
415.00,339.00,454.00,339.00,454.00,416.00,415.00,416.00
444.00,344.00,483.00,344.00,483.00,421.00,444.00,421.00
457.00,361.00,497.00,361.00,497.00,438.00,457.00,438.00
462.00,362.00,501.00,362.00,501.00,439.00,462.00,439.00
468.00,392.00,507.00,392.00,507.00,468.00,468.00,468.00
442.00,401.00,481.00,401.00,481.00,476.00,442.00,476.00
2
0
0
0
0
1
293.00,265.00,357.00,265.00,357.00,316.00,293.00,316.00
285.00,255.00,350.00,255.00,350.00,306.00,285.00,306.00
269.00,245.00,334.00,245.00,334.00,297.00,269.00,297.00
248.00,231.00,313.00,231.00,313.00,282.00,248.00,282.00
233.00,216.00,298.00,216.00,298.00,269.00,233.00,269.00
220.00,208.00,286.00,208.00,286.00,260.00,220.00,260.00
202.00,201.00,269.00,201.00,269.00,254.00,202.00,254.00
174.00,185.00,241.00,185.00,241.00,239.00,174.00,239.00
153.00,172.00,221.00,172.00,221.00,225.00,153.00,225.00
133.00,164.00,201.00,164.00,201.00,218.00,133.00,218.00
126.00,158.00,194.00,158.00,194.00,213.00,126.00,213.00
120.00,146.00,190.00,146.00,190.00,202.00,120.00,202.00
109.00,140.00,180.00,140.00,180.00,197.00,109.00,197.00
102.00,151.00,173.00,151.00,173.00,207.00,102.00,207.00
113.00,166.00,184.00,166.00,184.00,223.00,113.00,223.00
128.00,191.00,201.00,191.00,201.00,249.00,128.00,249.00
128.00,190.00,203.00,190.00,203.00,249.00,128.00,249.00
125.00,175.00,201.00,175.00,201.00,235.00,125.00,235.00
121.00,175.00,198.00,175.00,198.00,236.00,121.00,236.00
121.00,188.00,198.00,188.00,198.00,249.00,121.00,249.00
124.00,207.00,200.00,207.00,200.00,268.00,124.00,268.00
141.00,223.00,217.00,223.00,217.00,284.00,141.00,284.00
170.00,234.00,247.00,234.00,247.00,295.00,170.00,295.00
210.00,251.00,287.00,251.00,287.00,313.00,210.00,313.00
2
0
0
0
0
1
151.00,74.00,193.00,74.00,193.00,143.00,151.00,143.00
145.00,65.00,188.00,65.00,188.00,135.00,145.00,135.00
153.00,71.00,196.00,71.00,196.00,140.00,153.00,140.00
160.00,74.00,202.00,74.00,202.00,143.00,160.00,143.00
162.00,75.00,203.00,75.00,203.00,143.00,162.00,143.00
163.00,77.00,204.00,77.00,204.00,144.00,163.00,144.00
172.00,78.00,212.00,78.00,212.00,144.00,172.00,144.00
191.00,82.00,230.00,82.00,230.00,146.00,191.00,146.00
198.00,76.00,237.00,76.00,237.00,140.00,198.00,140.00
193.00,73.00,231.00,73.00,231.00,136.00,193.00,136.00
187.00,71.00,225.00,71.00,225.00,132.00,187.00,132.00
181.00,73.00,218.00,73.00,218.00,134.00,181.00,134.00
177.00,71.00,214.00,71.00,214.00,131.00,177.00,131.00
161.00,75.00,197.00,75.00,197.00,134.00,161.00,134.00
140.00,78.00,177.00,78.00,177.00,137.00,140.00,137.00
131.00,87.00,167.00,87.00,167.00,147.00,131.00,147.00
126.00,94.00,163.00,94.00,163.00,153.00,126.00,153.00
117.00,107.00,154.00,107.00,154.00,167.00,117.00,167.00
108.00,115.00,146.00,115.00,146.00,178.00,108.00,178.00
102.00,115.00,141.00,115.00,141.00,179.00,102.00,179.00
99.00,114.00,140.00,114.00,140.00,180.00,99.00,180.00
102.00,129.00,143.00,129.00,143.00,196.00,102.00,196.00
102.00,135.00,144.00,135.00,144.00,203.00,102.00,203.00
103.00,138.00,145.00,138.00,145.00,207.00,103.00,207.00
112.00,136.00,154.00,136.00,154.00,205.00,112.00,205.00
120.00,127.00,162.00,127.00,162.00,196.00,120.00,196.00
115.00,119.00,157.00,119.00,157.00,188.00,115.00,188.00
110.00,115.00,151.00,115.00,151.00,183.00,110.00,183.00
106.00,103.00,146.00,103.00,146.00,169.00,106.00,169.00
