1
335.256989,168.005997,28.823999,38.142311
334.902008,167.536270,28.398027,37.578632
330.077179,166.491577,28.823999,38.142311
326.350250,166.979797,29.256359,38.714447
332.663757,169.833054,29.695204,39.295162
336.227173,156.472702,29.695204,39.295162
334.196045,153.784912,30.140633,39.884590
329.686981,152.676117,30.592743,40.482861
328.836517,167.164932,31.051634,41.090103
327.594452,168.808533,31.051634,41.090103
327.594452,167.986740,31.051634,41.090103
327.212036,167.480698,30.592743,40.482861
324.764618,166.671051,30.592743,40.482861
324.387848,166.970184,30.140633,39.884590
324.610565,168.050797,29.695204,39.295162
324.387848,168.553772,30.140633,39.884590
321.641052,157.845840,29.695204,39.295162
315.702026,153.130417,29.695204,39.295162
310.356873,149.986801,29.695204,39.295162
304.417847,147.629105,29.695204,39.295162
298.478790,146.057297,29.695204,39.295162
2
0
0
0
0
1
324.423065,155.720474,30.129044,64.642639
324.808716,155.235657,30.580978,65.612282
324.808716,155.235657,30.580978,65.612282
325.420319,156.547897,30.580978,65.612282
327.053345,156.055801,31.039694,66.596458
327.894318,152.611160,30.580978,65.612282
326.915131,151.803131,30.129044,64.642639
327.731445,151.007034,29.683786,63.687328
325.701080,154.407944,30.129044,64.642639
327.704712,156.159348,29.683786,63.687328
328.508972,154.120102,29.245110,62.746136
329.678772,152.865173,29.245110,62.746136
329.678772,151.610245,29.245110,62.746136
330.471130,153.310272,28.812916,61.818855
329.318604,154.546646,28.812916,61.818855
329.687408,154.083008,29.245110,62.746136
329.468079,151.064911,29.683786,63.687328
328.517609,151.535507,29.245110,62.746136
328.157440,151.999146,28.812916,61.818855
327.356445,154.045349,29.245110,62.746136
327.730774,154.848511,29.683786,63.687328
328.713318,153.078003,30.129044,64.642639
329.529633,152.281906,29.683786,63.687328
329.909576,154.389954,30.129044,64.642639
331.319550,154.867615,29.683786,63.687328
331.538910,155.338211,29.245110,62.746136
333.483765,154.565475,28.812916,61.818855
334.060028,153.329102,28.812916,61.818855
334.272919,153.785889,28.387110,60.905273
333.923340,154.235931,27.967594,60.005196
333.363983,156.636139,27.967594,60.005196
333.721954,154.967987,28.387110,60.905273
332.356537,153.274826,28.812916,61.818855
331.780304,152.038437,28.812916,61.818855
329.809479,154.084641,29.245110,62.746136
328.054779,155.339569,29.245110,62.746136
327.241760,153.595230,29.683786,63.687328
324.536591,150.301056,29.245110,62.746136
324.176422,150.764694,28.812916,61.818855
322.686096,150.003387,28.387110,60.905273
319.015656,153.255722,28.812916,61.818855
319.384460,155.301926,29.245110,62.746136
319.165131,153.557587,29.683786,63.687328
319.545074,150.494217,30.129044,64.642639
319.319092,150.009399,30.580978,65.612282
318.468964,150.849243,31.039694,66.596458
319.921539,152.653580,30.580978,65.612282
319.544952,150.552689,30.129044,64.642639
319.767578,151.030350,29.683786,63.687328
319.402008,151.500946,29.245110,62.746136
317.401642,153.577835,29.683786,63.687328
318.384186,155.685898,30.129044,64.642639
318.769836,153.888824,30.580978,65.612282
320.200958,151.787949,30.129044,64.642639
318.995789,153.080795,30.129044,64.642639
318.158203,153.908218,30.580978,65.612282
317.928833,153.416122,31.039694,66.596458
318.549652,154.748062,31.039694,66.596458
320.002228,151.303406,30.580978,65.612282
319.625610,151.788239,30.129044,64.642639
320.228210,151.788239,30.129044,64.642639
320.228210,154.373932,30.129044,64.642639
322.448700,155.201370,30.580978,65.612282
324.482422,155.686188,30.129044,64.642639
326.290161,154.393326,30.129044,64.642639
327.495331,153.100479,30.129044,64.642639
329.104218,153.927902,30.580978,65.612282
329.715851,153.927902,30.580978,65.612282
331.550690,153.927902,30.580978,65.612282
333.183716,150.771957,31.039694,66.596458
333.413086,149.951797,30.580978,65.612282
333.639038,151.729477,30.129044,64.642639
333.036469,154.315186,30.129044,64.642639
334.033752,152.518112,30.580978,65.612282
335.464874,151.710083,30.129044,64.642639
336.281158,152.187729,29.683786,63.687328
336.058533,153.002930,30.129044,64.642639
335.832581,152.518112,30.580978,65.612282
338.086395,152.026016,31.039694,66.596458
338.483704,150.174637,31.505287,67.595406
339.743927,150.174637,31.505287,67.595406
340.374023,151.526550,31.505287,67.595406
340.777283,152.391769,31.977867,68.609337
343.134064,153.269974,32.457535,69.638481
346.185059,152.747681,32.944401,70.683060
349.281830,150.782684,33.438564,71.743301
351.505585,152.726471,32.944401,70.683060
353.933594,153.631210,33.438564,71.743301
355.719208,153.093140,33.940144,72.819450
358.434418,153.093140,33.940144,72.819450
359.557831,151.068756,34.449245,73.911743
358.868866,151.068756,34.449245,73.911743
358.610474,152.014832,34.965984,75.020424
357.638428,152.975098,35.490475,76.145729
360.254089,152.404007,36.022831,77.287910
360.520264,151.452179,35.490475,76.145729
360.974518,150.881088,36.022831,77.287910
362.660339,152.975098,35.490475,76.145729
363.370148,154.498001,35.490475,76.145729
364.079956,156.020920,35.490475,76.145729
365.499573,154.498001,35.490475,76.145729
365.499573,154.498001,35.490475,76.145729
366.461121,156.561066,34.965984,75.020424
366.908691,157.521332,35.490475,76.145729
366.642517,158.496002,36.022831,77.287910
372.406158,158.496002,36.022831,77.287910
375.511597,157.544174,35.490475,76.145729
376.221405,159.067093,35.490475,76.145729
377.396118,158.496002,36.022831,77.287910
376.394684,159.485275,36.563171,78.447235
380.267151,161.610703,36.022831,77.287910
383.372559,160.658875,35.490475,76.145729
384.792175,160.658875,35.490475,76.145729
385.054443,162.721939,34.965984,75.020424
386.690765,164.754517,34.449245,73.911743
388.757721,167.710983,34.449245,73.911743
390.824677,167.710983,34.449245,73.911743
396.336548,167.710983,34.449245,73.911743
398.176147,167.156647,34.965984,75.020424
398.434509,169.189224,34.449245,73.911743
400.501465,170.667450,34.449245,73.911743
404.635376,167.710983,34.449245,73.911743
406.926331,166.800735,33.940144,72.819450
407.605133,166.800735,33.940144,72.819450
406.926331,166.800735,33.940144,72.819450
405.982819,167.732834,34.449245,73.911743
406.671783,167.732834,34.449245,73.911743
406.671783,166.254593,34.449245,73.911743
408.283936,165.344345,33.940144,72.819450
407.340424,164.798203,34.449245,73.911743
406.651428,166.276443,34.449245,73.911743
407.340424,166.276443,34.449245,73.911743
408.718384,166.276443,34.449245,73.911743
409.651733,165.366196,33.940144,72.819450
410.571289,165.904266,33.438564,71.743301
411.477264,167.848053,32.944401,70.683060
413.453918,169.261719,32.944401,70.683060
417.219482,170.166458,33.438564,71.743301
421.900879,170.166458,33.438564,71.743301
426.582275,168.731598,33.438564,71.743301
435.945068,170.166458,33.438564,71.743301
439.957703,170.166458,33.438564,71.743301
443.100922,169.628387,33.940144,72.819450
447.364349,168.731598,33.438564,71.743301
451.564758,167.848053,32.944401,70.683060
453.541412,167.848053,32.944401,70.683060
454.200317,166.434387,32.944401,70.683060
456.628296,165.904266,33.438564,71.743301
458.634613,163.034531,33.438564,71.743301
459.972168,160.164810,33.438564,71.743301
461.537018,159.281265,32.944401,70.683060
462.854797,160.694931,32.944401,70.683060
461.938934,160.164810,33.438564,71.743301
463.503815,160.694931,32.944401,70.683060
465.045532,159.824448,32.457535,69.638481
465.924927,160.339020,31.977867,68.609337
466.161224,163.549805,31.505287,67.595406
467.014801,166.713135,31.039694,66.596458
467.412109,167.565567,31.505287,67.595406
467.644928,169.396973,31.039694,66.596458
468.886505,169.396973,31.039694,66.596458
467.393494,168.897491,31.505287,67.595406
466.763397,170.249405,31.505287,67.595406
463.271423,172.080811,31.039694,66.596458
461.409027,172.080811,31.039694,66.596458
460.415161,171.260651,30.580978,65.612282
458.230804,171.745468,30.129044,64.642639
454.891388,173.496872,29.683786,63.687328
453.110352,172.223129,29.683786,63.687328
453.329681,172.693726,29.245110,62.746136
452.159882,172.693726,29.245110,62.746136
452.744781,170.183884,29.245110,62.746136
452.159882,170.183884,29.245110,62.746136
452.534210,169.713287,29.683786,63.687328
453.338470,171.438797,29.245110,62.746136
454.306488,168.420715,29.683786,63.687328
455.110718,165.126541,29.245110,62.746136
454.750549,164.353806,28.812916,61.818855
453.949554,163.890167,29.245110,62.746136
453.013123,163.117432,28.812916,61.818855
452.436890,163.117432,28.812916,61.818855
450.466064,161.398865,29.245110,62.746136
450.105927,160.626129,28.812916,61.818855
450.318817,161.082916,28.387110,60.905273
447.800873,161.862503,28.812916,61.818855
447.224609,163.098877,28.812916,61.818855
447.008514,162.635239,29.245110,62.746136
448.178314,160.125397,29.245110,62.746136
448.394440,158.116287,28.812916,61.818855
448.394440,156.879898,28.812916,61.818855
448.394440,156.879898,28.812916,61.818855
448.394440,159.352661,28.812916,61.818855
448.970673,159.352661,28.812916,61.818855
450.319061,157.373230,28.387110,60.905273
450.528839,157.823273,27.967594,60.005196
452.388733,158.266663,27.554281,59.118420
452.741425,159.023376,27.967594,60.005196
451.622742,159.023376,27.967594,60.005196
451.980713,157.355240,28.387110,60.905273
451.767822,153.189316,28.812916,61.818855
451.551727,151.470749,29.245110,62.746136
452.920319,151.934387,28.812916,61.818855
453.289124,151.470749,29.245110,62.746136
453.874054,151.470749,29.245110,62.746136
456.213654,152.725677,29.245110,62.746136
459.887299,151.952942,28.812916,61.818855
463.921112,150.716568,28.812916,61.818855
468.108215,151.173355,28.387110,60.905273
472.650146,151.173355,28.387110,60.905273
475.894775,149.480179,28.812916,61.818855
481.527710,146.506699,29.245110,62.746136
494.395569,143.996857,29.245110,62.746136
502.103027,140.751358,28.812916,61.818855
505.396332,139.032791,29.245110,62.746136
509.926392,136.014709,29.683786,63.687328
518.831543,136.014709,29.683786,63.687328
524.768311,134.740967,29.683786,63.687328
527.736694,133.467209,29.683786,63.687328
532.050293,131.427963,29.245110,62.746136
534.571472,130.655228,28.812916,61.818855
535.919861,131.112015,28.387110,60.905273
535.570251,129.161850,27.967594,60.005196
535.360474,128.711807,28.387110,60.905273
533.995056,124.545891,28.812916,61.818855
532.609192,121.572403,29.245110,62.746136
530.608826,121.101807,29.683786,63.687328
528.234070,122.375557,29.683786,63.687328
525.528931,125.355995,29.245110,62.746136
524.592529,127.056015,28.812916,61.818855
523.206604,125.337448,29.245110,62.746136
521.451904,125.337448,29.245110,62.746136
519.362976,127.037468,28.812916,61.818855
517.304871,126.276154,28.387110,60.905273
514.210693,127.055740,28.812916,61.818855
511.654999,124.082253,29.245110,62.746136
509.654633,119.790421,29.683786,63.687328
508.467285,118.516670,29.683786,63.687328
506.092590,117.242928,29.683786,63.687328
502.217590,117.713524,29.245110,62.746136
500.128662,118.177162,28.812916,61.818855
500.909302,118.633949,28.387110,60.905273
500.559723,116.683784,27.967594,60.005196
498.010956,113.580063,27.554281,59.118420
494.153351,111.215332,27.554281,59.118420
492.500092,108.850594,27.554281,59.118420
490.615387,107.207100,27.967594,60.005196
488.617676,105.285751,27.554281,59.118420
488.411041,101.242050,27.967594,60.005196
487.851685,98.841843,27.967594,60.005196
486.732971,96.441635,27.967594,60.005196
485.837463,96.885025,27.554281,59.118420
485.630798,97.641739,27.967594,60.005196
487.490723,98.085129,27.554281,59.118420
488.041809,96.902763,27.554281,59.118420
488.953857,95.259270,27.967594,60.005196
489.879578,93.591125,28.387110,60.905273
488.744080,93.591125,28.387110,60.905273
489.683716,93.134331,28.812916,61.818855
490.836212,91.897957,28.812916,61.818855
491.789917,92.689240,29.245110,62.746136
492.959747,90.179390,29.245110,62.746136
494.129547,87.669548,29.245110,62.746136
494.129547,86.414627,29.245110,62.746136
493.193115,86.878265,28.812916,61.818855
493.973755,87.335052,28.387110,60.905273
493.406036,89.771263,28.387110,60.905273
493.406036,89.771263,28.387110,60.905273
492.497070,90.221306,27.967594,60.005196
490.016357,90.989372,28.387110,60.905273
488.548065,91.439407,27.967594,60.005196
486.310638,92.639511,27.967594,60.005196
483.761871,93.082901,27.554281,59.118420
481.557526,91.900536,27.554281,59.118420
477.994751,90.257042,27.967594,60.005196
473.810822,89.806999,28.387110,60.905273
467.867706,90.257042,27.967594,60.005196
463.665680,93.065170,27.554281,59.118420
460.102905,93.821884,27.967594,60.005196
455.349792,97.812378,27.554281,59.118420
451.787018,98.569092,27.967594,60.005196
445.931732,99.012482,27.554281,59.118420
442.625214,99.012482,27.554281,59.118420
441.523041,99.012482,27.554281,59.118420
440.640778,100.614212,27.147076,58.244747
439.236603,102.192268,26.745886,57.383987
438.380219,101.485573,26.350628,56.535950
437.326202,100.354851,26.350628,56.535950
435.523804,99.930832,26.745886,57.383987
433.919067,99.930832,26.745886,57.383987
433.589661,100.354851,26.350628,56.535950
433.062653,101.485573,26.350628,56.535950
433.062653,102.616287,26.350628,56.535950
432.330109,103.339951,26.745886,57.383987
432.000732,102.633247,26.350628,56.535950
432.000732,102.633247,26.350628,56.535950
431.473724,103.763969,26.350628,56.535950
431.668427,104.181725,25.961208,55.700443
430.629974,103.067711,25.961208,55.700443
429.072296,100.839699,25.961208,55.700443
427.729492,100.153732,25.577545,54.877285
425.979980,99.742149,25.961208,55.700443
423.614044,101.251274,25.577545,54.877285
422.590942,101.251274,25.577545,54.877285
419.010101,100.153732,25.577545,54.877285
417.183136,99.477905,25.199553,54.066292
415.971039,99.072403,25.577545,54.877285
413.702301,100.888840,25.961208,55.700443
411.625397,100.888840,25.961208,55.700443
411.106171,99.774834,25.961208,55.700443
409.251801,99.088867,25.577545,54.877285
404.647858,97.991325,25.577545,54.877285
403.113190,97.991325,25.577545,54.877285
400.325256,99.807762,25.961208,55.700443
398.470886,100.219337,25.577545,54.877285
395.913116,99.121796,25.577545,54.877285
394.086151,98.445969,25.199553,54.066292
388.542236,99.527290,25.199553,54.066292
383.237732,99.121796,25.577545,54.877285
379.656891,99.121796,25.577545,54.877285
376.076019,98.024246,25.577545,54.877285
376.265015,97.348419,25.199553,54.066292
375.458160,97.747925,24.827145,53.267281
