1
186.00,216.00,226.00,216.00,226.00,313.00,186.00,313.00
184.00,215.00,224.00,215.00,224.00,313.00,184.00,313.00
184.00,216.00,224.00,216.00,224.00,315.00,184.00,315.00
183.00,218.00,223.00,218.00,223.00,316.00,183.00,316.00
182.00,222.00,221.00,222.00,221.00,318.00,182.00,318.00
181.00,226.00,219.00,226.00,219.00,319.00,181.00,319.00
181.00,230.00,217.00,230.00,217.00,319.00,181.00,319.00
188.00,223.00,225.00,223.00,225.00,313.00,188.00,313.00
190.00,223.00,227.00,223.00,227.00,313.00,190.00,313.00
182.00,235.00,218.00,235.00,218.00,326.00,182.00,326.00
186.00,238.00,222.00,238.00,222.00,327.00,186.00,327.00
187.00,236.00,224.00,236.00,224.00,326.00,187.00,326.00
190.00,235.00,228.00,235.00,228.00,326.00,190.00,326.00
193.00,233.00,231.00,233.00,231.00,326.00,193.00,326.00
195.00,233.00,234.00,233.00,234.00,328.00,195.00,328.00
197.00,231.00,236.00,231.00,236.00,328.00,197.00,328.00
200.00,190.00,239.00,190.00,239.00,286.00,200.00,286.00
207.00,206.00,246.00,206.00,246.00,301.00,207.00,301.00
209.00,204.00,249.00,204.00,249.00,300.00,209.00,300.00
214.00,205.00,254.00,205.00,254.00,302.00,214.00,302.00
201.00,227.00,240.00,227.00,240.00,322.00,201.00,322.00
205.00,228.00,245.00,228.00,245.00,326.00,205.00,326.00
208.00,228.00,248.00,228.00,248.00,327.00,208.00,327.00
210.00,229.00,251.00,229.00,251.00,329.00,210.00,329.00
213.00,234.00,254.00,234.00,254.00,335.00,213.00,335.00
215.00,236.00,256.00,236.00,256.00,336.00,215.00,336.00
218.00,236.00,259.00,236.00,259.00,338.00,218.00,338.00
223.00,236.00,265.00,236.00,265.00,338.00,223.00,338.00
228.00,235.00,271.00,235.00,271.00,339.00,228.00,339.00
232.00,233.00,275.00,233.00,275.00,339.00,232.00,339.00
237.00,232.00,280.00,232.00,280.00,338.00,237.00,338.00
242.00,230.00,285.00,230.00,285.00,336.00,242.00,336.00
247.00,229.00,289.00,229.00,289.00,334.00,247.00,334.00
251.00,228.00,293.00,228.00,293.00,332.00,251.00,332.00
255.00,227.00,297.00,227.00,297.00,331.00,255.00,331.00
259.00,227.00,301.00,227.00,301.00,329.00,259.00,329.00
264.00,229.00,304.00,229.00,304.00,328.00,264.00,328.00
267.00,232.00,307.00,232.00,307.00,330.00,267.00,330.00
272.00,234.00,311.00,234.00,311.00,331.00,272.00,331.00
276.00,238.00,315.00,238.00,315.00,332.00,276.00,332.00
280.00,238.00,318.00,238.00,318.00,332.00,280.00,332.00
283.00,240.00,321.00,240.00,321.00,331.00,283.00,331.00
284.00,238.00,321.00,238.00,321.00,328.00,284.00,328.00
284.00,238.00,320.00,238.00,320.00,326.00,284.00,326.00
283.00,238.00,319.00,238.00,319.00,326.00,283.00,326.00
283.00,238.00,319.00,238.00,319.00,326.00,283.00,326.00
282.00,239.00,318.00,239.00,318.00,327.00,282.00,327.00
281.00,238.00,317.00,238.00,317.00,327.00,281.00,327.00
279.00,237.00,316.00,237.00,316.00,326.00,279.00,326.00
277.00,237.00,314.00,237.00,314.00,327.00,277.00,327.00
275.00,235.00,312.00,235.00,312.00,326.00,275.00,326.00
273.00,234.00,310.00,234.00,310.00,326.00,273.00,326.00
271.00,234.00,310.00,234.00,310.00,327.00,271.00,327.00
276.00,236.00,315.00,236.00,315.00,332.00,276.00,332.00
275.00,235.00,314.00,235.00,314.00,331.00,275.00,331.00
279.00,231.00,319.00,231.00,319.00,328.00,279.00,328.00
274.00,232.00,314.00,232.00,314.00,328.00,274.00,328.00
275.00,231.00,315.00,231.00,315.00,328.00,275.00,328.00
272.00,233.00,311.00,233.00,311.00,329.00,272.00,329.00
270.00,234.00,309.00,234.00,309.00,331.00,270.00,331.00
267.00,234.00,307.00,234.00,307.00,331.00,267.00,331.00
262.00,234.00,302.00,234.00,302.00,331.00,262.00,331.00
256.00,234.00,296.00,234.00,296.00,332.00,256.00,332.00
251.00,235.00,291.00,235.00,291.00,333.00,251.00,333.00
247.00,236.00,288.00,236.00,288.00,334.00,247.00,334.00
243.00,237.00,284.00,237.00,284.00,336.00,243.00,336.00
239.00,240.00,280.00,240.00,280.00,339.00,239.00,339.00
233.00,239.00,274.00,239.00,274.00,339.00,233.00,339.00
227.00,237.00,268.00,237.00,268.00,337.00,227.00,337.00
223.00,239.00,264.00,239.00,264.00,340.00,223.00,340.00
215.00,236.00,257.00,236.00,257.00,339.00,215.00,339.00
210.00,234.00,252.00,234.00,252.00,337.00,210.00,337.00
202.00,231.00,244.00,231.00,244.00,334.00,202.00,334.00
194.00,228.00,236.00,228.00,236.00,332.00,194.00,332.00
188.00,229.00,231.00,229.00,231.00,333.00,188.00,333.00
180.00,230.00,222.00,230.00,222.00,334.00,180.00,334.00
174.00,233.00,216.00,233.00,216.00,336.00,174.00,336.00
171.00,235.00,213.00,235.00,213.00,339.00,171.00,339.00
165.00,236.00,207.00,236.00,207.00,340.00,165.00,340.00
156.00,237.00,199.00,237.00,199.00,341.00,156.00,341.00
149.00,234.00,192.00,234.00,192.00,339.00,149.00,339.00
142.00,229.00,185.00,229.00,185.00,333.00,142.00,333.00
139.00,225.00,181.00,225.00,181.00,329.00,139.00,329.00
134.00,221.00,176.00,221.00,176.00,324.00,134.00,324.00
130.00,222.00,172.00,222.00,172.00,324.00,130.00,324.00
127.00,221.00,169.00,221.00,169.00,324.00,127.00,324.00
125.00,225.00,167.00,225.00,167.00,328.00,125.00,328.00
124.00,226.00,167.00,226.00,167.00,330.00,124.00,330.00
124.00,227.00,167.00,227.00,167.00,332.00,124.00,332.00
118.00,229.00,161.00,229.00,161.00,335.00,118.00,335.00
114.00,230.00,158.00,230.00,158.00,337.00,114.00,337.00
110.00,224.00,154.00,224.00,154.00,331.00,110.00,331.00
104.00,214.00,148.00,214.00,148.00,321.00,104.00,321.00
102.00,212.00,145.00,212.00,145.00,317.00,102.00,317.00
102.00,209.00,145.00,209.00,145.00,314.00,102.00,314.00
103.00,211.00,145.00,211.00,145.00,314.00,103.00,314.00
104.00,212.00,147.00,212.00,147.00,315.00,104.00,315.00
105.00,214.00,147.00,214.00,147.00,319.00,105.00,319.00
106.00,215.00,149.00,215.00,149.00,321.00,106.00,321.00
109.00,214.00,153.00,214.00,153.00,322.00,109.00,322.00
110.00,213.00,154.00,213.00,154.00,321.00,110.00,321.00
107.00,208.00,152.00,208.00,152.00,317.00,107.00,317.00
107.00,205.00,152.00,205.00,152.00,314.00,107.00,314.00
109.00,199.00,154.00,199.00,154.00,309.00,109.00,309.00
111.00,197.00,155.00,197.00,155.00,305.00,111.00,305.00
114.00,197.00,158.00,197.00,158.00,305.00,114.00,305.00
118.00,198.00,162.00,198.00,162.00,306.00,118.00,306.00
122.00,201.00,167.00,201.00,167.00,310.00,122.00,310.00
127.00,200.00,172.00,200.00,172.00,310.00,127.00,310.00
130.00,200.00,175.00,200.00,175.00,311.00,130.00,311.00
134.00,200.00,180.00,200.00,180.00,313.00,134.00,313.00
136.00,196.00,183.00,196.00,183.00,310.00,136.00,310.00
139.00,190.00,185.00,190.00,185.00,304.00,139.00,304.00
141.00,187.00,187.00,187.00,187.00,299.00,141.00,299.00
144.00,183.00,189.00,183.00,189.00,294.00,144.00,294.00
149.00,183.00,193.00,183.00,193.00,292.00,149.00,292.00
153.00,183.00,197.00,183.00,197.00,292.00,153.00,292.00
157.00,184.00,201.00,184.00,201.00,292.00,157.00,292.00
160.00,186.00,204.00,186.00,204.00,293.00,160.00,293.00
165.00,188.00,209.00,188.00,209.00,296.00,165.00,296.00
170.00,187.00,214.00,187.00,214.00,296.00,170.00,296.00
174.00,186.00,219.00,186.00,219.00,295.00,174.00,295.00
175.00,182.00,220.00,182.00,220.00,293.00,175.00,293.00
175.00,179.00,220.00,179.00,220.00,289.00,175.00,289.00
178.00,176.00,223.00,176.00,223.00,285.00,178.00,285.00
180.00,175.00,224.00,175.00,224.00,283.00,180.00,283.00
183.00,175.00,227.00,175.00,227.00,282.00,183.00,282.00
186.00,176.00,229.00,176.00,229.00,282.00,186.00,282.00
189.00,178.00,233.00,178.00,233.00,284.00,189.00,284.00
193.00,179.00,237.00,179.00,237.00,287.00,193.00,287.00
196.00,178.00,240.00,178.00,240.00,286.00,196.00,286.00
197.00,177.00,242.00,177.00,242.00,286.00,197.00,286.00
199.00,175.00,243.00,175.00,243.00,284.00,199.00,284.00
200.00,171.00,245.00,171.00,245.00,280.00,200.00,280.00
202.00,168.00,246.00,168.00,246.00,276.00,202.00,276.00
203.00,165.00,247.00,165.00,247.00,273.00,203.00,273.00
204.00,164.00,247.00,164.00,247.00,270.00,204.00,270.00
205.00,165.00,248.00,165.00,248.00,270.00,205.00,270.00
205.00,165.00,248.00,165.00,248.00,270.00,205.00,270.00
206.00,167.00,249.00,167.00,249.00,272.00,206.00,272.00
208.00,168.00,250.00,168.00,250.00,272.00,208.00,272.00
210.00,167.00,252.00,167.00,252.00,271.00,210.00,271.00
212.00,166.00,254.00,166.00,254.00,270.00,212.00,270.00
213.00,165.00,256.00,165.00,256.00,269.00,213.00,269.00
215.00,162.00,257.00,162.00,257.00,266.00,215.00,266.00
218.00,160.00,261.00,160.00,261.00,264.00,218.00,264.00
219.00,159.00,261.00,159.00,261.00,262.00,219.00,262.00
221.00,158.00,263.00,158.00,263.00,261.00,221.00,261.00
223.00,160.00,264.00,160.00,264.00,262.00,223.00,262.00
224.00,162.00,266.00,162.00,266.00,264.00,224.00,264.00
226.00,165.00,268.00,165.00,268.00,266.00,226.00,266.00
228.00,166.00,269.00,166.00,269.00,268.00,228.00,268.00
230.00,166.00,271.00,166.00,271.00,267.00,230.00,267.00
231.00,165.00,273.00,165.00,273.00,266.00,231.00,266.00
233.00,162.00,274.00,162.00,274.00,264.00,233.00,264.00
236.00,160.00,277.00,160.00,277.00,262.00,236.00,262.00
238.00,158.00,279.00,158.00,279.00,260.00,238.00,260.00
239.00,157.00,281.00,157.00,281.00,259.00,239.00,259.00
241.00,157.00,283.00,157.00,283.00,260.00,241.00,260.00
242.00,158.00,284.00,158.00,284.00,260.00,242.00,260.00
244.00,158.00,286.00,158.00,286.00,261.00,244.00,261.00
246.00,158.00,288.00,158.00,288.00,261.00,246.00,261.00
248.00,156.00,290.00,156.00,290.00,259.00,248.00,259.00
251.00,155.00,293.00,155.00,293.00,258.00,251.00,258.00
254.00,154.00,295.00,154.00,295.00,256.00,254.00,256.00
257.00,153.00,298.00,153.00,298.00,254.00,257.00,254.00
260.00,151.00,301.00,151.00,301.00,252.00,260.00,252.00
263.00,152.00,303.00,152.00,303.00,251.00,263.00,251.00
264.00,152.00,304.00,152.00,304.00,251.00,264.00,251.00
266.00,155.00,306.00,155.00,306.00,253.00,266.00,253.00
269.00,157.00,308.00,157.00,308.00,255.00,269.00,255.00
270.00,156.00,310.00,156.00,310.00,254.00,270.00,254.00
270.00,156.00,310.00,156.00,310.00,253.00,270.00,253.00
271.00,155.00,311.00,155.00,311.00,253.00,271.00,253.00
272.00,154.00,312.00,154.00,312.00,251.00,272.00,251.00
272.00,152.00,312.00,152.00,312.00,249.00,272.00,249.00
272.00,151.00,311.00,151.00,311.00,247.00,272.00,247.00
272.00,151.00,311.00,151.00,311.00,246.00,272.00,246.00
271.00,152.00,309.00,152.00,309.00,246.00,271.00,246.00
271.00,154.00,309.00,154.00,309.00,248.00,271.00,248.00
272.00,154.00,310.00,154.00,310.00,247.00,272.00,247.00
272.00,153.00,310.00,153.00,310.00,247.00,272.00,247.00
273.00,153.00,311.00,153.00,311.00,247.00,273.00,247.00
273.00,152.00,312.00,152.00,312.00,246.00,273.00,246.00
274.00,151.00,313.00,151.00,313.00,245.00,274.00,245.00
276.00,150.00,314.00,150.00,314.00,244.00,276.00,244.00
277.00,150.00,315.00,150.00,315.00,245.00,277.00,245.00
277.00,150.00,316.00,150.00,316.00,245.00,277.00,245.00
277.00,151.00,316.00,151.00,316.00,245.00,277.00,245.00
278.00,153.00,317.00,153.00,317.00,247.00,278.00,247.00
278.00,155.00,317.00,155.00,317.00,250.00,278.00,250.00
278.00,158.00,317.00,158.00,317.00,252.00,278.00,252.00
278.00,160.00,317.00,160.00,317.00,254.00,278.00,254.00
278.00,161.00,316.00,161.00,316.00,255.00,278.00,255.00
278.00,162.00,316.00,162.00,316.00,256.00,278.00,256.00
277.00,161.00,315.00,161.00,315.00,255.00,277.00,255.00
276.00,161.00,314.00,161.00,314.00,255.00,276.00,255.00
276.00,161.00,314.00,161.00,314.00,255.00,276.00,255.00
277.00,159.00,315.00,159.00,315.00,253.00,277.00,253.00
278.00,157.00,315.00,157.00,315.00,250.00,278.00,250.00
278.00,158.00,315.00,158.00,315.00,249.00,278.00,249.00
279.00,158.00,316.00,158.00,316.00,250.00,279.00,250.00
279.00,159.00,317.00,159.00,317.00,251.00,279.00,251.00
279.00,160.00,317.00,160.00,317.00,252.00,279.00,252.00
279.00,161.00,317.00,161.00,317.00,253.00,279.00,253.00
279.00,162.00,317.00,162.00,317.00,255.00,279.00,255.00
279.00,164.00,318.00,164.00,318.00,258.00,279.00,258.00
284.00,167.00,322.00,167.00,322.00,262.00,284.00,262.00
282.00,167.00,321.00,167.00,321.00,263.00,282.00,263.00
280.00,168.00,319.00,168.00,319.00,264.00,280.00,264.00
278.00,169.00,317.00,169.00,317.00,265.00,278.00,265.00
277.00,169.00,316.00,169.00,316.00,265.00,277.00,265.00
276.00,170.00,316.00,170.00,316.00,266.00,276.00,266.00
275.00,169.00,315.00,169.00,315.00,266.00,275.00,266.00
274.00,168.00,314.00,168.00,314.00,265.00,274.00,265.00
274.00,167.00,314.00,167.00,314.00,265.00,274.00,265.00
273.00,165.00,314.00,165.00,314.00,264.00,273.00,264.00
274.00,166.00,314.00,166.00,314.00,264.00,274.00,264.00
273.00,166.00,314.00,166.00,314.00,266.00,273.00,266.00
272.00,168.00,312.00,168.00,312.00,267.00,272.00,267.00
272.00,170.00,313.00,170.00,313.00,270.00,272.00,270.00
271.00,174.00,312.00,174.00,312.00,274.00,271.00,274.00
270.00,176.00,311.00,176.00,311.00,276.00,270.00,276.00
269.00,178.00,309.00,178.00,309.00,277.00,269.00,277.00
268.00,178.00,308.00,178.00,308.00,277.00,268.00,277.00
267.00,179.00,307.00,179.00,307.00,278.00,267.00,278.00
265.00,180.00,306.00,180.00,306.00,279.00,265.00,279.00
263.00,181.00,304.00,181.00,304.00,280.00,263.00,280.00
262.00,181.00,303.00,181.00,303.00,280.00,262.00,280.00
259.00,179.00,300.00,179.00,300.00,279.00,259.00,279.00
257.00,177.00,298.00,177.00,298.00,277.00,257.00,277.00
255.00,177.00,296.00,177.00,296.00,277.00,255.00,277.00
253.00,176.00,294.00,176.00,294.00,277.00,253.00,277.00
250.00,176.00,291.00,176.00,291.00,277.00,250.00,277.00
248.00,178.00,290.00,178.00,290.00,279.00,248.00,279.00
247.00,180.00,289.00,180.00,289.00,282.00,247.00,282.00
245.00,182.00,286.00,182.00,286.00,283.00,245.00,283.00
244.00,186.00,286.00,186.00,286.00,287.00,244.00,287.00
243.00,189.00,284.00,189.00,284.00,290.00,243.00,290.00
240.00,191.00,282.00,191.00,282.00,292.00,240.00,292.00
237.00,193.00,278.00,193.00,278.00,293.00,237.00,293.00
234.00,192.00,275.00,192.00,275.00,292.00,234.00,292.00
232.00,191.00,273.00,191.00,273.00,292.00,232.00,292.00
230.00,191.00,271.00,191.00,271.00,292.00,230.00,292.00
228.00,193.00,269.00,193.00,269.00,294.00,228.00,294.00
225.00,195.00,267.00,195.00,267.00,296.00,225.00,296.00
222.00,193.00,264.00,193.00,264.00,297.00,222.00,297.00
219.00,190.00,262.00,190.00,262.00,295.00,219.00,295.00
218.00,188.00,260.00,188.00,260.00,292.00,218.00,292.00
216.00,186.00,258.00,186.00,258.00,290.00,216.00,290.00
213.00,186.00,255.00,186.00,255.00,289.00,213.00,289.00
210.00,186.00,253.00,186.00,253.00,290.00,210.00,290.00
209.00,186.00,251.00,186.00,251.00,290.00,209.00,290.00
208.00,188.00,250.00,188.00,250.00,293.00,208.00,293.00
205.00,190.00,248.00,190.00,248.00,294.00,205.00,294.00
204.00,192.00,246.00,192.00,246.00,295.00,204.00,295.00
201.00,194.00,243.00,194.00,243.00,298.00,201.00,298.00
198.00,195.00,241.00,195.00,241.00,298.00,198.00,298.00
196.00,194.00,238.00,194.00,238.00,297.00,196.00,297.00
193.00,195.00,235.00,195.00,235.00,298.00,193.00,298.00
190.00,196.00,232.00,196.00,232.00,299.00,190.00,299.00
188.00,196.00,230.00,196.00,230.00,299.00,188.00,299.00
187.00,196.00,228.00,196.00,228.00,299.00,187.00,299.00
185.00,196.00,227.00,196.00,227.00,299.00,185.00,299.00
185.00,195.00,227.00,195.00,227.00,299.00,185.00,299.00
184.00,194.00,228.00,194.00,228.00,300.00,184.00,300.00
184.00,192.00,228.00,192.00,228.00,299.00,184.00,299.00
183.00,189.00,227.00,189.00,227.00,297.00,183.00,297.00
181.00,187.00,225.00,187.00,225.00,296.00,181.00,296.00
182.00,187.00,226.00,187.00,226.00,295.00,182.00,295.00
182.00,187.00,226.00,187.00,226.00,294.00,182.00,294.00
182.00,188.00,225.00,188.00,225.00,295.00,182.00,295.00
182.00,190.00,225.00,190.00,225.00,296.00,182.00,296.00
181.00,193.00,225.00,193.00,225.00,298.00,181.00,298.00
181.00,193.00,224.00,193.00,224.00,300.00,181.00,300.00
180.00,194.00,224.00,194.00,224.00,302.00,180.00,302.00
178.00,194.00,224.00,194.00,224.00,305.00,178.00,305.00
177.00,190.00,223.00,190.00,223.00,302.00,177.00,302.00
177.00,188.00,222.00,188.00,222.00,298.00,177.00,298.00
177.00,187.00,222.00,187.00,222.00,296.00,177.00,296.00
177.00,187.00,221.00,187.00,221.00,295.00,177.00,295.00
176.00,187.00,220.00,187.00,220.00,295.00,176.00,295.00
176.00,188.00,221.00,188.00,221.00,297.00,176.00,297.00
175.00,189.00,220.00,189.00,220.00,299.00,175.00,299.00
174.00,189.00,219.00,189.00,219.00,299.00,174.00,299.00
175.00,190.00,220.00,190.00,220.00,301.00,175.00,301.00
176.00,191.00,222.00,191.00,222.00,302.00,176.00,302.00
176.00,190.00,222.00,190.00,222.00,302.00,176.00,302.00
177.00,190.00,223.00,190.00,223.00,303.00,177.00,303.00
178.00,188.00,225.00,188.00,225.00,302.00,178.00,302.00
179.00,187.00,226.00,187.00,226.00,302.00,179.00,302.00
178.00,186.00,225.00,186.00,225.00,301.00,178.00,301.00
178.00,187.00,225.00,187.00,225.00,301.00,178.00,301.00
178.00,190.00,224.00,190.00,224.00,303.00,178.00,303.00
177.00,192.00,224.00,192.00,224.00,306.00,177.00,306.00
175.00,193.00,222.00,193.00,222.00,309.00,175.00,309.00
173.00,194.00,220.00,194.00,220.00,310.00,173.00,310.00
171.00,195.00,219.00,195.00,219.00,311.00,171.00,311.00
170.00,196.00,217.00,196.00,217.00,312.00,170.00,312.00
169.00,197.00,216.00,197.00,216.00,313.00,169.00,313.00
166.00,199.00,214.00,199.00,214.00,315.00,166.00,315.00
165.00,201.00,213.00,201.00,213.00,318.00,165.00,318.00
161.00,202.00,209.00,202.00,209.00,319.00,161.00,319.00
158.00,204.00,206.00,204.00,206.00,321.00,158.00,321.00
156.00,204.00,204.00,204.00,204.00,322.00,156.00,322.00
153.00,204.00,201.00,204.00,201.00,322.00,153.00,322.00
152.00,205.00,200.00,205.00,200.00,322.00,152.00,322.00
151.00,205.00,199.00,205.00,199.00,322.00,151.00,322.00
148.00,205.00,196.00,205.00,196.00,322.00,148.00,322.00
147.00,207.00,194.00,207.00,194.00,323.00,147.00,323.00
145.00,207.00,193.00,207.00,193.00,325.00,145.00,325.00
142.00,207.00,190.00,207.00,190.00,325.00,142.00,325.00
140.00,208.00,189.00,208.00,189.00,327.00,140.00,327.00
137.00,208.00,185.00,208.00,185.00,326.00,137.00,326.00
133.00,208.00,181.00,208.00,181.00,327.00,133.00,327.00
130.00,209.00,179.00,209.00,179.00,327.00,130.00,327.00
129.00,209.00,177.00,209.00,177.00,327.00,129.00,327.00
126.00,210.00,174.00,210.00,174.00,328.00,126.00,328.00
124.00,210.00,172.00,210.00,172.00,328.00,124.00,328.00
122.00,210.00,170.00,210.00,170.00,329.00,122.00,329.00
121.00,210.00,170.00,210.00,170.00,329.00,121.00,329.00
121.00,210.00,169.00,210.00,169.00,329.00,121.00,329.00
120.00,210.00,168.00,210.00,168.00,329.00,120.00,329.00
119.00,210.00,168.00,210.00,168.00,329.00,119.00,329.00
120.00,210.00,169.00,210.00,169.00,329.00,120.00,329.00
119.00,209.00,167.00,209.00,167.00,328.00,119.00,328.00
120.00,210.00,168.00,210.00,168.00,329.00,120.00,329.00
119.00,210.00,168.00,210.00,168.00,328.00,119.00,328.00
119.00,210.00,168.00,210.00,168.00,328.00,119.00,328.00
121.00,211.00,169.00,211.00,169.00,328.00,121.00,328.00
122.00,211.00,170.00,211.00,170.00,329.00,122.00,329.00
122.00,212.00,170.00,212.00,170.00,328.00,122.00,328.00
123.00,213.00,171.00,213.00,171.00,329.00,123.00,329.00
125.00,214.00,172.00,214.00,172.00,330.00,125.00,330.00
125.00,214.00,172.00,214.00,172.00,330.00,125.00,330.00
126.00,215.00,173.00,215.00,173.00,331.00,126.00,331.00
128.00,215.00,175.00,215.00,175.00,330.00,128.00,330.00
129.00,215.00,175.00,215.00,175.00,330.00,129.00,330.00
129.00,216.00,176.00,216.00,176.00,330.00,129.00,330.00
130.00,216.00,177.00,216.00,177.00,330.00,130.00,330.00
131.00,216.00,177.00,216.00,177.00,330.00,131.00,330.00
132.00,216.00,179.00,216.00,179.00,330.00,132.00,330.00
133.00,216.00,179.00,216.00,179.00,330.00,133.00,330.00
134.00,217.00,180.00,217.00,180.00,330.00,134.00,330.00
134.00,217.00,181.00,217.00,181.00,331.00,134.00,331.00
135.00,218.00,182.00,218.00,182.00,331.00,135.00,331.00
135.00,218.00,181.00,218.00,181.00,331.00,135.00,331.00
135.00,218.00,181.00,218.00,181.00,331.00,135.00,331.00
135.00,219.00,181.00,219.00,181.00,332.00,135.00,332.00
135.00,219.00,181.00,219.00,181.00,332.00,135.00,332.00
134.00,219.00,181.00,219.00,181.00,332.00,134.00,332.00
134.00,220.00,180.00,220.00,180.00,333.00,134.00,333.00
132.00,220.00,179.00,220.00,179.00,333.00,132.00,333.00
132.00,220.00,178.00,220.00,178.00,333.00,132.00,333.00
131.00,220.00,176.00,220.00,176.00,331.00,131.00,331.00
130.00,219.00,175.00,219.00,175.00,331.00,130.00,331.00
130.00,220.00,175.00,220.00,175.00,330.00,130.00,330.00
129.00,219.00,174.00,219.00,174.00,329.00,129.00,329.00
129.00,219.00,174.00,219.00,174.00,328.00,129.00,328.00
130.00,220.00,174.00,220.00,174.00,328.00,130.00,328.00
130.00,219.00,174.00,219.00,174.00,328.00,130.00,328.00
131.00,221.00,175.00,221.00,175.00,329.00,131.00,329.00
131.00,220.00,175.00,220.00,175.00,329.00,131.00,329.00
131.00,221.00,174.00,221.00,174.00,328.00,131.00,328.00
131.00,221.00,175.00,221.00,175.00,328.00,131.00,328.00
131.00,222.00,175.00,222.00,175.00,328.00,131.00,328.00
131.00,222.00,174.00,222.00,174.00,329.00,131.00,329.00
133.00,223.00,177.00,223.00,177.00,330.00,133.00,330.00
132.00,223.00,176.00,223.00,176.00,330.00,132.00,330.00
133.00,224.00,177.00,224.00,177.00,331.00,133.00,331.00
135.00,224.00,178.00,224.00,178.00,331.00,135.00,331.00
135.00,224.00,178.00,224.00,178.00,331.00,135.00,331.00
136.00,225.00,179.00,225.00,179.00,332.00,136.00,332.00
137.00,225.00,181.00,225.00,181.00,332.00,137.00,332.00
138.00,225.00,181.00,225.00,181.00,332.00,138.00,332.00
139.00,225.00,182.00,225.00,182.00,333.00,139.00,333.00
139.00,226.00,183.00,226.00,183.00,333.00,139.00,333.00
140.00,226.00,183.00,226.00,183.00,333.00,140.00,333.00
141.00,226.00,184.00,226.00,184.00,334.00,141.00,334.00
141.00,227.00,185.00,227.00,185.00,334.00,141.00,334.00
142.00,227.00,185.00,227.00,185.00,335.00,142.00,335.00
142.00,227.00,185.00,227.00,185.00,335.00,142.00,335.00
143.00,228.00,187.00,228.00,187.00,336.00,143.00,336.00
143.00,228.00,187.00,228.00,187.00,336.00,143.00,336.00
143.00,229.00,187.00,229.00,187.00,337.00,143.00,337.00
143.00,229.00,187.00,229.00,187.00,337.00,143.00,337.00
143.00,229.00,188.00,229.00,188.00,339.00,143.00,339.00
143.00,229.00,188.00,229.00,188.00,339.00,143.00,339.00
143.00,229.00,188.00,229.00,188.00,339.00,143.00,339.00
144.00,230.00,189.00,230.00,189.00,340.00,144.00,340.00
144.00,230.00,189.00,230.00,189.00,341.00,144.00,341.00
144.00,231.00,190.00,231.00,190.00,342.00,144.00,342.00
144.00,230.00,190.00,230.00,190.00,342.00,144.00,342.00
144.00,231.00,190.00,231.00,190.00,342.00,144.00,342.00
145.00,231.00,191.00,231.00,191.00,343.00,145.00,343.00
145.00,231.00,191.00,231.00,191.00,343.00,145.00,343.00
145.00,232.00,191.00,232.00,191.00,344.00,145.00,344.00
146.00,232.00,192.00,232.00,192.00,344.00,146.00,344.00
145.00,232.00,191.00,232.00,191.00,344.00,145.00,344.00
145.00,231.00,191.00,231.00,191.00,342.00,145.00,342.00
146.00,231.00,190.00,231.00,190.00,341.00,146.00,341.00
146.00,231.00,190.00,231.00,190.00,339.00,146.00,339.00
147.00,230.00,191.00,230.00,191.00,339.00,147.00,339.00
147.00,229.00,191.00,229.00,191.00,337.00,147.00,337.00
148.00,228.00,192.00,228.00,192.00,336.00,148.00,336.00
148.00,228.00,192.00,228.00,192.00,336.00,148.00,336.00
148.00,228.00,192.00,228.00,192.00,335.00,148.00,335.00
149.00,228.00,193.00,228.00,193.00,336.00,149.00,336.00
150.00,228.00,195.00,228.00,195.00,336.00,150.00,336.00
151.00,228.00,196.00,228.00,196.00,337.00,151.00,337.00
151.00,227.00,196.00,227.00,196.00,337.00,151.00,337.00
151.00,228.00,196.00,228.00,196.00,338.00,151.00,338.00
152.00,228.00,197.00,228.00,197.00,338.00,152.00,338.00
153.00,229.00,198.00,229.00,198.00,339.00,153.00,339.00
154.00,229.00,199.00,229.00,199.00,338.00,154.00,338.00
155.00,229.00,199.00,229.00,199.00,338.00,155.00,338.00
155.00,230.00,200.00,230.00,200.00,338.00,155.00,338.00
156.00,230.00,200.00,230.00,200.00,338.00,156.00,338.00
156.00,230.00,200.00,230.00,200.00,337.00,156.00,337.00
157.00,231.00,201.00,231.00,201.00,338.00,157.00,338.00
157.00,231.00,201.00,231.00,201.00,338.00,157.00,338.00
158.00,231.00,201.00,231.00,201.00,338.00,158.00,338.00
158.00,230.00,201.00,230.00,201.00,337.00,158.00,337.00
158.00,231.00,202.00,231.00,202.00,338.00,158.00,338.00
159.00,230.00,203.00,230.00,203.00,338.00,159.00,338.00
159.00,230.00,203.00,230.00,203.00,338.00,159.00,338.00
161.00,231.00,205.00,231.00,205.00,338.00,161.00,338.00
162.00,231.00,206.00,231.00,206.00,338.00,162.00,338.00
163.00,231.00,207.00,231.00,207.00,339.00,163.00,339.00
165.00,231.00,209.00,231.00,209.00,339.00,165.00,339.00
166.00,232.00,210.00,232.00,210.00,339.00,166.00,339.00
168.00,232.00,211.00,232.00,211.00,338.00,168.00,338.00
170.00,232.00,214.00,232.00,214.00,338.00,170.00,338.00
172.00,232.00,215.00,232.00,215.00,337.00,172.00,337.00
174.00,233.00,217.00,233.00,217.00,337.00,174.00,337.00
176.00,232.00,219.00,232.00,219.00,337.00,176.00,337.00
178.00,233.00,221.00,233.00,221.00,337.00,178.00,337.00
180.00,233.00,222.00,233.00,222.00,336.00,180.00,336.00
182.00,233.00,223.00,233.00,223.00,335.00,182.00,335.00
184.00,233.00,225.00,233.00,225.00,334.00,184.00,334.00
185.00,233.00,226.00,233.00,226.00,332.00,185.00,332.00
188.00,234.00,228.00,234.00,228.00,332.00,188.00,332.00
189.00,234.00,229.00,234.00,229.00,331.00,189.00,331.00
191.00,234.00,230.00,234.00,230.00,331.00,191.00,331.00
194.00,234.00,233.00,234.00,233.00,331.00,194.00,331.00
196.00,234.00,236.00,234.00,236.00,331.00,196.00,331.00
197.00,233.00,237.00,233.00,237.00,331.00,197.00,331.00
200.00,233.00,240.00,233.00,240.00,331.00,200.00,331.00
201.00,231.00,242.00,231.00,242.00,331.00,201.00,331.00
204.00,230.00,245.00,230.00,245.00,331.00,204.00,331.00
204.00,229.00,246.00,229.00,246.00,331.00,204.00,331.00
206.00,228.00,248.00,228.00,248.00,331.00,206.00,331.00
208.00,228.00,250.00,228.00,250.00,331.00,208.00,331.00
210.00,229.00,252.00,229.00,252.00,332.00,210.00,332.00
212.00,230.00,254.00,230.00,254.00,333.00,212.00,333.00
214.00,232.00,257.00,232.00,257.00,335.00,214.00,335.00
217.00,233.00,259.00,233.00,259.00,336.00,217.00,336.00
220.00,235.00,262.00,235.00,262.00,338.00,220.00,338.00
225.00,236.00,267.00,236.00,267.00,338.00,225.00,338.00
231.00,237.00,272.00,237.00,272.00,338.00,231.00,338.00
237.00,236.00,278.00,236.00,278.00,337.00,237.00,337.00
243.00,235.00,284.00,235.00,284.00,335.00,243.00,335.00
251.00,234.00,291.00,234.00,291.00,333.00,251.00,333.00
257.00,234.00,297.00,234.00,297.00,333.00,257.00,333.00
262.00,233.00,302.00,233.00,302.00,333.00,262.00,333.00
267.00,233.00,307.00,233.00,307.00,333.00,267.00,333.00
273.00,234.00,314.00,234.00,314.00,334.00,273.00,334.00
278.00,234.00,318.00,234.00,318.00,333.00,278.00,333.00
284.00,234.00,325.00,234.00,325.00,333.00,284.00,333.00
290.00,231.00,331.00,231.00,331.00,331.00,290.00,331.00
296.00,230.00,336.00,230.00,336.00,330.00,296.00,330.00
303.00,230.00,344.00,230.00,344.00,330.00,303.00,330.00
309.00,230.00,350.00,230.00,350.00,329.00,309.00,329.00
315.00,231.00,356.00,231.00,356.00,331.00,315.00,331.00
322.00,232.00,363.00,232.00,363.00,331.00,322.00,331.00
327.00,233.00,367.00,233.00,367.00,331.00,327.00,331.00
333.00,234.00,373.00,234.00,373.00,332.00,333.00,332.00
341.00,234.00,380.00,234.00,380.00,331.00,341.00,331.00
348.00,233.00,388.00,233.00,388.00,331.00,348.00,331.00
358.00,233.00,398.00,233.00,398.00,331.00,358.00,331.00
366.00,232.00,406.00,232.00,406.00,331.00,366.00,331.00
375.00,230.00,416.00,230.00,416.00,330.00,375.00,330.00
381.00,231.00,421.00,231.00,421.00,330.00,381.00,330.00
390.00,233.00,430.00,233.00,430.00,331.00,390.00,331.00
398.00,236.00,438.00,236.00,438.00,333.00,398.00,333.00
405.00,236.00,444.00,236.00,444.00,331.00,405.00,331.00
409.00,237.00,448.00,237.00,448.00,332.00,409.00,332.00
410.00,237.00,449.00,237.00,449.00,332.00,410.00,332.00
413.00,236.00,452.00,236.00,452.00,332.00,413.00,332.00
415.00,234.00,454.00,234.00,454.00,330.00,415.00,330.00
416.00,231.00,455.00,231.00,455.00,328.00,416.00,328.00
414.00,227.00,454.00,227.00,454.00,324.00,414.00,324.00
413.00,223.00,453.00,223.00,453.00,321.00,413.00,321.00
411.00,220.00,451.00,220.00,451.00,318.00,411.00,318.00
408.00,215.00,448.00,215.00,448.00,314.00,408.00,314.00
405.00,213.00,445.00,213.00,445.00,311.00,405.00,311.00
402.00,211.00,442.00,211.00,442.00,310.00,402.00,310.00
399.00,210.00,439.00,210.00,439.00,309.00,399.00,309.00
396.00,208.00,437.00,208.00,437.00,308.00,396.00,308.00
393.00,206.00,434.00,206.00,434.00,306.00,393.00,306.00
389.00,202.00,430.00,202.00,430.00,303.00,389.00,303.00
386.00,199.00,427.00,199.00,427.00,300.00,386.00,300.00
381.00,196.00,423.00,196.00,423.00,297.00,381.00,297.00
378.00,194.00,420.00,194.00,420.00,295.00,378.00,295.00
375.00,192.00,416.00,192.00,416.00,293.00,375.00,293.00
371.00,191.00,412.00,191.00,412.00,292.00,371.00,292.00
367.00,190.00,408.00,190.00,408.00,291.00,367.00,291.00
363.00,190.00,404.00,190.00,404.00,291.00,363.00,291.00
360.00,190.00,401.00,190.00,401.00,291.00,360.00,291.00
358.00,191.00,399.00,191.00,399.00,292.00,358.00,292.00
356.00,191.00,397.00,191.00,397.00,291.00,356.00,291.00
355.00,191.00,395.00,191.00,395.00,291.00,355.00,291.00
353.00,191.00,394.00,191.00,394.00,290.00,353.00,290.00
352.00,191.00,393.00,191.00,393.00,290.00,352.00,290.00
352.00,190.00,393.00,190.00,393.00,289.00,352.00,289.00
351.00,189.00,391.00,189.00,391.00,288.00,351.00,288.00
350.00,187.00,391.00,187.00,391.00,287.00,350.00,287.00
349.00,185.00,390.00,185.00,390.00,286.00,349.00,286.00
348.00,184.00,389.00,184.00,389.00,285.00,348.00,285.00
347.00,183.00,388.00,183.00,388.00,283.00,347.00,283.00
345.00,182.00,386.00,182.00,386.00,282.00,345.00,282.00
344.00,181.00,385.00,181.00,385.00,280.00,344.00,280.00
343.00,181.00,384.00,181.00,384.00,281.00,343.00,281.00
342.00,180.00,383.00,180.00,383.00,280.00,342.00,280.00
342.00,181.00,383.00,181.00,383.00,281.00,342.00,281.00
341.00,181.00,382.00,181.00,382.00,282.00,341.00,282.00
341.00,182.00,382.00,182.00,382.00,283.00,341.00,283.00
341.00,183.00,382.00,183.00,382.00,284.00,341.00,284.00
341.00,183.00,382.00,183.00,382.00,284.00,341.00,284.00
340.00,183.00,380.00,183.00,380.00,283.00,340.00,283.00
339.00,183.00,379.00,183.00,379.00,282.00,339.00,282.00
338.00,182.00,378.00,182.00,378.00,280.00,338.00,280.00
337.00,182.00,377.00,182.00,377.00,279.00,337.00,279.00
335.00,180.00,375.00,180.00,375.00,278.00,335.00,278.00
334.00,180.00,374.00,180.00,374.00,277.00,334.00,277.00
333.00,179.00,373.00,179.00,373.00,277.00,333.00,277.00
332.00,179.00,372.00,179.00,372.00,277.00,332.00,277.00
331.00,180.00,371.00,180.00,371.00,277.00,331.00,277.00
330.00,180.00,370.00,180.00,370.00,278.00,330.00,278.00
329.00,180.00,369.00,180.00,369.00,279.00,329.00,279.00
327.00,181.00,367.00,181.00,367.00,279.00,327.00,279.00
326.00,181.00,367.00,181.00,367.00,280.00,326.00,280.00
326.00,183.00,366.00,183.00,366.00,282.00,326.00,282.00
326.00,183.00,366.00,183.00,366.00,282.00,326.00,282.00
326.00,182.00,367.00,182.00,367.00,282.00,326.00,282.00
326.00,182.00,366.00,182.00,366.00,281.00,326.00,281.00
326.00,181.00,366.00,181.00,366.00,280.00,326.00,280.00
327.00,192.00,367.00,192.00,367.00,292.00,327.00,292.00
327.00,188.00,367.00,188.00,367.00,286.00,327.00,286.00
325.00,188.00,364.00,188.00,364.00,285.00,325.00,285.00
322.00,189.00,361.00,189.00,361.00,285.00,322.00,285.00
319.00,188.00,358.00,188.00,358.00,284.00,319.00,284.00
317.00,186.00,357.00,186.00,357.00,282.00,317.00,282.00
315.00,184.00,355.00,184.00,355.00,280.00,315.00,280.00
314.00,182.00,354.00,182.00,354.00,278.00,314.00,278.00
313.00,180.00,352.00,180.00,352.00,277.00,313.00,277.00
312.00,179.00,351.00,179.00,351.00,276.00,312.00,276.00
311.00,180.00,350.00,180.00,350.00,276.00,311.00,276.00
310.00,181.00,349.00,181.00,349.00,276.00,310.00,276.00
310.00,183.00,348.00,183.00,348.00,278.00,310.00,278.00
309.00,184.00,348.00,184.00,348.00,279.00,309.00,279.00
310.00,185.00,348.00,185.00,348.00,280.00,310.00,280.00
307.00,186.00,345.00,186.00,345.00,281.00,307.00,281.00
303.00,187.00,341.00,187.00,341.00,281.00,303.00,281.00
300.00,188.00,339.00,188.00,339.00,282.00,300.00,282.00
299.00,188.00,337.00,188.00,337.00,282.00,299.00,282.00
296.00,187.00,334.00,187.00,334.00,280.00,296.00,280.00
294.00,187.00,332.00,187.00,332.00,280.00,294.00,280.00
292.00,186.00,331.00,186.00,331.00,280.00,292.00,280.00
292.00,187.00,330.00,187.00,330.00,280.00,292.00,280.00
291.00,187.00,329.00,187.00,329.00,281.00,291.00,281.00
290.00,185.00,328.00,185.00,328.00,280.00,290.00,280.00
288.00,184.00,327.00,184.00,327.00,279.00,288.00,279.00
288.00,182.00,326.00,182.00,326.00,277.00,288.00,277.00
288.00,181.00,327.00,181.00,327.00,276.00,288.00,276.00
288.00,179.00,327.00,179.00,327.00,275.00,288.00,275.00
289.00,178.00,328.00,178.00,328.00,275.00,289.00,275.00
288.00,178.00,327.00,178.00,327.00,274.00,288.00,274.00
288.00,179.00,327.00,179.00,327.00,276.00,288.00,276.00
287.00,180.00,327.00,180.00,327.00,277.00,287.00,277.00
288.00,181.00,327.00,181.00,327.00,277.00,288.00,277.00
288.00,182.00,327.00,182.00,327.00,277.00,288.00,277.00
289.00,182.00,328.00,182.00,328.00,278.00,289.00,278.00
288.00,182.00,327.00,182.00,327.00,278.00,288.00,278.00
286.00,181.00,325.00,181.00,325.00,277.00,286.00,277.00
285.00,180.00,324.00,180.00,324.00,277.00,285.00,277.00
284.00,180.00,323.00,180.00,323.00,277.00,284.00,277.00
282.00,178.00,322.00,178.00,322.00,276.00,282.00,276.00
281.00,177.00,321.00,177.00,321.00,275.00,281.00,275.00
281.00,174.00,321.00,174.00,321.00,273.00,281.00,273.00
282.00,172.00,322.00,172.00,322.00,271.00,282.00,271.00
283.00,170.00,323.00,170.00,323.00,268.00,283.00,268.00
284.00,169.00,324.00,169.00,324.00,266.00,284.00,266.00
285.00,168.00,324.00,168.00,324.00,265.00,285.00,265.00
286.00,169.00,325.00,169.00,325.00,265.00,286.00,265.00
287.00,170.00,326.00,170.00,326.00,265.00,287.00,265.00
287.00,171.00,326.00,171.00,326.00,265.00,287.00,265.00
288.00,172.00,326.00,172.00,326.00,265.00,288.00,265.00
289.00,173.00,327.00,173.00,327.00,266.00,289.00,266.00
291.00,174.00,329.00,174.00,329.00,269.00,291.00,269.00
292.00,173.00,332.00,173.00,332.00,270.00,292.00,270.00
294.00,170.00,334.00,170.00,334.00,269.00,294.00,269.00
296.00,168.00,336.00,168.00,336.00,265.00,296.00,265.00
298.00,167.00,338.00,167.00,338.00,263.00,298.00,263.00
301.00,166.00,339.00,166.00,339.00,261.00,301.00,261.00
303.00,167.00,341.00,167.00,341.00,261.00,303.00,261.00
305.00,167.00,343.00,167.00,343.00,261.00,305.00,261.00
307.00,168.00,345.00,168.00,345.00,262.00,307.00,262.00
311.00,169.00,349.00,169.00,349.00,262.00,311.00,262.00
313.00,169.00,351.00,169.00,351.00,262.00,313.00,262.00
316.00,169.00,354.00,169.00,354.00,262.00,316.00,262.00
318.00,168.00,356.00,168.00,356.00,260.00,318.00,260.00
321.00,167.00,358.00,167.00,358.00,258.00,321.00,258.00
322.00,166.00,359.00,166.00,359.00,257.00,322.00,257.00
324.00,165.00,360.00,165.00,360.00,256.00,324.00,256.00
324.00,166.00,361.00,166.00,361.00,256.00,324.00,256.00
325.00,165.00,361.00,165.00,361.00,254.00,325.00,254.00
326.00,165.00,362.00,165.00,362.00,254.00,326.00,254.00
328.00,164.00,364.00,164.00,364.00,253.00,328.00,253.00
335.00,166.00,371.00,166.00,371.00,256.00,335.00,256.00
326.00,155.00,361.00,155.00,361.00,243.00,326.00,243.00
323.00,155.00,359.00,155.00,359.00,242.00,323.00,242.00
328.00,157.00,364.00,157.00,364.00,246.00,328.00,246.00
327.00,154.00,364.00,154.00,364.00,245.00,327.00,245.00
326.00,150.00,363.00,150.00,363.00,240.00,326.00,240.00
326.00,148.00,363.00,148.00,363.00,240.00,326.00,240.00
327.00,147.00,365.00,147.00,365.00,240.00,327.00,240.00
328.00,146.00,366.00,146.00,366.00,240.00,328.00,240.00
328.00,147.00,366.00,147.00,366.00,241.00,328.00,241.00
328.00,150.00,366.00,150.00,366.00,243.00,328.00,243.00
327.00,153.00,365.00,153.00,365.00,246.00,327.00,246.00
328.00,156.00,366.00,156.00,366.00,249.00,328.00,249.00
326.00,159.00,364.00,159.00,364.00,252.00,326.00,252.00
327.00,164.00,365.00,164.00,365.00,257.00,327.00,257.00
326.00,167.00,364.00,167.00,364.00,261.00,326.00,261.00
327.00,169.00,365.00,169.00,365.00,263.00,327.00,263.00
325.00,171.00,364.00,171.00,364.00,265.00,325.00,265.00
326.00,173.00,364.00,173.00,364.00,267.00,326.00,267.00
326.00,173.00,364.00,173.00,364.00,267.00,326.00,267.00
328.00,170.00,367.00,170.00,367.00,265.00,328.00,265.00
329.00,170.00,368.00,170.00,368.00,265.00,329.00,265.00
329.00,170.00,368.00,170.00,368.00,264.00,329.00,264.00
331.00,170.00,369.00,170.00,369.00,264.00,331.00,264.00
331.00,170.00,369.00,170.00,369.00,263.00,331.00,263.00
331.00,171.00,369.00,171.00,369.00,263.00,331.00,263.00
332.00,172.00,369.00,172.00,369.00,264.00,332.00,264.00
332.00,175.00,370.00,175.00,370.00,266.00,332.00,266.00
334.00,178.00,371.00,178.00,371.00,268.00,334.00,268.00
320.00,174.00,356.00,174.00,356.00,264.00,320.00,264.00
335.00,180.00,371.00,180.00,371.00,268.00,335.00,268.00
337.00,182.00,372.00,182.00,372.00,270.00,337.00,270.00
337.00,184.00,373.00,184.00,373.00,271.00,337.00,271.00
338.00,188.00,374.00,188.00,374.00,275.00,338.00,275.00
336.00,192.00,372.00,192.00,372.00,279.00,336.00,279.00
336.00,194.00,372.00,194.00,372.00,282.00,336.00,282.00
299.00,149.00,335.00,149.00,335.00,238.00,299.00,238.00
306.00,154.00,343.00,154.00,343.00,244.00,306.00,244.00
316.00,162.00,353.00,162.00,353.00,253.00,316.00,253.00
324.00,170.00,361.00,170.00,361.00,262.00,324.00,262.00
333.00,178.00,370.00,178.00,370.00,270.00,333.00,270.00
337.00,213.00,375.00,213.00,375.00,305.00,337.00,305.00
338.00,215.00,376.00,215.00,376.00,308.00,338.00,308.00
339.00,216.00,377.00,216.00,377.00,309.00,339.00,309.00
340.00,218.00,379.00,218.00,379.00,311.00,340.00,311.00
340.00,220.00,378.00,220.00,378.00,315.00,340.00,315.00
340.00,220.00,379.00,220.00,379.00,315.00,340.00,315.00
339.00,221.00,378.00,221.00,378.00,316.00,339.00,316.00
338.00,222.00,377.00,222.00,377.00,317.00,338.00,317.00
339.00,223.00,377.00,223.00,377.00,318.00,339.00,318.00
339.00,225.00,377.00,225.00,377.00,319.00,339.00,319.00
340.00,226.00,378.00,226.00,378.00,320.00,340.00,320.00
340.00,227.00,379.00,227.00,379.00,321.00,340.00,321.00
340.00,226.00,378.00,226.00,378.00,321.00,340.00,321.00
341.00,226.00,380.00,226.00,380.00,321.00,341.00,321.00
341.00,225.00,380.00,225.00,380.00,320.00,341.00,320.00
343.00,223.00,382.00,223.00,382.00,320.00,343.00,320.00
346.00,222.00,385.00,222.00,385.00,318.00,346.00,318.00
345.00,220.00,384.00,220.00,384.00,316.00,345.00,316.00
345.00,219.00,384.00,219.00,384.00,315.00,345.00,315.00
346.00,219.00,385.00,219.00,385.00,315.00,346.00,315.00
346.00,219.00,385.00,219.00,385.00,315.00,346.00,315.00
346.00,218.00,386.00,218.00,386.00,315.00,346.00,315.00
346.00,218.00,386.00,218.00,386.00,314.00,346.00,314.00
347.00,218.00,386.00,218.00,386.00,314.00,347.00,314.00
347.00,218.00,386.00,218.00,386.00,314.00,347.00,314.00
346.00,217.00,385.00,217.00,385.00,313.00,346.00,313.00
345.00,216.00,384.00,216.00,384.00,313.00,345.00,313.00
344.00,215.00,384.00,215.00,384.00,313.00,344.00,313.00
344.00,214.00,384.00,214.00,384.00,312.00,344.00,312.00
344.00,212.00,384.00,212.00,384.00,311.00,344.00,311.00
343.00,210.00,384.00,210.00,384.00,310.00,343.00,310.00
343.00,210.00,383.00,210.00,383.00,309.00,343.00,309.00
341.00,208.00,382.00,208.00,382.00,308.00,341.00,308.00
340.00,208.00,381.00,208.00,381.00,308.00,340.00,308.00
340.00,208.00,381.00,208.00,381.00,308.00,340.00,308.00
339.00,208.00,380.00,208.00,380.00,308.00,339.00,308.00
339.00,209.00,380.00,209.00,380.00,309.00,339.00,309.00
338.00,209.00,379.00,209.00,379.00,310.00,338.00,310.00
340.00,208.00,380.00,208.00,380.00,308.00,340.00,308.00
339.00,210.00,380.00,210.00,380.00,309.00,339.00,309.00
338.00,209.00,378.00,209.00,378.00,309.00,338.00,309.00
337.00,209.00,378.00,209.00,378.00,309.00,337.00,309.00
337.00,209.00,377.00,209.00,377.00,308.00,337.00,308.00
337.00,208.00,377.00,208.00,377.00,307.00,337.00,307.00
337.00,208.00,377.00,208.00,377.00,306.00,337.00,306.00
337.00,208.00,377.00,208.00,377.00,306.00,337.00,306.00
337.00,207.00,377.00,207.00,377.00,305.00,337.00,305.00
337.00,207.00,377.00,207.00,377.00,305.00,337.00,305.00
338.00,208.00,378.00,208.00,378.00,306.00,338.00,306.00
339.00,210.00,379.00,210.00,379.00,307.00,339.00,307.00
338.00,212.00,378.00,212.00,378.00,309.00,338.00,309.00
337.00,213.00,377.00,213.00,377.00,312.00,337.00,312.00
337.00,213.00,377.00,213.00,377.00,311.00,337.00,311.00
335.00,213.00,374.00,213.00,374.00,309.00,335.00,309.00
333.00,212.00,373.00,212.00,373.00,308.00,333.00,308.00
333.00,211.00,372.00,211.00,372.00,307.00,333.00,307.00
331.00,210.00,370.00,210.00,370.00,304.00,331.00,304.00
327.00,209.00,366.00,209.00,366.00,303.00,327.00,303.00
326.00,208.00,364.00,208.00,364.00,302.00,326.00,302.00
324.00,206.00,363.00,206.00,363.00,301.00,324.00,301.00
321.00,203.00,360.00,203.00,360.00,298.00,321.00,298.00
318.00,200.00,357.00,200.00,357.00,295.00,318.00,295.00
318.00,198.00,357.00,198.00,357.00,293.00,318.00,293.00
317.00,196.00,355.00,196.00,355.00,290.00,317.00,290.00
