1
335.585663,118.487793,19.153727,26.259411
329.220886,117.757782,19.441032,26.653301
323.549927,118.098946,19.732647,27.053101
318.595062,117.346870,20.028637,27.458897
313.972473,117.140930,20.329067,27.870781
310.313232,116.026100,20.329067,27.870781
308.280334,116.026100,20.329067,27.870781
304.214508,114.911263,20.329067,27.870781
300.555267,114.911263,20.329067,27.870781
296.082886,114.353851,20.329067,27.870781
291.803619,115.276375,20.634003,28.288841
287.676819,114.144821,20.634003,28.288841
283.962677,114.710594,20.634003,28.288841
280.248566,114.144821,20.634003,28.288841
277.161713,114.506912,20.943514,28.713175
273.603424,113.708687,21.257666,29.143873
277.854950,111.377182,21.257666,29.143873
275.917694,111.018265,20.943514,28.713175
272.566711,112.741058,20.943514,28.713175
269.008423,113.108582,21.257666,29.143873
265.607178,113.691460,21.257666,29.143873
262.427032,112.881264,21.576530,29.581032
258.543274,112.289642,21.576530,29.581032
253.796432,112.289642,21.576530,29.581032
248.618057,112.881264,21.576530,29.581032
244.302750,111.698021,21.576530,29.581032
238.692856,111.698021,21.576530,29.581032
233.712997,111.476166,21.900179,30.024746
228.456955,112.076660,21.900179,30.024746
224.303467,112.298515,21.576530,29.581032
219.556641,112.890137,21.576530,29.581032
214.809799,111.706894,21.576530,29.581032
210.292542,111.925476,21.257666,29.143873
205.615860,111.342598,21.257666,29.143873
201.572647,112.307259,21.576530,29.581032
198.120407,112.307259,21.576530,29.581032
194.236633,113.490501,21.576530,29.581032
189.489792,112.898880,21.576530,29.581032
183.633926,113.878014,21.900179,30.024746
178.377884,114.478508,21.900179,30.024746
173.767883,114.862823,22.228682,30.475117
170.893723,114.015617,22.562111,30.932243
167.059280,114.853683,22.228682,30.475117
161.928894,115.862404,22.562111,30.932243
158.539017,117.309975,22.228682,30.475117
154.311127,115.844124,22.562111,30.932243
150.019806,117.495903,22.900543,31.396229
148.918289,118.535118,23.244051,31.867170
146.384689,118.943016,23.592712,32.345181
144.770950,119.357040,23.946602,32.830357
144.105240,120.443726,24.305801,33.322811
142.160767,117.777901,24.305801,33.322811
141.978485,122.263145,24.670387,33.822655
140.791840,123.382675,25.040443,34.329994
139.079071,123.822098,25.416052,34.844944
137.856552,122.853409,25.797293,35.367619
137.856552,123.560760,25.797293,35.367619
138.186768,124.013474,26.184252,35.898132
137.139389,124.013474,26.184252,35.898132
136.615707,124.731430,26.184252,35.898132
137.841080,125.704041,25.797293,35.367619
2
0
0
0
0
1
180.675949,137.364258,14.264483,21.469007
184.333359,138.510696,14.478450,21.791042
189.256027,139.382339,14.478450,21.791042
193.642365,141.260880,14.264483,21.469007
197.299774,140.664047,14.478450,21.791042
202.801590,142.407333,14.478450,21.791042
207.145126,141.971512,14.478450,21.791042
211.816742,143.420670,14.264483,21.469007
216.632431,143.259644,14.478450,21.791042
221.555099,144.567108,14.478450,21.791042
226.767334,144.567108,14.478450,21.791042
231.979584,145.874573,14.478450,21.791042
237.749252,145.268784,14.695627,22.117908
243.359650,146.303848,14.478450,21.791042
248.861450,145.868027,14.478450,21.791042
253.749374,147.031677,14.695627,22.117908
259.039795,147.031677,14.695627,22.117908
265.492645,147.314789,14.916061,22.449677
271.459076,147.314789,14.916061,22.449677
276.232208,148.212769,14.916061,22.449677
280.408722,147.763779,14.916061,22.449677
284.883545,147.763779,14.916061,22.449677
288.165070,147.314789,14.916061,22.449677
291.744934,148.661758,14.916061,22.449677
294.661011,148.037659,15.139802,22.786423
295.667847,147.308044,14.916061,22.449677
297.756104,146.410065,14.916061,22.449677
298.855408,146.697418,15.139802,22.786423
299.663879,145.601395,15.366899,23.128220
299.971222,146.063950,15.366899,23.128220
300.791809,144.951492,15.597402,23.475142
301.103760,145.420990,15.597402,23.475142
301.620026,143.815292,15.831363,23.827269
302.144043,143.636581,16.068834,24.184677
302.144043,142.669205,16.068834,24.184677
302.579407,142.371353,15.831363,23.827269
302.139282,141.225266,16.068834,24.184677
301.817932,141.708954,16.068834,24.184677
301.496552,140.257874,16.068834,24.184677
302.460663,141.225266,16.068834,24.184677
302.782043,140.257874,16.068834,24.184677
302.782043,141.225266,16.068834,24.184677
303.424805,140.741577,16.068834,24.184677
304.176788,141.396820,15.831363,23.827269
305.343567,140.734421,16.068834,24.184677
306.527832,141.043991,16.309866,24.547447
306.736603,140.361572,16.554514,24.915661
306.948486,140.680496,16.802832,25.289394
307.504669,139.977448,17.054874,25.668736
307.722992,140.306000,17.310698,26.053766
307.030548,138.742783,17.310698,26.053766
307.376770,139.263855,17.310698,26.053766
307.845764,138.429626,17.054874,25.668736
308.064087,137.716034,17.310698,26.053766
308.756500,137.194962,17.310698,26.053766
309.225525,137.387466,17.054874,25.668736
309.907715,136.360718,17.054874,25.668736
309.907715,136.874100,17.054874,25.668736
310.818451,136.681580,17.310698,26.053766
311.164642,136.160507,17.310698,26.053766
311.633667,136.353027,17.054874,25.668736
311.974762,135.839645,17.054874,25.668736
311.846832,136.168213,17.310698,26.053766
312.068420,134.915024,17.570358,26.444572
312.771240,134.915024,17.570358,26.444572
313.122650,134.386124,17.570358,26.444572
312.990875,134.724625,17.833914,26.841242
314.176880,133.865173,17.570358,26.444572
314.528259,134.394058,17.570358,26.444572
313.965668,133.547318,17.310698,26.053766
315.457977,134.766586,17.054874,25.668736
315.247955,133.944672,16.802832,25.289394
315.583984,134.450455,16.802832,25.289394
315.920044,133.944672,16.802832,25.289394
316.044220,134.629852,16.554514,24.915661
316.256104,133.937195,16.802832,25.289394
316.711365,134.622375,16.554514,24.915661
316.587189,133.423935,16.802832,25.289394
316.251160,133.423935,16.802832,25.289394
316.251160,132.412354,16.802832,25.289394
316.587189,132.412354,16.802832,25.289394
316.923248,131.400787,16.802832,25.289394
317.259308,131.906570,16.802832,25.289394
317.383484,131.096817,16.554514,24.915661
317.383484,131.096817,16.554514,24.915661
317.714569,130.598495,16.554514,24.915661
317.184479,131.273560,16.309866,24.547447
316.731079,130.591141,16.554514,24.915661
316.942963,130.910049,16.802832,25.289394
316.736053,130.100296,16.554514,24.915661
317.067139,130.100296,16.554514,24.915661
316.404968,129.601990,16.554514,24.915661
315.608673,129.415115,16.802832,25.289394
315.272614,128.909332,16.802832,25.289394
315.065704,129.096191,16.554514,24.915661
314.072418,128.099564,16.554514,24.915661
314.072418,128.597885,16.554514,24.915661
314.284332,127.399437,16.802832,25.289394
313.612213,127.399437,16.802832,25.289394
313.948273,126.893654,16.802832,25.289394
314.072418,127.578835,16.554514,24.915661
314.284332,127.391968,16.802832,25.289394
313.612213,127.897751,16.802832,25.289394
313.827271,127.194710,17.054874,25.668736
314.289368,127.890167,16.802832,25.289394
314.413513,127.578720,16.554514,24.915661
313.617249,127.897644,16.802832,25.289394
314.072510,127.087883,16.554514,24.915661
313.741394,127.586197,16.554514,24.915661
313.537537,126.788406,16.309866,24.547447
313.863739,126.788406,16.309866,24.547447
312.885132,126.297455,16.309866,24.547447
312.684265,126.478844,16.068834,24.184677
312.362915,125.511452,16.068834,24.184677
312.684265,125.995148,16.068834,24.184677
312.563751,124.831863,16.309866,24.547447
311.720154,125.013245,16.068834,24.184677
311.398773,124.045860,16.068834,24.184677
311.834137,123.748016,15.831363,23.827269
311.394012,124.053009,16.068834,24.184677
311.829376,123.278625,15.831363,23.827269
311.710663,123.099915,16.068834,24.184677
312.462646,123.278625,15.831363,23.827269
312.462646,123.278625,15.831363,23.827269
312.462646,122.325531,15.831363,23.827269
312.462646,122.802078,15.831363,23.827269
313.203522,122.039139,15.597402,23.475142
312.891571,122.508636,15.597402,23.475142
313.091217,121.856026,15.831363,23.827269
313.208191,122.501595,15.597402,23.475142
313.407837,121.372444,15.831363,23.827269
312.967743,121.193733,16.068834,24.184677
312.967743,120.710045,16.068834,24.184677
312.521027,121.019608,16.309866,24.547447
312.398682,120.337189,16.554514,24.915661
311.938477,121.161896,16.802832,25.289394
312.610596,120.656113,16.802832,25.289394
312.143463,120.979813,17.054874,25.668736
311.933441,120.663696,16.802832,25.289394
312.057587,120.850563,16.554514,24.915661
312.057587,119.355621,16.554514,24.915661
312.506104,119.539726,16.309866,24.547447
313.158508,118.557831,16.309866,24.547447
312.832306,119.539726,16.309866,24.547447
312.832306,118.557831,16.309866,24.547447
313.158508,119.048782,16.309866,24.547447
313.036194,117.868050,16.554514,24.915661
311.903870,117.681183,16.802832,25.289394
310.754547,116.978134,17.054874,25.668736
309.241791,117.306694,17.310698,26.053766
309.111938,116.582397,17.570358,26.444572
307.910126,116.920891,17.833914,26.841242
307.776367,116.174706,18.101421,27.243860
306.905701,116.523422,18.372944,27.652517
306.679443,116.182877,18.101421,27.243860
305.441284,115.978546,18.372944,27.652517
304.338928,115.978546,18.372944,27.652517
303.236542,115.978546,18.372944,27.652517
303.236542,115.425499,18.372944,27.652517
301.233887,115.779449,18.648539,28.067307
299.534393,115.433792,18.372944,27.652517
298.277679,115.787743,18.648539,28.067307
296.210724,115.442093,18.372944,27.652517
295.475800,115.442093,18.372944,27.652517
293.473175,115.234695,18.648539,28.067307
292.354248,116.357391,18.648539,28.067307
290.862366,115.796043,18.648539,28.067307
289.897797,116.556488,18.372944,27.652517
288.268097,116.349091,18.648539,28.067307
287.522156,116.910439,18.648539,28.067307
286.246613,116.699936,18.928267,28.488316
285.110901,116.699936,18.928267,28.488316
283.975220,116.699936,18.928267,28.488316
282.680511,116.486275,19.212191,28.915640
281.366394,116.269402,19.500374,29.349375
280.824310,116.049286,19.792877,29.789616
280.970551,116.269402,19.500374,29.349375
280.580536,116.269402,19.500374,29.349375
279.800537,115.682419,19.500374,29.349375
279.800537,115.682419,19.500374,29.349375
279.020508,115.095428,19.500374,29.349375
278.630493,116.269402,19.500374,29.349375
277.070465,115.682419,19.500374,29.349375
276.290466,115.682419,19.500374,29.349375
274.560791,115.462296,19.792877,29.789616
272.403351,115.238876,20.089771,30.236460
270.796173,114.634148,20.089771,30.236460
269.757050,115.453362,19.792877,29.789616
269.123291,115.086494,19.500374,29.349375
267.953247,116.260468,19.500374,29.349375
267.173248,115.673477,19.500374,29.349375
265.839417,116.049149,19.792877,29.789616
265.205658,116.269272,19.500374,29.349375
264.267700,116.049149,19.792877,29.789616
263.475983,115.453362,19.792877,29.789616
262.452209,116.260468,19.500374,29.349375
261.514252,114.848763,19.792877,29.789616
260.490479,115.655869,19.500374,29.349375
259.156647,114.839958,19.792877,29.789616
257.969055,115.435753,19.792877,29.789616
257.725311,114.481895,19.500374,29.349375
257.100922,115.277077,19.212191,28.915640
256.176819,115.060211,19.500374,29.349375
254.842987,115.435883,19.792877,29.789616
254.599228,114.482025,19.500374,29.349375
253.590591,115.855515,19.212191,28.915640
253.206345,115.277206,19.212191,28.915640
253.452271,115.647324,19.500374,29.349375
252.827866,115.285881,19.212191,28.915640
252.827866,115.285881,19.212191,28.915640
252.443619,114.707565,19.212191,28.915640
252.207016,114.921227,18.928267,28.488316
251.973907,115.131737,18.648539,28.067307
251.744247,115.339127,18.372944,27.652517
251.155960,114.998581,18.101421,27.243860
251.020203,115.347298,18.372944,27.652517
250.652740,114.241203,18.372944,27.652517
250.064438,115.535286,18.101421,27.243860
249.340378,114.990410,18.101421,27.243860
248.837158,115.339127,18.372944,27.652517
247.367325,114.786079,18.372944,27.652517
246.483597,115.140030,18.648539,28.067307
245.364685,115.701378,18.648539,28.067307
244.991714,116.262718,18.648539,28.067307
244.762039,116.470116,18.372944,27.652517
243.292206,117.023170,18.372944,27.652517
242.408478,116.254425,18.648539,28.067307
242.408478,117.377121,18.648539,28.067307
241.289566,116.815773,18.648539,28.067307
240.543625,116.815773,18.648539,28.067307
239.646622,116.605270,18.928267,28.488316
238.510925,116.605270,18.928267,28.488316
237.375229,116.035500,18.928267,28.488316
236.239532,116.035500,18.928267,28.488316
235.633453,115.684662,18.648539,28.067307
233.979340,116.043922,18.928267,28.488316
233.000290,115.131737,18.648539,28.067307
232.403168,114.786079,18.372944,27.652517
230.773483,114.017342,18.648539,28.067307
230.176361,115.883881,18.372944,27.652517
228.706528,114.777779,18.372944,27.652517
227.032150,114.437233,18.101421,27.243860
225.584030,113.892357,18.101421,27.243860
224.291077,114.630493,17.833914,26.841242
222.314407,114.299934,17.570358,26.444572
219.854553,115.357719,17.570358,26.444572
217.226028,114.622559,17.833914,26.841242
215.249374,115.878677,17.570358,26.444572
212.438110,115.878677,17.570358,26.444572
209.275452,117.465347,17.570358,26.444572
205.761368,117.465347,17.570358,26.444572
202.419495,118.877487,17.833914,26.841242
199.037201,119.604713,17.570358,26.444572
194.820313,120.133606,17.570358,26.444572
190.408401,119.398445,17.833914,26.841242
187.377502,120.125671,17.570358,26.444572
183.512024,120.125671,17.570358,26.444572
179.997955,120.654564,17.570358,26.444572
176.656082,119.919403,17.833914,26.841242
173.089294,119.919403,17.833914,26.841242
170.421341,119.718094,18.101421,27.243860
167.345901,120.066818,18.372944,27.652517
165.716232,119.298080,18.648539,28.067307
163.683533,119.657341,18.928267,28.488316
161.790710,120.227104,18.928267,28.488316
159.343292,120.591759,19.212191,28.915640
157.970993,120.235649,18.928267,28.488316
156.292053,120.600304,19.212191,28.915640
153.784058,120.244202,18.928267,28.488316
151.336624,119.452225,19.212191,28.915640
149.585770,120.235649,18.928267,28.488316
147.692932,119.096123,18.928267,28.488316
145.800110,119.096123,18.928267,28.488316
143.352692,118.304146,19.212191,28.915640
140.868546,118.087280,19.500374,29.349375
138.918518,117.500290,19.500374,29.349375
136.578461,118.087280,19.500374,29.349375
133.458405,116.326317,19.500374,29.349375
130.937012,116.106194,19.792877,29.789616
128.353210,115.739326,19.500374,29.349375
124.248383,115.519203,19.792877,29.789616
120.289810,114.923416,19.792877,29.789616
115.539513,114.327621,19.792877,29.789616
110.569527,114.104202,20.089771,30.236460
105.932808,114.491226,20.391117,30.690006
101.226532,113.638046,20.696985,31.150356
96.869820,114.036766,21.007441,31.617613
92.248184,114.669121,21.007441,31.617613
88.886993,115.301476,21.007441,31.617613
84.685509,115.301476,21.007441,31.617613
80.701332,117.404121,20.696985,31.150356
76.975876,116.781113,20.696985,31.150356
72.836479,118.650139,20.696985,31.150356
68.697083,118.027130,20.696985,31.150356
64.557686,118.027130,20.696985,31.150356
61.040218,118.257301,20.391117,30.690006
55.920010,118.650139,20.696985,31.150356
50.538792,118.650139,20.696985,31.150356
46.205681,118.880310,20.391117,30.690006
40.903992,118.266510,20.391117,30.690006
36.197720,118.659348,20.696985,31.150356
31.000708,117.793365,21.007441,31.617613
26.379070,119.058067,21.007441,31.617613
21.530554,118.179100,21.322552,32.091877
17.042156,118.589874,21.642389,32.573254
12.925774,117.684341,21.967026,33.061852
9.411050,119.006813,21.967026,33.061852
5.244890,118.599648,21.642389,32.573254
1.993201,119.482170,21.322552,32.091877
