1
528.00,64.00,546.00,64.00,546.00,82.00,528.00,82.00
526.00,66.00,544.00,66.00,544.00,83.00,526.00,83.00
522.00,84.00,539.00,84.00,539.00,101.00,522.00,101.00
523.00,94.00,541.00,94.00,541.00,112.00,523.00,112.00
520.00,107.00,538.00,107.00,538.00,125.00,520.00,125.00
523.00,120.00,541.00,120.00,541.00,138.00,523.00,138.00
520.00,129.00,536.00,129.00,536.00,145.00,520.00,145.00
511.00,142.00,527.00,142.00,527.00,158.00,511.00,158.00
511.00,158.00,528.00,158.00,528.00,174.00,511.00,174.00
522.00,167.00,539.00,167.00,539.00,184.00,522.00,184.00
524.00,174.00,541.00,174.00,541.00,191.00,524.00,191.00
540.00,182.00,557.00,182.00,557.00,200.00,540.00,200.00
548.00,189.00,566.00,189.00,566.00,207.00,548.00,207.00
557.00,196.00,576.00,196.00,576.00,215.00,557.00,215.00
570.00,207.00,588.00,207.00,588.00,226.00,570.00,226.00
573.00,199.00,591.00,199.00,591.00,217.00,573.00,217.00
2
0
0
0
0
1
613.00,265.00,628.00,265.00,628.00,279.00,613.00,279.00
619.00,265.00,632.00,265.00,632.00,278.00,619.00,278.00
622.00,267.00,637.00,267.00,637.00,281.00,622.00,281.00
624.00,266.00,639.00,266.00,639.00,280.00,624.00,280.00
626.00,268.00,641.00,268.00,641.00,282.00,626.00,282.00
632.00,274.00,648.00,274.00,648.00,288.00,632.00,288.00
632.00,274.00,647.00,274.00,647.00,288.00,632.00,288.00
637.00,274.00,653.00,274.00,653.00,288.00,637.00,288.00
640.00,271.00,655.00,271.00,655.00,285.00,640.00,285.00
638.00,267.00,653.00,267.00,653.00,281.00,638.00,281.00
641.00,267.00,656.00,267.00,656.00,280.00,641.00,280.00
640.00,269.00,655.00,269.00,655.00,283.00,640.00,283.00
642.00,271.00,657.00,271.00,657.00,285.00,642.00,285.00
643.00,275.00,658.00,275.00,658.00,289.00,643.00,289.00
643.00,278.00,658.00,278.00,658.00,292.00,643.00,292.00
650.00,277.00,665.00,277.00,665.00,291.00,650.00,291.00
647.00,277.00,662.00,277.00,662.00,292.00,647.00,292.00
651.00,281.00,666.00,281.00,666.00,295.00,651.00,295.00
