1
188.00,352.00,240.00,352.00,240.00,457.00,188.00,457.00
195.00,355.00,246.00,355.00,246.00,458.00,195.00,458.00
204.00,357.00,256.00,357.00,256.00,462.00,204.00,462.00
214.00,359.00,265.00,359.00,265.00,463.00,214.00,463.00
222.00,360.00,276.00,360.00,276.00,467.00,222.00,467.00
232.00,363.00,285.00,363.00,285.00,469.00,232.00,469.00
245.00,363.00,297.00,363.00,297.00,468.00,245.00,468.00
256.00,361.00,309.00,361.00,309.00,468.00,256.00,468.00
267.00,359.00,321.00,359.00,321.00,469.00,267.00,469.00
280.00,365.00,336.00,365.00,336.00,478.00,280.00,478.00
293.00,363.00,352.00,363.00,352.00,482.00,293.00,482.00
306.00,361.00,367.00,361.00,367.00,484.00,306.00,484.00
321.00,361.00,383.00,361.00,383.00,488.00,321.00,488.00
336.00,359.00,400.00,359.00,400.00,489.00,336.00,489.00
353.00,361.00,419.00,361.00,419.00,493.00,353.00,493.00
370.00,363.00,436.00,363.00,436.00,497.00,370.00,497.00
384.00,363.00,451.00,363.00,451.00,499.00,384.00,499.00
402.00,365.00,470.00,365.00,470.00,503.00,402.00,503.00
411.00,372.00,478.00,372.00,478.00,508.00,411.00,508.00
416.00,370.00,484.00,370.00,484.00,507.00,416.00,507.00
429.00,362.00,498.00,362.00,498.00,503.00,429.00,503.00
462.00,373.00,531.00,373.00,531.00,513.00,462.00,513.00
454.00,373.00,523.00,373.00,523.00,513.00,454.00,513.00
467.00,356.00,535.00,356.00,535.00,494.00,467.00,494.00
482.00,353.00,551.00,353.00,551.00,491.00,482.00,491.00
511.00,362.00,579.00,362.00,579.00,498.00,511.00,498.00
519.00,393.00,586.00,393.00,586.00,528.00,519.00,528.00
525.00,395.00,592.00,395.00,592.00,529.00,525.00,529.00
521.00,403.00,586.00,403.00,586.00,534.00,521.00,534.00
514.00,394.00,580.00,394.00,580.00,527.00,514.00,527.00
521.00,433.00,587.00,433.00,587.00,566.00,521.00,566.00
524.00,413.00,590.00,413.00,590.00,545.00,524.00,545.00
500.00,379.00,566.00,379.00,566.00,511.00,500.00,511.00
2
0
0
0
0
1
582.00,288.00,778.00,288.00,778.00,405.00,582.00,405.00
562.00,296.00,752.00,296.00,752.00,409.00,562.00,409.00
568.00,269.00,758.00,269.00,758.00,382.00,568.00,382.00
506.00,315.00,703.00,315.00,703.00,433.00,506.00,433.00
2
0
0
0
0
1
623.00,140.00,803.00,140.00,803.00,368.00,623.00,368.00
621.00,152.00,803.00,152.00,803.00,382.00,621.00,382.00
619.00,170.00,803.00,170.00,803.00,403.00,619.00,403.00
612.00,187.00,796.00,187.00,796.00,421.00,612.00,421.00
606.00,194.00,784.00,194.00,784.00,419.00,606.00,419.00
587.00,194.00,761.00,194.00,761.00,414.00,587.00,414.00
505.00,75.00,676.00,75.00,676.00,291.00,505.00,291.00
562.00,102.00,739.00,102.00,739.00,325.00,562.00,325.00
557.00,183.00,731.00,183.00,731.00,403.00,557.00,403.00
528.00,276.00,705.00,276.00,705.00,499.00,528.00,499.00
552.00,227.00,727.00,227.00,727.00,449.00,552.00,449.00
544.00,195.00,722.00,195.00,722.00,420.00,544.00,420.00
591.00,178.00,770.00,178.00,770.00,404.00,591.00,404.00
624.00,185.00,797.00,185.00,797.00,404.00,624.00,404.00
690.00,295.00,866.00,295.00,866.00,518.00,690.00,518.00
686.00,412.00,855.00,412.00,855.00,627.00,686.00,627.00
677.00,405.00,842.00,405.00,842.00,613.00,677.00,613.00
665.00,394.00,824.00,394.00,824.00,595.00,665.00,595.00
654.00,390.00,811.00,390.00,811.00,590.00,654.00,590.00
643.00,383.00,800.00,383.00,800.00,581.00,643.00,581.00
630.00,340.00,786.00,340.00,786.00,538.00,630.00,538.00
589.00,380.00,740.00,380.00,740.00,571.00,589.00,571.00
594.00,378.00,746.00,378.00,746.00,571.00,594.00,571.00
609.00,367.00,759.00,367.00,759.00,556.00,609.00,556.00
605.00,365.00,753.00,365.00,753.00,552.00,605.00,552.00
595.00,360.00,740.00,360.00,740.00,545.00,595.00,545.00
597.00,355.00,742.00,355.00,742.00,538.00,597.00,538.00
592.00,355.00,734.00,355.00,734.00,535.00,592.00,535.00
582.00,361.00,722.00,361.00,722.00,539.00,582.00,539.00
584.00,358.00,725.00,358.00,725.00,537.00,584.00,537.00
586.00,353.00,728.00,353.00,728.00,533.00,586.00,533.00
658.00,365.00,799.00,365.00,799.00,543.00,658.00,543.00
583.00,358.00,724.00,358.00,724.00,537.00,583.00,537.00
2
0
0
0
0
1
741.00,350.00,823.00,350.00,823.00,613.00,741.00,613.00
740.00,348.00,822.00,348.00,822.00,610.00,740.00,610.00
741.00,350.00,821.00,350.00,821.00,608.00,741.00,608.00
739.00,348.00,821.00,348.00,821.00,607.00,739.00,607.00
738.00,345.00,820.00,345.00,820.00,607.00,738.00,607.00
738.00,343.00,821.00,343.00,821.00,608.00,738.00,608.00
738.00,343.00,821.00,343.00,821.00,608.00,738.00,608.00
737.00,341.00,820.00,341.00,820.00,606.00,737.00,606.00
737.00,340.00,821.00,340.00,821.00,606.00,737.00,606.00
738.00,341.00,821.00,341.00,821.00,606.00,738.00,606.00
738.00,342.00,821.00,342.00,821.00,606.00,738.00,606.00
740.00,342.00,823.00,342.00,823.00,606.00,740.00,606.00
741.00,340.00,825.00,340.00,825.00,607.00,741.00,607.00
745.00,341.00,828.00,341.00,828.00,607.00,745.00,607.00
749.00,342.00,831.00,342.00,831.00,606.00,749.00,606.00
749.00,341.00,833.00,341.00,833.00,606.00,749.00,606.00
750.00,340.00,834.00,340.00,834.00,606.00,750.00,606.00
753.00,340.00,837.00,340.00,837.00,608.00,753.00,608.00
753.00,339.00,837.00,339.00,837.00,608.00,753.00,608.00
754.00,339.00,838.00,339.00,838.00,607.00,754.00,607.00
754.00,337.00,839.00,337.00,839.00,607.00,754.00,607.00
754.00,338.00,838.00,338.00,838.00,605.00,754.00,605.00
755.00,339.00,838.00,339.00,838.00,605.00,755.00,605.00
753.00,338.00,836.00,338.00,836.00,603.00,753.00,603.00
751.00,337.00,835.00,337.00,835.00,603.00,751.00,603.00
749.00,335.00,832.00,335.00,832.00,601.00,749.00,601.00
747.00,334.00,831.00,334.00,831.00,601.00,747.00,601.00
746.00,333.00,830.00,333.00,830.00,600.00,746.00,600.00
746.00,333.00,829.00,333.00,829.00,599.00,746.00,599.00
