1
263.00,92.00,331.00,92.00,331.00,128.00,263.00,128.00
263.00,95.00,333.00,95.00,333.00,131.00,263.00,131.00
264.00,97.00,332.00,97.00,332.00,133.00,264.00,133.00
265.00,100.00,333.00,100.00,333.00,134.00,265.00,134.00
265.00,101.00,332.00,101.00,332.00,136.00,265.00,136.00
265.00,104.00,331.00,104.00,331.00,139.00,265.00,139.00
264.00,106.00,330.00,106.00,330.00,140.00,264.00,140.00
262.00,106.00,329.00,106.00,329.00,141.00,262.00,141.00
260.00,107.00,328.00,107.00,328.00,143.00,260.00,143.00
259.00,108.00,327.00,108.00,327.00,144.00,259.00,144.00
259.00,108.00,326.00,108.00,326.00,143.00,259.00,143.00
259.00,109.00,326.00,109.00,326.00,144.00,259.00,144.00
258.00,109.00,326.00,109.00,326.00,144.00,258.00,144.00
257.00,109.00,325.00,109.00,325.00,144.00,257.00,144.00
257.00,109.00,324.00,109.00,324.00,144.00,257.00,144.00
257.00,110.00,324.00,110.00,324.00,145.00,257.00,145.00
256.00,110.00,324.00,110.00,324.00,146.00,256.00,146.00
255.00,110.00,323.00,110.00,323.00,146.00,255.00,146.00
254.00,110.00,322.00,110.00,322.00,146.00,254.00,146.00
252.00,110.00,321.00,110.00,321.00,146.00,252.00,146.00
251.00,110.00,320.00,110.00,320.00,146.00,251.00,146.00
249.00,109.00,319.00,109.00,319.00,146.00,249.00,146.00
248.00,109.00,318.00,109.00,318.00,145.00,248.00,145.00
247.00,109.00,317.00,109.00,317.00,145.00,247.00,145.00
245.00,108.00,314.00,108.00,314.00,144.00,245.00,144.00
243.00,108.00,313.00,108.00,313.00,144.00,243.00,144.00
242.00,107.00,312.00,107.00,312.00,144.00,242.00,144.00
240.00,106.00,311.00,106.00,311.00,143.00,240.00,143.00
238.00,106.00,310.00,106.00,310.00,143.00,238.00,143.00
236.00,105.00,308.00,105.00,308.00,143.00,236.00,143.00
234.00,106.00,307.00,106.00,307.00,143.00,234.00,143.00
233.00,105.00,306.00,105.00,306.00,143.00,233.00,143.00
232.00,107.00,306.00,107.00,306.00,145.00,232.00,145.00
231.00,107.00,304.00,107.00,304.00,146.00,231.00,146.00
230.00,108.00,304.00,108.00,304.00,147.00,230.00,147.00
229.00,110.00,303.00,110.00,303.00,149.00,229.00,149.00
227.00,111.00,303.00,111.00,303.00,151.00,227.00,151.00
227.00,113.00,304.00,113.00,304.00,153.00,227.00,153.00
226.00,113.00,304.00,113.00,304.00,153.00,226.00,153.00
226.00,113.00,305.00,113.00,305.00,155.00,226.00,155.00
227.00,114.00,307.00,114.00,307.00,156.00,227.00,156.00
228.00,114.00,309.00,114.00,309.00,157.00,228.00,157.00
230.00,117.00,311.00,117.00,311.00,159.00,230.00,159.00
230.00,117.00,313.00,117.00,313.00,160.00,230.00,160.00
232.00,119.00,315.00,119.00,315.00,163.00,232.00,163.00
233.00,121.00,316.00,121.00,316.00,164.00,233.00,164.00
235.00,122.00,318.00,122.00,318.00,165.00,235.00,165.00
236.00,122.00,318.00,122.00,318.00,165.00,236.00,165.00
238.00,124.00,319.00,124.00,319.00,167.00,238.00,167.00
240.00,125.00,321.00,125.00,321.00,167.00,240.00,167.00
241.00,125.00,322.00,125.00,322.00,168.00,241.00,168.00
242.00,125.00,323.00,125.00,323.00,168.00,242.00,168.00
244.00,126.00,323.00,126.00,323.00,167.00,244.00,167.00
246.00,126.00,324.00,126.00,324.00,167.00,246.00,167.00
246.00,126.00,325.00,126.00,325.00,167.00,246.00,167.00
247.00,125.00,326.00,125.00,326.00,166.00,247.00,166.00
248.00,124.00,328.00,124.00,328.00,166.00,248.00,166.00
249.00,124.00,329.00,124.00,329.00,166.00,249.00,166.00
250.00,124.00,330.00,124.00,330.00,166.00,250.00,166.00
251.00,125.00,331.00,125.00,331.00,167.00,251.00,167.00
252.00,126.00,333.00,126.00,333.00,168.00,252.00,168.00
252.00,127.00,333.00,127.00,333.00,169.00,252.00,169.00
253.00,129.00,334.00,129.00,334.00,171.00,253.00,171.00
253.00,129.00,333.00,129.00,333.00,171.00,253.00,171.00
254.00,129.00,334.00,129.00,334.00,171.00,254.00,171.00
255.00,130.00,334.00,130.00,334.00,171.00,255.00,171.00
255.00,130.00,334.00,130.00,334.00,172.00,255.00,172.00
255.00,132.00,334.00,132.00,334.00,173.00,255.00,173.00
255.00,132.00,335.00,132.00,335.00,174.00,255.00,174.00
255.00,133.00,334.00,133.00,334.00,174.00,255.00,174.00
256.00,133.00,334.00,133.00,334.00,174.00,256.00,174.00
255.00,132.00,334.00,132.00,334.00,173.00,255.00,173.00
255.00,131.00,333.00,131.00,333.00,172.00,255.00,172.00
254.00,131.00,332.00,131.00,332.00,172.00,254.00,172.00
255.00,131.00,332.00,131.00,332.00,172.00,255.00,172.00
255.00,130.00,332.00,130.00,332.00,171.00,255.00,171.00
255.00,130.00,332.00,130.00,332.00,171.00,255.00,171.00
254.00,130.00,331.00,130.00,331.00,170.00,254.00,170.00
252.00,129.00,329.00,129.00,329.00,169.00,252.00,169.00
253.00,129.00,329.00,129.00,329.00,169.00,253.00,169.00
253.00,129.00,329.00,129.00,329.00,169.00,253.00,169.00
253.00,129.00,328.00,129.00,328.00,168.00,253.00,168.00
254.00,129.00,329.00,129.00,329.00,169.00,254.00,169.00
253.00,129.00,328.00,129.00,328.00,168.00,253.00,168.00
254.00,129.00,329.00,129.00,329.00,168.00,254.00,168.00
253.00,129.00,329.00,129.00,329.00,168.00,253.00,168.00
254.00,129.00,329.00,129.00,329.00,168.00,254.00,168.00
254.00,129.00,330.00,129.00,330.00,168.00,254.00,168.00
254.00,128.00,329.00,128.00,329.00,168.00,254.00,168.00
255.00,128.00,330.00,128.00,330.00,168.00,255.00,168.00
254.00,128.00,330.00,128.00,330.00,167.00,254.00,167.00
255.00,128.00,330.00,128.00,330.00,168.00,255.00,168.00
255.00,129.00,330.00,129.00,330.00,168.00,255.00,168.00
256.00,129.00,330.00,129.00,330.00,168.00,256.00,168.00
254.00,128.00,328.00,128.00,328.00,167.00,254.00,167.00
254.00,129.00,328.00,129.00,328.00,167.00,254.00,167.00
253.00,128.00,327.00,128.00,327.00,166.00,253.00,166.00
253.00,127.00,327.00,127.00,327.00,166.00,253.00,166.00
253.00,125.00,327.00,125.00,327.00,164.00,253.00,164.00
252.00,125.00,327.00,125.00,327.00,164.00,252.00,164.00
252.00,123.00,326.00,123.00,326.00,162.00,252.00,162.00
252.00,122.00,326.00,122.00,326.00,161.00,252.00,161.00
252.00,120.00,326.00,120.00,326.00,159.00,252.00,159.00
253.00,119.00,326.00,119.00,326.00,158.00,253.00,158.00
254.00,119.00,327.00,119.00,327.00,157.00,254.00,157.00
255.00,118.00,328.00,118.00,328.00,156.00,255.00,156.00
255.00,118.00,328.00,118.00,328.00,156.00,255.00,156.00
256.00,118.00,329.00,118.00,329.00,157.00,256.00,157.00
257.00,119.00,330.00,119.00,330.00,157.00,257.00,157.00
258.00,119.00,330.00,119.00,330.00,157.00,258.00,157.00
261.00,120.00,332.00,120.00,332.00,157.00,261.00,157.00
264.00,121.00,335.00,121.00,335.00,158.00,264.00,158.00
265.00,121.00,336.00,121.00,336.00,157.00,265.00,157.00
267.00,121.00,337.00,121.00,337.00,158.00,267.00,158.00
269.00,123.00,338.00,123.00,338.00,159.00,269.00,159.00
270.00,123.00,339.00,123.00,339.00,159.00,270.00,159.00
272.00,124.00,340.00,124.00,340.00,159.00,272.00,159.00
274.00,125.00,342.00,125.00,342.00,160.00,274.00,160.00
276.00,125.00,343.00,125.00,343.00,160.00,276.00,160.00
277.00,126.00,344.00,126.00,344.00,161.00,277.00,161.00
277.00,129.00,344.00,129.00,344.00,164.00,277.00,164.00
277.00,131.00,345.00,131.00,345.00,165.00,277.00,165.00
258.00,140.00,325.00,140.00,325.00,175.00,258.00,175.00
281.00,123.00,349.00,123.00,349.00,158.00,281.00,158.00
282.00,122.00,350.00,122.00,350.00,158.00,282.00,158.00
282.00,120.00,350.00,120.00,350.00,156.00,282.00,156.00
283.00,120.00,352.00,120.00,352.00,156.00,283.00,156.00
282.00,118.00,352.00,118.00,352.00,155.00,282.00,155.00
282.00,119.00,352.00,119.00,352.00,155.00,282.00,155.00
280.00,118.00,350.00,118.00,350.00,154.00,280.00,154.00
280.00,118.00,349.00,118.00,349.00,154.00,280.00,154.00
278.00,118.00,348.00,118.00,348.00,154.00,278.00,154.00
277.00,119.00,347.00,119.00,347.00,155.00,277.00,155.00
276.00,119.00,345.00,119.00,345.00,155.00,276.00,155.00
274.00,119.00,343.00,119.00,343.00,155.00,274.00,155.00
273.00,120.00,343.00,120.00,343.00,156.00,273.00,156.00
272.00,120.00,341.00,120.00,341.00,157.00,272.00,157.00
270.00,121.00,340.00,121.00,340.00,158.00,270.00,158.00
268.00,121.00,338.00,121.00,338.00,157.00,268.00,157.00
266.00,121.00,336.00,121.00,336.00,157.00,266.00,157.00
265.00,122.00,335.00,122.00,335.00,158.00,265.00,158.00
263.00,123.00,333.00,123.00,333.00,159.00,263.00,159.00
262.00,123.00,332.00,123.00,332.00,159.00,262.00,159.00
260.00,123.00,330.00,123.00,330.00,160.00,260.00,160.00
258.00,124.00,329.00,124.00,329.00,161.00,258.00,161.00
256.00,124.00,327.00,124.00,327.00,160.00,256.00,160.00
255.00,124.00,326.00,124.00,326.00,161.00,255.00,161.00
254.00,125.00,325.00,125.00,325.00,162.00,254.00,162.00
253.00,126.00,324.00,126.00,324.00,163.00,253.00,163.00
251.00,128.00,323.00,128.00,323.00,165.00,251.00,165.00
251.00,131.00,322.00,131.00,322.00,168.00,251.00,168.00
249.00,133.00,321.00,133.00,321.00,170.00,249.00,170.00
248.00,133.00,320.00,133.00,320.00,171.00,248.00,171.00
247.00,135.00,318.00,135.00,318.00,172.00,247.00,172.00
245.00,134.00,317.00,134.00,317.00,172.00,245.00,172.00
244.00,134.00,316.00,134.00,316.00,171.00,244.00,171.00
243.00,134.00,315.00,134.00,315.00,172.00,243.00,172.00
242.00,134.00,314.00,134.00,314.00,172.00,242.00,172.00
241.00,135.00,314.00,135.00,314.00,173.00,241.00,173.00
240.00,134.00,313.00,134.00,313.00,173.00,240.00,173.00
240.00,134.00,314.00,134.00,314.00,172.00,240.00,172.00
240.00,133.00,313.00,133.00,313.00,171.00,240.00,171.00
239.00,133.00,313.00,133.00,313.00,171.00,239.00,171.00
239.00,133.00,313.00,133.00,313.00,171.00,239.00,171.00
237.00,133.00,310.00,133.00,310.00,171.00,237.00,171.00
235.00,133.00,308.00,133.00,308.00,171.00,235.00,171.00
233.00,132.00,305.00,132.00,305.00,170.00,233.00,170.00
231.00,131.00,303.00,131.00,303.00,169.00,231.00,169.00
228.00,130.00,301.00,130.00,301.00,168.00,228.00,168.00
227.00,129.00,300.00,129.00,300.00,167.00,227.00,167.00
225.00,128.00,298.00,128.00,298.00,166.00,225.00,166.00
224.00,127.00,296.00,127.00,296.00,164.00,224.00,164.00
222.00,125.00,294.00,125.00,294.00,163.00,222.00,163.00
220.00,124.00,293.00,124.00,293.00,162.00,220.00,162.00
219.00,123.00,291.00,123.00,291.00,161.00,219.00,161.00
217.00,122.00,289.00,122.00,289.00,159.00,217.00,159.00
216.00,121.00,288.00,121.00,288.00,158.00,216.00,158.00
214.00,120.00,286.00,120.00,286.00,157.00,214.00,157.00
213.00,119.00,285.00,119.00,285.00,157.00,213.00,157.00
211.00,118.00,283.00,118.00,283.00,155.00,211.00,155.00
211.00,118.00,282.00,118.00,282.00,155.00,211.00,155.00
209.00,117.00,279.00,117.00,279.00,154.00,209.00,154.00
208.00,117.00,278.00,117.00,278.00,154.00,208.00,154.00
206.00,117.00,276.00,117.00,276.00,153.00,206.00,153.00
204.00,117.00,274.00,117.00,274.00,154.00,204.00,154.00
202.00,116.00,272.00,116.00,272.00,153.00,202.00,153.00
201.00,117.00,270.00,117.00,270.00,153.00,201.00,153.00
199.00,116.00,269.00,116.00,269.00,153.00,199.00,153.00
198.00,116.00,267.00,116.00,267.00,152.00,198.00,152.00
196.00,116.00,266.00,116.00,266.00,152.00,196.00,152.00
195.00,116.00,264.00,116.00,264.00,152.00,195.00,152.00
193.00,116.00,262.00,116.00,262.00,152.00,193.00,152.00
192.00,116.00,260.00,116.00,260.00,151.00,192.00,151.00
190.00,115.00,258.00,115.00,258.00,151.00,190.00,151.00
189.00,116.00,257.00,116.00,257.00,151.00,189.00,151.00
187.00,116.00,255.00,116.00,255.00,151.00,187.00,151.00
185.00,116.00,254.00,116.00,254.00,152.00,185.00,152.00
184.00,116.00,252.00,116.00,252.00,152.00,184.00,152.00
183.00,116.00,251.00,116.00,251.00,152.00,183.00,152.00
183.00,117.00,250.00,117.00,250.00,152.00,183.00,152.00
183.00,117.00,251.00,117.00,251.00,152.00,183.00,152.00
184.00,116.00,251.00,116.00,251.00,151.00,184.00,151.00
184.00,116.00,251.00,116.00,251.00,151.00,184.00,151.00
183.00,115.00,251.00,115.00,251.00,151.00,183.00,151.00
183.00,115.00,250.00,115.00,250.00,151.00,183.00,151.00
182.00,116.00,250.00,116.00,250.00,152.00,182.00,152.00
181.00,117.00,249.00,117.00,249.00,153.00,181.00,153.00
180.00,118.00,248.00,118.00,248.00,153.00,180.00,153.00
179.00,118.00,246.00,118.00,246.00,153.00,179.00,153.00
176.00,118.00,244.00,118.00,244.00,154.00,176.00,154.00
175.00,119.00,242.00,119.00,242.00,154.00,175.00,154.00
173.00,118.00,241.00,118.00,241.00,153.00,173.00,153.00
172.00,118.00,240.00,118.00,240.00,153.00,172.00,153.00
172.00,118.00,240.00,118.00,240.00,153.00,172.00,153.00
171.00,118.00,239.00,118.00,239.00,153.00,171.00,153.00
171.00,117.00,239.00,117.00,239.00,153.00,171.00,153.00
171.00,117.00,239.00,117.00,239.00,152.00,171.00,152.00
172.00,117.00,240.00,117.00,240.00,153.00,172.00,153.00
172.00,117.00,241.00,117.00,241.00,153.00,172.00,153.00
172.00,117.00,241.00,117.00,241.00,153.00,172.00,153.00
172.00,118.00,241.00,118.00,241.00,153.00,172.00,153.00
172.00,117.00,241.00,117.00,241.00,153.00,172.00,153.00
172.00,118.00,241.00,118.00,241.00,154.00,172.00,154.00
171.00,118.00,240.00,118.00,240.00,154.00,171.00,154.00
171.00,118.00,240.00,118.00,240.00,154.00,171.00,154.00
170.00,118.00,239.00,118.00,239.00,154.00,170.00,154.00
168.00,118.00,237.00,118.00,237.00,153.00,168.00,153.00
168.00,118.00,236.00,118.00,236.00,154.00,168.00,154.00
166.00,118.00,235.00,118.00,235.00,153.00,166.00,153.00
166.00,118.00,235.00,118.00,235.00,154.00,166.00,154.00
165.00,118.00,234.00,118.00,234.00,154.00,165.00,154.00
166.00,118.00,234.00,118.00,234.00,154.00,166.00,154.00
165.00,118.00,235.00,118.00,235.00,154.00,165.00,154.00
165.00,117.00,235.00,117.00,235.00,154.00,165.00,154.00
165.00,117.00,235.00,117.00,235.00,153.00,165.00,153.00
166.00,117.00,236.00,117.00,236.00,153.00,166.00,153.00
166.00,116.00,237.00,116.00,237.00,153.00,166.00,153.00
167.00,116.00,237.00,116.00,237.00,152.00,167.00,152.00
167.00,115.00,238.00,115.00,238.00,151.00,167.00,151.00
168.00,115.00,239.00,115.00,239.00,151.00,168.00,151.00
168.00,114.00,239.00,114.00,239.00,150.00,168.00,150.00
168.00,113.00,239.00,113.00,239.00,150.00,168.00,150.00
169.00,113.00,239.00,113.00,239.00,150.00,169.00,150.00
168.00,113.00,239.00,113.00,239.00,150.00,168.00,150.00
169.00,113.00,239.00,113.00,239.00,150.00,169.00,150.00
167.00,113.00,238.00,113.00,238.00,150.00,167.00,150.00
166.00,113.00,237.00,113.00,237.00,149.00,166.00,149.00
165.00,113.00,236.00,113.00,236.00,149.00,165.00,149.00
164.00,113.00,234.00,113.00,234.00,149.00,164.00,149.00
162.00,113.00,232.00,113.00,232.00,150.00,162.00,150.00
160.00,113.00,230.00,113.00,230.00,150.00,160.00,150.00
157.00,113.00,227.00,113.00,227.00,149.00,157.00,149.00
156.00,113.00,225.00,113.00,225.00,149.00,156.00,149.00
154.00,113.00,222.00,113.00,222.00,148.00,154.00,148.00
153.00,112.00,220.00,112.00,220.00,148.00,153.00,148.00
151.00,112.00,218.00,112.00,218.00,147.00,151.00,147.00
150.00,112.00,217.00,112.00,217.00,147.00,150.00,147.00
149.00,111.00,215.00,111.00,215.00,146.00,149.00,146.00
148.00,111.00,213.00,111.00,213.00,145.00,148.00,145.00
147.00,110.00,212.00,110.00,212.00,144.00,147.00,144.00
145.00,108.00,209.00,108.00,209.00,141.00,145.00,141.00
145.00,108.00,208.00,108.00,208.00,141.00,145.00,141.00
144.00,106.00,207.00,106.00,207.00,140.00,144.00,140.00
143.00,106.00,206.00,106.00,206.00,139.00,143.00,139.00
142.00,106.00,205.00,106.00,205.00,138.00,142.00,138.00
142.00,105.00,205.00,105.00,205.00,138.00,142.00,138.00
141.00,105.00,205.00,105.00,205.00,138.00,141.00,138.00
142.00,105.00,205.00,105.00,205.00,138.00,142.00,138.00
141.00,104.00,205.00,104.00,205.00,137.00,141.00,137.00
141.00,103.00,205.00,103.00,205.00,137.00,141.00,137.00
141.00,103.00,205.00,103.00,205.00,137.00,141.00,137.00
140.00,103.00,205.00,103.00,205.00,136.00,140.00,136.00
140.00,103.00,205.00,103.00,205.00,137.00,140.00,137.00
139.00,102.00,205.00,102.00,205.00,136.00,139.00,136.00
139.00,102.00,205.00,102.00,205.00,136.00,139.00,136.00
138.00,101.00,205.00,101.00,205.00,135.00,138.00,135.00
137.00,99.00,204.00,99.00,204.00,134.00,137.00,134.00
137.00,99.00,204.00,99.00,204.00,134.00,137.00,134.00
136.00,98.00,203.00,98.00,203.00,133.00,136.00,133.00
135.00,97.00,202.00,97.00,202.00,132.00,135.00,132.00
135.00,96.00,202.00,96.00,202.00,131.00,135.00,131.00
135.00,95.00,202.00,95.00,202.00,130.00,135.00,130.00
134.00,94.00,202.00,94.00,202.00,129.00,134.00,129.00
134.00,94.00,202.00,94.00,202.00,129.00,134.00,129.00
134.00,93.00,201.00,93.00,201.00,128.00,134.00,128.00
134.00,92.00,201.00,92.00,201.00,127.00,134.00,127.00
134.00,92.00,201.00,92.00,201.00,127.00,134.00,127.00
134.00,91.00,201.00,91.00,201.00,126.00,134.00,126.00
134.00,91.00,201.00,91.00,201.00,126.00,134.00,126.00
135.00,91.00,202.00,91.00,202.00,126.00,135.00,126.00
135.00,92.00,202.00,92.00,202.00,126.00,135.00,126.00
135.00,92.00,201.00,92.00,201.00,126.00,135.00,126.00
136.00,92.00,202.00,92.00,202.00,127.00,136.00,127.00
137.00,93.00,202.00,93.00,202.00,128.00,137.00,128.00
137.00,93.00,202.00,93.00,202.00,127.00,137.00,127.00
137.00,94.00,202.00,94.00,202.00,128.00,137.00,128.00
137.00,95.00,203.00,95.00,203.00,129.00,137.00,129.00
138.00,95.00,203.00,95.00,203.00,129.00,138.00,129.00
139.00,96.00,203.00,96.00,203.00,130.00,139.00,130.00
139.00,97.00,203.00,97.00,203.00,130.00,139.00,130.00
139.00,97.00,203.00,97.00,203.00,131.00,139.00,131.00
140.00,98.00,203.00,98.00,203.00,131.00,140.00,131.00
140.00,99.00,204.00,99.00,204.00,132.00,140.00,132.00
140.00,99.00,204.00,99.00,204.00,133.00,140.00,133.00
141.00,100.00,205.00,100.00,205.00,133.00,141.00,133.00
141.00,101.00,204.00,101.00,204.00,134.00,141.00,134.00
141.00,102.00,205.00,102.00,205.00,135.00,141.00,135.00
141.00,102.00,206.00,102.00,206.00,136.00,141.00,136.00
142.00,103.00,206.00,103.00,206.00,137.00,142.00,137.00
141.00,103.00,207.00,103.00,207.00,138.00,141.00,138.00
142.00,104.00,208.00,104.00,208.00,139.00,142.00,139.00
142.00,105.00,209.00,105.00,209.00,140.00,142.00,140.00
142.00,105.00,209.00,105.00,209.00,140.00,142.00,140.00
143.00,107.00,211.00,107.00,211.00,142.00,143.00,142.00
144.00,107.00,213.00,107.00,213.00,143.00,144.00,143.00
145.00,107.00,214.00,107.00,214.00,144.00,145.00,144.00
145.00,108.00,215.00,108.00,215.00,144.00,145.00,144.00
146.00,106.00,217.00,106.00,217.00,143.00,146.00,143.00
145.00,104.00,217.00,104.00,217.00,141.00,145.00,141.00
145.00,103.00,217.00,103.00,217.00,141.00,145.00,141.00
145.00,102.00,218.00,102.00,218.00,140.00,145.00,140.00
146.00,102.00,219.00,102.00,219.00,140.00,146.00,140.00
146.00,101.00,220.00,101.00,220.00,139.00,146.00,139.00
147.00,100.00,222.00,100.00,222.00,139.00,147.00,139.00
149.00,99.00,224.00,99.00,224.00,139.00,149.00,139.00
150.00,98.00,225.00,98.00,225.00,138.00,150.00,138.00
151.00,97.00,226.00,97.00,226.00,137.00,151.00,137.00
153.00,96.00,229.00,96.00,229.00,136.00,153.00,136.00
153.00,95.00,230.00,95.00,230.00,135.00,153.00,135.00
154.00,94.00,232.00,94.00,232.00,134.00,154.00,134.00
155.00,93.00,233.00,93.00,233.00,133.00,155.00,133.00
157.00,92.00,234.00,92.00,234.00,133.00,157.00,133.00
158.00,91.00,236.00,91.00,236.00,132.00,158.00,132.00
158.00,91.00,236.00,91.00,236.00,132.00,158.00,132.00
160.00,91.00,238.00,91.00,238.00,132.00,160.00,132.00
162.00,90.00,240.00,90.00,240.00,131.00,162.00,131.00
164.00,89.00,242.00,89.00,242.00,130.00,164.00,130.00
167.00,88.00,246.00,88.00,246.00,129.00,167.00,129.00
170.00,87.00,248.00,87.00,248.00,128.00,170.00,128.00
172.00,86.00,251.00,86.00,251.00,127.00,172.00,127.00
174.00,84.00,254.00,84.00,254.00,126.00,174.00,126.00
176.00,83.00,257.00,83.00,257.00,125.00,176.00,125.00
179.00,81.00,259.00,81.00,259.00,123.00,179.00,123.00
181.00,81.00,262.00,81.00,262.00,123.00,181.00,123.00
183.00,79.00,265.00,79.00,265.00,122.00,183.00,122.00
186.00,78.00,269.00,78.00,269.00,121.00,186.00,121.00
188.00,77.00,272.00,77.00,272.00,120.00,188.00,120.00
191.00,75.00,274.00,75.00,274.00,119.00,191.00,119.00
193.00,75.00,278.00,75.00,278.00,119.00,193.00,119.00
195.00,73.00,281.00,73.00,281.00,118.00,195.00,118.00
198.00,72.00,284.00,72.00,284.00,117.00,198.00,117.00
200.00,71.00,287.00,71.00,287.00,117.00,200.00,117.00
202.00,70.00,289.00,70.00,289.00,116.00,202.00,116.00
204.00,70.00,292.00,70.00,292.00,115.00,204.00,115.00
206.00,69.00,294.00,69.00,294.00,115.00,206.00,115.00
207.00,68.00,296.00,68.00,296.00,115.00,207.00,115.00
209.00,68.00,298.00,68.00,298.00,115.00,209.00,115.00
210.00,68.00,299.00,68.00,299.00,115.00,210.00,115.00
212.00,69.00,301.00,69.00,301.00,115.00,212.00,115.00
213.00,69.00,303.00,69.00,303.00,115.00,213.00,115.00
215.00,69.00,304.00,69.00,304.00,115.00,215.00,115.00
216.00,68.00,304.00,68.00,304.00,114.00,216.00,114.00
217.00,68.00,305.00,68.00,305.00,114.00,217.00,114.00
218.00,69.00,306.00,69.00,306.00,115.00,218.00,115.00
218.00,69.00,307.00,69.00,307.00,115.00,218.00,115.00
220.00,71.00,310.00,71.00,310.00,118.00,220.00,118.00
220.00,71.00,310.00,71.00,310.00,118.00,220.00,118.00
221.00,72.00,312.00,72.00,312.00,119.00,221.00,119.00
222.00,72.00,313.00,72.00,313.00,120.00,222.00,120.00
233.00,108.00,324.00,108.00,324.00,156.00,233.00,156.00
311.00,152.00,403.00,152.00,403.00,200.00,311.00,200.00
312.00,152.00,403.00,152.00,403.00,200.00,312.00,200.00
335.00,164.00,426.00,164.00,426.00,212.00,335.00,212.00
393.00,170.00,484.00,170.00,484.00,217.00,393.00,217.00
444.00,176.00,536.00,176.00,536.00,224.00,444.00,224.00
491.00,181.00,583.00,181.00,583.00,229.00,491.00,229.00
541.00,181.00,633.00,181.00,633.00,229.00,541.00,229.00
591.00,181.00,682.00,181.00,682.00,228.00,591.00,228.00
642.00,180.00,733.00,180.00,733.00,227.00,642.00,227.00
689.00,191.00,779.00,191.00,779.00,238.00,689.00,238.00
741.00,180.00,831.00,180.00,831.00,227.00,741.00,227.00
788.00,190.00,877.00,190.00,877.00,237.00,788.00,237.00
835.00,191.00,924.00,191.00,924.00,238.00,835.00,238.00
880.00,191.00,969.00,191.00,969.00,238.00,880.00,238.00
931.00,181.00,1019.00,181.00,1019.00,227.00,931.00,227.00
977.00,193.00,1065.00,193.00,1065.00,239.00,977.00,239.00
1021.00,186.00,1109.00,186.00,1109.00,232.00,1021.00,232.00
1066.00,190.00,1154.00,190.00,1154.00,237.00,1066.00,237.00
1111.00,188.00,1199.00,188.00,1199.00,234.00,1111.00,234.00
1156.00,190.00,1244.00,190.00,1244.00,236.00,1156.00,236.00
1201.00,189.00,1289.00,189.00,1289.00,235.00,1201.00,235.00
1246.00,186.00,1334.00,186.00,1334.00,232.00,1246.00,232.00
1290.00,191.00,1378.00,191.00,1378.00,237.00,1290.00,237.00
1334.00,191.00,1422.00,191.00,1422.00,237.00,1334.00,237.00
1378.00,191.00,1466.00,191.00,1466.00,237.00,1378.00,237.00
1423.00,194.00,1511.00,194.00,1511.00,240.00,1423.00,240.00
1470.00,186.00,1558.00,186.00,1558.00,232.00,1470.00,232.00
1514.00,189.00,1602.00,189.00,1602.00,235.00,1514.00,235.00
1559.00,188.00,1646.00,188.00,1646.00,233.00,1559.00,233.00
1600.00,189.00,1687.00,189.00,1687.00,235.00,1600.00,235.00
1642.00,189.00,1729.00,189.00,1729.00,234.00,1642.00,234.00
1686.00,191.00,1773.00,191.00,1773.00,237.00,1686.00,237.00
1728.00,192.00,1815.00,192.00,1815.00,237.00,1728.00,237.00
1771.00,191.00,1857.00,191.00,1857.00,236.00,1771.00,236.00
1812.00,191.00,1898.00,191.00,1898.00,236.00,1812.00,236.00
1854.00,190.00,1940.00,190.00,1940.00,235.00,1854.00,235.00
1897.00,191.00,1983.00,191.00,1983.00,236.00,1897.00,236.00
1940.00,191.00,2026.00,191.00,2026.00,237.00,1940.00,237.00
1982.00,193.00,2068.00,193.00,2068.00,238.00,1982.00,238.00
2023.00,194.00,2109.00,194.00,2109.00,239.00,2023.00,239.00
2065.00,191.00,2150.00,191.00,2150.00,235.00,2065.00,235.00
2108.00,193.00,2193.00,193.00,2193.00,238.00,2108.00,238.00
2148.00,194.00,2233.00,194.00,2233.00,238.00,2148.00,238.00
2190.00,193.00,2274.00,193.00,2274.00,237.00,2190.00,237.00
2236.00,182.00,2320.00,182.00,2320.00,226.00,2236.00,226.00
2277.00,193.00,2360.00,193.00,2360.00,237.00,2277.00,237.00
2316.00,194.00,2400.00,194.00,2400.00,238.00,2316.00,238.00
2360.00,175.00,2443.00,175.00,2443.00,218.00,2360.00,218.00
2400.00,195.00,2484.00,195.00,2484.00,239.00,2400.00,239.00
2442.00,189.00,2525.00,189.00,2525.00,233.00,2442.00,233.00
2483.00,194.00,2566.00,194.00,2566.00,237.00,2483.00,237.00
2525.00,194.00,2608.00,194.00,2608.00,238.00,2525.00,238.00
2571.00,177.00,2653.00,177.00,2653.00,220.00,2571.00,220.00
2611.00,191.00,2693.00,191.00,2693.00,234.00,2611.00,234.00
2650.00,191.00,2732.00,191.00,2732.00,234.00,2650.00,234.00
2690.00,192.00,2773.00,192.00,2773.00,236.00,2690.00,236.00
2729.00,192.00,2812.00,192.00,2812.00,235.00,2729.00,235.00
2768.00,191.00,2851.00,191.00,2851.00,235.00,2768.00,235.00
2808.00,191.00,2891.00,191.00,2891.00,235.00,2808.00,235.00
2848.00,191.00,2931.00,191.00,2931.00,235.00,2848.00,235.00
2887.00,191.00,2970.00,191.00,2970.00,234.00,2887.00,234.00
2927.00,192.00,3011.00,192.00,3011.00,236.00,2927.00,236.00
2972.00,178.00,3056.00,178.00,3056.00,222.00,2972.00,222.00
3015.00,179.00,3100.00,179.00,3100.00,223.00,3015.00,223.00
3055.00,175.00,3140.00,175.00,3140.00,219.00,3055.00,219.00
3096.00,175.00,3180.00,175.00,3180.00,218.00,3096.00,218.00
3137.00,191.00,3220.00,191.00,3220.00,234.00,3137.00,234.00
3179.00,176.00,3261.00,176.00,3261.00,219.00,3179.00,219.00
3218.00,190.00,3301.00,190.00,3301.00,233.00,3218.00,233.00
3259.00,176.00,3341.00,176.00,3341.00,219.00,3259.00,219.00
3299.00,178.00,3381.00,178.00,3381.00,221.00,3299.00,221.00
3339.00,192.00,3421.00,192.00,3421.00,235.00,3339.00,235.00
3375.00,190.00,3457.00,190.00,3457.00,233.00,3375.00,233.00
3413.00,193.00,3495.00,193.00,3495.00,235.00,3413.00,235.00
3451.00,192.00,3532.00,192.00,3532.00,235.00,3451.00,235.00
3488.00,192.00,3568.00,192.00,3568.00,234.00,3488.00,234.00
3526.00,190.00,3608.00,190.00,3608.00,233.00,3526.00,233.00
3565.00,192.00,3647.00,192.00,3647.00,235.00,3565.00,235.00
3604.00,191.00,3686.00,191.00,3686.00,233.00,3604.00,233.00
3643.00,190.00,3725.00,190.00,3725.00,233.00,3643.00,233.00
3681.00,190.00,3764.00,190.00,3764.00,233.00,3681.00,233.00
3719.00,190.00,3802.00,190.00,3802.00,233.00,3719.00,233.00
3759.00,192.00,3841.00,192.00,3841.00,235.00,3759.00,235.00
3796.00,179.00,3880.00,179.00,3880.00,223.00,3796.00,223.00
3836.00,192.00,3918.00,192.00,3918.00,235.00,3836.00,235.00
3874.00,192.00,3956.00,192.00,3956.00,235.00,3874.00,235.00
3913.00,191.00,3995.00,191.00,3995.00,234.00,3913.00,234.00
3952.00,191.00,4033.00,191.00,4033.00,234.00,3952.00,234.00
3991.00,192.00,4071.00,192.00,4071.00,234.00,3991.00,234.00
4028.00,191.00,4108.00,191.00,4108.00,233.00,4028.00,233.00
4068.00,177.00,4148.00,177.00,4148.00,218.00,4068.00,218.00
4107.00,176.00,4187.00,176.00,4187.00,218.00,4107.00,218.00
4145.00,177.00,4226.00,177.00,4226.00,219.00,4145.00,219.00
4186.00,176.00,4267.00,176.00,4267.00,218.00,4186.00,218.00
4224.00,176.00,4305.00,176.00,4305.00,218.00,4224.00,218.00
4265.00,192.00,4345.00,192.00,4345.00,234.00,4265.00,234.00
4303.00,191.00,4383.00,191.00,4383.00,233.00,4303.00,233.00
4339.00,177.00,4419.00,177.00,4419.00,219.00,4339.00,219.00
4378.00,177.00,4458.00,177.00,4458.00,218.00,4378.00,218.00
4417.00,192.00,4497.00,192.00,4497.00,234.00,4417.00,234.00
4456.00,192.00,4536.00,192.00,4536.00,234.00,4456.00,234.00
4494.00,191.00,4574.00,191.00,4574.00,233.00,4494.00,233.00
4533.00,192.00,4612.00,192.00,4612.00,234.00,4533.00,234.00
4571.00,191.00,4651.00,191.00,4651.00,233.00,4571.00,233.00
4608.00,176.00,4688.00,176.00,4688.00,218.00,4608.00,218.00
4647.00,190.00,4727.00,190.00,4727.00,232.00,4647.00,232.00
4685.00,192.00,4765.00,192.00,4765.00,234.00,4685.00,234.00
4724.00,192.00,4805.00,192.00,4805.00,234.00,4724.00,234.00
4763.00,191.00,4843.00,191.00,4843.00,233.00,4763.00,233.00
4802.00,190.00,4883.00,190.00,4883.00,233.00,4802.00,233.00
4843.00,193.00,4924.00,193.00,4924.00,235.00,4843.00,235.00
4881.00,192.00,4962.00,192.00,4962.00,235.00,4881.00,235.00
4920.00,192.00,5001.00,192.00,5001.00,234.00,4920.00,234.00
4961.00,192.00,5042.00,192.00,5042.00,234.00,4961.00,234.00
5000.00,190.00,5081.00,190.00,5081.00,232.00,5000.00,232.00
5039.00,190.00,5121.00,190.00,5121.00,233.00,5039.00,233.00
5081.00,192.00,5162.00,192.00,5162.00,234.00,5081.00,234.00
5121.00,192.00,5201.00,192.00,5201.00,234.00,5121.00,234.00
5161.00,193.00,5241.00,193.00,5241.00,234.00,5161.00,234.00
5201.00,193.00,5279.00,193.00,5279.00,234.00,5201.00,234.00
5239.00,193.00,5316.00,193.00,5316.00,233.00,5239.00,233.00
5277.00,194.00,5353.00,194.00,5353.00,234.00,5277.00,234.00
5313.00,194.00,5389.00,194.00,5389.00,234.00,5313.00,234.00
5348.00,194.00,5424.00,194.00,5424.00,233.00,5348.00,233.00
5384.00,193.00,5460.00,193.00,5460.00,233.00,5384.00,233.00
5422.00,193.00,5498.00,193.00,5498.00,233.00,5422.00,233.00
5459.00,193.00,5535.00,193.00,5535.00,233.00,5459.00,233.00
5496.00,193.00,5572.00,193.00,5572.00,233.00,5496.00,233.00
5534.00,193.00,5609.00,193.00,5609.00,232.00,5534.00,232.00
5571.00,193.00,5645.00,193.00,5645.00,232.00,5571.00,232.00
5607.00,192.00,5682.00,192.00,5682.00,231.00,5607.00,231.00
5644.00,193.00,5718.00,193.00,5718.00,232.00,5644.00,232.00
5679.00,193.00,5753.00,193.00,5753.00,232.00,5679.00,232.00
5715.00,193.00,5789.00,193.00,5789.00,232.00,5715.00,232.00
5750.00,193.00,5824.00,193.00,5824.00,231.00,5750.00,231.00
5786.00,194.00,5859.00,194.00,5859.00,232.00,5786.00,232.00
5821.00,193.00,5893.00,193.00,5893.00,231.00,5821.00,231.00
5855.00,193.00,5929.00,193.00,5929.00,231.00,5855.00,231.00
5890.00,192.00,5964.00,192.00,5964.00,231.00,5890.00,231.00
5924.00,191.00,5998.00,191.00,5998.00,230.00,5924.00,230.00
5958.00,192.00,6032.00,192.00,6032.00,231.00,5958.00,231.00
5992.00,192.00,6068.00,192.00,6068.00,231.00,5992.00,231.00
6028.00,192.00,6104.00,192.00,6104.00,232.00,6028.00,232.00
6064.00,191.00,6139.00,191.00,6139.00,231.00,6064.00,231.00
6100.00,192.00,6175.00,192.00,6175.00,232.00,6100.00,232.00
6136.00,193.00,6211.00,193.00,6211.00,232.00,6136.00,232.00
6171.00,192.00,6246.00,192.00,6246.00,231.00,6171.00,231.00
6207.00,192.00,6282.00,192.00,6282.00,231.00,6207.00,231.00
6241.00,192.00,6316.00,192.00,6316.00,231.00,6241.00,231.00
6277.00,193.00,6352.00,193.00,6352.00,232.00,6277.00,232.00
6312.00,192.00,6386.00,192.00,6386.00,231.00,6312.00,231.00
6347.00,192.00,6421.00,192.00,6421.00,231.00,6347.00,231.00
6382.00,193.00,6457.00,193.00,6457.00,232.00,6382.00,232.00
6418.00,193.00,6492.00,193.00,6492.00,232.00,6418.00,232.00
6453.00,192.00,6527.00,192.00,6527.00,230.00,6453.00,230.00
6486.00,192.00,6561.00,192.00,6561.00,231.00,6486.00,231.00
6522.00,194.00,6595.00,194.00,6595.00,232.00,6522.00,232.00
6556.00,193.00,6629.00,193.00,6629.00,232.00,6556.00,232.00
6589.00,194.00,6662.00,194.00,6662.00,232.00,6589.00,232.00
6623.00,192.00,6697.00,192.00,6697.00,231.00,6623.00,231.00
6657.00,192.00,6731.00,192.00,6731.00,231.00,6657.00,231.00
6690.00,194.00,6764.00,194.00,6764.00,232.00,6690.00,232.00
6722.00,192.00,6798.00,192.00,6798.00,231.00,6722.00,231.00
6758.00,194.00,6832.00,194.00,6832.00,233.00,6758.00,233.00
6792.00,192.00,6867.00,192.00,6867.00,231.00,6792.00,231.00
6826.00,191.00,6902.00,191.00,6902.00,231.00,6826.00,231.00
6860.00,192.00,6937.00,192.00,6937.00,232.00,6860.00,232.00
6895.00,192.00,6970.00,192.00,6970.00,232.00,6895.00,232.00
6928.00,191.00,7004.00,191.00,7004.00,231.00,6928.00,231.00
6961.00,191.00,7038.00,191.00,7038.00,232.00,6961.00,232.00
6995.00,193.00,7071.00,193.00,7071.00,233.00,6995.00,233.00
7029.00,191.00,7107.00,191.00,7107.00,231.00,7029.00,231.00
7066.00,194.00,7142.00,194.00,7142.00,234.00,7066.00,234.00
7102.00,195.00,7178.00,195.00,7178.00,235.00,7102.00,235.00
7139.00,194.00,7216.00,194.00,7216.00,234.00,7139.00,234.00
7177.00,195.00,7253.00,195.00,7253.00,235.00,7177.00,235.00
7215.00,197.00,7291.00,197.00,7291.00,236.00,7215.00,236.00
7252.00,194.00,7328.00,194.00,7328.00,234.00,7252.00,234.00
7288.00,197.00,7364.00,197.00,7364.00,236.00,7288.00,236.00
7325.00,196.00,7401.00,196.00,7401.00,236.00,7325.00,236.00
7360.00,198.00,7435.00,198.00,7435.00,237.00,7360.00,237.00
7397.00,189.00,7471.00,189.00,7471.00,227.00,7397.00,227.00
7435.00,193.00,7510.00,193.00,7510.00,232.00,7435.00,232.00
7471.00,198.00,7546.00,198.00,7546.00,237.00,7471.00,237.00
7507.00,199.00,7582.00,199.00,7582.00,238.00,7507.00,238.00
7542.00,198.00,7617.00,198.00,7617.00,237.00,7542.00,237.00
7577.00,198.00,7652.00,198.00,7652.00,237.00,7577.00,237.00
7613.00,197.00,7687.00,197.00,7687.00,235.00,7613.00,235.00
7649.00,196.00,7722.00,196.00,7722.00,234.00,7649.00,234.00
7688.00,196.00,7761.00,196.00,7761.00,234.00,7688.00,234.00
7723.00,199.00,7795.00,199.00,7795.00,237.00,7723.00,237.00
7757.00,190.00,7830.00,190.00,7830.00,229.00,7757.00,229.00
7789.00,192.00,7863.00,192.00,7863.00,230.00,7789.00,230.00
7822.00,193.00,7895.00,193.00,7895.00,231.00,7822.00,231.00
7856.00,194.00,7929.00,194.00,7929.00,232.00,7856.00,232.00
7889.00,190.00,7963.00,190.00,7963.00,229.00,7889.00,229.00
7921.00,191.00,7994.00,191.00,7994.00,229.00,7921.00,229.00
7953.00,194.00,8025.00,194.00,8025.00,232.00,7953.00,232.00
7986.00,192.00,8058.00,192.00,8058.00,230.00,7986.00,230.00
8018.00,192.00,8091.00,192.00,8091.00,230.00,8018.00,230.00
8046.00,183.00,8118.00,183.00,8118.00,220.00,8046.00,220.00
8078.00,186.00,8151.00,186.00,8151.00,224.00,8078.00,224.00
8112.00,187.00,8184.00,187.00,8184.00,225.00,8112.00,225.00
8145.00,187.00,8217.00,187.00,8217.00,224.00,8145.00,224.00
8177.00,185.00,8248.00,185.00,8248.00,222.00,8177.00,222.00
8211.00,186.00,8280.00,186.00,8280.00,222.00,8211.00,222.00
8243.00,183.00,8314.00,183.00,8314.00,220.00,8243.00,220.00
8276.00,182.00,8346.00,182.00,8346.00,218.00,8276.00,218.00
8309.00,182.00,8379.00,182.00,8379.00,218.00,8309.00,218.00
8342.00,183.00,8411.00,183.00,8411.00,219.00,8342.00,219.00
8374.00,181.00,8442.00,181.00,8442.00,216.00,8374.00,216.00
8404.00,179.00,8472.00,179.00,8472.00,215.00,8404.00,215.00
8435.00,178.00,8503.00,178.00,8503.00,214.00,8435.00,214.00
8466.00,175.00,8533.00,175.00,8533.00,210.00,8466.00,210.00
8500.00,175.00,8566.00,175.00,8566.00,209.00,8500.00,209.00
8531.00,181.00,8598.00,181.00,8598.00,216.00,8531.00,216.00
8562.00,181.00,8629.00,181.00,8629.00,216.00,8562.00,216.00
8595.00,183.00,8661.00,183.00,8661.00,217.00,8595.00,217.00
8624.00,176.00,8690.00,176.00,8690.00,210.00,8624.00,210.00
8654.00,177.00,8721.00,177.00,8721.00,211.00,8654.00,211.00
8684.00,179.00,8751.00,179.00,8751.00,214.00,8684.00,214.00
8715.00,180.00,8782.00,180.00,8782.00,215.00,8715.00,215.00
8746.00,181.00,8813.00,181.00,8813.00,215.00,8746.00,215.00
8778.00,179.00,8845.00,179.00,8845.00,214.00,8778.00,214.00
8810.00,179.00,8877.00,179.00,8877.00,214.00,8810.00,214.00
8842.00,178.00,8910.00,178.00,8910.00,213.00,8842.00,213.00
8874.00,179.00,8942.00,179.00,8942.00,214.00,8874.00,214.00
8906.00,176.00,8975.00,176.00,8975.00,212.00,8906.00,212.00
8937.00,175.00,9007.00,175.00,9007.00,212.00,8937.00,212.00
8969.00,173.00,9041.00,173.00,9041.00,210.00,8969.00,210.00
9004.00,165.00,9075.00,165.00,9075.00,202.00,9004.00,202.00
9039.00,167.00,9109.00,167.00,9109.00,204.00,9039.00,204.00
9069.00,131.00,9141.00,131.00,9141.00,169.00,9069.00,169.00
9100.00,132.00,9172.00,132.00,9172.00,169.00,9100.00,169.00
9132.00,131.00,9205.00,131.00,9205.00,170.00,9132.00,170.00
9165.00,136.00,9237.00,136.00,9237.00,173.00,9165.00,173.00
9198.00,133.00,9271.00,133.00,9271.00,171.00,9198.00,171.00
9231.00,131.00,9303.00,131.00,9303.00,169.00,9231.00,169.00
9264.00,131.00,9336.00,131.00,9336.00,168.00,9264.00,168.00
9296.00,132.00,9368.00,132.00,9368.00,169.00,9296.00,169.00
9328.00,131.00,9401.00,131.00,9401.00,169.00,9328.00,169.00
9360.00,130.00,9434.00,130.00,9434.00,169.00,9360.00,169.00
9393.00,130.00,9467.00,130.00,9467.00,169.00,9393.00,169.00
9426.00,131.00,9501.00,131.00,9501.00,170.00,9426.00,170.00
9462.00,139.00,9535.00,139.00,9535.00,177.00,9462.00,177.00
9494.00,133.00,9567.00,133.00,9567.00,170.00,9494.00,170.00
9528.00,131.00,9602.00,131.00,9602.00,169.00,9528.00,169.00
9561.00,117.00,9633.00,117.00,9633.00,154.00,9561.00,154.00
9595.00,124.00,9665.00,124.00,9665.00,160.00,9595.00,160.00
9625.00,120.00,9699.00,120.00,9699.00,158.00,9625.00,158.00
9659.00,119.00,9733.00,119.00,9733.00,157.00,9659.00,157.00
9694.00,117.00,9768.00,117.00,9768.00,156.00,9694.00,156.00
9729.00,116.00,9805.00,116.00,9805.00,156.00,9729.00,156.00
9767.00,116.00,9839.00,116.00,9839.00,153.00,9767.00,153.00
9795.00,99.00,9867.00,99.00,9867.00,137.00,9795.00,137.00
9825.00,100.00,9896.00,100.00,9896.00,138.00,9825.00,138.00
9855.00,100.00,9925.00,100.00,9925.00,137.00,9855.00,137.00
9884.00,101.00,9955.00,101.00,9955.00,138.00,9884.00,138.00
9913.00,101.00,9984.00,101.00,9984.00,138.00,9913.00,138.00
9942.00,100.00,10013.00,100.00,10013.00,137.00,9942.00,137.00
9971.00,100.00,10042.00,100.00,10042.00,137.00,9971.00,137.00
10000.00,101.00,10071.00,101.00,10071.00,138.00,10000.00,138.00
10029.00,101.00,10101.00,101.00,10101.00,138.00,10029.00,138.00
10057.00,99.00,10130.00,99.00,10130.00,138.00,10057.00,138.00
10086.00,99.00,10160.00,99.00,10160.00,138.00,10086.00,138.00
10116.00,99.00,10190.00,99.00,10190.00,137.00,10116.00,137.00
10151.00,114.00,10224.00,114.00,10224.00,151.00,10151.00,151.00
10185.00,113.00,10259.00,113.00,10259.00,152.00,10185.00,152.00
10220.00,114.00,10294.00,114.00,10294.00,153.00,10220.00,153.00
10255.00,114.00,10330.00,114.00,10330.00,153.00,10255.00,153.00
10291.00,113.00,10367.00,113.00,10367.00,153.00,10291.00,153.00
10327.00,113.00,10404.00,113.00,10404.00,153.00,10327.00,153.00
10362.00,112.00,10441.00,112.00,10441.00,153.00,10362.00,153.00
10400.00,112.00,10479.00,112.00,10479.00,153.00,10400.00,153.00
10437.00,112.00,10516.00,112.00,10516.00,153.00,10437.00,153.00
10473.00,113.00,10554.00,113.00,10554.00,155.00,10473.00,155.00
10512.00,112.00,10592.00,112.00,10592.00,154.00,10512.00,154.00
10550.00,113.00,10631.00,113.00,10631.00,155.00,10550.00,155.00
10587.00,112.00,10669.00,112.00,10669.00,155.00,10587.00,155.00
10625.00,111.00,10707.00,111.00,10707.00,154.00,10625.00,154.00
10663.00,112.00,10745.00,112.00,10745.00,155.00,10663.00,155.00
10702.00,113.00,10783.00,113.00,10783.00,155.00,10702.00,155.00
10741.00,112.00,10822.00,112.00,10822.00,155.00,10741.00,155.00
10778.00,112.00,10860.00,112.00,10860.00,154.00,10778.00,154.00
10817.00,112.00,10898.00,112.00,10898.00,155.00,10817.00,155.00
10855.00,112.00,10936.00,112.00,10936.00,155.00,10855.00,155.00
10893.00,112.00,10975.00,112.00,10975.00,155.00,10893.00,155.00
10932.00,113.00,11013.00,113.00,11013.00,155.00,10932.00,155.00
10969.00,111.00,11050.00,111.00,11050.00,153.00,10969.00,153.00
11007.00,112.00,11088.00,112.00,11088.00,154.00,11007.00,154.00
11045.00,113.00,11124.00,113.00,11124.00,155.00,11045.00,155.00
11082.00,113.00,11160.00,113.00,11160.00,154.00,11082.00,154.00
11118.00,114.00,11196.00,114.00,11196.00,155.00,11118.00,155.00
11153.00,113.00,11233.00,113.00,11233.00,154.00,11153.00,154.00
11189.00,113.00,11269.00,113.00,11269.00,155.00,11189.00,155.00
11226.00,114.00,11304.00,114.00,11304.00,155.00,11226.00,155.00
11262.00,114.00,11340.00,114.00,11340.00,154.00,11262.00,154.00
11298.00,113.00,11376.00,113.00,11376.00,154.00,11298.00,154.00
11335.00,114.00,11412.00,114.00,11412.00,154.00,11335.00,154.00
11370.00,114.00,11448.00,114.00,11448.00,154.00,11370.00,154.00
11407.00,115.00,11484.00,115.00,11484.00,155.00,11407.00,155.00
11440.00,112.00,11519.00,112.00,11519.00,154.00,11440.00,154.00
11476.00,114.00,11555.00,114.00,11555.00,155.00,11476.00,155.00
11512.00,115.00,11589.00,115.00,11589.00,156.00,11512.00,156.00
11548.00,117.00,11624.00,117.00,11624.00,156.00,11548.00,156.00
11582.00,115.00,11659.00,115.00,11659.00,156.00,11582.00,156.00
11619.00,116.00,11695.00,116.00,11695.00,156.00,11619.00,156.00
11654.00,116.00,11730.00,116.00,11730.00,156.00,11654.00,156.00
11689.00,116.00,11765.00,116.00,11765.00,156.00,11689.00,156.00
11724.00,117.00,11800.00,117.00,11800.00,157.00,11724.00,157.00
11759.00,116.00,11834.00,116.00,11834.00,155.00,11759.00,155.00
