1
510.880066,198.644470,53.849922,29.727842
505.972534,198.864136,53.054111,29.288515
489.638153,201.389008,52.270061,28.855680
475.452057,203.515671,53.054111,29.288515
465.361176,203.890564,53.849922,29.727842
450.746307,202.460648,54.657673,30.173761
434.802643,201.621811,55.477539,30.626368
447.237274,190.985565,54.657673,30.173761
413.540833,196.272003,55.477539,30.626368
400.736603,200.394318,56.309700,31.085764
394.598846,203.316376,57.154346,31.552050
381.407623,201.798721,58.011662,32.025330
369.262329,198.880157,57.154346,31.552050
361.872253,196.081497,58.011662,32.025330
339.062073,186.089600,58.881836,32.505711
330.818634,184.139252,58.881836,32.505711
311.252197,176.636932,59.765064,32.993294
301.689789,173.997467,59.765064,32.993294
295.175385,169.061676,60.661541,33.488194
309.497589,166.771072,61.571465,33.990517
280.288086,165.136139,62.495033,34.500378
269.666992,157.233337,61.571465,33.990517
270.898438,144.996750,61.571465,33.990517
266.686951,132.321686,62.495033,34.500378
252.371582,133.936234,61.571465,33.990517
250.400070,135.526932,60.661541,33.488194
259.796539,144.113297,61.571465,33.990517
260.251495,144.364456,60.661541,33.488194
259.504456,145.271774,59.765064,32.993294
241.574921,143.952042,59.765064,32.993294
233.773087,132.493790,58.881836,32.505711
230.240173,129.893326,58.881836,32.505711
229.062531,132.493790,58.881836,32.505711
223.839722,134.889450,59.765064,32.993294
220.253815,123.671738,59.765064,32.993294
219.058517,128.290802,59.765064,32.993294
217.863205,133.569717,59.765064,32.993294
216.201736,138.010620,60.661541,33.488194
219.040588,146.836334,59.765064,32.993294
221.018814,152.616745,60.661541,33.488194
221.795273,155.764648,61.571465,33.990517
226.333099,149.299652,62.495033,34.500378
232.952026,150.234390,61.571465,33.990517
236.646317,151.594009,61.571465,33.990517
237.434433,158.239151,62.495033,34.500378
239.503006,164.283615,63.432461,35.017879
239.503006,166.384689,63.432461,35.017879
239.503006,169.186127,63.432461,35.017879
257.470337,158.404755,62.495033,34.500378
256.700684,161.378922,61.571465,33.990517
259.582123,161.630081,60.661541,33.488194
259.582123,164.978912,60.661541,33.488194
257.895721,166.767181,61.571465,33.990517
256.184052,165.822235,62.495033,34.500378
258.252625,167.664566,63.432461,35.017879
257.776886,166.691055,64.383949,35.543148
257.294006,164.981430,65.349709,36.076298
259.064545,164.537140,64.383949,35.543148
259.540314,164.099426,63.432461,35.017879
262.077606,164.099426,63.432461,35.017879
267.545929,166.428192,62.495033,34.500378
270.470551,168.042755,61.571465,33.990517
275.778442,169.633438,60.661541,33.488194
281.007874,170.540756,59.765064,32.993294
283.398499,170.540756,59.765064,32.993294
288.179688,169.880890,59.765064,32.993294
292.960907,169.221024,59.765064,32.993294
294.939117,168.303802,60.661541,33.488194
299.409882,168.052643,61.571465,33.990517
303.947693,168.487732,62.495033,34.500378
306.447510,168.487732,62.495033,34.500378
310.197205,168.487732,62.495033,34.500378
315.196808,167.797714,62.495033,34.500378
319.352875,168.732452,61.571465,33.990517
323.890686,167.787521,62.495033,34.500378
328.890289,169.167542,62.495033,34.500378
330.958893,169.609146,63.432461,35.017879
336.427185,171.247910,62.495033,34.500378
341.033081,171.689514,63.432461,35.017879
341.845032,171.426880,64.383949,35.543148
345.283112,174.046402,65.349709,36.076298
350.099396,177.437576,66.329948,36.617439
353.203491,179.151199,65.349709,36.076298
359.346375,181.810028,66.329948,36.617439
364.652771,182.542374,66.329948,36.617439
365.979370,182.542374,66.329948,36.617439
369.521393,183.754410,67.324898,37.166702
374.483246,187.248077,68.334778,37.724201
378.132324,190.794159,69.359795,38.290066
383.244141,196.725296,70.400192,38.864418
388.432617,200.378540,71.456200,39.447384
389.347260,201.684250,72.528038,40.039093
395.149506,204.887375,72.528038,40.039093
402.831055,209.916916,71.456200,39.447384
406.175049,212.540268,70.400192,38.864418
416.405640,218.188049,69.359795,38.290066
423.751617,222.997894,68.334778,37.724201
426.485016,226.770309,68.334778,37.724201
426.989929,230.022400,67.324898,37.166702
428.814026,233.958771,66.329948,36.617439
433.225128,238.558502,65.349709,36.076298
436.283356,240.957657,64.383949,35.543148
438.027740,244.021729,63.432461,35.017879
441.833710,246.823166,63.432461,35.017879
443.102356,248.223877,63.432461,35.017879
447.320770,251.242661,62.495033,34.500378
454.463959,254.485687,63.432461,35.017879
457.432465,256.814453,62.495033,34.500378
462.432068,258.884491,62.495033,34.500378
466.181763,261.644531,62.495033,34.500378
470.337830,263.938873,61.571465,33.990517
473.219269,267.538849,60.661541,33.488194
476.058105,269.765900,59.765064,32.993294
478.854980,270.659821,58.881836,32.505711
482.770782,271.540497,58.011662,32.025330
485.868591,270.000092,58.881836,32.505711
486.622284,269.756287,59.765064,32.993294
489.012878,270.416168,59.765064,32.993294
491.809784,271.960175,58.881836,32.505711
492.987427,272.610291,58.881836,32.505711
496.131714,273.686249,59.765064,32.993294
498.522308,275.005981,59.765064,32.993294
499.287292,275.428284,60.661541,33.488194
501.295197,276.536743,61.571465,33.990517
505.389862,276.118134,60.661541,33.488194
507.033386,276.365601,59.765064,32.993294
511.814606,276.365601,59.765064,32.993294
515.400513,276.365601,59.765064,32.993294
517.378723,276.787903,60.661541,33.488194
518.591980,276.118134,60.661541,33.488194
521.430786,275.705719,59.765064,32.993294
523.408997,275.458282,60.661541,33.488194
526.648315,272.487885,61.571465,33.990517
529.936279,271.542938,62.495033,34.500378
532.004822,271.284180,63.432461,35.017879
535.810791,271.284180,63.432461,35.017879
540.485779,271.732422,64.383949,35.543148
541.773438,271.732422,64.383949,35.543148
545.636475,271.732422,64.383949,35.543148
549.499512,270.310699,64.383949,35.543148
551.243896,269.872955,63.432461,35.017879
553.343506,268.899475,64.383949,35.543148
557.625244,269.162109,63.432461,35.017879
560.593750,269.420868,62.495033,34.500378
564.749817,268.995972,61.571465,33.990517
568.844482,267.237854,60.661541,33.488194
570.852356,266.306885,61.571465,33.990517
574.947021,262.539459,60.661541,33.488194
580.649170,259.569061,61.571465,33.990517
582.687195,258.624115,62.495033,34.500378
587.686829,257.934113,62.495033,34.500378
591.436523,258.624115,62.495033,34.500378
593.505127,259.065704,63.432461,35.017879
595.604736,259.513947,64.383949,35.543148
599.042847,258.525848,65.349709,36.076298
601.656799,257.804321,65.349709,36.076298
609.126282,256.801392,66.329948,36.617439
