228.00 236.00 80.00 64.00
229.00 234.00 80.00 64.00
232.00 236.00 81.00 65.00
234.00 244.00 80.00 64.00
232.00 252.00 81.00 64.00
228.00 255.00 81.00 64.00
228.00 247.00 79.00 63.00
228.00 231.00 79.00 63.00
226.00 226.00 81.00 65.00
225.00 240.00 81.00 65.00
222.00 262.00 80.00 64.00
221.00 266.00 81.00 65.00
227.00 251.00 80.00 64.00
232.00 227.00 79.00 63.00
232.00 218.00 81.00 65.00
236.00 232.00 80.00 64.00
243.00 242.00 81.00 65.00
253.00 232.00 80.00 64.00
251.00 216.00 80.00 64.00
235.00 210.00 82.00 65.00
209.00 215.00 82.00 66.00
184.00 229.00 81.00 65.00
199.00 239.00 83.00 67.00
231.00 245.00 83.00 66.00
235.00 249.00 83.00 66.00
215.00 248.00 83.00 67.00
191.00 242.00 83.00 67.00
170.00 236.00 83.00 67.00
165.00 238.00 83.00 67.00
181.00 241.00 83.00 67.00
201.00 235.00 82.00 66.00
204.00 222.00 82.00 66.00
195.00 218.00 83.00 67.00
194.00 225.00 83.00 66.00
206.00 226.00 83.00 67.00
215.00 220.00 83.00 66.00
213.00 215.00 83.00 67.00
207.00 222.00 82.00 65.00
207.00 245.00 82.00 65.00
215.00 269.00 81.00 65.00
218.00 272.00 83.00 66.00
208.00 262.00 83.00 67.00
193.00 262.00 83.00 67.00
183.00 270.00 83.00 67.00
182.00 275.00 84.00 67.00
197.00 275.00 85.00 68.00
211.00 279.00 85.00 68.00
217.00 284.00 85.00 68.00
218.00 279.00 83.00 67.00
219.00 260.00 82.00 65.00
232.00 243.00 82.00 65.00
247.00 239.00 83.00 66.00
262.00 252.00 83.00 67.00
258.00 257.00 84.00 67.00
234.00 251.00 84.00 67.00
210.00 240.00 84.00 67.00
200.00 234.00 84.00 67.00
207.00 238.00 85.00 68.00
215.00 245.00 85.00 68.00
228.00 249.00 85.00 68.00
238.00 237.00 84.00 67.00
237.00 223.00 84.00 68.00
233.00 222.00 85.00 68.00
240.00 222.00 85.00 68.00
257.00 217.00 85.00 68.00
277.00 213.00 85.00 68.00
284.00 220.00 84.00 67.00
280.00 237.00 82.00 66.00
264.00 248.00 84.00 67.00
256.00 244.00 84.00 67.00
264.00 232.00 83.00 66.00
272.00 223.00 85.00 68.00
276.00 221.00 85.00 68.00
279.00 208.00 83.00 67.00
267.00 184.00 83.00 66.00
244.00 172.00 85.00 68.00
216.00 170.00 85.00 68.00
204.00 169.00 85.00 68.00
210.00 169.00 85.00 68.00
221.00 163.00 84.00 67.00
225.00 156.00 85.00 68.00
231.00 167.00 84.00 67.00
231.00 185.00 84.00 67.00
225.00 199.00 83.00 67.00
220.00 206.00 84.00 68.00
209.00 203.00 85.00 68.00
191.00 195.00 85.00 68.00
186.00 182.00 84.00 67.00
198.00 165.00 84.00 67.00
219.00 169.00 84.00 67.00
243.00 202.00 84.00 67.00
250.00 233.00 83.00 66.00
245.00 248.00 84.00 67.00
238.00 241.00 84.00 67.00
230.00 223.00 84.00 67.00
225.00 210.00 85.00 68.00
227.00 211.00 86.00 69.00
231.00 213.00 86.00 69.00
241.00 208.00 86.00 68.00
242.00 196.00 85.00 68.00
229.00 194.00 86.00 69.00
218.00 206.00 85.00 68.00
223.00 220.00 86.00 69.00
252.00 225.00 87.00 70.00
286.00 216.00 86.00 69.00
282.00 205.00 87.00 69.00
256.00 209.00 86.00 69.00
231.00 219.00 86.00 69.00
218.00 219.00 87.00 69.00
215.00 206.00 85.00 68.00
214.00 194.00 86.00 69.00
219.00 199.00 86.00 69.00
221.00 211.00 86.00 69.00
249.00 219.00 87.00 69.00
286.00 223.00 87.00 70.00
292.00 216.00 86.00 69.00
275.00 205.00 86.00 69.00
227.00 194.00 87.00 69.00
158.00 187.00 87.00 70.00
132.00 184.00 87.00 70.00
143.00 186.00 88.00 70.00
162.00 186.00 87.00 70.00
167.00 183.00 87.00 70.00
176.00 182.00 87.00 70.00
194.00 176.00 87.00 70.00
210.00 178.00 86.00 69.00
218.00 191.00 86.00 68.00
221.00 199.00 86.00 69.00
227.00 200.00 86.00 69.00
231.00 193.00 86.00 69.00
237.00 192.00 87.00 69.00
235.00 201.00 86.00 69.00
235.00 206.00 86.00 69.00
254.00 208.00 87.00 70.00
274.00 221.00 87.00 69.00
283.00 246.00 85.00 68.00
282.00 268.00 84.00 67.00
279.00 282.00 85.00 68.00
281.00 288.00 86.00 68.00
279.00 278.00 85.00 68.00
281.00 269.00 85.00 68.00
282.00 256.00 84.00 67.00
279.00 229.00 84.00 67.00
284.00 198.00 83.00 67.00
279.00 199.00 83.00 67.00
267.00 228.00 84.00 67.00
256.00 271.00 84.00 67.00
254.00 300.00 84.00 67.00
252.00 297.00 84.00 67.00
242.00 265.00 84.00 68.00
228.00 257.00 85.00 68.00
221.00 263.00 86.00 69.00
223.00 254.00 85.00 68.00
221.00 237.00 85.00 68.00
224.00 231.00 85.00 68.00
234.00 233.00 86.00 69.00
239.00 223.00 85.00 68.00
235.00 196.00 85.00 68.00
227.00 169.00 85.00 68.00
226.00 167.00 86.00 69.00
233.00 178.00 86.00 69.00
244.00 188.00 87.00 69.00
246.00 187.00 86.00 69.00
235.00 188.00 87.00 70.00
213.00 190.00 87.00 70.00
191.00 183.00 87.00 70.00
186.00 176.00 86.00 69.00
203.00 161.00 85.00 68.00
220.00 140.00 84.00 67.00
213.00 123.00 85.00 68.00
209.00 125.00 84.00 67.00
210.00 142.00 83.00 67.00
215.00 149.00 85.00 68.00
229.00 143.00 86.00 69.00
235.00 145.00 86.00 69.00
235.00 150.00 85.00 68.00
234.00 169.00 84.00 67.00
227.00 197.00 83.00 67.00
215.00 215.00 84.00 67.00
211.00 214.00 84.00 67.00
210.00 194.00 83.00 67.00
202.00 160.00 84.00 67.00
188.00 115.00 84.00 67.00
187.00 104.00 85.00 68.00
197.00 124.00 84.00 67.00
212.00 149.00 83.00 67.00
233.00 160.00 85.00 68.00
249.00 159.00 85.00 68.00
247.00 152.00 85.00 68.00
243.00 143.00 85.00 68.00
249.00 153.00 84.00 67.00
248.00 164.00 84.00 67.00
238.00 166.00 85.00 68.00
233.00 176.00 83.00 67.00
234.00 186.00 83.00 67.00
238.00 185.00 84.00 67.00
245.00 183.00 84.00 67.00
251.00 176.00 83.00 66.00
250.00 161.00 83.00 67.00
244.00 172.00 83.00 67.00
237.00 214.00 83.00 66.00
246.00 260.00 83.00 66.00
257.00 273.00 84.00 67.00
267.00 276.00 84.00 67.00
258.00 260.00 83.00 67.00
245.00 244.00 83.00 67.00
249.00 253.00 83.00 66.00
263.00 270.00 83.00 66.00
268.00 271.00 83.00 66.00
266.00 258.00 82.00 66.00
256.00 246.00 83.00 66.00
247.00 240.00 83.00 66.00
254.00 235.00 83.00 66.00
267.00 217.00 82.00 66.00
269.00 193.00 82.00 65.00
262.00 188.00 82.00 66.00
261.00 206.00 82.00 65.00
266.00 231.00 82.00 65.00
262.00 232.00 82.00 66.00
249.00 218.00 82.00 66.00
233.00 209.00 83.00 66.00
225.00 224.00 82.00 65.00
231.00 256.00 81.00 65.00
243.00 274.00 81.00 65.00
248.00 255.00 81.00 65.00
234.00 218.00 82.00 65.00
228.00 210.00 82.00 66.00
252.00 220.00 82.00 66.00
284.00 224.00 83.00 66.00
297.00 207.00 81.00 65.00
279.00 182.00 81.00 65.00
239.00 174.00 82.00 66.00
198.00 185.00 82.00 66.00
181.00 194.00 82.00 66.00
180.00 181.00 81.00 65.00
184.00 167.00 81.00 65.00
200.00 163.00 82.00 66.00
236.00 162.00 83.00 66.00
261.00 155.00 83.00 66.00
261.00 155.00 82.00 66.00
243.00 161.00 83.00 66.00
219.00 161.00 83.00 66.00
200.00 172.00 81.00 65.00
193.00 191.00 80.00 64.00
185.00 207.00 81.00 64.00
167.00 209.00 81.00 65.00
145.00 192.00 80.00 64.00
145.00 174.00 80.00 64.00
170.00 180.00 80.00 64.00
197.00 205.00 80.00 64.00
203.00 231.00 79.00 63.00
198.00 241.00 80.00 64.00
187.00 229.00 80.00 64.00
177.00 220.00 80.00 64.00
178.00 225.00 80.00 64.00
194.00 230.00 82.00 65.00
226.00 228.00 82.00 66.00
269.00 219.00 81.00 64.00
298.00 200.00 80.00 64.00
294.00 202.00 79.00 63.00
271.00 223.00 79.00 63.00
258.00 231.00 80.00 64.00
252.00 219.00 79.00 63.00
237.00 194.00 79.00 63.00
215.00 181.00 81.00 65.00
193.00 183.00 80.00 64.00
192.00 203.00 80.00 64.00
221.00 235.00 80.00 64.00
253.00 254.00 81.00 64.00
243.00 244.00 80.00 64.00
221.00 226.00 80.00 64.00
203.00 218.00 81.00 65.00
210.00 227.00 80.00 64.00
240.00 247.00 79.00 63.00
278.00 257.00 81.00 64.00
284.00 242.00 79.00 64.00
268.00 225.00 80.00 64.00
244.00 210.00 80.00 64.00
240.00 200.00 81.00 65.00
266.00 208.00 81.00 65.00
287.00 221.00 81.00 65.00
269.00 210.00 80.00 64.00
243.00 193.00 80.00 64.00
243.00 189.00 81.00 65.00
263.00 186.00 81.00 65.00
281.00 185.00 81.00 65.00
274.00 176.00 80.00 64.00
254.00 164.00 81.00 65.00
253.00 171.00 80.00 64.00
257.00 183.00 80.00 64.00
263.00 181.00 80.00 64.00
275.00 169.00 80.00 64.00
290.00 171.00 79.00 64.00
301.00 191.00 79.00 63.00
307.00 211.00 79.00 63.00
299.00 211.00 80.00 64.00
294.00 202.00 80.00 64.00
281.00 195.00 81.00 65.00
241.00 197.00 81.00 65.00
195.00 211.00 80.00 64.00
206.00 210.00 79.00 63.00
232.00 191.00 78.00 63.00
247.00 183.00 80.00 64.00
241.00 182.00 81.00 65.00
225.00 191.00 80.00 64.00
232.00 209.00 80.00 64.00
265.00 216.00 81.00 65.00
291.00 200.00 80.00 64.00
308.00 180.00 79.00 63.00
307.00 167.00 81.00 65.00
288.00 173.00 80.00 64.00
280.00 203.00 79.00 63.00
303.00 226.00 81.00 65.00
330.00 210.00 79.00 63.00
339.00 186.00 79.00 63.00
329.00 181.00 81.00 64.00
309.00 192.00 80.00 64.00
296.00 202.00 81.00 64.00
297.00 204.00 81.00 65.00
298.00 198.00 81.00 65.00
291.00 193.00 81.00 65.00
289.00 187.00 82.00 65.00
288.00 185.00 82.00 66.00
282.00 185.00 82.00 66.00
272.00 187.00 83.00 66.00
267.00 190.00 82.00 66.00
268.00 195.00 82.00 66.00
267.00 201.00 82.00 65.00
267.00 202.00 82.00 65.00
282.00 210.00 82.00 65.00
297.00 220.00 82.00 66.00
291.00 226.00 83.00 66.00
275.00 223.00 82.00 66.00
266.00 213.00 82.00 66.00
270.00 214.00 82.00 66.00
288.00 221.00 82.00 66.00
281.00 221.00 83.00 66.00
241.00 218.00 83.00 66.00
221.00 212.00 82.00 66.00
235.00 200.00 83.00 66.00
242.00 199.00 83.00 66.00
247.00 199.00 82.00 66.00
252.00 201.00 83.00 66.00
246.00 206.00 83.00 66.00
242.00 209.00 82.00 66.00
256.00 204.00 83.00 66.00
257.00 204.00 83.00 66.00
245.00 203.00 83.00 66.00
251.00 195.00 82.00 66.00
262.00 187.00 83.00 66.00
252.00 178.00 83.00 66.00
247.00 176.00 83.00 66.00
256.00 186.00 83.00 66.00
260.00 195.00 83.00 66.00
253.00 195.00 83.00 67.00
236.00 185.00 82.00 66.00
224.00 170.00 83.00 66.00
