288.00 143.00 35.00 42.00
290.00 143.00 35.00 42.00
291.00 142.00 35.00 42.00
293.00 141.00 35.00 42.00
295.00 141.00 35.00 43.00
296.00 140.00 35.00 42.00
296.00 139.00 36.00 43.00
296.00 139.00 36.00 43.00
297.00 140.00 36.00 43.00
297.00 140.00 36.00 43.00
298.00 142.00 35.00 43.00
299.00 142.00 35.00 43.00
299.00 142.00 36.00 43.00
296.00 142.00 36.00 43.00
295.00 140.00 36.00 44.00
296.00 141.00 36.00 43.00
297.00 142.00 36.00 43.00
297.00 142.00 36.00 43.00
296.00 142.00 36.00 43.00
296.00 144.00 36.00 43.00
296.00 144.00 36.00 43.00
296.00 146.00 36.00 43.00
296.00 147.00 36.00 43.00
294.00 147.00 36.00 43.00
293.00 147.00 36.00 43.00
292.00 148.00 36.00 43.00
291.00 148.00 36.00 43.00
292.00 148.00 36.00 43.00
291.00 149.00 36.00 43.00
291.00 150.00 36.00 43.00
290.00 149.00 36.00 43.00
290.00 150.00 36.00 43.00
291.00 150.00 35.00 43.00
291.00 150.00 36.00 43.00
291.00 149.00 36.00 43.00
291.00 147.00 36.00 43.00
292.00 147.00 36.00 43.00
293.00 147.00 36.00 43.00
293.00 147.00 36.00 43.00
294.00 147.00 36.00 43.00
293.00 147.00 36.00 43.00
294.00 147.00 36.00 43.00
294.00 147.00 36.00 43.00
293.00 147.00 36.00 43.00
294.00 147.00 36.00 43.00
294.00 146.00 36.00 43.00
294.00 147.00 36.00 43.00
292.00 148.00 36.00 43.00
290.00 148.00 36.00 43.00
290.00 149.00 36.00 43.00
289.00 149.00 36.00 43.00
290.00 150.00 36.00 43.00
289.00 150.00 36.00 43.00
289.00 150.00 36.00 43.00
289.00 151.00 36.00 43.00
289.00 151.00 36.00 43.00
289.00 152.00 36.00 43.00
289.00 153.00 35.00 42.00
289.00 155.00 35.00 42.00
289.00 154.00 36.00 43.00
289.00 155.00 36.00 43.00
289.00 154.00 36.00 43.00
289.00 154.00 36.00 43.00
290.00 154.00 36.00 43.00
290.00 153.00 36.00 43.00
291.00 153.00 36.00 43.00
293.00 154.00 36.00 43.00
293.00 153.00 36.00 43.00
293.00 154.00 36.00 43.00
295.00 155.00 36.00 43.00
296.00 155.00 36.00 43.00
297.00 155.00 36.00 44.00
300.00 157.00 37.00 44.00
303.00 158.00 37.00 44.00
306.00 159.00 36.00 44.00
309.00 162.00 37.00 44.00
313.00 167.00 36.00 44.00
314.00 173.00 36.00 44.00
316.00 179.00 36.00 44.00
317.00 185.00 36.00 44.00
318.00 191.00 36.00 44.00
317.00 195.00 37.00 44.00
314.00 199.00 37.00 44.00
312.00 202.00 37.00 44.00
308.00 204.00 37.00 44.00
304.00 204.00 37.00 44.00
299.00 202.00 37.00 44.00
294.00 198.00 37.00 44.00
290.00 192.00 37.00 44.00
286.00 183.00 37.00 44.00
282.00 172.00 37.00 44.00
281.00 161.00 37.00 44.00
280.00 151.00 37.00 44.00
281.00 144.00 37.00 44.00
282.00 138.00 36.00 44.00
283.00 132.00 37.00 44.00
284.00 129.00 37.00 44.00
286.00 129.00 37.00 44.00
288.00 131.00 37.00 45.00
290.00 135.00 37.00 45.00
292.00 142.00 37.00 44.00
293.00 150.00 37.00 45.00
296.00 161.00 37.00 45.00
298.00 173.00 38.00 45.00
300.00 185.00 38.00 45.00
300.00 193.00 38.00 46.00
299.00 197.00 38.00 46.00
296.00 198.00 38.00 46.00
291.00 195.00 38.00 45.00
285.00 189.00 37.00 45.00
278.00 181.00 37.00 44.00
271.00 172.00 37.00 44.00
262.00 165.00 37.00 45.00
254.00 161.00 38.00 46.00
247.00 159.00 38.00 46.00
242.00 160.00 39.00 46.00
239.00 162.00 39.00 47.00
239.00 166.00 40.00 47.00
235.00 167.00 40.00 48.00
236.00 173.00 39.00 47.00
237.00 176.00 39.00 47.00
240.00 177.00 40.00 48.00
246.00 175.00 40.00 47.00
252.00 170.00 39.00 46.00
261.00 161.00 38.00 46.00
270.00 152.00 38.00 45.00
282.00 146.00 38.00 45.00
290.00 143.00 38.00 45.00
294.00 142.00 39.00 46.00
302.00 139.00 39.00 47.00
306.00 143.00 39.00 47.00
313.00 144.00 40.00 48.00
318.00 149.00 40.00 48.00
321.00 157.00 41.00 49.00
324.00 168.00 42.00 50.00
325.00 178.00 42.00 50.00
325.00 185.00 42.00 50.00
324.00 190.00 42.00 50.00
322.00 191.00 41.00 50.00
319.00 190.00 41.00 49.00
314.00 185.00 41.00 49.00
309.00 177.00 41.00 49.00
304.00 169.00 41.00 49.00
300.00 160.00 40.00 48.00
295.00 151.00 40.00 48.00
290.00 145.00 40.00 48.00
286.00 141.00 40.00 48.00
282.00 141.00 40.00 48.00
278.00 141.00 40.00 48.00
275.00 144.00 40.00 48.00
272.00 148.00 40.00 48.00
271.00 154.00 40.00 47.00
271.00 163.00 39.00 47.00
270.00 169.00 39.00 46.00
269.00 171.00 38.00 46.00
266.00 172.00 38.00 46.00
266.00 171.00 38.00 46.00
263.00 168.00 38.00 46.00
261.00 165.00 38.00 45.00
259.00 161.00 37.00 45.00
256.00 157.00 37.00 44.00
255.00 155.00 37.00 44.00
255.00 153.00 37.00 44.00
258.00 154.00 36.00 44.00
261.00 156.00 36.00 43.00
262.00 160.00 36.00 43.00
263.00 165.00 36.00 43.00
263.00 171.00 36.00 43.00
265.00 178.00 35.00 42.00
267.00 185.00 34.00 41.00
267.00 190.00 35.00 42.00
267.00 191.00 35.00 42.00
267.00 188.00 35.00 42.00
267.00 183.00 34.00 41.00
267.00 176.00 35.00 42.00
268.00 169.00 35.00 42.00
269.00 165.00 35.00 42.00
272.00 161.00 36.00 43.00
276.00 160.00 36.00 43.00
283.00 160.00 36.00 43.00
290.00 161.00 36.00 43.00
297.00 164.00 36.00 43.00
305.00 168.00 36.00 43.00
310.00 170.00 36.00 44.00
313.00 171.00 37.00 44.00
314.00 171.00 37.00 45.00
312.00 169.00 38.00 45.00
309.00 169.00 38.00 45.00
305.00 171.00 38.00 45.00
300.00 175.00 38.00 46.00
297.00 180.00 39.00 46.00
295.00 187.00 39.00 47.00
292.00 194.00 39.00 47.00
288.00 201.00 39.00 47.00
281.00 206.00 39.00 47.00
274.00 207.00 39.00 47.00
267.00 203.00 39.00 47.00
263.00 195.00 40.00 48.00
262.00 185.00 40.00 48.00
263.00 177.00 40.00 48.00
268.00 171.00 40.00 48.00
275.00 168.00 40.00 48.00
284.00 168.00 39.00 47.00
292.00 170.00 39.00 47.00
302.00 176.00 39.00 46.00
309.00 183.00 38.00 46.00
314.00 190.00 39.00 47.00
315.00 195.00 39.00 47.00
313.00 200.00 39.00 47.00
309.00 201.00 40.00 48.00
305.00 201.00 40.00 47.00
298.00 197.00 39.00 47.00
290.00 191.00 39.00 47.00
280.00 186.00 39.00 47.00
271.00 183.00 39.00 47.00
266.00 182.00 40.00 48.00
261.00 182.00 40.00 48.00
259.00 185.00 40.00 48.00
258.00 188.00 40.00 48.00
260.00 188.00 40.00 47.00
264.00 186.00 39.00 47.00
269.00 181.00 39.00 46.00
275.00 176.00 39.00 46.00
280.00 172.00 38.00 46.00
282.00 173.00 38.00 46.00
283.00 175.00 38.00 46.00
283.00 177.00 38.00 46.00
283.00 181.00 38.00 46.00
284.00 183.00 38.00 46.00
284.00 184.00 38.00 46.00
281.00 182.00 38.00 46.00
278.00 177.00 37.00 45.00
274.00 169.00 37.00 44.00
269.00 162.00 37.00 44.00
263.00 156.00 36.00 43.00
258.00 153.00 36.00 43.00
254.00 152.00 36.00 43.00
251.00 153.00 35.00 43.00
249.00 156.00 35.00 42.00
245.00 158.00 35.00 42.00
242.00 162.00 34.00 41.00
240.00 168.00 34.00 41.00
239.00 172.00 34.00 41.00
241.00 174.00 34.00 41.00
244.00 173.00 34.00 41.00
246.00 169.00 34.00 41.00
249.00 163.00 34.00 41.00
254.00 158.00 34.00 40.00
260.00 154.00 33.00 40.00
266.00 151.00 33.00 39.00
273.00 151.00 33.00 39.00
278.00 150.00 32.00 39.00
283.00 149.00 32.00 39.00
286.00 149.00 33.00 39.00
286.00 151.00 33.00 40.00
284.00 154.00 33.00 40.00
280.00 154.00 33.00 39.00
276.00 152.00 32.00 39.00
270.00 147.00 32.00 38.00
264.00 140.00 31.00 38.00
259.00 134.00 31.00 38.00
252.00 130.00 31.00 38.00
242.00 128.00 31.00 37.00
229.00 131.00 31.00 37.00
211.00 141.00 30.00 36.00
193.00 150.00 30.00 36.00
179.00 162.00 30.00 36.00
168.00 177.00 30.00 36.00
164.00 189.00 31.00 37.00
165.00 195.00 31.00 37.00
167.00 202.00 32.00 38.00
167.00 205.00 32.00 38.00
168.00 202.00 32.00 39.00
171.00 196.00 32.00 39.00
171.00 191.00 33.00 39.00
175.00 184.00 33.00 39.00
181.00 178.00 33.00 39.00
186.00 177.00 33.00 40.00
191.00 178.00 34.00 40.00
196.00 182.00 34.00 41.00
199.00 186.00 35.00 41.00
201.00 191.00 35.00 43.00
201.00 197.00 36.00 43.00
204.00 202.00 36.00 44.00
211.00 208.00 37.00 44.00
212.00 214.00 37.00 44.00
206.00 219.00 37.00 44.00
201.00 222.00 36.00 44.00
199.00 219.00 36.00 44.00
201.00 214.00 36.00 44.00
202.00 209.00 36.00 44.00
201.00 206.00 37.00 44.00
202.00 205.00 37.00 44.00
204.00 206.00 37.00 44.00
204.00 208.00 37.00 44.00
202.00 213.00 37.00 44.00
202.00 218.00 37.00 44.00
202.00 221.00 37.00 44.00
201.00 221.00 37.00 44.00
201.00 217.00 36.00 44.00
200.00 211.00 37.00 44.00
201.00 203.00 37.00 44.00
201.00 197.00 37.00 44.00
201.00 194.00 36.00 44.00
200.00 193.00 36.00 44.00
198.00 193.00 36.00 44.00
198.00 193.00 36.00 43.00
198.00 195.00 36.00 43.00
198.00 200.00 36.00 43.00
197.00 204.00 36.00 43.00
198.00 208.00 36.00 43.00
197.00 207.00 35.00 42.00
199.00 202.00 35.00 42.00
200.00 197.00 36.00 43.00
201.00 194.00 36.00 43.00
201.00 193.00 36.00 43.00
201.00 193.00 36.00 43.00
201.00 195.00 36.00 43.00
200.00 198.00 35.00 43.00
201.00 202.00 35.00 42.00
202.00 207.00 35.00 42.00
201.00 213.00 35.00 42.00
199.00 220.00 35.00 42.00
197.00 224.00 35.00 42.00
199.00 223.00 34.00 41.00
201.00 218.00 34.00 41.00
200.00 211.00 33.00 40.00
198.00 204.00 33.00 39.00
196.00 197.00 32.00 39.00
193.00 192.00 32.00 39.00
186.00 188.00 32.00 39.00
180.00 187.00 32.00 39.00
179.00 185.00 32.00 39.00
179.00 186.00 32.00 39.00
175.00 190.00 32.00 39.00
170.00 197.00 33.00 39.00
168.00 204.00 33.00 39.00
169.00 209.00 33.00 40.00
169.00 213.00 33.00 40.00
171.00 214.00 34.00 40.00
173.00 211.00 33.00 40.00
174.00 207.00 34.00 40.00
175.00 207.00 34.00 40.00
177.00 206.00 34.00 40.00
182.00 207.00 34.00 40.00
188.00 209.00 34.00 40.00
192.00 214.00 34.00 40.00
199.00 219.00 34.00 41.00
209.00 223.00 34.00 40.00
221.00 228.00 34.00 41.00
230.00 230.00 34.00 40.00
241.00 227.00 33.00 40.00
252.00 216.00 33.00 40.00
260.00 206.00 33.00 40.00
267.00 197.00 33.00 40.00
276.00 191.00 33.00 40.00
285.00 188.00 33.00 40.00
292.00 186.00 34.00 41.00
295.00 187.00 34.00 41.00
295.00 192.00 35.00 42.00
293.00 198.00 35.00 42.00
289.00 206.00 35.00 42.00
285.00 218.00 35.00 42.00
278.00 225.00 35.00 41.00
268.00 229.00 35.00 42.00
253.00 231.00 35.00 42.00
237.00 232.00 35.00 42.00
220.00 234.00 34.00 41.00
206.00 237.00 35.00 42.00
197.00 240.00 35.00 42.00
191.00 242.00 35.00 43.00
185.00 243.00 36.00 43.00
175.00 244.00 36.00 43.00
163.00 240.00 35.00 43.00
157.00 230.00 36.00 43.00
156.00 219.00 36.00 43.00
159.00 204.00 36.00 43.00
168.00 195.00 36.00 43.00
179.00 192.00 36.00 43.00
188.00 195.00 36.00 43.00
198.00 200.00 36.00 43.00
210.00 208.00 35.00 43.00
224.00 220.00 35.00 42.00
236.00 232.00 35.00 42.00
251.00 244.00 35.00 42.00
265.00 250.00 35.00 41.00
278.00 254.00 35.00 41.00
289.00 253.00 35.00 42.00
304.00 250.00 35.00 41.00
319.00 244.00 35.00 42.00
333.00 238.00 35.00 42.00
348.00 235.00 35.00 42.00
360.00 232.00 34.00 41.00
369.00 231.00 34.00 41.00
374.00 231.00 34.00 41.00
374.00 232.00 34.00 41.00
370.00 235.00 34.00 41.00
360.00 237.00 34.00 41.00
345.00 243.00 34.00 40.00
327.00 251.00 33.00 40.00
306.00 257.00 33.00 39.00
287.00 260.00 33.00 39.00
269.00 259.00 33.00 39.00
252.00 253.00 33.00 39.00
237.00 245.00 33.00 40.00
221.00 240.00 34.00 40.00
210.00 236.00 34.00 41.00
200.00 229.00 34.00 41.00
197.00 223.00 34.00 41.00
196.00 219.00 34.00 41.00
197.00 219.00 34.00 41.00
201.00 218.00 34.00 41.00
208.00 218.00 34.00 41.00
214.00 220.00 34.00 41.00
222.00 221.00 33.00 40.00
235.00 219.00 33.00 40.00
250.00 213.00 33.00 39.00
261.00 207.00 33.00 39.00
268.00 201.00 33.00 39.00
277.00 197.00 33.00 40.00
286.00 191.00 33.00 40.00
294.00 190.00 33.00 40.00
299.00 191.00 34.00 41.00
306.00 194.00 34.00 41.00
314.00 200.00 34.00 41.00
320.00 209.00 35.00 42.00
327.00 219.00 35.00 42.00
334.00 229.00 35.00 42.00
340.00 236.00 35.00 42.00
343.00 238.00 36.00 43.00
346.00 236.00 36.00 44.00
351.00 230.00 37.00 44.00
353.00 222.00 37.00 45.00
352.00 216.00 38.00 46.00
349.00 212.00 39.00 47.00
346.00 209.00 39.00 47.00
340.00 207.00 39.00 47.00
333.00 207.00 40.00 47.00
325.00 212.00 39.00 47.00
314.00 217.00 39.00 47.00
303.00 226.00 39.00 47.00
292.00 236.00 39.00 47.00
281.00 243.00 39.00 47.00
267.00 242.00 39.00 47.00
255.00 236.00 39.00 47.00
243.00 229.00 40.00 48.00
232.00 222.00 40.00 48.00
223.00 216.00 41.00 49.00
211.00 211.00 41.00 50.00
202.00 208.00 42.00 50.00
193.00 206.00 42.00 50.00
186.00 205.00 42.00 50.00
182.00 206.00 42.00 50.00
180.00 205.00 42.00 50.00
184.00 202.00 41.00 50.00
189.00 195.00 41.00 50.00
196.00 185.00 41.00 50.00
209.00 176.00 41.00 50.00
223.00 169.00 41.00 50.00
239.00 168.00 42.00 50.00
252.00 172.00 42.00 51.00
266.00 174.00 42.00 50.00
275.00 180.00 42.00 50.00
282.00 185.00 42.00 50.00
287.00 192.00 42.00 50.00
290.00 199.00 42.00 50.00
290.00 202.00 42.00 50.00
289.00 201.00 42.00 50.00
287.00 196.00 42.00 50.00
283.00 187.00 41.00 49.00
281.00 177.00 41.00 49.00
278.00 168.00 41.00 50.00
274.00 164.00 41.00 50.00
269.00 164.00 41.00 50.00
265.00 168.00 41.00 49.00
265.00 173.00 41.00 49.00
265.00 178.00 40.00 48.00
270.00 184.00 40.00 48.00
275.00 193.00 40.00 47.00
278.00 204.00 39.00 47.00
279.00 212.00 39.00 46.00
280.00 214.00 38.00 46.00
281.00 212.00 38.00 46.00
284.00 205.00 38.00 45.00
288.00 192.00 37.00 45.00
292.00 179.00 37.00 45.00
292.00 169.00 38.00 45.00
290.00 161.00 38.00 45.00
288.00 153.00 38.00 45.00
289.00 145.00 38.00 45.00
288.00 138.00 37.00 45.00
284.00 138.00 37.00 45.00
278.00 139.00 37.00 44.00
270.00 139.00 37.00 44.00
264.00 142.00 36.00 43.00
256.00 145.00 36.00 43.00
252.00 148.00 36.00 44.00
248.00 151.00 36.00 44.00
243.00 157.00 36.00 43.00
236.00 163.00 36.00 43.00
228.00 170.00 36.00 43.00
222.00 179.00 36.00 43.00
218.00 187.00 36.00 43.00
216.00 194.00 36.00 43.00
215.00 199.00 36.00 43.00
215.00 200.00 36.00 43.00
217.00 196.00 36.00 43.00
224.00 187.00 35.00 42.00
233.00 174.00 35.00 42.00
238.00 160.00 35.00 42.00
239.00 147.00 35.00 42.00
238.00 137.00 35.00 42.00
236.00 128.00 36.00 43.00
237.00 124.00 36.00 43.00
237.00 122.00 36.00 43.00
236.00 125.00 35.00 42.00
233.00 131.00 35.00 42.00
230.00 139.00 35.00 42.00
229.00 148.00 35.00 42.00
230.00 159.00 35.00 42.00
232.00 171.00 35.00 41.00
235.00 182.00 34.00 41.00
236.00 188.00 34.00 41.00
236.00 191.00 34.00 41.00
234.00 191.00 34.00 41.00
228.00 190.00 34.00 41.00
221.00 182.00 34.00 40.00
218.00 175.00 34.00 40.00
213.00 172.00 33.00 40.00
205.00 171.00 33.00 40.00
200.00 172.00 33.00 39.00
199.00 175.00 33.00 40.00
197.00 177.00 33.00 40.00
196.00 182.00 33.00 40.00
196.00 189.00 33.00 40.00
196.00 195.00 33.00 40.00
196.00 198.00 33.00 39.00
197.00 197.00 33.00 39.00
199.00 193.00 32.00 39.00
200.00 183.00 32.00 39.00
205.00 174.00 32.00 39.00
210.00 167.00 32.00 39.00
214.00 165.00 32.00 39.00
216.00 165.00 32.00 39.00
218.00 166.00 32.00 39.00
224.00 169.00 32.00 39.00
226.00 174.00 32.00 39.00
227.00 181.00 32.00 39.00
229.00 187.00 33.00 39.00
230.00 195.00 32.00 39.00
227.00 203.00 32.00 39.00
224.00 210.00 32.00 38.00
220.00 213.00 32.00 38.00
216.00 213.00 32.00 39.00
214.00 210.00 32.00 39.00
212.00 201.00 32.00 39.00
211.00 190.00 32.00 39.00
212.00 178.00 33.00 39.00
213.00 168.00 33.00 40.00
210.00 158.00 33.00 40.00
206.00 154.00 34.00 40.00
202.00 149.00 34.00 41.00
198.00 146.00 34.00 41.00
196.00 146.00 34.00 41.00
197.00 149.00 35.00 42.00
195.00 153.00 35.00 42.00
195.00 160.00 35.00 42.00
199.00 167.00 35.00 42.00
202.00 176.00 36.00 43.00
205.00 185.00 36.00 43.00
209.00 192.00 36.00 44.00
212.00 197.00 37.00 45.00
214.00 196.00 38.00 45.00
218.00 189.00 37.00 45.00
223.00 178.00 38.00 45.00
227.00 165.00 38.00 46.00
231.00 151.00 39.00 46.00
238.00 141.00 38.00 46.00
247.00 131.00 38.00 46.00
252.00 122.00 39.00 47.00
252.00 115.00 40.00 48.00
257.00 113.00 40.00 48.00
268.00 110.00 40.00 48.00
271.00 104.00 41.00 49.00
269.00 110.00 42.00 51.00
267.00 118.00 43.00 52.00
266.00 127.00 44.00 53.00
263.00 141.00 44.00 53.00
260.00 155.00 45.00 54.00
259.00 168.00 45.00 54.00
259.00 178.00 46.00 55.00
251.00 178.00 46.00 56.00
247.00 176.00 47.00 56.00
248.00 165.00 47.00 57.00
245.00 154.00 48.00 58.00
242.00 145.00 49.00 59.00
246.00 139.00 49.00 59.00
247.00 130.00 50.00 60.00
250.00 125.00 51.00 61.00
254.00 124.00 51.00 62.00
259.00 124.00 52.00 62.00
263.00 127.00 53.00 63.00
