164.00 121.00 27.00 24.00
164.00 121.00 27.00 24.00
165.00 120.00 27.00 24.00
165.00 121.00 27.00 24.00
165.00 120.00 27.00 24.00
166.00 120.00 27.00 24.00
166.00 120.00 27.00 24.00
166.00 120.00 27.00 24.00
167.00 120.00 27.00 24.00
167.00 121.00 27.00 24.00
168.00 121.00 27.00 24.00
167.00 121.00 27.00 24.00
168.00 121.00 27.00 24.00
168.00 121.00 27.00 24.00
168.00 122.00 27.00 24.00
168.00 121.00 27.00 24.00
169.00 121.00 27.00 24.00
169.00 121.00 27.00 24.00
169.00 121.00 27.00 24.00
170.00 121.00 27.00 24.00
170.00 121.00 27.00 24.00
170.00 121.00 27.00 24.00
171.00 121.00 27.00 24.00
171.00 122.00 27.00 24.00
171.00 122.00 27.00 24.00
172.00 122.00 27.00 24.00
172.00 122.00 27.00 24.00
172.00 121.00 27.00 24.00
171.00 119.00 27.00 24.00
172.00 119.00 27.00 24.00
172.00 119.00 27.00 24.00
171.00 120.00 27.00 24.00
171.00 121.00 27.00 24.00
171.00 121.00 28.00 25.00
170.00 121.00 28.00 25.00
170.00 121.00 28.00 25.00
170.00 122.00 28.00 25.00
170.00 121.00 28.00 25.00
170.00 121.00 28.00 25.00
170.00 120.00 28.00 25.00
170.00 120.00 28.00 25.00
169.00 120.00 28.00 25.00
169.00 121.00 28.00 25.00
169.00 122.00 28.00 25.00
169.00 123.00 28.00 25.00
169.00 124.00 28.00 25.00
169.00 125.00 28.00 25.00
169.00 125.00 28.00 25.00
169.00 125.00 28.00 25.00
169.00 124.00 28.00 25.00
169.00 124.00 28.00 25.00
169.00 124.00 28.00 25.00
169.00 124.00 28.00 25.00
169.00 123.00 28.00 25.00
169.00 123.00 28.00 25.00
169.00 123.00 28.00 25.00
169.00 123.00 28.00 25.00
169.00 123.00 28.00 25.00
169.00 124.00 28.00 25.00
169.00 124.00 28.00 25.00
169.00 124.00 28.00 25.00
169.00 124.00 28.00 25.00
169.00 124.00 28.00 25.00
169.00 124.00 28.00 25.00
169.00 123.00 28.00 25.00
169.00 123.00 28.00 25.00
169.00 123.00 28.00 25.00
169.00 122.00 28.00 25.00
169.00 122.00 28.00 25.00
169.00 122.00 28.00 25.00
169.00 122.00 28.00 25.00
169.00 122.00 28.00 25.00
169.00 123.00 28.00 25.00
169.00 123.00 28.00 25.00
169.00 123.00 28.00 25.00
169.00 122.00 28.00 25.00
169.00 123.00 28.00 25.00
169.00 123.00 28.00 25.00
169.00 122.00 28.00 25.00
169.00 122.00 28.00 25.00
169.00 122.00 28.00 25.00
170.00 122.00 28.00 25.00
170.00 123.00 28.00 25.00
170.00 122.00 28.00 25.00
171.00 122.00 28.00 25.00
171.00 122.00 28.00 25.00
171.00 122.00 28.00 25.00
171.00 123.00 28.00 25.00
171.00 123.00 28.00 25.00
171.00 123.00 28.00 25.00
171.00 123.00 28.00 25.00
171.00 123.00 28.00 25.00
171.00 122.00 28.00 25.00
171.00 121.00 28.00 25.00
172.00 122.00 28.00 25.00
172.00 123.00 28.00 25.00
172.00 122.00 28.00 25.00
173.00 123.00 28.00 25.00
173.00 123.00 28.00 25.00
173.00 124.00 28.00 25.00
173.00 123.00 28.00 25.00
174.00 123.00 28.00 25.00
174.00 123.00 28.00 25.00
174.00 124.00 28.00 25.00
174.00 123.00 28.00 25.00
174.00 124.00 28.00 25.00
174.00 123.00 28.00 25.00
174.00 123.00 28.00 25.00
175.00 122.00 28.00 25.00
175.00 122.00 28.00 25.00
175.00 122.00 28.00 25.00
175.00 122.00 28.00 25.00
176.00 122.00 28.00 25.00
176.00 122.00 28.00 25.00
176.00 122.00 28.00 25.00
176.00 123.00 28.00 25.00
176.00 123.00 28.00 25.00
176.00 123.00 28.00 25.00
176.00 124.00 28.00 25.00
176.00 124.00 28.00 25.00
177.00 123.00 28.00 25.00
176.00 123.00 28.00 25.00
176.00 122.00 28.00 25.00
176.00 122.00 28.00 25.00
176.00 123.00 28.00 25.00
176.00 123.00 28.00 25.00
175.00 122.00 28.00 25.00
176.00 124.00 28.00 25.00
175.00 124.00 28.00 25.00
175.00 124.00 28.00 25.00
175.00 125.00 28.00 25.00
175.00 125.00 28.00 25.00
175.00 125.00 28.00 25.00
175.00 124.00 28.00 25.00
175.00 124.00 28.00 25.00
175.00 124.00 28.00 25.00
175.00 123.00 28.00 25.00
175.00 123.00 28.00 25.00
174.00 122.00 28.00 25.00
175.00 122.00 28.00 25.00
174.00 122.00 28.00 25.00
174.00 123.00 28.00 25.00
174.00 122.00 28.00 25.00
174.00 121.00 28.00 25.00
174.00 121.00 28.00 25.00
174.00 121.00 28.00 25.00
174.00 120.00 28.00 25.00
174.00 120.00 28.00 25.00
173.00 120.00 28.00 25.00
173.00 120.00 28.00 25.00
173.00 121.00 29.00 25.00
173.00 120.00 29.00 26.00
174.00 121.00 29.00 26.00
173.00 121.00 29.00 26.00
173.00 122.00 29.00 26.00
173.00 121.00 29.00 26.00
173.00 123.00 29.00 26.00
173.00 124.00 29.00 26.00
173.00 124.00 29.00 26.00
173.00 123.00 29.00 26.00
173.00 123.00 29.00 26.00
173.00 123.00 29.00 26.00
174.00 122.00 29.00 26.00
174.00 123.00 29.00 26.00
173.00 122.00 29.00 26.00
173.00 123.00 29.00 26.00
173.00 123.00 29.00 26.00
173.00 123.00 29.00 26.00
173.00 124.00 29.00 26.00
173.00 125.00 29.00 26.00
172.00 124.00 29.00 26.00
172.00 124.00 29.00 26.00
172.00 123.00 29.00 26.00
172.00 123.00 29.00 26.00
172.00 124.00 29.00 26.00
172.00 123.00 29.00 26.00
172.00 122.00 29.00 26.00
171.00 121.00 29.00 26.00
172.00 121.00 29.00 26.00
171.00 121.00 29.00 26.00
171.00 120.00 29.00 26.00
171.00 120.00 29.00 26.00
171.00 119.00 29.00 26.00
171.00 119.00 29.00 26.00
171.00 119.00 29.00 26.00
171.00 119.00 29.00 26.00
171.00 119.00 29.00 26.00
171.00 120.00 29.00 26.00
170.00 119.00 29.00 26.00
170.00 118.00 29.00 26.00
169.00 118.00 29.00 26.00
170.00 119.00 29.00 26.00
169.00 118.00 29.00 26.00
169.00 116.00 29.00 26.00
169.00 116.00 29.00 26.00
168.00 117.00 29.00 26.00
168.00 117.00 29.00 26.00
168.00 117.00 29.00 26.00
168.00 116.00 29.00 26.00
167.00 117.00 29.00 26.00
167.00 116.00 29.00 26.00
167.00 114.00 29.00 26.00
167.00 114.00 29.00 26.00
166.00 114.00 29.00 26.00
166.00 114.00 29.00 26.00
166.00 114.00 29.00 26.00
166.00 114.00 29.00 26.00
166.00 114.00 29.00 26.00
166.00 115.00 29.00 26.00
165.00 115.00 29.00 26.00
165.00 116.00 29.00 26.00
165.00 116.00 29.00 26.00
165.00 117.00 29.00 26.00
165.00 119.00 29.00 26.00
165.00 119.00 29.00 26.00
164.00 121.00 30.00 26.00
164.00 121.00 30.00 26.00
164.00 122.00 30.00 26.00
164.00 122.00 30.00 26.00
164.00 122.00 30.00 26.00
163.00 121.00 30.00 27.00
163.00 122.00 30.00 27.00
163.00 121.00 30.00 27.00
162.00 119.00 30.00 27.00
162.00 120.00 30.00 27.00
162.00 120.00 30.00 27.00
161.00 120.00 30.00 27.00
161.00 119.00 30.00 27.00
161.00 119.00 30.00 27.00
161.00 119.00 30.00 27.00
161.00 119.00 30.00 27.00
161.00 118.00 30.00 27.00
161.00 118.00 30.00 27.00
162.00 118.00 30.00 27.00
162.00 117.00 30.00 27.00
161.00 118.00 30.00 27.00
161.00 118.00 30.00 27.00
162.00 117.00 30.00 27.00
162.00 116.00 30.00 27.00
162.00 116.00 30.00 27.00
162.00 115.00 30.00 27.00
162.00 115.00 30.00 27.00
162.00 116.00 30.00 27.00
162.00 116.00 30.00 27.00
162.00 115.00 30.00 27.00
162.00 115.00 30.00 27.00
163.00 116.00 30.00 27.00
162.00 115.00 30.00 27.00
162.00 113.00 30.00 27.00
163.00 113.00 31.00 27.00
163.00 114.00 30.00 27.00
164.00 113.00 31.00 27.00
164.00 113.00 31.00 27.00
164.00 113.00 31.00 27.00
164.00 112.00 31.00 27.00
164.00 113.00 31.00 27.00
164.00 114.00 31.00 27.00
164.00 114.00 31.00 27.00
164.00 114.00 31.00 27.00
164.00 114.00 31.00 27.00
165.00 114.00 31.00 28.00
165.00 113.00 31.00 28.00
165.00 114.00 31.00 28.00
165.00 114.00 31.00 28.00
166.00 114.00 31.00 28.00
165.00 113.00 31.00 28.00
165.00 113.00 31.00 28.00
166.00 113.00 31.00 28.00
167.00 114.00 31.00 28.00
167.00 114.00 31.00 28.00
166.00 114.00 31.00 28.00
167.00 114.00 31.00 28.00
167.00 113.00 31.00 28.00
167.00 114.00 31.00 28.00
168.00 114.00 31.00 28.00
168.00 115.00 31.00 28.00
168.00 115.00 31.00 28.00
169.00 115.00 31.00 28.00
169.00 115.00 31.00 28.00
169.00 115.00 31.00 28.00
169.00 115.00 31.00 28.00
170.00 115.00 31.00 28.00
170.00 114.00 31.00 28.00
170.00 115.00 31.00 28.00
170.00 115.00 31.00 28.00
171.00 115.00 31.00 28.00
171.00 116.00 31.00 28.00
171.00 116.00 31.00 28.00
172.00 117.00 32.00 28.00
172.00 115.00 32.00 28.00
173.00 115.00 32.00 28.00
173.00 117.00 31.00 28.00
173.00 116.00 31.00 28.00
173.00 116.00 31.00 28.00
173.00 116.00 31.00 28.00
173.00 116.00 31.00 28.00
174.00 117.00 32.00 28.00
175.00 117.00 31.00 28.00
174.00 116.00 32.00 28.00
175.00 116.00 32.00 28.00
175.00 115.00 32.00 28.00
175.00 115.00 32.00 28.00
174.00 115.00 31.00 28.00
174.00 116.00 31.00 28.00
175.00 117.00 32.00 28.00
175.00 117.00 32.00 28.00
175.00 117.00 32.00 28.00
175.00 118.00 32.00 28.00
175.00 118.00 31.00 28.00
175.00 118.00 32.00 28.00
175.00 118.00 32.00 28.00
175.00 116.00 32.00 28.00
175.00 117.00 32.00 28.00
174.00 117.00 32.00 28.00
175.00 117.00 32.00 28.00
175.00 118.00 31.00 28.00
175.00 119.00 31.00 28.00
174.00 118.00 31.00 28.00
175.00 119.00 31.00 28.00
175.00 119.00 32.00 28.00
175.00 119.00 32.00 28.00
175.00 119.00 32.00 28.00
175.00 119.00 32.00 28.00
174.00 118.00 32.00 28.00
174.00 117.00 32.00 28.00
175.00 119.00 32.00 28.00
175.00 119.00 32.00 28.00
174.00 118.00 32.00 28.00
174.00 117.00 32.00 28.00
174.00 117.00 32.00 28.00
174.00 118.00 32.00 28.00
174.00 117.00 32.00 28.00
174.00 117.00 32.00 28.00
174.00 117.00 32.00 28.00
174.00 117.00 32.00 28.00
174.00 118.00 32.00 28.00
173.00 118.00 32.00 28.00
172.00 118.00 32.00 28.00
172.00 118.00 32.00 28.00
172.00 119.00 32.00 28.00
171.00 119.00 32.00 28.00
171.00 118.00 32.00 28.00
171.00 119.00 32.00 28.00
171.00 119.00 32.00 28.00
170.00 119.00 32.00 28.00
170.00 118.00 32.00 28.00
169.00 117.00 32.00 28.00
169.00 119.00 32.00 28.00
169.00 119.00 32.00 28.00
168.00 119.00 32.00 28.00
167.00 119.00 32.00 28.00
167.00 119.00 32.00 28.00
166.00 118.00 32.00 28.00
165.00 118.00 32.00 28.00
165.00 118.00 32.00 28.00
164.00 118.00 32.00 28.00
164.00 118.00 32.00 28.00
164.00 118.00 32.00 29.00
164.00 119.00 32.00 29.00
164.00 119.00 32.00 29.00
164.00 119.00 32.00 29.00
164.00 118.00 32.00 29.00
163.00 118.00 32.00 29.00
163.00 117.00 32.00 29.00
164.00 119.00 32.00 29.00
163.00 118.00 32.00 29.00
163.00 117.00 32.00 29.00
163.00 117.00 32.00 29.00
163.00 117.00 32.00 29.00
164.00 117.00 32.00 29.00
164.00 118.00 32.00 29.00
164.00 117.00 32.00 29.00
164.00 117.00 32.00 29.00
164.00 117.00 32.00 29.00
164.00 117.00 32.00 29.00
164.00 116.00 32.00 29.00
164.00 117.00 32.00 29.00
164.00 117.00 32.00 29.00
164.00 117.00 32.00 29.00
164.00 116.00 32.00 29.00
164.00 116.00 32.00 29.00
164.00 117.00 32.00 29.00
164.00 117.00 33.00 29.00
165.00 117.00 33.00 29.00
165.00 117.00 33.00 29.00
165.00 117.00 33.00 29.00
165.00 118.00 33.00 29.00
165.00 118.00 33.00 29.00
165.00 118.00 33.00 29.00
166.00 118.00 33.00 29.00
166.00 117.00 33.00 29.00
166.00 116.00 33.00 29.00
165.00 116.00 33.00 29.00
166.00 117.00 33.00 29.00
166.00 117.00 33.00 29.00
166.00 118.00 33.00 29.00
166.00 118.00 33.00 29.00
166.00 118.00 33.00 29.00
166.00 119.00 33.00 29.00
166.00 119.00 33.00 29.00
166.00 119.00 33.00 29.00
166.00 119.00 33.00 30.00
167.00 120.00 33.00 30.00
166.00 119.00 33.00 30.00
166.00 119.00 33.00 30.00
166.00 118.00 33.00 30.00
166.00 118.00 34.00 30.00
166.00 118.00 33.00 30.00
166.00 118.00 33.00 30.00
166.00 119.00 33.00 30.00
166.00 119.00 33.00 30.00
166.00 119.00 34.00 30.00
166.00 119.00 33.00 30.00
166.00 118.00 33.00 30.00
166.00 118.00 34.00 30.00
166.00 119.00 34.00 30.00
166.00 119.00 34.00 30.00
167.00 118.00 34.00 30.00
167.00 118.00 34.00 30.00
167.00 118.00 34.00 30.00
166.00 118.00 34.00 30.00
167.00 118.00 34.00 30.00
166.00 118.00 34.00 30.00
167.00 118.00 34.00 30.00
168.00 119.00 34.00 30.00
167.00 119.00 34.00 30.00
167.00 118.00 34.00 30.00
167.00 119.00 34.00 30.00
167.00 118.00 34.00 30.00
167.00 117.00 34.00 30.00
167.00 118.00 34.00 30.00
167.00 119.00 34.00 30.00
167.00 119.00 34.00 30.00
167.00 119.00 34.00 30.00
167.00 119.00 34.00 31.00
167.00 119.00 34.00 30.00
167.00 119.00 34.00 30.00
167.00 119.00 34.00 31.00
167.00 119.00 34.00 31.00
167.00 119.00 34.00 31.00
166.00 119.00 34.00 31.00
166.00 119.00 34.00 30.00
166.00 120.00 34.00 31.00
166.00 119.00 34.00 31.00
166.00 119.00 34.00 31.00
166.00 119.00 34.00 31.00
165.00 118.00 34.00 31.00
165.00 119.00 35.00 31.00
165.00 119.00 35.00 31.00
164.00 119.00 35.00 31.00
164.00 118.00 35.00 31.00
164.00 119.00 35.00 31.00
163.00 120.00 35.00 31.00
163.00 119.00 35.00 31.00
162.00 119.00 35.00 31.00
162.00 119.00 35.00 31.00
161.00 119.00 35.00 31.00
161.00 119.00 35.00 31.00
160.00 120.00 35.00 31.00
160.00 120.00 36.00 32.00
160.00 120.00 36.00 32.00
160.00 120.00 35.00 32.00
158.00 119.00 36.00 32.00
158.00 119.00 36.00 32.00
157.00 119.00 36.00 32.00
157.00 120.00 36.00 32.00
156.00 120.00 36.00 32.00
156.00 120.00 36.00 32.00
155.00 120.00 36.00 32.00
155.00 120.00 36.00 32.00
154.00 119.00 36.00 32.00
153.00 119.00 36.00 32.00
153.00 119.00 36.00 32.00
153.00 119.00 36.00 32.00
152.00 119.00 36.00 32.00
151.00 119.00 36.00 32.00
151.00 119.00 36.00 32.00
150.00 118.00 36.00 32.00
149.00 118.00 36.00 32.00
149.00 118.00 36.00 32.00
148.00 119.00 36.00 32.00
147.00 119.00 36.00 32.00
147.00 118.00 36.00 32.00
146.00 117.00 36.00 32.00
145.00 117.00 36.00 32.00
145.00 118.00 36.00 32.00
145.00 118.00 36.00 32.00
144.00 118.00 36.00 32.00
143.00 117.00 36.00 32.00
143.00 117.00 37.00 33.00
143.00 117.00 36.00 32.00
142.00 118.00 37.00 33.00
141.00 118.00 36.00 32.00
142.00 118.00 37.00 33.00
141.00 117.00 37.00 33.00
140.00 117.00 37.00 33.00
140.00 117.00 37.00 33.00
140.00 118.00 37.00 33.00
140.00 119.00 37.00 33.00
139.00 117.00 37.00 33.00
138.00 117.00 37.00 33.00
138.00 117.00 37.00 33.00
137.00 116.00 37.00 33.00
136.00 116.00 37.00 33.00
136.00 117.00 37.00 33.00
136.00 117.00 38.00 33.00
135.00 117.00 38.00 33.00
135.00 117.00 37.00 33.00
135.00 118.00 38.00 33.00
134.00 117.00 38.00 33.00
134.00 117.00 38.00 33.00
134.00 117.00 38.00 33.00
134.00 117.00 38.00 33.00
133.00 117.00 38.00 34.00
133.00 118.00 38.00 34.00
132.00 117.00 38.00 34.00
131.00 116.00 38.00 34.00
131.00 116.00 38.00 34.00
131.00 116.00 38.00 34.00
130.00 117.00 38.00 34.00
129.00 116.00 38.00 34.00
129.00 117.00 39.00 34.00
129.00 116.00 39.00 34.00
129.00 116.00 39.00 34.00
128.00 117.00 39.00 34.00
127.00 116.00 38.00 34.00
127.00 116.00 39.00 34.00
126.00 116.00 39.00 34.00
126.00 115.00 39.00 34.00
125.00 116.00 39.00 35.00
125.00 117.00 39.00 35.00
124.00 117.00 39.00 35.00
124.00 117.00 39.00 35.00
123.00 115.00 39.00 35.00
122.00 116.00 39.00 35.00
122.00 115.00 39.00 35.00
122.00 116.00 39.00 35.00
121.00 115.00 40.00 35.00
120.00 115.00 40.00 36.00
119.00 115.00 40.00 35.00
119.00 115.00 40.00 36.00
118.00 115.00 40.00 36.00
117.00 115.00 40.00 36.00
117.00 115.00 40.00 36.00
116.00 114.00 40.00 36.00
116.00 114.00 40.00 36.00
115.00 114.00 40.00 36.00
115.00 115.00 40.00 36.00
114.00 115.00 40.00 36.00
113.00 115.00 40.00 36.00
112.00 115.00 40.00 36.00
112.00 115.00 40.00 36.00
111.00 116.00 41.00 36.00
111.00 116.00 41.00 36.00
110.00 116.00 41.00 36.00
109.00 115.00 41.00 36.00
109.00 115.00 41.00 36.00
109.00 115.00 41.00 36.00
108.00 114.00 41.00 36.00
108.00 115.00 41.00 36.00
108.00 115.00 41.00 36.00
108.00 116.00 41.00 36.00
107.00 115.00 41.00 36.00
107.00 115.00 41.00 36.00
107.00 115.00 41.00 36.00
106.00 116.00 41.00 37.00
106.00 115.00 41.00 37.00
106.00 115.00 41.00 37.00
105.00 115.00 41.00 37.00
105.00 116.00 41.00 37.00
105.00 115.00 41.00 37.00
104.00 115.00 41.00 37.00
104.00 115.00 41.00 37.00
104.00 115.00 42.00 37.00
104.00 115.00 42.00 37.00
104.00 114.00 42.00 37.00
104.00 114.00 42.00 37.00
104.00 115.00 42.00 37.00
104.00 115.00 42.00 37.00
104.00 115.00 42.00 37.00
103.00 115.00 42.00 37.00
102.00 115.00 42.00 37.00
102.00 116.00 42.00 37.00
103.00 116.00 42.00 37.00
103.00 115.00 42.00 37.00
102.00 115.00 42.00 37.00
102.00 114.00 42.00 38.00
102.00 115.00 42.00 38.00
102.00 115.00 42.00 38.00
102.00 114.00 42.00 38.00
102.00 114.00 42.00 38.00
101.00 114.00 42.00 38.00
101.00 113.00 42.00 38.00
101.00 114.00 42.00 38.00
101.00 113.00 43.00 38.00
101.00 113.00 42.00 38.00
101.00 112.00 42.00 38.00
100.00 112.00 42.00 38.00
100.00 113.00 43.00 38.00
101.00 114.00 43.00 38.00
100.00 114.00 43.00 38.00
100.00 114.00 43.00 38.00
100.00 114.00 43.00 38.00
100.00 115.00 43.00 38.00
100.00 113.00 43.00 38.00
100.00 114.00 43.00 38.00
100.00 114.00 43.00 38.00
100.00 114.00 43.00 38.00
99.00 115.00 43.00 38.00
99.00 114.00 43.00 38.00
99.00 114.00 43.00 38.00
99.00 114.00 43.00 38.00
99.00 114.00 43.00 38.00
99.00 114.00 43.00 38.00
99.00 113.00 43.00 38.00
99.00 113.00 43.00 38.00
98.00 113.00 43.00 38.00
99.00 113.00 43.00 38.00
98.00 114.00 43.00 38.00
98.00 113.00 43.00 38.00
98.00 113.00 43.00 38.00
98.00 114.00 43.00 38.00
98.00 113.00 43.00 38.00
98.00 113.00 43.00 38.00
97.00 112.00 43.00 38.00
97.00 112.00 43.00 38.00
97.00 113.00 43.00 38.00
97.00 113.00 43.00 38.00
97.00 113.00 43.00 38.00
97.00 113.00 43.00 38.00
97.00 113.00 43.00 38.00
97.00 113.00 43.00 38.00
96.00 112.00 43.00 38.00
97.00 113.00 43.00 39.00
96.00 112.00 43.00 38.00
97.00 112.00 43.00 38.00
97.00 113.00 43.00 38.00
97.00 113.00 43.00 38.00
96.00 112.00 43.00 38.00
97.00 113.00 43.00 38.00
96.00 113.00 43.00 38.00
96.00 112.00 43.00 38.00
96.00 112.00 43.00 38.00
96.00 112.00 43.00 38.00
96.00 112.00 43.00 38.00
96.00 113.00 43.00 38.00
95.00 112.00 43.00 38.00
96.00 113.00 43.00 38.00
96.00 113.00 43.00 38.00
96.00 113.00 43.00 38.00
95.00 113.00 43.00 38.00
95.00 113.00 43.00 39.00
95.00 112.00 43.00 39.00
94.00 112.00 43.00 38.00
95.00 113.00 43.00 38.00
95.00 114.00 43.00 38.00
95.00 114.00 43.00 38.00
94.00 114.00 43.00 38.00
94.00 114.00 43.00 38.00
94.00 114.00 43.00 38.00
94.00 114.00 43.00 38.00
94.00 115.00 43.00 38.00
94.00 115.00 43.00 38.00
94.00 115.00 43.00 38.00
93.00 115.00 43.00 38.00
94.00 115.00 43.00 38.00
93.00 115.00 43.00 38.00
93.00 115.00 43.00 38.00
93.00 116.00 43.00 38.00
93.00 116.00 43.00 38.00
93.00 116.00 43.00 38.00
92.00 115.00 43.00 38.00
91.00 114.00 43.00 38.00
92.00 115.00 43.00 38.00
92.00 115.00 43.00 38.00
91.00 115.00 43.00 38.00
91.00 115.00 43.00 38.00
91.00 115.00 43.00 38.00
91.00 115.00 43.00 38.00
90.00 116.00 43.00 38.00
90.00 115.00 43.00 38.00
90.00 116.00 43.00 38.00
90.00 116.00 43.00 38.00
90.00 116.00 43.00 38.00
89.00 115.00 43.00 38.00
89.00 116.00 43.00 38.00
89.00 116.00 43.00 38.00
89.00 117.00 43.00 38.00
89.00 117.00 43.00 38.00
89.00 117.00 43.00 38.00
89.00 118.00 42.00 38.00
88.00 117.00 42.00 38.00
88.00 117.00 42.00 38.00
88.00 115.00 42.00 38.00
88.00 115.00 42.00 38.00
88.00 115.00 42.00 38.00
88.00 116.00 43.00 38.00
88.00 116.00 43.00 38.00
88.00 116.00 43.00 38.00
88.00 116.00 43.00 38.00
88.00 116.00 43.00 38.00
88.00 117.00 43.00 38.00
87.00 116.00 42.00 38.00
87.00 116.00 42.00 38.00
87.00 115.00 43.00 38.00
87.00 113.00 42.00 38.00
87.00 114.00 42.00 38.00
87.00 114.00 42.00 38.00
87.00 115.00 42.00 38.00
87.00 114.00 42.00 37.00
88.00 115.00 42.00 38.00
87.00 114.00 42.00 38.00
88.00 114.00 42.00 38.00
88.00 114.00 42.00 38.00
88.00 113.00 42.00 38.00
87.00 113.00 42.00 38.00
88.00 114.00 42.00 37.00
88.00 113.00 42.00 37.00
88.00 113.00 42.00 37.00
88.00 114.00 42.00 37.00
88.00 113.00 42.00 37.00
88.00 114.00 42.00 37.00
89.00 114.00 42.00 37.00
88.00 113.00 42.00 37.00
88.00 114.00 42.00 37.00
89.00 115.00 42.00 37.00
89.00 115.00 42.00 37.00
89.00 114.00 42.00 37.00
89.00 113.00 42.00 37.00
89.00 113.00 42.00 37.00
89.00 114.00 42.00 37.00
90.00 114.00 42.00 37.00
90.00 114.00 42.00 37.00
90.00 113.00 42.00 37.00
90.00 114.00 42.00 37.00
91.00 114.00 42.00 37.00
91.00 114.00 42.00 37.00
91.00 115.00 41.00 37.00
91.00 115.00 41.00 37.00
91.00 114.00 42.00 37.00
92.00 114.00 42.00 37.00
92.00 114.00 42.00 37.00
92.00 114.00 42.00 37.00
93.00 114.00 42.00 37.00
93.00 114.00 42.00 37.00
93.00 114.00 42.00 37.00
93.00 114.00 42.00 37.00
93.00 115.00 42.00 37.00
93.00 115.00 42.00 37.00
93.00 115.00 42.00 37.00
93.00 115.00 41.00 37.00
93.00 114.00 41.00 37.00
94.00 114.00 41.00 37.00
94.00 115.00 41.00 37.00
94.00 114.00 41.00 37.00
94.00 115.00 41.00 37.00
94.00 115.00 41.00 37.00
94.00 114.00 41.00 37.00
95.00 115.00 41.00 37.00
95.00 116.00 41.00 37.00
95.00 116.00 41.00 37.00
95.00 115.00 41.00 36.00
95.00 114.00 41.00 37.00
95.00 114.00 41.00 37.00
96.00 115.00 41.00 37.00
96.00 115.00 41.00 37.00
95.00 114.00 41.00 37.00
96.00 115.00 41.00 37.00
96.00 115.00 41.00 37.00
96.00 115.00 41.00 36.00
96.00 115.00 41.00 36.00
96.00 115.00 41.00 36.00
96.00 116.00 41.00 36.00
96.00 116.00 41.00 36.00
97.00 115.00 41.00 36.00
97.00 114.00 41.00 36.00
97.00 115.00 41.00 36.00
98.00 116.00 41.00 36.00
98.00 116.00 41.00 36.00
97.00 116.00 41.00 36.00
97.00 114.00 41.00 37.00
98.00 114.00 41.00 37.00
98.00 115.00 41.00 36.00
98.00 115.00 41.00 36.00
99.00 115.00 41.00 37.00
99.00 115.00 41.00 37.00
99.00 116.00 41.00 37.00
99.00 115.00 41.00 37.00
99.00 116.00 41.00 37.00
99.00 116.00 41.00 37.00
100.00 116.00 41.00 37.00
100.00 116.00 41.00 37.00
100.00 115.00 41.00 36.00
100.00 114.00 41.00 36.00
101.00 117.00 41.00 36.00
101.00 116.00 41.00 36.00
101.00 116.00 41.00 36.00
101.00 115.00 41.00 36.00
101.00 114.00 41.00 36.00
101.00 115.00 41.00 36.00
101.00 116.00 41.00 36.00
101.00 116.00 41.00 36.00
101.00 115.00 41.00 36.00
101.00 115.00 41.00 36.00
100.00 115.00 41.00 36.00
100.00 115.00 41.00 36.00
101.00 115.00 41.00 36.00
101.00 116.00 41.00 36.00
101.00 116.00 41.00 36.00
100.00 115.00 41.00 36.00
100.00 114.00 41.00 36.00
100.00 115.00 41.00 36.00
100.00 116.00 41.00 36.00
100.00 115.00 41.00 36.00
100.00 115.00 41.00 36.00
100.00 116.00 41.00 36.00
100.00 116.00 41.00 36.00
99.00 116.00 41.00 36.00
99.00 116.00 41.00 36.00
99.00 116.00 41.00 37.00
99.00 116.00 41.00 37.00
99.00 116.00 41.00 37.00
99.00 116.00 41.00 37.00
99.00 116.00 41.00 37.00
98.00 115.00 41.00 36.00
99.00 116.00 41.00 37.00
98.00 116.00 41.00 37.00
98.00 116.00 41.00 37.00
98.00 116.00 41.00 37.00
98.00 117.00 41.00 36.00
98.00 116.00 40.00 36.00
98.00 116.00 40.00 36.00
98.00 115.00 40.00 36.00
99.00 116.00 40.00 36.00
98.00 116.00 40.00 36.00
98.00 116.00 41.00 36.00
97.00 115.00 41.00 36.00
97.00 115.00 40.00 36.00
98.00 117.00 40.00 35.00
98.00 118.00 40.00 35.00
97.00 117.00 39.00 35.00
98.00 118.00 39.00 35.00
98.00 118.00 39.00 35.00
98.00 117.00 39.00 35.00
98.00 117.00 39.00 35.00
99.00 117.00 39.00 35.00
98.00 118.00 39.00 35.00
99.00 118.00 40.00 35.00
99.00 117.00 40.00 35.00
98.00 117.00 40.00 35.00
98.00 117.00 40.00 35.00
98.00 117.00 40.00 35.00
98.00 117.00 40.00 35.00
98.00 117.00 40.00 35.00
98.00 117.00 40.00 35.00
97.00 116.00 40.00 35.00
97.00 117.00 40.00 35.00
98.00 116.00 40.00 35.00
97.00 117.00 40.00 35.00
97.00 117.00 40.00 35.00
97.00 117.00 40.00 35.00
97.00 116.00 40.00 35.00
97.00 116.00 40.00 35.00
97.00 118.00 40.00 36.00
97.00 118.00 40.00 36.00
97.00 117.00 40.00 35.00
97.00 116.00 40.00 36.00
97.00 116.00 40.00 36.00
97.00 117.00 40.00 36.00
97.00 116.00 41.00 36.00
97.00 116.00 41.00 36.00
97.00 117.00 41.00 36.00
97.00 117.00 41.00 36.00
97.00 117.00 41.00 36.00
97.00 117.00 41.00 36.00
97.00 116.00 41.00 36.00
97.00 117.00 41.00 36.00
97.00 117.00 41.00 36.00
97.00 117.00 41.00 36.00
97.00 117.00 41.00 36.00
97.00 117.00 41.00 36.00
97.00 117.00 41.00 36.00
97.00 116.00 41.00 36.00
97.00 116.00 41.00 36.00
97.00 116.00 41.00 36.00
97.00 117.00 41.00 36.00
97.00 117.00 41.00 36.00
97.00 117.00 41.00 36.00
97.00 117.00 41.00 36.00
97.00 117.00 41.00 36.00
97.00 117.00 41.00 36.00
97.00 117.00 41.00 37.00
97.00 118.00 41.00 37.00
97.00 118.00 41.00 37.00
97.00 118.00 41.00 37.00
96.00 118.00 41.00 37.00
96.00 118.00 41.00 37.00
97.00 120.00 41.00 37.00
96.00 119.00 41.00 37.00
96.00 119.00 41.00 37.00
96.00 118.00 41.00 36.00
97.00 117.00 41.00 37.00
96.00 117.00 41.00 37.00
96.00 117.00 41.00 37.00
96.00 117.00 41.00 37.00
96.00 117.00 42.00 37.00
96.00 118.00 42.00 37.00
96.00 118.00 42.00 37.00
95.00 119.00 42.00 37.00
95.00 118.00 42.00 37.00
96.00 118.00 42.00 37.00
95.00 117.00 42.00 37.00
95.00 117.00 42.00 37.00
95.00 116.00 42.00 37.00
96.00 117.00 42.00 38.00
95.00 117.00 42.00 38.00
95.00 117.00 43.00 38.00
95.00 116.00 42.00 38.00
95.00 116.00 43.00 38.00
95.00 116.00 43.00 38.00
96.00 117.00 43.00 38.00
95.00 115.00 43.00 38.00
95.00 116.00 43.00 38.00
96.00 116.00 43.00 38.00
96.00 116.00 43.00 39.00
95.00 115.00 43.00 38.00
95.00 115.00 43.00 38.00
96.00 116.00 43.00 39.00
95.00 115.00 43.00 39.00
95.00 115.00 44.00 39.00
95.00 116.00 44.00 39.00
95.00 116.00 43.00 38.00
96.00 116.00 43.00 38.00
96.00 116.00 43.00 39.00
95.00 114.00 43.00 39.00
96.00 115.00 43.00 39.00
96.00 115.00 44.00 39.00
96.00 114.00 44.00 39.00
96.00 114.00 44.00 39.00
96.00 115.00 44.00 39.00
96.00 114.00 44.00 39.00
96.00 114.00 44.00 39.00
97.00 114.00 44.00 39.00
97.00 114.00 44.00 39.00
98.00 115.00 44.00 39.00
98.00 115.00 44.00 39.00
98.00 114.00 44.00 39.00
98.00 115.00 44.00 39.00
98.00 115.00 44.00 39.00
98.00 115.00 44.00 39.00
98.00 115.00 44.00 39.00
98.00 115.00 44.00 39.00
99.00 115.00 44.00 39.00
100.00 116.00 44.00 39.00
100.00 116.00 44.00 39.00
100.00 116.00 44.00 39.00
100.00 116.00 45.00 40.00
100.00 116.00 44.00 39.00
101.00 116.00 44.00 39.00
100.00 117.00 45.00 40.00
100.00 116.00 44.00 40.00
100.00 116.00 44.00 39.00
101.00 117.00 44.00 39.00
101.00 116.00 44.00 39.00
101.00 116.00 45.00 40.00
101.00 116.00 44.00 39.00
102.00 117.00 44.00 39.00
101.00 115.00 45.00 40.00
101.00 115.00 44.00 40.00
101.00 115.00 44.00 39.00
102.00 115.00 45.00 40.00
101.00 114.00 44.00 40.00
101.00 114.00 44.00 39.00
102.00 115.00 45.00 40.00
102.00 115.00 45.00 40.00
102.00 115.00 45.00 40.00
102.00 114.00 45.00 40.00
102.00 114.00 45.00 40.00
102.00 114.00 45.00 40.00
102.00 115.00 45.00 40.00
102.00 114.00 45.00 40.00
102.00 114.00 45.00 40.00
102.00 114.00 45.00 40.00
103.00 114.00 45.00 40.00
103.00 114.00 45.00 40.00
103.00 114.00 45.00 40.00
102.00 114.00 45.00 40.00
102.00 115.00 45.00 40.00
102.00 115.00 45.00 40.00
102.00 116.00 45.00 40.00
102.00 117.00 45.00 40.00
102.00 116.00 45.00 40.00
101.00 117.00 45.00 40.00
101.00 116.00 45.00 40.00
101.00 117.00 45.00 40.00
101.00 117.00 45.00 40.00
100.00 117.00 45.00 40.00
100.00 117.00 45.00 40.00
99.00 117.00 45.00 40.00
99.00 118.00 45.00 40.00
99.00 119.00 45.00 40.00
98.00 118.00 45.00 40.00
98.00 117.00 45.00 40.00
96.00 118.00 45.00 40.00
96.00 118.00 45.00 40.00
95.00 118.00 45.00 40.00
94.00 118.00 45.00 40.00
94.00 118.00 45.00 40.00
94.00 119.00 45.00 40.00
94.00 119.00 46.00 40.00
93.00 117.00 45.00 40.00
93.00 118.00 45.00 40.00
93.00 118.00 45.00 40.00
92.00 118.00 45.00 40.00
92.00 118.00 45.00 40.00
91.00 118.00 45.00 40.00
91.00 118.00 45.00 40.00
91.00 118.00 46.00 41.00
90.00 118.00 46.00 41.00
90.00 117.00 45.00 40.00
90.00 118.00 46.00 41.00
90.00 117.00 45.00 40.00
90.00 118.00 46.00 41.00
89.00 117.00 46.00 40.00
89.00 117.00 46.00 41.00
89.00 117.00 46.00 41.00
88.00 117.00 46.00 41.00
88.00 117.00 46.00 41.00
88.00 117.00 46.00 41.00
88.00 117.00 46.00 41.00
88.00 117.00 46.00 41.00
87.00 116.00 46.00 41.00
87.00 116.00 46.00 41.00
87.00 117.00 46.00 41.00
87.00 116.00 46.00 41.00
87.00 116.00 46.00 41.00
86.00 115.00 46.00 41.00
87.00 116.00 46.00 41.00
86.00 116.00 46.00 41.00
86.00 117.00 46.00 41.00
86.00 116.00 46.00 41.00
86.00 116.00 46.00 41.00
86.00 115.00 46.00 41.00
86.00 116.00 46.00 41.00
86.00 117.00 46.00 41.00
86.00 117.00 46.00 41.00
85.00 117.00 46.00 41.00
86.00 117.00 46.00 41.00
86.00 117.00 46.00 41.00
86.00 116.00 46.00 41.00
86.00 116.00 46.00 41.00
86.00 117.00 46.00 41.00
86.00 118.00 46.00 41.00
86.00 117.00 46.00 41.00
86.00 117.00 46.00 41.00
86.00 119.00 46.00 41.00
86.00 119.00 46.00 41.00
86.00 120.00 46.00 41.00
86.00 120.00 46.00 41.00
86.00 120.00 46.00 41.00
87.00 119.00 47.00 41.00
87.00 119.00 46.00 41.00
87.00 119.00 47.00 41.00
87.00 120.00 46.00 41.00
87.00 120.00 46.00 41.00
87.00 120.00 46.00 41.00
87.00 119.00 46.00 41.00
87.00 119.00 46.00 41.00
87.00 120.00 47.00 41.00
87.00 121.00 46.00 41.00
87.00 120.00 47.00 42.00
87.00 119.00 46.00 41.00
87.00 118.00 47.00 42.00
87.00 118.00 47.00 41.00
87.00 118.00 47.00 42.00
86.00 118.00 47.00 42.00
87.00 117.00 47.00 41.00
86.00 117.00 47.00 41.00
87.00 118.00 46.00 41.00
86.00 118.00 47.00 42.00
86.00 118.00 46.00 41.00
87.00 118.00 47.00 41.00
86.00 118.00 47.00 42.00
86.00 118.00 46.00 41.00
86.00 118.00 47.00 41.00
86.00 117.00 47.00 42.00
86.00 118.00 47.00 41.00
85.00 117.00 47.00 42.00
85.00 116.00 47.00 42.00
85.00 116.00 47.00 41.00
85.00 116.00 47.00 42.00
85.00 117.00 47.00 42.00
85.00 117.00 47.00 42.00
85.00 117.00 47.00 42.00
85.00 117.00 47.00 42.00
85.00 117.00 47.00 42.00
85.00 117.00 47.00 42.00
84.00 117.00 47.00 42.00
84.00 117.00 47.00 42.00
84.00 117.00 47.00 42.00
84.00 116.00 47.00 42.00
84.00 116.00 47.00 42.00
83.00 117.00 47.00 42.00
84.00 117.00 47.00 42.00
84.00 116.00 47.00 42.00
83.00 116.00 47.00 42.00
83.00 116.00 47.00 42.00
83.00 116.00 47.00 42.00
83.00 117.00 47.00 42.00
83.00 116.00 47.00 42.00
83.00 116.00 47.00 42.00
82.00 116.00 47.00 42.00
82.00 115.00 47.00 42.00
83.00 116.00 47.00 42.00
82.00 115.00 47.00 42.00
82.00 115.00 47.00 42.00
82.00 116.00 47.00 42.00
82.00 115.00 47.00 42.00
82.00 115.00 47.00 42.00
82.00 114.00 47.00 42.00
82.00 116.00 47.00 42.00
81.00 116.00 47.00 42.00
81.00 116.00 47.00 42.00
81.00 116.00 48.00 42.00
81.00 116.00 48.00 42.00
81.00 116.00 48.00 42.00
81.00 116.00 48.00 42.00
81.00 116.00 48.00 42.00
81.00 115.00 48.00 42.00
81.00 116.00 48.00 43.00
81.00 116.00 48.00 42.00
80.00 116.00 48.00 42.00
81.00 116.00 48.00 42.00
80.00 116.00 48.00 42.00
80.00 116.00 48.00 42.00
80.00 117.00 48.00 42.00
80.00 116.00 48.00 43.00
80.00 117.00 48.00 43.00
81.00 117.00 48.00 43.00
80.00 116.00 48.00 43.00
81.00 116.00 48.00 43.00
80.00 115.00 48.00 43.00
81.00 116.00 48.00 43.00
80.00 116.00 48.00 43.00
81.00 117.00 48.00 43.00
81.00 117.00 48.00 43.00
81.00 117.00 48.00 43.00
81.00 117.00 48.00 43.00
81.00 117.00 48.00 43.00
82.00 117.00 48.00 43.00
82.00 118.00 48.00 43.00
82.00 118.00 48.00 43.00
82.00 117.00 48.00 43.00
81.00 116.00 48.00 43.00
82.00 116.00 48.00 43.00
82.00 116.00 48.00 43.00
82.00 116.00 48.00 43.00
82.00 116.00 48.00 43.00
82.00 116.00 48.00 43.00
82.00 116.00 48.00 43.00
82.00 116.00 48.00 43.00
82.00 117.00 48.00 43.00
82.00 116.00 48.00 43.00
82.00 116.00 48.00 43.00
83.00 116.00 48.00 43.00
82.00 115.00 48.00 43.00
82.00 115.00 48.00 43.00
82.00 116.00 48.00 43.00
82.00 116.00 48.00 43.00
82.00 117.00 48.00 43.00
83.00 118.00 48.00 43.00
83.00 118.00 48.00 43.00
83.00 119.00 48.00 43.00
83.00 118.00 48.00 43.00
82.00 117.00 48.00 43.00
82.00 116.00 48.00 43.00
82.00 116.00 48.00 43.00
82.00 117.00 48.00 43.00
82.00 117.00 48.00 43.00
82.00 117.00 48.00 43.00
82.00 117.00 48.00 43.00
82.00 117.00 48.00 43.00
82.00 117.00 48.00 43.00
82.00 118.00 48.00 43.00
82.00 117.00 48.00 43.00
81.00 117.00 48.00 43.00
81.00 118.00 48.00 43.00
81.00 117.00 49.00 43.00
82.00 117.00 48.00 43.00
82.00 118.00 49.00 43.00
81.00 118.00 49.00 43.00
81.00 116.00 49.00 43.00
82.00 116.00 48.00 43.00
81.00 116.00 49.00 43.00
81.00 117.00 49.00 43.00
81.00 117.00 49.00 43.00
81.00 117.00 48.00 43.00
81.00 117.00 49.00 43.00
81.00 117.00 48.00 43.00
81.00 117.00 49.00 43.00
81.00 117.00 48.00 43.00
81.00 117.00 49.00 43.00
81.00 118.00 48.00 43.00
81.00 118.00 49.00 43.00
81.00 117.00 49.00 43.00
81.00 116.00 49.00 43.00
82.00 118.00 49.00 43.00
82.00 119.00 49.00 43.00
82.00 119.00 49.00 43.00
82.00 119.00 48.00 43.00
82.00 118.00 49.00 43.00
82.00 118.00 48.00 43.00
82.00 119.00 48.00 43.00
82.00 119.00 48.00 43.00
82.00 119.00 48.00 43.00
82.00 119.00 49.00 43.00
82.00 119.00 48.00 43.00
82.00 119.00 48.00 43.00
82.00 119.00 48.00 43.00
82.00 118.00 48.00 43.00
82.00 118.00 48.00 43.00
83.00 119.00 48.00 43.00
83.00 119.00 49.00 43.00
83.00 118.00 49.00 43.00
83.00 118.00 49.00 43.00
83.00 119.00 49.00 43.00
83.00 118.00 49.00 43.00
83.00 117.00 49.00 43.00
84.00 116.00 48.00 43.00
84.00 117.00 48.00 43.00
84.00 117.00 48.00 43.00
84.00 118.00 48.00 43.00
84.00 117.00 48.00 43.00
84.00 118.00 48.00 43.00
84.00 118.00 48.00 43.00
85.00 118.00 48.00 43.00
85.00 118.00 48.00 43.00
85.00 118.00 48.00 43.00
85.00 117.00 48.00 43.00
85.00 116.00 48.00 43.00
85.00 116.00 48.00 43.00
85.00 116.00 48.00 43.00
85.00 117.00 48.00 43.00
85.00 118.00 48.00 43.00
85.00 117.00 48.00 43.00
85.00 118.00 48.00 43.00
85.00 118.00 48.00 43.00
86.00 119.00 48.00 43.00
85.00 119.00 48.00 43.00
85.00 118.00 48.00 43.00
85.00 118.00 48.00 43.00
85.00 118.00 48.00 43.00
86.00 119.00 48.00 43.00
86.00 118.00 48.00 43.00
86.00 118.00 48.00 43.00
86.00 118.00 48.00 43.00
86.00 118.00 48.00 43.00
87.00 118.00 48.00 43.00
87.00 119.00 48.00 43.00
87.00 119.00 49.00 43.00
87.00 120.00 49.00 43.00
87.00 119.00 49.00 43.00
87.00 119.00 49.00 43.00
87.00 118.00 49.00 43.00
87.00 118.00 49.00 43.00
87.00 118.00 49.00 43.00
88.00 118.00 49.00 43.00
88.00 118.00 49.00 43.00
88.00 118.00 48.00 43.00
88.00 118.00 48.00 43.00
88.00 117.00 48.00 43.00
88.00 117.00 48.00 43.00
87.00 117.00 48.00 43.00
88.00 118.00 48.00 43.00
88.00 118.00 48.00 43.00
88.00 117.00 48.00 43.00
88.00 117.00 49.00 43.00
88.00 117.00 48.00 43.00
88.00 117.00 49.00 43.00
88.00 117.00 49.00 43.00
88.00 117.00 48.00 43.00
88.00 118.00 48.00 43.00
88.00 118.00 49.00 43.00
88.00 118.00 49.00 43.00
88.00 118.00 49.00 43.00
88.00 118.00 49.00 43.00
88.00 118.00 49.00 43.00
88.00 117.00 49.00 43.00
87.00 117.00 49.00 43.00
87.00 117.00 49.00 43.00
87.00 117.00 49.00 43.00
87.00 117.00 49.00 43.00
87.00 117.00 49.00 43.00
87.00 117.00 48.00 43.00
87.00 118.00 48.00 43.00
87.00 118.00 49.00 43.00
87.00 118.00 49.00 43.00
87.00 118.00 49.00 43.00
87.00 118.00 48.00 43.00
87.00 118.00 48.00 43.00
86.00 118.00 48.00 43.00
86.00 118.00 48.00 43.00
86.00 117.00 48.00 43.00
86.00 118.00 48.00 43.00
86.00 117.00 48.00 43.00
86.00 118.00 48.00 43.00
86.00 119.00 48.00 43.00
86.00 118.00 48.00 43.00
86.00 118.00 48.00 43.00
86.00 118.00 48.00 43.00
86.00 117.00 48.00 43.00
86.00 117.00 48.00 43.00
85.00 118.00 48.00 43.00
86.00 118.00 48.00 43.00
85.00 118.00 48.00 43.00
86.00 118.00 48.00 43.00
86.00 118.00 48.00 43.00
86.00 119.00 49.00 43.00
86.00 119.00 48.00 43.00
85.00 118.00 48.00 43.00
85.00 118.00 48.00 43.00
85.00 118.00 48.00 43.00
85.00 118.00 48.00 43.00
85.00 118.00 48.00 43.00
85.00 118.00 48.00 43.00
85.00 118.00 48.00 43.00
85.00 119.00 48.00 43.00
85.00 118.00 49.00 43.00
85.00 118.00 49.00 43.00
85.00 119.00 49.00 43.00
85.00 120.00 49.00 43.00
85.00 119.00 49.00 43.00
85.00 119.00 49.00 43.00
85.00 117.00 49.00 43.00
85.00 118.00 49.00 43.00
85.00 118.00 49.00 43.00
85.00 117.00 49.00 43.00
85.00 118.00 49.00 43.00
85.00 117.00 49.00 43.00
85.00 118.00 49.00 43.00
85.00 117.00 49.00 43.00
85.00 118.00 49.00 43.00
85.00 118.00 49.00 43.00
85.00 119.00 49.00 44.00
85.00 118.00 49.00 43.00
85.00 117.00 48.00 43.00
85.00 117.00 48.00 43.00
84.00 117.00 48.00 43.00
85.00 117.00 48.00 43.00
85.00 117.00 48.00 43.00
85.00 117.00 48.00 43.00
85.00 117.00 48.00 43.00
85.00 118.00 48.00 43.00
85.00 118.00 48.00 43.00
85.00 117.00 48.00 43.00
85.00 116.00 48.00 43.00
85.00 117.00 48.00 43.00
85.00 117.00 48.00 43.00
85.00 117.00 48.00 43.00
85.00 117.00 48.00 43.00
85.00 116.00 48.00 43.00
85.00 116.00 48.00 43.00
85.00 115.00 48.00 43.00
85.00 114.00 49.00 43.00
85.00 115.00 49.00 43.00
84.00 114.00 48.00 43.00
84.00 115.00 49.00 43.00
84.00 116.00 49.00 43.00
84.00 116.00 49.00 43.00
84.00 117.00 49.00 43.00
83.00 117.00 48.00 43.00
84.00 117.00 49.00 43.00
83.00 117.00 48.00 43.00
84.00 117.00 49.00 43.00
83.00 117.00 49.00 43.00
83.00 116.00 49.00 43.00
83.00 116.00 49.00 43.00
83.00 116.00 49.00 43.00
83.00 117.00 49.00 43.00
82.00 117.00 49.00 43.00
82.00 117.00 49.00 43.00
82.00 117.00 49.00 43.00
81.00 117.00 49.00 43.00
81.00 117.00 49.00 43.00
81.00 117.00 49.00 43.00
81.00 116.00 49.00 43.00
81.00 117.00 49.00 43.00
81.00 117.00 49.00 43.00
80.00 116.00 49.00 43.00
80.00 116.00 48.00 43.00
80.00 115.00 48.00 43.00
79.00 115.00 48.00 43.00
79.00 116.00 48.00 43.00
79.00 117.00 48.00 43.00
79.00 116.00 48.00 43.00
79.00 116.00 48.00 43.00
79.00 115.00 48.00 43.00
78.00 115.00 48.00 43.00
78.00 116.00 48.00 43.00
77.00 117.00 48.00 43.00
77.00 118.00 48.00 43.00
77.00 119.00 48.00 43.00
76.00 118.00 48.00 43.00
76.00 118.00 48.00 43.00
76.00 118.00 48.00 43.00
75.00 116.00 48.00 43.00
75.00 116.00 48.00 42.00
74.00 116.00 48.00 43.00
74.00 116.00 48.00 43.00
74.00 117.00 48.00 43.00
73.00 117.00 48.00 43.00
73.00 118.00 48.00 43.00
73.00 118.00 48.00 43.00
72.00 118.00 48.00 43.00
71.00 117.00 48.00 43.00
71.00 118.00 48.00 43.00
71.00 119.00 48.00 43.00
71.00 118.00 48.00 43.00
70.00 117.00 48.00 43.00
70.00 116.00 48.00 43.00
69.00 116.00 48.00 43.00
69.00 116.00 48.00 43.00
69.00 116.00 48.00 43.00
69.00 116.00 48.00 43.00
68.00 115.00 48.00 43.00
68.00 115.00 48.00 43.00
67.00 115.00 48.00 43.00
67.00 114.00 48.00 43.00
66.00 115.00 48.00 43.00
66.00 115.00 48.00 43.00
66.00 115.00 48.00 43.00
65.00 114.00 48.00 43.00
65.00 114.00 48.00 43.00
64.00 114.00 48.00 42.00
64.00 114.00 48.00 42.00
64.00 114.00 48.00 42.00
63.00 113.00 48.00 42.00
63.00 112.00 48.00 43.00
63.00 112.00 48.00 43.00
63.00 112.00 48.00 43.00
63.00 113.00 48.00 43.00
63.00 113.00 48.00 43.00
63.00 114.00 48.00 43.00
62.00 114.00 48.00 42.00
62.00 112.00 48.00 43.00
61.00 112.00 48.00 43.00
62.00 112.00 48.00 43.00
62.00 113.00 48.00 43.00
62.00 111.00 48.00 43.00
61.00 112.00 48.00 43.00
61.00 113.00 48.00 43.00
61.00 113.00 48.00 42.00
60.00 113.00 48.00 42.00
60.00 112.00 48.00 42.00
60.00 111.00 48.00 42.00
59.00 111.00 48.00 43.00
60.00 112.00 48.00 42.00
59.00 112.00 48.00 42.00
59.00 111.00 47.00 42.00
60.00 112.00 47.00 42.00
59.00 112.00 47.00 42.00
59.00 111.00 47.00 42.00
59.00 111.00 47.00 42.00
58.00 111.00 47.00 42.00
58.00 111.00 47.00 42.00
58.00 111.00 47.00 42.00
58.00 110.00 47.00 42.00
58.00 111.00 47.00 42.00
58.00 112.00 47.00 42.00
58.00 112.00 47.00 42.00
57.00 112.00 47.00 42.00
58.00 112.00 47.00 42.00
58.00 112.00 47.00 42.00
57.00 112.00 47.00 41.00
57.00 112.00 47.00 42.00
57.00 112.00 47.00 42.00
57.00 112.00 47.00 42.00
57.00 112.00 47.00 42.00
56.00 112.00 47.00 42.00
56.00 112.00 47.00 41.00
56.00 112.00 47.00 42.00
56.00 112.00 47.00 41.00
56.00 112.00 47.00 41.00
55.00 111.00 47.00 41.00
55.00 111.00 47.00 41.00
55.00 112.00 47.00 41.00
55.00 112.00 46.00 41.00
55.00 112.00 46.00 41.00
54.00 112.00 46.00 41.00
54.00 112.00 46.00 41.00
54.00 112.00 46.00 41.00
54.00 112.00 46.00 41.00
54.00 112.00 46.00 41.00
53.00 112.00 46.00 41.00
53.00 112.00 46.00 41.00
53.00 113.00 46.00 41.00
53.00 112.00 46.00 41.00
53.00 112.00 46.00 41.00
53.00 112.00 46.00 41.00
52.00 112.00 46.00 41.00
52.00 112.00 46.00 40.00
52.00 113.00 46.00 40.00
52.00 113.00 45.00 40.00
52.00 114.00 45.00 40.00
53.00 114.00 45.00 40.00
52.00 114.00 45.00 40.00
53.00 114.00 45.00 40.00
52.00 114.00 45.00 40.00
52.00 114.00 45.00 40.00
52.00 114.00 45.00 40.00
52.00 114.00 45.00 40.00
51.00 114.00 45.00 40.00
51.00 114.00 45.00 40.00
52.00 114.00 45.00 40.00
52.00 114.00 45.00 40.00
52.00 114.00 45.00 40.00
51.00 114.00 45.00 40.00
51.00 114.00 45.00 40.00
51.00 113.00 45.00 40.00
51.00 113.00 45.00 40.00
51.00 114.00 45.00 40.00
52.00 114.00 44.00 39.00
51.00 114.00 44.00 39.00
51.00 114.00 44.00 39.00
50.00 113.00 44.00 39.00
52.00 113.00 44.00 39.00
51.00 113.00 44.00 39.00
52.00 112.00 44.00 39.00
51.00 112.00 44.00 39.00
52.00 112.00 44.00 39.00
52.00 112.00 44.00 39.00
52.00 112.00 44.00 39.00
52.00 113.00 44.00 39.00
52.00 112.00 44.00 39.00
52.00 111.00 44.00 39.00
52.00 111.00 44.00 39.00
52.00 111.00 44.00 39.00
52.00 111.00 44.00 39.00
52.00 113.00 44.00 39.00
53.00 113.00 44.00 39.00
53.00 113.00 44.00 39.00
53.00 112.00 44.00 39.00
53.00 112.00 43.00 39.00
53.00 112.00 44.00 39.00
53.00 113.00 43.00 39.00
53.00 113.00 43.00 39.00
54.00 114.00 43.00 38.00
54.00 114.00 43.00 38.00
54.00 114.00 43.00 38.00
54.00 114.00 43.00 38.00
54.00 114.00 43.00 38.00
54.00 114.00 43.00 39.00
54.00 114.00 43.00 38.00
54.00 115.00 43.00 39.00
53.00 114.00 43.00 39.00
54.00 115.00 43.00 38.00
54.00 115.00 43.00 38.00
54.00 115.00 43.00 38.00
54.00 115.00 43.00 38.00
54.00 115.00 43.00 38.00
54.00 115.00 43.00 38.00
54.00 115.00 43.00 38.00
54.00 115.00 43.00 38.00
54.00 115.00 43.00 38.00
53.00 114.00 43.00 38.00
54.00 114.00 43.00 38.00
54.00 114.00 43.00 38.00
54.00 114.00 43.00 38.00
54.00 114.00 43.00 38.00
54.00 115.00 43.00 38.00
54.00 114.00 43.00 38.00
54.00 113.00 43.00 38.00
54.00 113.00 43.00 38.00
55.00 114.00 43.00 38.00
55.00 114.00 43.00 38.00
55.00 114.00 43.00 38.00
55.00 114.00 43.00 38.00
55.00 114.00 42.00 38.00
55.00 114.00 42.00 38.00
55.00 114.00 43.00 38.00
55.00 114.00 43.00 38.00
56.00 114.00 43.00 38.00
56.00 114.00 43.00 38.00
56.00 114.00 43.00 38.00
56.00 114.00 43.00 38.00
56.00 114.00 43.00 38.00
56.00 114.00 43.00 38.00
56.00 114.00 43.00 38.00
56.00 114.00 43.00 38.00
56.00 114.00 43.00 38.00
57.00 114.00 43.00 38.00
57.00 114.00 43.00 38.00
57.00 115.00 43.00 38.00
57.00 115.00 43.00 38.00
57.00 114.00 43.00 38.00
57.00 113.00 43.00 38.00
57.00 112.00 43.00 38.00
57.00 113.00 43.00 38.00
57.00 113.00 43.00 38.00
57.00 114.00 43.00 38.00
57.00 113.00 43.00 38.00
57.00 113.00 43.00 38.00
58.00 113.00 43.00 38.00
58.00 113.00 43.00 38.00
58.00 114.00 43.00 38.00
57.00 114.00 43.00 38.00
58.00 113.00 43.00 38.00
58.00 112.00 43.00 38.00
58.00 112.00 43.00 38.00
58.00 113.00 43.00 38.00
58.00 113.00 43.00 38.00
58.00 113.00 43.00 38.00
58.00 113.00 43.00 38.00
59.00 113.00 43.00 38.00
59.00 113.00 43.00 38.00
59.00 113.00 43.00 38.00
59.00 113.00 43.00 38.00
59.00 113.00 43.00 38.00
60.00 114.00 43.00 38.00
60.00 113.00 43.00 38.00
60.00 114.00 43.00 38.00
60.00 114.00 43.00 38.00
60.00 114.00 43.00 38.00
60.00 114.00 43.00 38.00
60.00 114.00 43.00 38.00
60.00 113.00 43.00 38.00
60.00 114.00 43.00 38.00
60.00 114.00 43.00 38.00
60.00 114.00 43.00 38.00
60.00 114.00 43.00 38.00
59.00 113.00 43.00 38.00
60.00 113.00 43.00 38.00
59.00 113.00 43.00 38.00
59.00 113.00 43.00 38.00
60.00 112.00 43.00 38.00
59.00 112.00 43.00 38.00
59.00 111.00 43.00 38.00
59.00 112.00 43.00 38.00
59.00 112.00 43.00 38.00
59.00 112.00 43.00 38.00
59.00 112.00 43.00 38.00
59.00 112.00 43.00 38.00
59.00 111.00 43.00 38.00
59.00 112.00 43.00 38.00
59.00 113.00 43.00 38.00
59.00 113.00 43.00 38.00
59.00 114.00 43.00 38.00
58.00 114.00 43.00 38.00
58.00 114.00 43.00 38.00
59.00 114.00 43.00 38.00
59.00 114.00 43.00 38.00
59.00 114.00 43.00 38.00
59.00 113.00 42.00 38.00
58.00 112.00 43.00 38.00
58.00 112.00 43.00 38.00
59.00 113.00 43.00 38.00
58.00 112.00 43.00 38.00
59.00 112.00 43.00 38.00
59.00 111.00 43.00 38.00
59.00 111.00 43.00 38.00
59.00 111.00 43.00 38.00
59.00 111.00 43.00 38.00
58.00 112.00 43.00 38.00
58.00 112.00 43.00 38.00
58.00 112.00 43.00 38.00
58.00 112.00 43.00 38.00
58.00 113.00 43.00 38.00
58.00 113.00 43.00 38.00
58.00 114.00 43.00 38.00
58.00 114.00 43.00 38.00
58.00 114.00 43.00 38.00
58.00 114.00 43.00 38.00
59.00 115.00 43.00 39.00
58.00 114.00 44.00 39.00
58.00 114.00 44.00 39.00
58.00 114.00 44.00 39.00
60.00 114.00 43.00 38.00
59.00 114.00 43.00 39.00
59.00 114.00 43.00 38.00
59.00 114.00 43.00 39.00
59.00 114.00 43.00 38.00
59.00 114.00 43.00 38.00
59.00 114.00 43.00 38.00
58.00 114.00 43.00 38.00
58.00 114.00 43.00 38.00
58.00 114.00 43.00 38.00
58.00 114.00 43.00 38.00
59.00 115.00 43.00 38.00
59.00 115.00 43.00 38.00
59.00 115.00 43.00 39.00
58.00 115.00 43.00 38.00
59.00 116.00 43.00 38.00
59.00 116.00 43.00 38.00
60.00 116.00 43.00 38.00
59.00 115.00 43.00 38.00
60.00 115.00 43.00 38.00
59.00 116.00 43.00 38.00
60.00 116.00 43.00 38.00
60.00 115.00 43.00 38.00
61.00 115.00 43.00 38.00
61.00 115.00 43.00 38.00
61.00 114.00 43.00 38.00
61.00 115.00 43.00 39.00
60.00 113.00 43.00 39.00
60.00 114.00 43.00 39.00
60.00 113.00 44.00 39.00
60.00 113.00 44.00 39.00
61.00 113.00 44.00 39.00
61.00 114.00 44.00 39.00
61.00 114.00 44.00 39.00
62.00 114.00 44.00 39.00
61.00 115.00 44.00 39.00
62.00 115.00 44.00 39.00
62.00 115.00 44.00 39.00
62.00 115.00 44.00 39.00
61.00 114.00 44.00 39.00
61.00 114.00 44.00 39.00
61.00 114.00 44.00 39.00
61.00 114.00 44.00 39.00
61.00 114.00 44.00 39.00
61.00 113.00 44.00 39.00
61.00 114.00 44.00 39.00
61.00 113.00 44.00 39.00
61.00 113.00 44.00 40.00
60.00 113.00 45.00 40.00
61.00 113.00 44.00 39.00
61.00 114.00 44.00 39.00
61.00 114.00 44.00 39.00
60.00 114.00 44.00 39.00
61.00 114.00 44.00 39.00
60.00 114.00 44.00 39.00
60.00 114.00 45.00 40.00
60.00 114.00 45.00 40.00
60.00 113.00 45.00 40.00
60.00 112.00 45.00 40.00
60.00 114.00 45.00 40.00
60.00 114.00 45.00 40.00
60.00 114.00 45.00 40.00
60.00 114.00 45.00 40.00
60.00 115.00 45.00 40.00
60.00 114.00 45.00 40.00
60.00 115.00 45.00 40.00
60.00 115.00 45.00 40.00
60.00 115.00 45.00 40.00
60.00 115.00 45.00 40.00
60.00 115.00 45.00 40.00
60.00 115.00 45.00 40.00
59.00 116.00 45.00 40.00
60.00 115.00 45.00 40.00
60.00 115.00 45.00 40.00
59.00 113.00 45.00 40.00
59.00 113.00 45.00 40.00
58.00 113.00 45.00 40.00
59.00 113.00 45.00 40.00
59.00 112.00 45.00 40.00
59.00 111.00 45.00 40.00
59.00 111.00 45.00 40.00
58.00 111.00 45.00 40.00
58.00 111.00 45.00 40.00
58.00 111.00 46.00 41.00
57.00 112.00 46.00 41.00
58.00 112.00 46.00 41.00
58.00 112.00 46.00 41.00
58.00 112.00 46.00 41.00
58.00 113.00 46.00 41.00
58.00 112.00 46.00 41.00
58.00 112.00 46.00 41.00
57.00 112.00 46.00 41.00
57.00 112.00 46.00 41.00
57.00 112.00 46.00 41.00
57.00 112.00 46.00 41.00
57.00 111.00 46.00 41.00
57.00 111.00 46.00 41.00
57.00 111.00 46.00 41.00
57.00 111.00 46.00 41.00
57.00 111.00 47.00 42.00
57.00 111.00 46.00 41.00
57.00 111.00 46.00 41.00
57.00 111.00 46.00 41.00
57.00 111.00 46.00 41.00
57.00 111.00 46.00 41.00
57.00 113.00 46.00 41.00
57.00 113.00 46.00 41.00
57.00 113.00 46.00 41.00
57.00 113.00 46.00 41.00
58.00 113.00 46.00 41.00
57.00 113.00 46.00 41.00
58.00 114.00 46.00 41.00
58.00 114.00 46.00 41.00
58.00 115.00 46.00 41.00
58.00 115.00 46.00 41.00
58.00 113.00 47.00 41.00
57.00 112.00 47.00 41.00
57.00 110.00 47.00 41.00
57.00 111.00 47.00 41.00
57.00 111.00 47.00 41.00
57.00 112.00 47.00 42.00
57.00 112.00 47.00 42.00
58.00 114.00 47.00 42.00
58.00 113.00 47.00 42.00
58.00 114.00 47.00 42.00
59.00 115.00 47.00 42.00
58.00 114.00 47.00 42.00
59.00 114.00 47.00 42.00
59.00 113.00 47.00 42.00
59.00 111.00 47.00 42.00
60.00 110.00 47.00 42.00
60.00 109.00 47.00 42.00
60.00 109.00 47.00 42.00
60.00 109.00 47.00 42.00
60.00 109.00 47.00 42.00
61.00 110.00 47.00 42.00
61.00 110.00 47.00 42.00
61.00 110.00 47.00 42.00
62.00 109.00 47.00 42.00
61.00 110.00 47.00 42.00
62.00 110.00 47.00 42.00
62.00 109.00 47.00 42.00
62.00 110.00 47.00 42.00
63.00 110.00 47.00 42.00
63.00 110.00 47.00 42.00
63.00 110.00 47.00 42.00
63.00 109.00 47.00 42.00
63.00 110.00 47.00 42.00
62.00 110.00 47.00 42.00
63.00 110.00 47.00 42.00
63.00 110.00 47.00 42.00
63.00 110.00 48.00 42.00
63.00 110.00 47.00 42.00
63.00 110.00 47.00 42.00
63.00 110.00 47.00 42.00
63.00 110.00 47.00 42.00
63.00 110.00 47.00 42.00
63.00 109.00 47.00 42.00
63.00 110.00 47.00 42.00
63.00 109.00 47.00 42.00
63.00 110.00 47.00 42.00
63.00 110.00 47.00 42.00
63.00 110.00 47.00 42.00
63.00 111.00 47.00 42.00
63.00 111.00 47.00 42.00
64.00 112.00 47.00 42.00
64.00 111.00 47.00 42.00
64.00 110.00 47.00 42.00
65.00 110.00 47.00 42.00
65.00 110.00 47.00 42.00
65.00 111.00 47.00 42.00
65.00 112.00 47.00 42.00
66.00 112.00 47.00 42.00
66.00 113.00 47.00 42.00
66.00 112.00 47.00 42.00
67.00 113.00 47.00 42.00
66.00 113.00 47.00 42.00
66.00 113.00 47.00 42.00
66.00 112.00 47.00 42.00
67.00 113.00 47.00 42.00
67.00 112.00 48.00 42.00
66.00 112.00 48.00 42.00
65.00 112.00 48.00 43.00
66.00 112.00 48.00 42.00
65.00 113.00 48.00 43.00
65.00 112.00 48.00 43.00
66.00 113.00 48.00 43.00
65.00 113.00 48.00 43.00
65.00 114.00 48.00 43.00
65.00 114.00 48.00 43.00
65.00 113.00 48.00 43.00
64.00 113.00 48.00 43.00
65.00 114.00 48.00 43.00
65.00 114.00 48.00 42.00
64.00 113.00 48.00 43.00
64.00 114.00 48.00 43.00
65.00 114.00 48.00 42.00
64.00 114.00 48.00 42.00
64.00 113.00 48.00 42.00
64.00 114.00 48.00 42.00
64.00 114.00 48.00 42.00
65.00 114.00 48.00 42.00
65.00 113.00 48.00 42.00
65.00 113.00 48.00 42.00
65.00 112.00 48.00 42.00
65.00 113.00 48.00 42.00
65.00 113.00 48.00 43.00
65.00 113.00 48.00 43.00
66.00 114.00 48.00 42.00
65.00 114.00 48.00 42.00
66.00 114.00 48.00 42.00
66.00 114.00 48.00 42.00
66.00 114.00 48.00 42.00
66.00 113.00 48.00 42.00
66.00 113.00 48.00 43.00
67.00 113.00 48.00 42.00
66.00 111.00 48.00 43.00
67.00 112.00 48.00 43.00
66.00 112.00 48.00 43.00
67.00 113.00 48.00 43.00
66.00 112.00 48.00 43.00
67.00 113.00 48.00 43.00
66.00 112.00 48.00 43.00
67.00 113.00 48.00 43.00
67.00 113.00 48.00 43.00
67.00 113.00 48.00 43.00
67.00 113.00 48.00 43.00
66.00 111.00 48.00 43.00
66.00 111.00 48.00 43.00
66.00 111.00 48.00 43.00
66.00 112.00 48.00 43.00
66.00 112.00 48.00 43.00
66.00 112.00 48.00 43.00
66.00 112.00 48.00 43.00
66.00 112.00 48.00 43.00
65.00 113.00 48.00 43.00
66.00 113.00 48.00 43.00
65.00 113.00 48.00 43.00
65.00 113.00 48.00 43.00
65.00 112.00 48.00 43.00
65.00 112.00 48.00 43.00
65.00 112.00 48.00 43.00
64.00 112.00 49.00 43.00
64.00 112.00 49.00 43.00
63.00 112.00 48.00 43.00
64.00 112.00 48.00 43.00
63.00 112.00 48.00 43.00
63.00 112.00 48.00 43.00
63.00 113.00 48.00 43.00
63.00 113.00 48.00 43.00
63.00 113.00 48.00 43.00
63.00 112.00 48.00 43.00
63.00 112.00 48.00 43.00
63.00 113.00 48.00 43.00
63.00 113.00 49.00 43.00
63.00 113.00 48.00 43.00
63.00 113.00 49.00 43.00
63.00 113.00 48.00 43.00
64.00 114.00 49.00 43.00
64.00 113.00 49.00 43.00
65.00 112.00 49.00 43.00
65.00 112.00 49.00 43.00
65.00 111.00 49.00 43.00
66.00 111.00 49.00 43.00
66.00 112.00 49.00 44.00
67.00 113.00 49.00 43.00
67.00 112.00 49.00 43.00
67.00 113.00 49.00 43.00
68.00 113.00 49.00 43.00
68.00 111.00 49.00 43.00
68.00 113.00 49.00 43.00
68.00 113.00 49.00 43.00
69.00 113.00 49.00 43.00
69.00 112.00 49.00 43.00
69.00 112.00 49.00 43.00
69.00 112.00 49.00 43.00
69.00 112.00 49.00 43.00
70.00 113.00 49.00 43.00
70.00 112.00 49.00 43.00
70.00 112.00 49.00 43.00
70.00 112.00 49.00 44.00
70.00 113.00 49.00 44.00
70.00 113.00 49.00 44.00
70.00 113.00 49.00 44.00
71.00 113.00 49.00 43.00
71.00 113.00 49.00 43.00
71.00 112.00 49.00 43.00
70.00 112.00 49.00 43.00
70.00 114.00 49.00 43.00
71.00 115.00 49.00 44.00
71.00 115.00 49.00 44.00
71.00 115.00 49.00 44.00
70.00 114.00 49.00 44.00
71.00 114.00 49.00 44.00
71.00 113.00 49.00 44.00
70.00 111.00 49.00 44.00
70.00 110.00 49.00 44.00
70.00 109.00 49.00 44.00
70.00 109.00 49.00 44.00
70.00 108.00 49.00 44.00
69.00 109.00 49.00 44.00
69.00 108.00 49.00 44.00
69.00 108.00 49.00 43.00
69.00 107.00 49.00 43.00
68.00 107.00 49.00 44.00
69.00 108.00 49.00 44.00
69.00 108.00 49.00 44.00
68.00 109.00 49.00 44.00
68.00 108.00 49.00 44.00
68.00 109.00 49.00 44.00
68.00 109.00 49.00 43.00
67.00 109.00 49.00 44.00
68.00 109.00 49.00 44.00
67.00 108.00 49.00 44.00
67.00 108.00 49.00 44.00
67.00 108.00 49.00 44.00
67.00 108.00 49.00 44.00
67.00 109.00 49.00 43.00
67.00 107.00 49.00 44.00
67.00 107.00 49.00 44.00
67.00 107.00 49.00 44.00
67.00 108.00 49.00 44.00
67.00 108.00 49.00 44.00
66.00 109.00 50.00 44.00
67.00 109.00 49.00 44.00
67.00 108.00 49.00 44.00
67.00 107.00 49.00 44.00
66.00 108.00 49.00 44.00
66.00 108.00 49.00 44.00
66.00 108.00 49.00 44.00
66.00 108.00 49.00 44.00
66.00 108.00 49.00 44.00
66.00 108.00 50.00 44.00
66.00 108.00 49.00 44.00
66.00 108.00 49.00 44.00
66.00 108.00 49.00 44.00
66.00 108.00 49.00 44.00
65.00 109.00 49.00 44.00
65.00 108.00 49.00 44.00
65.00 107.00 49.00 44.00
65.00 107.00 49.00 43.00
64.00 107.00 49.00 43.00
64.00 107.00 49.00 44.00
64.00 107.00 49.00 43.00
63.00 107.00 49.00 43.00
63.00 107.00 49.00 43.00
63.00 108.00 49.00 43.00
63.00 108.00 49.00 43.00
63.00 108.00 49.00 43.00
63.00 108.00 49.00 43.00
63.00 108.00 49.00 43.00
63.00 108.00 49.00 43.00
62.00 109.00 48.00 43.00
62.00 109.00 48.00 43.00
61.00 109.00 49.00 43.00
61.00 109.00 49.00 43.00
61.00 108.00 49.00 43.00
61.00 109.00 49.00 43.00
61.00 109.00 49.00 43.00
61.00 109.00 48.00 43.00
61.00 110.00 48.00 43.00
60.00 110.00 48.00 43.00
60.00 109.00 48.00 43.00
59.00 110.00 48.00 43.00
60.00 110.00 48.00 43.00
59.00 110.00 48.00 43.00
59.00 111.00 48.00 43.00
59.00 111.00 48.00 43.00
59.00 111.00 48.00 43.00
59.00 111.00 48.00 43.00
58.00 111.00 48.00 43.00
58.00 110.00 48.00 43.00
58.00 110.00 48.00 43.00
58.00 110.00 48.00 43.00
58.00 111.00 48.00 42.00
57.00 110.00 48.00 42.00
57.00 111.00 48.00 42.00
57.00 111.00 48.00 42.00
58.00 112.00 47.00 42.00
58.00 111.00 47.00 42.00
57.00 110.00 47.00 42.00
57.00 111.00 47.00 42.00
57.00 112.00 47.00 42.00
57.00 111.00 47.00 42.00
57.00 112.00 47.00 42.00
57.00 112.00 47.00 42.00
57.00 111.00 47.00 41.00
56.00 110.00 47.00 41.00
56.00 111.00 47.00 41.00
56.00 111.00 47.00 42.00
56.00 112.00 47.00 42.00
57.00 113.00 46.00 41.00
57.00 112.00 46.00 41.00
57.00 112.00 46.00 41.00
56.00 111.00 46.00 41.00
56.00 113.00 46.00 41.00
57.00 112.00 46.00 41.00
56.00 112.00 46.00 41.00
57.00 112.00 46.00 41.00
56.00 111.00 46.00 41.00
56.00 112.00 46.00 41.00
57.00 112.00 46.00 41.00
57.00 113.00 46.00 41.00
57.00 114.00 46.00 41.00
57.00 114.00 46.00 41.00
57.00 113.00 46.00 41.00
58.00 114.00 46.00 41.00
57.00 113.00 46.00 41.00
57.00 113.00 46.00 41.00
57.00 113.00 46.00 41.00
58.00 113.00 46.00 41.00
58.00 113.00 46.00 41.00
58.00 114.00 46.00 41.00
58.00 115.00 46.00 41.00
58.00 115.00 45.00 40.00
59.00 115.00 45.00 40.00
59.00 115.00 45.00 40.00
58.00 114.00 45.00 40.00
58.00 114.00 45.00 40.00
58.00 114.00 45.00 40.00
58.00 115.00 45.00 40.00
58.00 115.00 45.00 40.00
59.00 115.00 45.00 40.00
58.00 115.00 45.00 40.00
58.00 116.00 45.00 40.00
58.00 115.00 45.00 40.00
58.00 115.00 45.00 40.00
58.00 115.00 45.00 40.00
58.00 115.00 45.00 40.00
59.00 115.00 45.00 40.00
58.00 115.00 45.00 40.00
58.00 116.00 45.00 40.00
58.00 116.00 45.00 40.00
58.00 116.00 45.00 40.00
58.00 115.00 44.00 39.00
58.00 115.00 44.00 39.00
58.00 114.00 44.00 40.00
58.00 115.00 45.00 40.00
58.00 115.00 45.00 40.00
58.00 116.00 44.00 39.00
58.00 115.00 44.00 40.00
58.00 114.00 45.00 40.00
58.00 115.00 44.00 40.00
58.00 115.00 45.00 40.00
59.00 116.00 44.00 39.00
59.00 116.00 44.00 39.00
59.00 116.00 44.00 39.00
60.00 116.00 44.00 39.00
59.00 115.00 44.00 39.00
60.00 116.00 44.00 39.00
60.00 117.00 44.00 39.00
61.00 117.00 44.00 39.00
60.00 115.00 44.00 39.00
61.00 116.00 44.00 39.00
61.00 115.00 44.00 39.00
61.00 115.00 45.00 40.00
61.00 115.00 45.00 40.00
62.00 116.00 44.00 40.00
62.00 116.00 45.00 40.00
63.00 116.00 44.00 40.00
63.00 116.00 45.00 40.00
64.00 117.00 45.00 40.00
64.00 117.00 44.00 39.00
65.00 116.00 44.00 39.00
65.00 115.00 44.00 39.00
67.00 115.00 44.00 39.00
67.00 115.00 44.00 39.00
67.00 115.00 44.00 39.00
68.00 117.00 44.00 39.00
68.00 117.00 44.00 39.00
69.00 115.00 44.00 39.00
69.00 115.00 44.00 39.00
69.00 115.00 44.00 39.00
71.00 117.00 44.00 39.00
70.00 117.00 44.00 39.00
71.00 118.00 44.00 39.00
71.00 117.00 44.00 39.00
73.00 118.00 43.00 39.00
73.00 118.00 43.00 39.00
74.00 118.00 43.00 38.00
75.00 118.00 43.00 38.00
75.00 116.00 43.00 38.00
75.00 116.00 43.00 38.00
76.00 115.00 43.00 38.00
76.00 115.00 43.00 38.00
76.00 116.00 43.00 38.00
77.00 116.00 43.00 38.00
78.00 116.00 43.00 38.00
78.00 117.00 43.00 38.00
78.00 117.00 43.00 38.00
80.00 118.00 43.00 38.00
80.00 118.00 43.00 38.00
80.00 118.00 43.00 38.00
81.00 117.00 43.00 38.00
82.00 117.00 43.00 38.00
82.00 116.00 43.00 38.00
84.00 116.00 43.00 38.00
84.00 116.00 42.00 38.00
85.00 116.00 43.00 38.00
86.00 117.00 43.00 38.00
87.00 118.00 42.00 38.00
87.00 117.00 43.00 38.00
88.00 117.00 43.00 38.00
89.00 118.00 42.00 38.00
89.00 117.00 42.00 38.00
90.00 116.00 43.00 38.00
91.00 115.00 42.00 38.00
91.00 114.00 43.00 38.00
91.00 113.00 43.00 38.00
93.00 115.00 43.00 38.00
93.00 114.00 43.00 38.00
94.00 116.00 43.00 38.00
94.00 116.00 43.00 38.00
94.00 116.00 42.00 38.00
95.00 117.00 42.00 38.00
96.00 118.00 42.00 38.00
96.00 117.00 43.00 38.00
97.00 117.00 43.00 38.00
97.00 117.00 43.00 38.00
98.00 117.00 43.00 38.00
98.00 116.00 43.00 38.00
99.00 118.00 42.00 38.00
99.00 119.00 42.00 37.00
99.00 119.00 42.00 37.00
100.00 119.00 42.00 37.00
99.00 118.00 42.00 37.00
100.00 119.00 42.00 37.00
100.00 120.00 42.00 37.00
100.00 119.00 42.00 37.00
99.00 117.00 42.00 38.00
100.00 116.00 42.00 37.00
100.00 116.00 42.00 37.00
100.00 116.00 42.00 37.00
100.00 116.00 42.00 37.00
100.00 115.00 42.00 37.00
100.00 115.00 42.00 37.00
100.00 116.00 42.00 37.00
100.00 116.00 41.00 37.00
99.00 116.00 42.00 37.00
99.00 117.00 42.00 37.00
99.00 118.00 42.00 37.00
99.00 117.00 42.00 37.00
100.00 118.00 42.00 37.00
99.00 125.00 41.00 37.00
98.00 122.00 42.00 37.00
98.00 123.00 42.00 37.00
98.00 121.00 41.00 37.00
97.00 116.00 41.00 37.00
96.00 114.00 42.00 37.00
96.00 116.00 42.00 37.00
96.00 117.00 42.00 37.00
96.00 116.00 42.00 37.00
96.00 116.00 42.00 37.00
95.00 115.00 42.00 38.00
96.00 115.00 42.00 37.00
95.00 114.00 42.00 38.00
96.00 115.00 42.00 37.00
95.00 114.00 42.00 38.00
95.00 114.00 42.00 37.00
95.00 114.00 42.00 37.00
95.00 114.00 42.00 37.00
94.00 114.00 42.00 38.00
95.00 114.00 42.00 37.00
94.00 113.00 42.00 37.00
94.00 114.00 42.00 37.00
94.00 116.00 42.00 37.00
94.00 116.00 42.00 37.00
94.00 116.00 42.00 37.00
93.00 114.00 42.00 38.00
94.00 114.00 42.00 38.00
94.00 115.00 42.00 37.00
94.00 116.00 42.00 37.00
93.00 115.00 42.00 37.00
93.00 116.00 42.00 38.00
93.00 116.00 42.00 37.00
93.00 117.00 42.00 37.00
93.00 117.00 42.00 38.00
93.00 116.00 42.00 37.00
92.00 116.00 42.00 38.00
93.00 115.00 42.00 38.00
93.00 116.00 42.00 38.00
93.00 117.00 42.00 38.00
93.00 116.00 42.00 38.00
93.00 116.00 42.00 38.00
93.00 116.00 42.00 38.00
93.00 116.00 43.00 38.00
93.00 117.00 42.00 38.00
93.00 116.00 43.00 38.00
94.00 116.00 43.00 38.00
94.00 117.00 42.00 38.00
93.00 116.00 43.00 38.00
94.00 116.00 43.00 38.00
94.00 115.00 42.00 38.00
93.00 115.00 42.00 38.00
94.00 115.00 43.00 38.00
93.00 115.00 43.00 38.00
94.00 115.00 43.00 38.00
94.00 116.00 43.00 38.00
94.00 115.00 43.00 38.00
94.00 116.00 43.00 38.00
94.00 116.00 43.00 38.00
94.00 116.00 43.00 38.00
95.00 116.00 43.00 38.00
95.00 116.00 43.00 38.00
95.00 114.00 43.00 39.00
95.00 114.00 43.00 38.00
95.00 114.00 43.00 38.00
96.00 114.00 43.00 38.00
96.00 114.00 43.00 39.00
96.00 115.00 43.00 39.00
96.00 115.00 44.00 39.00
97.00 115.00 43.00 38.00
98.00 116.00 43.00 38.00
98.00 115.00 43.00 39.00
97.00 115.00 44.00 39.00
98.00 115.00 44.00 39.00
98.00 115.00 43.00 39.00
98.00 114.00 43.00 39.00
98.00 114.00 44.00 39.00
98.00 114.00 44.00 39.00
99.00 114.00 44.00 39.00
98.00 114.00 44.00 39.00
98.00 114.00 44.00 39.00
98.00 114.00 44.00 39.00
99.00 114.00 44.00 39.00
99.00 115.00 44.00 39.00
99.00 116.00 44.00 39.00
98.00 116.00 44.00 39.00
99.00 116.00 44.00 39.00
98.00 115.00 45.00 40.00
98.00 114.00 45.00 40.00
99.00 115.00 45.00 40.00
99.00 114.00 45.00 40.00
99.00 116.00 45.00 40.00
99.00 116.00 45.00 40.00
99.00 115.00 45.00 40.00
100.00 115.00 45.00 40.00
99.00 114.00 45.00 40.00
99.00 114.00 45.00 40.00
100.00 114.00 45.00 40.00
100.00 115.00 45.00 40.00
100.00 114.00 45.00 40.00
100.00 115.00 45.00 40.00
101.00 115.00 45.00 40.00
100.00 116.00 45.00 40.00
100.00 115.00 45.00 40.00
100.00 115.00 45.00 40.00
101.00 116.00 45.00 40.00
101.00 115.00 45.00 40.00
101.00 117.00 45.00 40.00
101.00 117.00 45.00 40.00
101.00 116.00 45.00 40.00
101.00 115.00 45.00 40.00
102.00 116.00 46.00 40.00
101.00 115.00 46.00 41.00
102.00 117.00 46.00 41.00
101.00 116.00 46.00 41.00
102.00 116.00 46.00 41.00
102.00 116.00 46.00 41.00
102.00 115.00 46.00 41.00
102.00 115.00 46.00 41.00
101.00 115.00 47.00 41.00
102.00 115.00 46.00 41.00
102.00 115.00 46.00 41.00
101.00 115.00 47.00 41.00
101.00 115.00 47.00 42.00
101.00 115.00 47.00 42.00
101.00 114.00 47.00 42.00
101.00 115.00 47.00 42.00
100.00 115.00 47.00 42.00
100.00 115.00 47.00 41.00
100.00 115.00 47.00 42.00
100.00 115.00 47.00 41.00
99.00 114.00 47.00 42.00
100.00 115.00 47.00 42.00
100.00 114.00 47.00 42.00
100.00 114.00 47.00 42.00
100.00 115.00 47.00 42.00
99.00 115.00 47.00 42.00
99.00 115.00 47.00 42.00
99.00 114.00 47.00 42.00
99.00 115.00 47.00 42.00
99.00 115.00 47.00 42.00
99.00 115.00 47.00 42.00
99.00 115.00 47.00 42.00
98.00 113.00 47.00 42.00
99.00 113.00 47.00 42.00
99.00 114.00 48.00 42.00
98.00 114.00 48.00 42.00
97.00 113.00 48.00 43.00
98.00 114.00 48.00 43.00
98.00 114.00 48.00 43.00
98.00 114.00 48.00 43.00
98.00 113.00 48.00 43.00
98.00 113.00 48.00 43.00
98.00 114.00 48.00 43.00
98.00 114.00 48.00 43.00
97.00 113.00 48.00 43.00
97.00 113.00 49.00 43.00
96.00 113.00 49.00 43.00
96.00 113.00 49.00 43.00
97.00 113.00 49.00 43.00
96.00 112.00 49.00 44.00
97.00 113.00 49.00 43.00
96.00 113.00 49.00 44.00
97.00 114.00 49.00 44.00
97.00 114.00 49.00 44.00
97.00 115.00 49.00 44.00
97.00 116.00 49.00 44.00
97.00 116.00 49.00 44.00
96.00 116.00 49.00 44.00
96.00 116.00 49.00 44.00
96.00 116.00 49.00 44.00
96.00 115.00 50.00 44.00
96.00 115.00 50.00 44.00
96.00 115.00 50.00 44.00
96.00 115.00 50.00 44.00
96.00 117.00 50.00 44.00
95.00 116.00 50.00 45.00
95.00 116.00 50.00 45.00
95.00 116.00 51.00 45.00
95.00 116.00 50.00 45.00
95.00 116.00 51.00 45.00
95.00 115.00 51.00 45.00
95.00 115.00 51.00 45.00
95.00 115.00 51.00 45.00
95.00 115.00 51.00 45.00
95.00 115.00 51.00 45.00
94.00 115.00 51.00 45.00
94.00 116.00 51.00 45.00
94.00 115.00 51.00 45.00
94.00 115.00 51.00 45.00
93.00 114.00 51.00 46.00
93.00 115.00 51.00 46.00
94.00 116.00 51.00 46.00
94.00 117.00 51.00 45.00
93.00 116.00 51.00 45.00
93.00 116.00 51.00 45.00
93.00 116.00 51.00 45.00
93.00 116.00 51.00 46.00
93.00 116.00 51.00 46.00
92.00 115.00 52.00 46.00
93.00 116.00 52.00 46.00
93.00 115.00 52.00 46.00
93.00 115.00 52.00 46.00
92.00 115.00 52.00 46.00
92.00 115.00 52.00 46.00
92.00 116.00 52.00 47.00
91.00 114.00 53.00 47.00
91.00 115.00 52.00 47.00
91.00 114.00 53.00 47.00
91.00 115.00 53.00 47.00
91.00 115.00 53.00 47.00
91.00 114.00 53.00 47.00
91.00 114.00 53.00 47.00
90.00 114.00 53.00 47.00
91.00 114.00 53.00 47.00
90.00 114.00 53.00 47.00
90.00 114.00 53.00 48.00
90.00 114.00 53.00 48.00
89.00 114.00 54.00 48.00
89.00 113.00 54.00 48.00
89.00 114.00 54.00 48.00
89.00 114.00 54.00 48.00
89.00 114.00 54.00 48.00
89.00 113.00 54.00 48.00
88.00 113.00 54.00 48.00
88.00 114.00 54.00 48.00
88.00 115.00 54.00 48.00
88.00 114.00 54.00 48.00
88.00 114.00 55.00 49.00
87.00 113.00 55.00 49.00
87.00 113.00 55.00 49.00
87.00 114.00 55.00 49.00
88.00 115.00 55.00 49.00
87.00 115.00 56.00 49.00
87.00 115.00 55.00 49.00
87.00 115.00 55.00 49.00
87.00 115.00 55.00 49.00
88.00 116.00 55.00 49.00
87.00 115.00 56.00 49.00
88.00 115.00 55.00 49.00
89.00 114.00 55.00 49.00
89.00 113.00 55.00 49.00
89.00 114.00 55.00 49.00
90.00 115.00 55.00 49.00
90.00 115.00 55.00 49.00
90.00 115.00 56.00 49.00
90.00 115.00 56.00 50.00
90.00 114.00 56.00 50.00
90.00 114.00 56.00 50.00
91.00 114.00 56.00 50.00
92.00 115.00 56.00 50.00
92.00 113.00 56.00 50.00
93.00 114.00 56.00 50.00
92.00 113.00 57.00 51.00
93.00 114.00 57.00 50.00
93.00 114.00 57.00 50.00
94.00 114.00 57.00 51.00
94.00 113.00 57.00 51.00
95.00 113.00 57.00 51.00
95.00 113.00 57.00 51.00
95.00 114.00 57.00 51.00
96.00 113.00 58.00 51.00
97.00 113.00 57.00 51.00
96.00 113.00 58.00 51.00
97.00 114.00 57.00 51.00
97.00 114.00 57.00 51.00
97.00 114.00 58.00 51.00
98.00 115.00 57.00 51.00
99.00 114.00 57.00 51.00
98.00 113.00 58.00 51.00
99.00 113.00 58.00 51.00
99.00 112.00 58.00 52.00
100.00 114.00 58.00 52.00
100.00 114.00 58.00 52.00
100.00 113.00 58.00 52.00
100.00 113.00 58.00 52.00
100.00 113.00 59.00 52.00
100.00 113.00 59.00 52.00
101.00 113.00 59.00 52.00
102.00 113.00 58.00 52.00
102.00 113.00 58.00 52.00
102.00 112.00 59.00 52.00
102.00 113.00 59.00 52.00
102.00 113.00 59.00 52.00
103.00 113.00 59.00 52.00
103.00 113.00 60.00 53.00
103.00 113.00 59.00 53.00
103.00 113.00 60.00 53.00
104.00 114.00 59.00 52.00
103.00 115.00 60.00 53.00
104.00 116.00 59.00 53.00
104.00 115.00 60.00 53.00
105.00 115.00 60.00 53.00
105.00 116.00 59.00 53.00
105.00 115.00 59.00 53.00
105.00 115.00 59.00 53.00
105.00 113.00 60.00 53.00
106.00 114.00 59.00 53.00
106.00 114.00 59.00 53.00
106.00 113.00 60.00 53.00
106.00 113.00 60.00 53.00
106.00 112.00 60.00 53.00
107.00 112.00 60.00 53.00
105.00 111.00 60.00 53.00
105.00 111.00 60.00 54.00
105.00 111.00 61.00 54.00
104.00 111.00 61.00 54.00
104.00 112.00 60.00 54.00
104.00 111.00 61.00 54.00
104.00 111.00 61.00 54.00
104.00 112.00 60.00 54.00
103.00 113.00 61.00 54.00
104.00 114.00 60.00 53.00
102.00 113.00 60.00 54.00
101.00 113.00 61.00 54.00
102.00 113.00 61.00 54.00
102.00 113.00 61.00 54.00
102.00 113.00 60.00 54.00
101.00 112.00 61.00 54.00
102.00 113.00 60.00 53.00
101.00 112.00 60.00 54.00
100.00 113.00 61.00 54.00
101.00 113.00 61.00 54.00
100.00 113.00 60.00 54.00
100.00 113.00 61.00 54.00
101.00 114.00 61.00 54.00
100.00 112.00 61.00 54.00
101.00 111.00 61.00 55.00
101.00 112.00 61.00 54.00
101.00 111.00 61.00 55.00
101.00 111.00 61.00 54.00
101.00 111.00 61.00 54.00
101.00 111.00 61.00 54.00
101.00 111.00 61.00 54.00
102.00 111.00 61.00 55.00
102.00 111.00 61.00 55.00
101.00 111.00 62.00 55.00
103.00 111.00 61.00 54.00
103.00 112.00 61.00 54.00
103.00 111.00 61.00 54.00
104.00 111.00 61.00 55.00
103.00 111.00 62.00 55.00
103.00 111.00 62.00 55.00
104.00 113.00 62.00 55.00
104.00 114.00 62.00 55.00
105.00 115.00 62.00 55.00
105.00 113.00 62.00 55.00
105.00 113.00 62.00 55.00
106.00 112.00 61.00 55.00
106.00 110.00 62.00 55.00
106.00 109.00 62.00 55.00
106.00 108.00 62.00 55.00
106.00 109.00 62.00 55.00
106.00 109.00 62.00 55.00
106.00 109.00 62.00 55.00
106.00 108.00 62.00 55.00
106.00 108.00 62.00 55.00
106.00 109.00 62.00 55.00
106.00 109.00 61.00 55.00
106.00 110.00 62.00 55.00
107.00 110.00 62.00 55.00
107.00 110.00 62.00 55.00
108.00 111.00 62.00 55.00
107.00 111.00 62.00 55.00
108.00 112.00 61.00 55.00
107.00 111.00 62.00 55.00
107.00 111.00 62.00 55.00
107.00 111.00 62.00 55.00
108.00 110.00 62.00 55.00
107.00 110.00 62.00 55.00
107.00 110.00 61.00 55.00
106.00 109.00 62.00 55.00
106.00 109.00 62.00 55.00
105.00 109.00 62.00 55.00
106.00 109.00 62.00 55.00
105.00 108.00 62.00 55.00
105.00 108.00 61.00 55.00
105.00 108.00 62.00 55.00
104.00 108.00 61.00 54.00
103.00 109.00 61.00 54.00
103.00 109.00 62.00 55.00
102.00 110.00 61.00 54.00
103.00 112.00 61.00 55.00
102.00 112.00 61.00 55.00
101.00 112.00 62.00 55.00
101.00 112.00 61.00 55.00
101.00 112.00 61.00 55.00
101.00 112.00 61.00 55.00
100.00 112.00 61.00 55.00
100.00 112.00 61.00 55.00
100.00 110.00 62.00 55.00
99.00 110.00 61.00 55.00
100.00 111.00 61.00 54.00
99.00 112.00 61.00 54.00
99.00 112.00 61.00 54.00
99.00 112.00 61.00 54.00
99.00 113.00 61.00 54.00
99.00 114.00 61.00 54.00
100.00 114.00 61.00 54.00
99.00 115.00 61.00 54.00
99.00 115.00 61.00 54.00
99.00 113.00 61.00 54.00
99.00 113.00 61.00 54.00
99.00 113.00 61.00 54.00
99.00 111.00 61.00 55.00
98.00 112.00 61.00 54.00
99.00 112.00 61.00 54.00
98.00 113.00 61.00 54.00
99.00 114.00 61.00 54.00
98.00 114.00 61.00 54.00
99.00 115.00 61.00 54.00
100.00 115.00 60.00 54.00
99.00 115.00 61.00 54.00
99.00 114.00 61.00 54.00
99.00 114.00 61.00 54.00
99.00 114.00 61.00 54.00
99.00 114.00 61.00 54.00
100.00 115.00 60.00 54.00
99.00 114.00 60.00 54.00
100.00 115.00 60.00 53.00
100.00 116.00 60.00 53.00
99.00 114.00 60.00 53.00
100.00 114.00 60.00 53.00
99.00 114.00 60.00 53.00
100.00 115.00 59.00 53.00
99.00 116.00 60.00 53.00
100.00 117.00 60.00 53.00
99.00 116.00 60.00 53.00
99.00 116.00 60.00 53.00
99.00 116.00 59.00 53.00
99.00 116.00 60.00 53.00
100.00 117.00 59.00 53.00
99.00 116.00 59.00 53.00
99.00 115.00 59.00 53.00
99.00 115.00 59.00 53.00
100.00 115.00 59.00 53.00
99.00 115.00 59.00 53.00
99.00 115.00 59.00 53.00
99.00 115.00 59.00 53.00
99.00 115.00 59.00 52.00
98.00 115.00 59.00 53.00
99.00 115.00 59.00 53.00
99.00 115.00 59.00 53.00
99.00 115.00 59.00 53.00
99.00 115.00 59.00 52.00
99.00 115.00 59.00 52.00
98.00 115.00 59.00 53.00
98.00 115.00 59.00 52.00
97.00 115.00 59.00 53.00
98.00 115.00 59.00 52.00
98.00 115.00 59.00 52.00
98.00 116.00 59.00 52.00
97.00 115.00 58.00 52.00
96.00 115.00 59.00 52.00
97.00 115.00 59.00 52.00
97.00 116.00 58.00 52.00
96.00 115.00 59.00 52.00
96.00 115.00 59.00 52.00
95.00 114.00 59.00 53.00
96.00 115.00 59.00 52.00
95.00 114.00 59.00 52.00
95.00 114.00 59.00 53.00
95.00 114.00 59.00 52.00
96.00 115.00 59.00 52.00
95.00 114.00 59.00 52.00
95.00 113.00 59.00 52.00
95.00 113.00 59.00 52.00
96.00 114.00 59.00 52.00
96.00 115.00 58.00 52.00
96.00 114.00 59.00 52.00
96.00 114.00 59.00 52.00
96.00 115.00 58.00 52.00
96.00 115.00 59.00 53.00
97.00 116.00 59.00 52.00
97.00 115.00 58.00 52.00
97.00 114.00 58.00 52.00
97.00 114.00 58.00 52.00
97.00 114.00 58.00 52.00
97.00 114.00 59.00 52.00
97.00 114.00 59.00 52.00
98.00 115.00 58.00 52.00
99.00 116.00 58.00 51.00
98.00 115.00 58.00 51.00
99.00 115.00 58.00 51.00
99.00 115.00 58.00 51.00
99.00 114.00 58.00 51.00
99.00 113.00 58.00 52.00
100.00 114.00 58.00 51.00
100.00 113.00 58.00 51.00
101.00 114.00 57.00 51.00
101.00 114.00 58.00 51.00
102.00 113.00 57.00 51.00
101.00 112.00 57.00 51.00
102.00 112.00 57.00 51.00
102.00 112.00 57.00 51.00
104.00 114.00 57.00 51.00
103.00 113.00 57.00 51.00
104.00 114.00 57.00 51.00
104.00 114.00 57.00 51.00
104.00 113.00 57.00 51.00
105.00 114.00 57.00 51.00
106.00 115.00 57.00 51.00
105.00 114.00 57.00 51.00
106.00 113.00 57.00 51.00
106.00 113.00 57.00 51.00
107.00 113.00 57.00 51.00
107.00 114.00 57.00 51.00
106.00 113.00 57.00 51.00
107.00 114.00 57.00 51.00
107.00 113.00 57.00 51.00
107.00 114.00 57.00 51.00
108.00 115.00 57.00 51.00
107.00 115.00 58.00 51.00
108.00 116.00 57.00 51.00
108.00 115.00 57.00 51.00
108.00 116.00 57.00 51.00
107.00 115.00 58.00 51.00
108.00 116.00 57.00 51.00
108.00 116.00 57.00 51.00
108.00 115.00 57.00 51.00
108.00 115.00 58.00 51.00
109.00 116.00 57.00 50.00
107.00 115.00 58.00 51.00
108.00 116.00 57.00 51.00
108.00 117.00 57.00 51.00
108.00 116.00 57.00 50.00
108.00 116.00 57.00 51.00
108.00 116.00 57.00 51.00
108.00 116.00 57.00 51.00
107.00 115.00 57.00 51.00
108.00 116.00 57.00 51.00
107.00 115.00 57.00 51.00
108.00 116.00 57.00 51.00
108.00 116.00 57.00 51.00
108.00 116.00 57.00 51.00
107.00 115.00 57.00 51.00
108.00 115.00 57.00 51.00
108.00 116.00 57.00 51.00
107.00 116.00 57.00 50.00
107.00 115.00 57.00 50.00
107.00 116.00 57.00 50.00
107.00 116.00 57.00 50.00
106.00 115.00 57.00 51.00
106.00 114.00 57.00 51.00
106.00 113.00 57.00 51.00
106.00 114.00 57.00 51.00
106.00 114.00 57.00 51.00
106.00 114.00 57.00 51.00
106.00 114.00 57.00 50.00
105.00 113.00 57.00 50.00
105.00 113.00 57.00 50.00
105.00 112.00 57.00 50.00
104.00 112.00 57.00 51.00
104.00 113.00 57.00 51.00
105.00 113.00 57.00 50.00
104.00 112.00 57.00 51.00
104.00 113.00 57.00 51.00
104.00 113.00 57.00 51.00
104.00 113.00 57.00 50.00
103.00 112.00 57.00 50.00
103.00 112.00 57.00 50.00
103.00 111.00 57.00 51.00
103.00 111.00 57.00 51.00
103.00 111.00 57.00 51.00
102.00 111.00 57.00 51.00
102.00 110.00 57.00 51.00
103.00 110.00 57.00 51.00
103.00 110.00 57.00 51.00
102.00 110.00 57.00 51.00
102.00 110.00 57.00 51.00
102.00 110.00 57.00 51.00
102.00 109.00 57.00 51.00
102.00 110.00 57.00 51.00
101.00 109.00 57.00 51.00
102.00 110.00 57.00 51.00
101.00 111.00 57.00 51.00
101.00 110.00 57.00 51.00
101.00 110.00 57.00 51.00
101.00 110.00 57.00 51.00
101.00 110.00 57.00 51.00
101.00 109.00 57.00 51.00
100.00 108.00 57.00 51.00
100.00 108.00 57.00 51.00
101.00 108.00 57.00 51.00
101.00 107.00 57.00 51.00
100.00 107.00 57.00 51.00
100.00 107.00 57.00 51.00
100.00 107.00 57.00 51.00
100.00 107.00 57.00 51.00
100.00 107.00 57.00 51.00
99.00 108.00 57.00 51.00
99.00 108.00 57.00 51.00
99.00 108.00 57.00 51.00
98.00 107.00 57.00 51.00
98.00 107.00 57.00 51.00
98.00 109.00 57.00 51.00
97.00 109.00 57.00 51.00
97.00 110.00 57.00 51.00
97.00 110.00 57.00 51.00
96.00 110.00 57.00 51.00
96.00 111.00 57.00 51.00
96.00 112.00 57.00 51.00
95.00 112.00 57.00 51.00
95.00 113.00 57.00 51.00
95.00 114.00 57.00 51.00
94.00 113.00 57.00 51.00
94.00 114.00 57.00 51.00
93.00 114.00 58.00 51.00
93.00 115.00 58.00 51.00
92.00 115.00 57.00 51.00
92.00 115.00 58.00 51.00
92.00 115.00 57.00 51.00
91.00 115.00 57.00 51.00
91.00 115.00 57.00 51.00
90.00 115.00 57.00 51.00
90.00 114.00 57.00 51.00
89.00 114.00 57.00 51.00
89.00 114.00 58.00 51.00
89.00 114.00 58.00 51.00
88.00 114.00 58.00 51.00
88.00 113.00 58.00 51.00
87.00 113.00 58.00 52.00
88.00 112.00 58.00 52.00
87.00 111.00 58.00 52.00
87.00 111.00 58.00 52.00
87.00 111.00 58.00 52.00
86.00 110.00 58.00 52.00
86.00 110.00 58.00 52.00
86.00 109.00 58.00 52.00
85.00 109.00 59.00 52.00
86.00 110.00 58.00 52.00
85.00 109.00 58.00 52.00
85.00 109.00 58.00 52.00
84.00 108.00 59.00 52.00
84.00 109.00 59.00 52.00
84.00 109.00 59.00 52.00
83.00 109.00 59.00 53.00
84.00 109.00 59.00 53.00
84.00 109.00 59.00 53.00
83.00 109.00 59.00 52.00
82.00 108.00 59.00 53.00
82.00 109.00 59.00 53.00
82.00 109.00 59.00 53.00
82.00 108.00 60.00 53.00
81.00 108.00 60.00 53.00
82.00 109.00 59.00 53.00
81.00 109.00 59.00 53.00
81.00 109.00 59.00 53.00
80.00 108.00 60.00 53.00
81.00 108.00 59.00 53.00
80.00 107.00 60.00 53.00
80.00 107.00 60.00 53.00
81.00 107.00 59.00 53.00
80.00 106.00 60.00 53.00
80.00 107.00 59.00 53.00
80.00 107.00 60.00 53.00
80.00 107.00 60.00 53.00
80.00 107.00 60.00 53.00
80.00 108.00 59.00 53.00
79.00 108.00 60.00 53.00
80.00 109.00 59.00 53.00
80.00 108.00 60.00 53.00
79.00 108.00 60.00 53.00
79.00 108.00 59.00 53.00
80.00 109.00 59.00 53.00
79.00 108.00 60.00 53.00
80.00 109.00 59.00 53.00
79.00 108.00 59.00 53.00
79.00 108.00 59.00 53.00
79.00 109.00 60.00 53.00
80.00 109.00 60.00 53.00
79.00 109.00 59.00 53.00
79.00 109.00 60.00 53.00
80.00 110.00 59.00 52.00
80.00 110.00 59.00 53.00
80.00 112.00 59.00 53.00
80.00 112.00 60.00 53.00
81.00 112.00 59.00 53.00
80.00 111.00 60.00 53.00
80.00 111.00 59.00 53.00
80.00 111.00 60.00 53.00
81.00 112.00 59.00 53.00
80.00 112.00 60.00 53.00
81.00 112.00 59.00 53.00
80.00 112.00 60.00 53.00
81.00 113.00 59.00 53.00
80.00 112.00 60.00 53.00
80.00 111.00 60.00 53.00
81.00 112.00 59.00 53.00
80.00 112.00 60.00 53.00
80.00 112.00 59.00 53.00
79.00 111.00 60.00 53.00
80.00 112.00 60.00 53.00
80.00 112.00 59.00 53.00
79.00 112.00 60.00 53.00
79.00 112.00 60.00 53.00
79.00 112.00 60.00 53.00
79.00 112.00 60.00 53.00
79.00 112.00 60.00 53.00
79.00 112.00 60.00 53.00
79.00 112.00 60.00 53.00
79.00 113.00 60.00 53.00
79.00 113.00 60.00 53.00
79.00 113.00 60.00 53.00
79.00 113.00 60.00 53.00
79.00 112.00 60.00 53.00
79.00 112.00 59.00 53.00
78.00 111.00 60.00 53.00
78.00 111.00 60.00 53.00
79.00 111.00 60.00 53.00
78.00 111.00 60.00 53.00
79.00 111.00 60.00 53.00
78.00 111.00 60.00 53.00
78.00 111.00 60.00 53.00
79.00 112.00 60.00 53.00
79.00 112.00 60.00 53.00
79.00 112.00 59.00 53.00
78.00 111.00 60.00 53.00
78.00 111.00 60.00 53.00
78.00 110.00 60.00 53.00
77.00 109.00 60.00 53.00
78.00 110.00 60.00 53.00
78.00 110.00 60.00 53.00
78.00 110.00 60.00 53.00
78.00 110.00 59.00 53.00
78.00 110.00 60.00 53.00
78.00 109.00 60.00 53.00
79.00 110.00 59.00 53.00
78.00 110.00 59.00 53.00
78.00 109.00 59.00 53.00
78.00 109.00 59.00 53.00
78.00 108.00 60.00 53.00
79.00 109.00 59.00 53.00
78.00 110.00 59.00 53.00
78.00 110.00 59.00 53.00
79.00 110.00 59.00 53.00
79.00 110.00 60.00 53.00
79.00 110.00 60.00 53.00
80.00 110.00 59.00 53.00
79.00 110.00 59.00 53.00
79.00 109.00 59.00 53.00
79.00 109.00 60.00 53.00
79.00 109.00 59.00 53.00
79.00 109.00 60.00 53.00
79.00 109.00 60.00 53.00
79.00 109.00 60.00 53.00
79.00 109.00 60.00 53.00
79.00 109.00 60.00 53.00
78.00 108.00 60.00 53.00
78.00 108.00 60.00 53.00
77.00 108.00 60.00 53.00
78.00 109.00 60.00 53.00
77.00 109.00 60.00 53.00
76.00 109.00 60.00 53.00
76.00 109.00 60.00 53.00
76.00 109.00 60.00 53.00
76.00 109.00 60.00 53.00
76.00 108.00 60.00 53.00
75.00 109.00 60.00 53.00
75.00 109.00 60.00 53.00
75.00 109.00 60.00 53.00
74.00 108.00 60.00 53.00
74.00 109.00 60.00 53.00
73.00 108.00 60.00 53.00
72.00 108.00 60.00 54.00
72.00 108.00 60.00 54.00
71.00 109.00 60.00 54.00
71.00 109.00 61.00 54.00
71.00 109.00 61.00 54.00
71.00 109.00 60.00 54.00
70.00 108.00 61.00 54.00
70.00 109.00 61.00 54.00
70.00 109.00 61.00 54.00
70.00 109.00 61.00 54.00
69.00 108.00 61.00 54.00
69.00 109.00 61.00 54.00
68.00 108.00 61.00 54.00
68.00 108.00 61.00 54.00
68.00 109.00 61.00 54.00
67.00 108.00 61.00 54.00
67.00 109.00 61.00 54.00
66.00 109.00 61.00 54.00
66.00 108.00 61.00 54.00
65.00 108.00 61.00 54.00
65.00 109.00 61.00 54.00
64.00 109.00 61.00 54.00
63.00 108.00 61.00 54.00
62.00 108.00 61.00 54.00
62.00 109.00 61.00 54.00
61.00 109.00 61.00 54.00
61.00 109.00 61.00 55.00
60.00 109.00 61.00 55.00
59.00 109.00 62.00 55.00
59.00 109.00 61.00 54.00
58.00 109.00 61.00 54.00
57.00 110.00 61.00 54.00
56.00 109.00 61.00 54.00
56.00 110.00 61.00 54.00
55.00 111.00 61.00 54.00
54.00 110.00 61.00 55.00
53.00 110.00 62.00 55.00
52.00 110.00 62.00 55.00
51.00 110.00 62.00 55.00
51.00 110.00 61.00 55.00
50.00 109.00 62.00 55.00
48.00 109.00 62.00 56.00
48.00 109.00 62.00 55.00
47.00 109.00 62.00 55.00
46.00 110.00 62.00 55.00
45.00 109.00 62.00 55.00
45.00 109.00 62.00 55.00
44.00 109.00 61.00 55.00
41.00 109.00 62.00 55.00
41.00 109.00 62.00 55.00
40.00 109.00 62.00 55.00
39.00 108.00 62.00 55.00
38.00 108.00 62.00 55.00
37.00 110.00 62.00 55.00
36.00 109.00 62.00 55.00
34.00 109.00 62.00 55.00
33.00 109.00 63.00 56.00
32.00 108.00 63.00 56.00
31.00 109.00 63.00 56.00
29.00 109.00 63.00 56.00
29.00 110.00 63.00 56.00
27.00 109.00 64.00 56.00
26.00 109.00 63.00 56.00
25.00 109.00 64.00 56.00
23.00 108.00 63.00 56.00
22.00 109.00 63.00 56.00
21.00 109.00 63.00 56.00
19.00 108.00 64.00 56.00
18.00 107.00 64.00 57.00
17.00 108.00 64.00 57.00
15.00 108.00 65.00 58.00
14.00 108.00 64.00 57.00
13.00 108.00 64.00 57.00
11.00 107.00 64.00 57.00
11.00 108.00 64.00 57.00
9.00 108.00 64.00 57.00
9.00 109.00 65.00 58.00
