123.00 87.00 132.00 176.00
123.00 87.00 132.00 176.00
123.00 86.00 133.00 178.00
124.00 86.00 134.00 178.00
125.00 86.00 133.00 178.00
125.00 85.00 133.00 178.00
125.00 85.00 134.00 178.00
127.00 86.00 134.00 179.00
128.00 85.00 134.00 178.00
130.00 85.00 134.00 179.00
131.00 85.00 134.00 179.00
132.00 85.00 134.00 178.00
133.00 84.00 135.00 180.00
134.00 83.00 136.00 181.00
135.00 82.00 137.00 183.00
137.00 83.00 136.00 182.00
138.00 83.00 133.00 178.00
139.00 82.00 134.00 179.00
140.00 81.00 135.00 180.00
141.00 81.00 134.00 179.00
141.00 81.00 137.00 182.00
140.00 81.00 135.00 180.00
140.00 80.00 135.00 179.00
140.00 81.00 136.00 182.00
136.00 79.00 136.00 181.00
134.00 79.00 137.00 183.00
132.00 79.00 138.00 184.00
129.00 78.00 137.00 182.00
129.00 78.00 138.00 184.00
129.00 79.00 138.00 183.00
127.00 78.00 137.00 183.00
128.00 78.00 139.00 185.00
127.00 77.00 139.00 185.00
128.00 77.00 139.00 185.00
129.00 78.00 139.00 186.00
131.00 78.00 139.00 186.00
132.00 79.00 139.00 186.00
133.00 79.00 140.00 186.00
134.00 79.00 141.00 188.00
134.00 79.00 142.00 189.00
133.00 79.00 141.00 188.00
136.00 80.00 142.00 189.00
134.00 78.00 141.00 188.00
136.00 79.00 142.00 190.00
137.00 79.00 143.00 190.00
136.00 78.00 142.00 190.00
138.00 78.00 143.00 191.00
137.00 77.00 143.00 190.00
138.00 77.00 143.00 190.00
139.00 77.00 143.00 190.00
140.00 77.00 142.00 189.00
143.00 77.00 143.00 190.00
142.00 76.00 143.00 191.00
144.00 75.00 143.00 191.00
144.00 75.00 143.00 191.00
146.00 76.00 144.00 192.00
145.00 75.00 144.00 191.00
147.00 76.00 144.00 192.00
148.00 76.00 144.00 192.00
148.00 76.00 144.00 191.00
147.00 75.00 144.00 192.00
147.00 75.00 144.00 192.00
144.00 74.00 144.00 192.00
145.00 75.00 144.00 192.00
144.00 75.00 144.00 192.00
142.00 75.00 143.00 191.00
141.00 75.00 143.00 190.00
140.00 74.00 143.00 191.00
141.00 75.00 144.00 192.00
140.00 74.00 143.00 191.00
139.00 74.00 143.00 191.00
140.00 74.00 143.00 191.00
140.00 74.00 143.00 191.00
140.00 73.00 143.00 191.00
140.00 73.00 143.00 191.00
141.00 73.00 143.00 191.00
142.00 73.00 142.00 190.00
143.00 74.00 144.00 192.00
142.00 74.00 144.00 192.00
142.00 73.00 144.00 192.00
144.00 74.00 145.00 193.00
145.00 75.00 144.00 192.00
145.00 74.00 144.00 192.00
147.00 76.00 146.00 194.00
146.00 76.00 145.00 193.00
149.00 77.00 145.00 193.00
149.00 78.00 144.00 192.00
148.00 78.00 144.00 192.00
149.00 79.00 144.00 192.00
151.00 79.00 146.00 194.00
150.00 78.00 145.00 193.00
152.00 79.00 145.00 193.00
152.00 80.00 145.00 193.00
153.00 81.00 144.00 193.00
153.00 80.00 144.00 192.00
153.00 80.00 144.00 192.00
153.00 80.00 144.00 192.00
153.00 80.00 144.00 192.00
153.00 80.00 144.00 192.00
153.00 80.00 144.00 192.00
152.00 79.00 144.00 192.00
152.00 79.00 145.00 193.00
153.00 80.00 144.00 193.00
152.00 78.00 144.00 193.00
152.00 78.00 144.00 192.00
152.00 78.00 144.00 192.00
152.00 78.00 144.00 192.00
153.00 79.00 145.00 193.00
154.00 79.00 144.00 192.00
153.00 78.00 143.00 190.00
155.00 78.00 142.00 189.00
155.00 78.00 142.00 189.00
157.00 78.00 141.00 188.00
159.00 78.00 142.00 190.00
160.00 78.00 142.00 189.00
161.00 78.00 140.00 186.00
165.00 78.00 141.00 188.00
168.00 78.00 141.00 187.00
169.00 77.00 138.00 185.00
174.00 77.00 139.00 186.00
176.00 75.00 138.00 184.00
181.00 76.00 139.00 185.00
185.00 75.00 138.00 184.00
189.00 75.00 137.00 183.00
193.00 74.00 136.00 182.00
196.00 72.00 135.00 180.00
200.00 71.00 134.00 179.00
205.00 71.00 133.00 177.00
209.00 70.00 133.00 177.00
213.00 69.00 132.00 176.00
217.00 68.00 132.00 176.00
221.00 67.00 131.00 175.00
225.00 66.00 132.00 176.00
228.00 65.00 131.00 174.00
233.00 65.00 130.00 174.00
239.00 66.00 130.00 174.00
243.00 67.00 130.00 173.00
247.00 67.00 129.00 172.00
250.00 68.00 128.00 171.00
255.00 69.00 127.00 169.00
259.00 69.00 128.00 170.00
263.00 71.00 127.00 170.00
267.00 71.00 126.00 169.00
270.00 71.00 126.00 168.00
276.00 74.00 126.00 167.00
280.00 74.00 125.00 166.00
286.00 75.00 125.00 166.00
291.00 77.00 124.00 166.00
297.00 79.00 125.00 166.00
301.00 79.00 124.00 166.00
307.00 80.00 124.00 166.00
313.00 80.00 124.00 165.00
319.00 79.00 124.00 165.00
325.00 79.00 123.00 165.00
333.00 79.00 124.00 165.00
340.00 79.00 123.00 164.00
347.00 79.00 123.00 164.00
354.00 78.00 122.00 163.00
360.00 77.00 122.00 163.00
366.00 76.00 123.00 163.00
373.00 75.00 123.00 164.00
379.00 75.00 123.00 164.00
384.00 74.00 123.00 164.00
389.00 73.00 123.00 164.00
394.00 73.00 123.00 165.00
399.00 73.00 124.00 165.00
402.00 72.00 124.00 165.00
405.00 72.00 124.00 165.00
407.00 73.00 123.00 164.00
411.00 74.00 124.00 165.00
413.00 75.00 124.00 165.00
415.00 77.00 124.00 165.00
415.00 78.00 124.00 165.00
418.00 81.00 124.00 165.00
418.00 81.00 124.00 165.00
419.00 83.00 123.00 164.00
419.00 84.00 123.00 164.00
419.00 84.00 123.00 164.00
419.00 86.00 124.00 165.00
418.00 87.00 124.00 165.00
416.00 86.00 123.00 165.00
415.00 87.00 124.00 166.00
413.00 87.00 124.00 166.00
410.00 87.00 124.00 166.00
408.00 88.00 124.00 166.00
406.00 88.00 124.00 166.00
404.00 87.00 124.00 166.00
403.00 87.00 124.00 166.00
401.00 86.00 125.00 167.00
400.00 86.00 125.00 167.00
399.00 86.00 125.00 167.00
397.00 86.00 125.00 166.00
394.00 86.00 124.00 165.00
394.00 87.00 125.00 166.00
391.00 87.00 125.00 166.00
391.00 87.00 124.00 166.00
392.00 88.00 125.00 167.00
391.00 88.00 124.00 166.00
391.00 90.00 126.00 167.00
389.00 90.00 126.00 168.00
389.00 92.00 127.00 169.00
387.00 94.00 129.00 172.00
384.00 97.00 128.00 171.00
381.00 100.00 129.00 171.00
378.00 105.00 129.00 172.00
372.00 110.00 131.00 174.00
371.00 111.00 131.00 175.00
368.00 114.00 131.00 175.00
366.00 118.00 130.00 174.00
362.00 121.00 128.00 171.00
358.00 129.00 130.00 174.00
360.00 129.00 130.00 173.00
361.00 132.00 129.00 173.00
360.00 134.00 129.00 172.00
357.00 135.00 129.00 172.00
357.00 136.00 128.00 170.00
356.00 139.00 127.00 170.00
354.00 140.00 127.00 169.00
354.00 143.00 126.00 168.00
355.00 145.00 126.00 168.00
353.00 146.00 126.00 168.00
353.00 147.00 126.00 167.00
353.00 149.00 125.00 166.00
353.00 151.00 124.00 166.00
354.00 154.00 124.00 166.00
354.00 156.00 125.00 166.00
354.00 157.00 124.00 166.00
355.00 160.00 124.00 165.00
355.00 162.00 123.00 164.00
355.00 163.00 123.00 164.00
356.00 165.00 124.00 165.00
356.00 166.00 123.00 164.00
356.00 168.00 122.00 163.00
357.00 169.00 123.00 164.00
356.00 168.00 123.00 164.00
356.00 169.00 123.00 164.00
356.00 169.00 123.00 164.00
356.00 169.00 123.00 164.00
355.00 169.00 123.00 164.00
355.00 170.00 123.00 164.00
354.00 170.00 123.00 164.00
353.00 170.00 123.00 164.00
352.00 171.00 123.00 164.00
351.00 171.00 125.00 166.00
349.00 170.00 124.00 165.00
348.00 169.00 124.00 165.00
347.00 167.00 125.00 166.00
347.00 166.00 125.00 166.00
346.00 164.00 125.00 166.00
345.00 163.00 125.00 166.00
344.00 161.00 125.00 166.00
343.00 160.00 126.00 167.00
342.00 159.00 126.00 167.00
342.00 158.00 126.00 168.00
340.00 156.00 126.00 168.00
338.00 155.00 127.00 170.00
336.00 154.00 127.00 169.00
334.00 154.00 128.00 171.00
331.00 153.00 129.00 173.00
329.00 152.00 131.00 175.00
326.00 152.00 131.00 175.00
321.00 152.00 132.00 175.00
317.00 153.00 132.00 176.00
313.00 153.00 134.00 179.00
310.00 154.00 135.00 181.00
305.00 155.00 135.00 180.00
301.00 156.00 135.00 181.00
298.00 158.00 138.00 184.00
294.00 158.00 138.00 184.00
292.00 160.00 139.00 186.00
286.00 159.00 140.00 186.00
284.00 160.00 141.00 188.00
281.00 160.00 141.00 189.00
275.00 158.00 141.00 189.00
271.00 156.00 142.00 189.00
266.00 155.00 142.00 189.00
261.00 153.00 142.00 189.00
256.00 152.00 143.00 191.00
250.00 150.00 142.00 190.00
245.00 150.00 143.00 191.00
239.00 146.00 143.00 191.00
236.00 145.00 145.00 193.00
231.00 143.00 146.00 194.00
226.00 139.00 145.00 194.00
223.00 137.00 145.00 193.00
220.00 134.00 146.00 195.00
216.00 131.00 148.00 197.00
212.00 127.00 148.00 197.00
209.00 124.00 148.00 198.00
205.00 121.00 148.00 198.00
202.00 117.00 149.00 198.00
200.00 115.00 151.00 202.00
197.00 113.00 153.00 204.00
196.00 110.00 154.00 205.00
193.00 108.00 152.00 203.00
192.00 106.00 153.00 205.00
190.00 104.00 154.00 205.00
188.00 103.00 154.00 205.00
187.00 102.00 156.00 208.00
184.00 101.00 156.00 208.00
182.00 100.00 156.00 208.00
180.00 100.00 157.00 209.00
179.00 101.00 157.00 209.00
176.00 99.00 157.00 209.00
175.00 100.00 157.00 210.00
173.00 99.00 156.00 208.00
170.00 98.00 156.00 208.00
168.00 98.00 155.00 207.00
168.00 98.00 155.00 207.00
166.00 97.00 155.00 207.00
164.00 96.00 154.00 206.00
162.00 96.00 152.00 203.00
161.00 94.00 151.00 202.00
161.00 94.00 151.00 202.00
160.00 94.00 152.00 202.00
158.00 92.00 152.00 203.00
156.00 91.00 151.00 201.00
155.00 91.00 149.00 199.00
154.00 90.00 149.00 199.00
151.00 88.00 149.00 199.00
150.00 88.00 148.00 198.00
149.00 87.00 148.00 197.00
148.00 86.00 148.00 197.00
148.00 86.00 148.00 197.00
147.00 85.00 148.00 197.00
146.00 85.00 147.00 197.00
147.00 85.00 147.00 196.00
146.00 83.00 146.00 195.00
147.00 82.00 146.00 195.00
146.00 80.00 146.00 194.00
145.00 79.00 144.00 192.00
144.00 78.00 144.00 192.00
145.00 80.00 143.00 191.00
144.00 79.00 145.00 193.00
144.00 80.00 145.00 193.00
143.00 81.00 145.00 193.00
143.00 83.00 144.00 191.00
142.00 84.00 144.00 192.00
142.00 86.00 144.00 191.00
142.00 87.00 143.00 190.00
141.00 87.00 142.00 189.00
142.00 88.00 141.00 188.00
143.00 90.00 141.00 188.00
145.00 90.00 141.00 188.00
146.00 91.00 141.00 188.00
146.00 91.00 141.00 188.00
148.00 92.00 141.00 189.00
149.00 92.00 141.00 188.00
151.00 94.00 142.00 189.00
153.00 94.00 141.00 187.00
156.00 95.00 140.00 187.00
159.00 96.00 140.00 186.00
162.00 97.00 141.00 187.00
162.00 97.00 140.00 187.00
164.00 98.00 140.00 187.00
165.00 99.00 140.00 187.00
166.00 100.00 140.00 187.00
167.00 100.00 141.00 188.00
168.00 102.00 142.00 190.00
168.00 102.00 143.00 191.00
167.00 101.00 144.00 192.00
165.00 101.00 144.00 192.00
165.00 101.00 144.00 192.00
164.00 101.00 144.00 192.00
163.00 101.00 145.00 193.00
163.00 101.00 145.00 193.00
162.00 99.00 145.00 193.00
163.00 98.00 144.00 191.00
164.00 98.00 143.00 190.00
163.00 96.00 141.00 188.00
163.00 96.00 141.00 188.00
163.00 95.00 140.00 187.00
163.00 93.00 138.00 185.00
165.00 93.00 138.00 184.00
165.00 92.00 136.00 181.00
167.00 91.00 137.00 182.00
168.00 90.00 135.00 181.00
171.00 90.00 135.00 180.00
172.00 89.00 134.00 178.00
175.00 90.00 134.00 179.00
177.00 89.00 134.00 179.00
180.00 89.00 134.00 179.00
184.00 89.00 136.00 182.00
185.00 89.00 137.00 183.00
188.00 90.00 139.00 185.00
188.00 91.00 139.00 186.00
190.00 92.00 142.00 189.00
188.00 91.00 143.00 190.00
189.00 92.00 143.00 191.00
189.00 92.00 143.00 191.00
189.00 92.00 143.00 191.00
190.00 92.00 144.00 191.00
191.00 93.00 145.00 193.00
192.00 93.00 145.00 194.00
191.00 93.00 144.00 192.00
191.00 94.00 143.00 191.00
192.00 94.00 143.00 190.00
192.00 94.00 143.00 190.00
192.00 95.00 142.00 190.00
193.00 95.00 144.00 192.00
192.00 95.00 145.00 193.00
191.00 96.00 145.00 193.00
191.00 96.00 144.00 193.00
190.00 95.00 144.00 192.00
191.00 96.00 144.00 192.00
191.00 96.00 143.00 191.00
191.00 96.00 143.00 191.00
190.00 95.00 142.00 190.00
192.00 96.00 142.00 190.00
192.00 96.00 142.00 190.00
192.00 95.00 142.00 190.00
192.00 95.00 142.00 190.00
192.00 95.00 142.00 189.00
193.00 96.00 141.00 188.00
193.00 96.00 140.00 187.00
193.00 95.00 139.00 185.00
194.00 95.00 140.00 186.00
194.00 94.00 140.00 187.00
193.00 93.00 139.00 186.00
193.00 93.00 139.00 185.00
195.00 94.00 139.00 185.00
193.00 93.00 139.00 185.00
194.00 94.00 139.00 186.00
194.00 94.00 138.00 184.00
194.00 95.00 139.00 186.00
193.00 94.00 138.00 185.00
194.00 95.00 140.00 186.00
194.00 95.00 140.00 186.00
194.00 96.00 139.00 185.00
193.00 95.00 138.00 184.00
193.00 96.00 137.00 183.00
195.00 97.00 138.00 184.00
193.00 96.00 137.00 183.00
194.00 97.00 137.00 183.00
195.00 98.00 138.00 184.00
194.00 97.00 137.00 183.00
195.00 98.00 138.00 184.00
195.00 98.00 138.00 185.00
195.00 99.00 138.00 185.00
195.00 99.00 138.00 185.00
195.00 99.00 139.00 185.00
194.00 99.00 137.00 183.00
194.00 99.00 137.00 182.00
194.00 99.00 137.00 182.00
195.00 100.00 138.00 184.00
195.00 101.00 138.00 184.00
195.00 101.00 138.00 184.00
195.00 101.00 138.00 184.00
195.00 101.00 139.00 185.00
196.00 102.00 138.00 184.00
195.00 101.00 137.00 182.00
196.00 102.00 137.00 183.00
196.00 102.00 137.00 183.00
197.00 102.00 137.00 182.00
196.00 102.00 138.00 183.00
195.00 102.00 137.00 182.00
195.00 102.00 136.00 182.00
196.00 102.00 136.00 181.00
197.00 103.00 137.00 182.00
196.00 103.00 135.00 180.00
196.00 104.00 135.00 179.00
197.00 104.00 136.00 181.00
197.00 104.00 136.00 182.00
196.00 103.00 136.00 182.00
196.00 103.00 136.00 182.00
196.00 104.00 136.00 182.00
197.00 104.00 136.00 182.00
196.00 104.00 136.00 182.00
197.00 104.00 136.00 181.00
198.00 105.00 137.00 183.00
198.00 105.00 138.00 183.00
197.00 104.00 137.00 183.00
199.00 105.00 138.00 184.00
199.00 105.00 139.00 186.00
199.00 105.00 138.00 183.00
201.00 106.00 136.00 182.00
202.00 106.00 136.00 182.00
203.00 107.00 136.00 182.00
203.00 107.00 136.00 182.00
203.00 106.00 136.00 182.00
204.00 106.00 136.00 182.00
204.00 106.00 137.00 182.00
206.00 107.00 138.00 184.00
206.00 106.00 137.00 183.00
208.00 107.00 138.00 184.00
210.00 107.00 138.00 184.00
212.00 107.00 138.00 184.00
213.00 107.00 137.00 183.00
216.00 108.00 138.00 184.00
218.00 108.00 138.00 184.00
221.00 109.00 138.00 185.00
224.00 109.00 138.00 184.00
226.00 110.00 138.00 184.00
227.00 108.00 138.00 183.00
230.00 108.00 137.00 183.00
234.00 110.00 137.00 183.00
234.00 109.00 137.00 183.00
237.00 109.00 138.00 184.00
238.00 108.00 137.00 183.00
240.00 109.00 137.00 183.00
242.00 110.00 138.00 184.00
242.00 109.00 137.00 183.00
245.00 111.00 137.00 183.00
247.00 111.00 137.00 183.00
248.00 111.00 137.00 183.00
250.00 111.00 137.00 183.00
252.00 110.00 138.00 183.00
252.00 109.00 137.00 183.00
255.00 109.00 139.00 185.00
256.00 109.00 139.00 185.00
257.00 108.00 138.00 184.00
259.00 107.00 137.00 183.00
261.00 107.00 138.00 184.00
262.00 105.00 138.00 184.00
264.00 104.00 138.00 184.00
267.00 104.00 139.00 185.00
268.00 102.00 138.00 184.00
270.00 102.00 139.00 185.00
271.00 101.00 138.00 185.00
274.00 101.00 139.00 186.00
275.00 99.00 139.00 185.00
277.00 99.00 139.00 185.00
279.00 98.00 139.00 185.00
282.00 98.00 139.00 186.00
284.00 97.00 140.00 186.00
287.00 96.00 140.00 187.00
288.00 93.00 140.00 187.00
291.00 92.00 140.00 187.00
293.00 90.00 140.00 187.00
296.00 89.00 141.00 188.00
299.00 88.00 142.00 189.00
301.00 87.00 143.00 191.00
302.00 85.00 143.00 191.00
304.00 83.00 145.00 193.00
306.00 83.00 147.00 195.00
307.00 80.00 147.00 197.00
309.00 80.00 149.00 199.00
309.00 77.00 151.00 201.00
310.00 76.00 152.00 202.00
311.00 76.00 154.00 205.00
310.00 74.00 156.00 208.00
309.00 73.00 156.00 208.00
308.00 73.00 157.00 210.00
307.00 73.00 159.00 212.00
306.00 74.00 161.00 215.00
301.00 74.00 162.00 216.00
298.00 75.00 163.00 218.00
296.00 78.00 165.00 220.00
291.00 80.00 166.00 221.00
290.00 85.00 166.00 222.00
284.00 85.00 167.00 222.00
280.00 86.00 168.00 223.00
277.00 86.00 167.00 223.00
273.00 87.00 167.00 223.00
269.00 89.00 168.00 223.00
264.00 91.00 168.00 224.00
262.00 96.00 168.00 224.00
255.00 96.00 169.00 226.00
253.00 99.00 169.00 225.00
251.00 102.00 171.00 227.00
250.00 106.00 171.00 228.00
246.00 106.00 172.00 230.00
244.00 107.00 172.00 229.00
240.00 105.00 173.00 230.00
235.00 100.00 173.00 230.00
231.00 93.00 174.00 232.00
227.00 84.00 175.00 233.00
226.00 76.00 175.00 234.00
222.00 61.00 176.00 234.00
221.00 48.00 174.00 232.00
220.00 34.00 174.00 232.00
219.00 22.00 172.00 230.00
220.00 10.00 171.00 228.00
218.00 -0.00 170.00 227.00
215.00 -10.00 169.00 226.00
213.00 -15.00 169.00 226.00
211.00 -19.00 169.00 226.00
211.00 -22.00 169.00 225.00
209.00 -24.00 166.00 221.00
208.00 -22.00 164.00 218.00
207.00 -20.00 161.00 214.00
207.00 -16.00 161.00 214.00
206.00 -10.00 160.00 213.00
205.00 -6.00 157.00 210.00
204.00 -1.00 156.00 207.00
202.00 4.00 154.00 205.00
202.00 8.00 153.00 204.00
199.00 9.00 153.00 204.00
198.00 12.00 151.00 202.00
199.00 15.00 151.00 201.00
198.00 15.00 151.00 201.00
196.00 16.00 149.00 199.00
194.00 18.00 148.00 198.00
194.00 18.00 148.00 197.00
193.00 21.00 147.00 196.00
191.00 22.00 147.00 196.00
188.00 22.00 146.00 194.00
186.00 22.00 146.00 194.00
183.00 22.00 146.00 194.00
180.00 24.00 145.00 194.00
177.00 25.00 146.00 194.00
175.00 28.00 145.00 193.00
173.00 32.00 145.00 194.00
169.00 34.00 145.00 194.00
167.00 36.00 146.00 194.00
165.00 39.00 146.00 194.00
163.00 39.00 146.00 195.00
164.00 42.00 146.00 195.00
164.00 44.00 146.00 194.00
161.00 43.00 146.00 195.00
163.00 47.00 145.00 194.00
161.00 48.00 146.00 194.00
161.00 52.00 146.00 195.00
161.00 58.00 145.00 194.00
158.00 60.00 146.00 194.00
156.00 63.00 146.00 195.00
157.00 69.00 145.00 193.00
156.00 72.00 146.00 194.00
153.00 74.00 146.00 195.00
153.00 79.00 145.00 194.00
151.00 81.00 145.00 193.00
151.00 84.00 145.00 193.00
152.00 85.00 145.00 193.00
154.00 86.00 145.00 193.00
155.00 87.00 145.00 193.00
158.00 89.00 145.00 193.00
162.00 90.00 144.00 193.00
164.00 91.00 143.00 191.00
167.00 93.00 142.00 189.00
171.00 95.00 140.00 186.00
174.00 98.00 141.00 188.00
177.00 101.00 140.00 187.00
179.00 102.00 139.00 185.00
180.00 103.00 138.00 183.00
180.00 100.00 137.00 182.00
179.00 99.00 137.00 183.00
178.00 98.00 137.00 183.00
178.00 94.00 137.00 183.00
177.00 90.00 137.00 183.00
176.00 86.00 137.00 183.00
175.00 83.00 137.00 182.00
173.00 80.00 136.00 181.00
171.00 78.00 136.00 181.00
169.00 77.00 136.00 181.00
166.00 76.00 135.00 180.00
163.00 77.00 135.00 180.00
162.00 77.00 135.00 180.00
160.00 77.00 136.00 181.00
159.00 79.00 136.00 182.00
157.00 79.00 136.00 182.00
158.00 81.00 135.00 180.00
159.00 82.00 135.00 181.00
161.00 83.00 136.00 181.00
166.00 84.00 137.00 183.00
169.00 84.00 136.00 182.00
173.00 83.00 137.00 182.00
179.00 84.00 137.00 183.00
182.00 83.00 138.00 184.00
183.00 81.00 138.00 184.00
185.00 82.00 139.00 185.00
185.00 80.00 138.00 184.00
186.00 80.00 140.00 186.00
186.00 77.00 141.00 187.00
183.00 74.00 141.00 188.00
183.00 73.00 142.00 190.00
180.00 70.00 143.00 191.00
177.00 67.00 145.00 193.00
175.00 66.00 145.00 194.00
172.00 64.00 146.00 195.00
171.00 66.00 147.00 196.00
167.00 66.00 147.00 197.00
167.00 67.00 148.00 198.00
163.00 65.00 150.00 200.00
163.00 67.00 151.00 201.00
161.00 65.00 152.00 203.00
162.00 63.00 153.00 204.00
165.00 62.00 154.00 206.00
170.00 62.00 155.00 206.00
173.00 59.00 155.00 207.00
179.00 58.00 156.00 208.00
183.00 55.00 157.00 209.00
188.00 54.00 158.00 210.00
193.00 53.00 159.00 212.00
196.00 51.00 159.00 213.00
199.00 52.00 160.00 214.00
203.00 54.00 161.00 214.00
200.00 54.00 161.00 215.00
199.00 54.00 162.00 216.00
197.00 54.00 162.00 216.00
193.00 51.00 162.00 216.00
189.00 49.00 161.00 215.00
182.00 44.00 161.00 215.00
175.00 43.00 161.00 214.00
171.00 42.00 161.00 215.00
166.00 41.00 162.00 216.00
163.00 43.00 162.00 216.00
161.00 46.00 163.00 217.00
160.00 51.00 163.00 217.00
158.00 54.00 163.00 217.00
158.00 55.00 163.00 218.00
155.00 55.00 164.00 219.00
156.00 56.00 164.00 218.00
156.00 57.00 164.00 219.00
158.00 60.00 164.00 219.00
160.00 61.00 164.00 219.00
164.00 63.00 164.00 219.00
169.00 65.00 165.00 220.00
176.00 65.00 165.00 221.00
187.00 68.00 166.00 221.00
198.00 68.00 166.00 221.00
207.00 69.00 166.00 221.00
217.00 70.00 166.00 221.00
225.00 69.00 166.00 222.00
232.00 68.00 167.00 222.00
241.00 67.00 168.00 223.00
243.00 63.00 169.00 225.00
247.00 60.00 169.00 225.00
250.00 57.00 169.00 225.00
252.00 53.00 169.00 225.00
253.00 50.00 169.00 225.00
254.00 49.00 169.00 225.00
252.00 49.00 169.00 225.00
252.00 52.00 168.00 225.00
254.00 57.00 169.00 225.00
253.00 63.00 168.00 224.00
251.00 69.00 168.00 224.00
248.00 74.00 168.00 224.00
247.00 79.00 167.00 223.00
245.00 83.00 166.00 222.00
240.00 85.00 166.00 221.00
238.00 89.00 166.00 222.00
233.00 91.00 166.00 221.00
231.00 95.00 164.00 219.00
232.00 98.00 165.00 220.00
232.00 99.00 164.00 219.00
235.00 101.00 164.00 218.00
240.00 102.00 163.00 218.00
246.00 102.00 164.00 219.00
256.00 104.00 165.00 220.00
265.00 104.00 165.00 219.00
275.00 107.00 166.00 222.00
285.00 107.00 166.00 222.00
296.00 109.00 166.00 221.00
306.00 112.00 166.00 221.00
316.00 115.00 166.00 222.00
328.00 116.00 167.00 222.00
336.00 121.00 168.00 224.00
340.00 123.00 167.00 223.00
342.00 128.00 167.00 222.00
347.00 131.00 165.00 220.00
350.00 131.00 163.00 218.00
358.00 135.00 162.00 216.00
361.00 136.00 162.00 216.00
367.00 142.00 162.00 216.00
370.00 142.00 162.00 216.00
373.00 143.00 161.00 215.00
376.00 144.00 162.00 216.00
381.00 150.00 161.00 215.00
384.00 150.00 160.00 213.00
387.00 153.00 160.00 213.00
391.00 156.00 160.00 213.00
393.00 157.00 160.00 213.00
394.00 157.00 159.00 212.00
395.00 157.00 159.00 212.00
396.00 160.00 158.00 210.00
396.00 160.00 157.00 209.00
415.00 173.00 157.00 209.00
414.00 173.00 156.00 208.00
414.00 171.00 155.00 207.00
400.00 170.00 153.00 204.00
402.00 170.00 151.00 201.00
401.00 171.00 149.00 198.00
400.00 172.00 148.00 197.00
396.00 171.00 146.00 195.00
396.00 173.00 146.00 194.00
391.00 171.00 144.00 192.00
389.00 172.00 143.00 190.00
386.00 172.00 142.00 189.00
386.00 174.00 142.00 189.00
383.00 173.00 141.00 187.00
381.00 173.00 140.00 187.00
380.00 173.00 139.00 186.00
381.00 175.00 139.00 186.00
379.00 174.00 139.00 185.00
379.00 176.00 138.00 184.00
378.00 177.00 138.00 184.00
378.00 177.00 138.00 184.00
377.00 177.00 139.00 185.00
376.00 178.00 138.00 184.00
376.00 179.00 138.00 184.00
374.00 178.00 137.00 183.00
373.00 179.00 137.00 182.00
372.00 179.00 137.00 182.00
370.00 180.00 136.00 182.00
368.00 181.00 136.00 181.00
367.00 182.00 136.00 181.00
365.00 182.00 135.00 180.00
360.00 180.00 135.00 180.00
357.00 180.00 135.00 180.00
355.00 180.00 135.00 180.00
352.00 180.00 135.00 179.00
352.00 181.00 134.00 179.00
350.00 181.00 134.00 179.00
347.00 180.00 133.00 178.00
345.00 179.00 133.00 178.00
344.00 179.00 133.00 177.00
344.00 179.00 133.00 177.00
343.00 178.00 133.00 177.00
341.00 177.00 133.00 178.00
339.00 177.00 133.00 177.00
339.00 176.00 134.00 179.00
337.00 176.00 133.00 178.00
336.00 176.00 133.00 177.00
337.00 177.00 134.00 178.00
336.00 177.00 134.00 179.00
335.00 177.00 134.00 179.00
335.00 177.00 134.00 179.00
335.00 177.00 134.00 179.00
335.00 177.00 134.00 179.00
334.00 176.00 134.00 179.00
335.00 178.00 134.00 178.00
334.00 178.00 134.00 179.00
332.00 178.00 134.00 179.00
332.00 179.00 134.00 178.00
332.00 180.00 134.00 179.00
330.00 180.00 134.00 179.00
328.00 179.00 134.00 179.00
326.00 178.00 134.00 179.00
325.00 178.00 134.00 178.00
322.00 177.00 134.00 178.00
319.00 175.00 133.00 178.00
313.00 173.00 133.00 177.00
310.00 172.00 133.00 178.00
304.00 170.00 133.00 178.00
297.00 169.00 134.00 178.00
292.00 169.00 134.00 178.00
285.00 170.00 134.00 179.00
279.00 170.00 134.00 178.00
273.00 171.00 134.00 179.00
268.00 171.00 134.00 179.00
263.00 171.00 134.00 179.00
259.00 171.00 134.00 179.00
257.00 171.00 134.00 179.00
252.00 170.00 134.00 179.00
251.00 170.00 135.00 180.00
248.00 168.00 135.00 180.00
247.00 167.00 136.00 181.00
248.00 167.00 137.00 182.00
246.00 165.00 137.00 182.00
246.00 164.00 137.00 183.00
247.00 164.00 138.00 184.00
245.00 162.00 138.00 185.00
246.00 161.00 139.00 186.00
245.00 158.00 140.00 186.00
244.00 154.00 141.00 187.00
242.00 148.00 141.00 188.00
241.00 144.00 142.00 190.00
240.00 141.00 143.00 191.00
236.00 137.00 144.00 193.00
233.00 135.00 145.00 193.00
231.00 134.00 146.00 195.00
227.00 132.00 147.00 196.00
222.00 130.00 148.00 197.00
218.00 126.00 148.00 197.00
213.00 122.00 148.00 197.00
208.00 119.00 148.00 198.00
206.00 118.00 149.00 199.00
202.00 116.00 150.00 199.00
196.00 113.00 151.00 201.00
193.00 113.00 151.00 202.00
191.00 114.00 153.00 204.00
187.00 113.00 155.00 206.00
184.00 114.00 155.00 207.00
182.00 116.00 157.00 210.00
179.00 114.00 158.00 211.00
176.00 114.00 159.00 211.00
174.00 113.00 159.00 212.00
172.00 112.00 160.00 214.00
168.00 109.00 163.00 217.00
164.00 106.00 165.00 220.00
158.00 101.00 167.00 223.00
153.00 98.00 169.00 225.00
152.00 95.00 170.00 227.00
146.00 91.00 171.00 228.00
146.00 90.00 171.00 228.00
145.00 87.00 172.00 229.00
144.00 85.00 171.00 228.00
149.00 84.00 171.00 228.00
152.00 81.00 172.00 229.00
157.00 80.00 172.00 230.00
163.00 79.00 174.00 232.00
171.00 77.00 174.00 232.00
182.00 77.00 174.00 232.00
194.00 75.00 174.00 232.00
206.00 72.00 176.00 235.00
215.00 68.00 178.00 237.00
224.00 64.00 178.00 237.00
229.00 60.00 178.00 238.00
230.00 55.00 178.00 237.00
232.00 55.00 179.00 238.00
230.00 52.00 179.00 238.00
228.00 50.00 179.00 239.00
228.00 51.00 180.00 240.00
222.00 48.00 181.00 241.00
219.00 47.00 182.00 243.00
213.00 46.00 184.00 245.00
205.00 42.00 185.00 247.00
200.00 41.00 185.00 247.00
195.00 42.00 185.00 247.00
194.00 43.00 185.00 247.00
195.00 43.00 186.00 248.00
197.00 46.00 188.00 251.00
198.00 46.00 191.00 254.00
202.00 45.00 192.00 256.00
211.00 48.00 193.00 257.00
176.00 55.00 194.00 258.00
173.00 56.00 194.00 259.00
171.00 58.00 195.00 260.00
172.00 62.00 196.00 262.00
171.00 63.00 197.00 263.00
170.00 63.00 198.00 264.00
170.00 59.00 199.00 266.00
168.00 53.00 201.00 268.00
167.00 51.00 202.00 269.00
167.00 51.00 204.00 272.00
166.00 48.00 205.00 274.00
168.00 50.00 207.00 276.00
169.00 50.00 208.00 277.00
167.00 48.00 207.00 276.00
170.00 48.00 208.00 277.00
170.00 46.00 207.00 275.00
176.00 47.00 208.00 277.00
176.00 47.00 207.00 276.00
187.00 49.00 207.00 276.00
187.00 53.00 207.00 276.00
189.00 56.00 207.00 276.00
197.00 60.00 206.00 274.00
205.00 65.00 204.00 272.00
215.00 70.00 202.00 270.00
226.00 74.00 200.00 267.00
241.00 82.00 199.00 265.00
248.00 86.00 198.00 264.00
266.00 96.00 197.00 263.00
282.00 100.00 196.00 261.00
295.00 106.00 195.00 260.00
307.00 112.00 193.00 258.00
322.00 121.00 192.00 256.00
335.00 124.00 191.00 255.00
352.00 124.00 191.00 255.00
375.00 134.00 191.00 254.00
379.00 137.00 190.00 253.00
386.00 142.00 190.00 253.00
392.00 147.00 190.00 253.00
394.00 148.00 190.00 253.00
400.00 155.00 189.00 252.00
401.00 159.00 189.00 252.00
403.00 162.00 188.00 251.00
408.00 169.00 188.00 250.00
407.00 175.00 188.00 250.00
408.00 180.00 188.00 250.00
407.00 185.00 187.00 250.00
402.00 190.00 187.00 249.00
397.00 198.00 186.00 248.00
393.00 206.00 186.00 248.00
386.00 214.00 185.00 247.00
379.00 219.00 184.00 246.00
375.00 227.00 184.00 246.00
368.00 236.00 184.00 246.00
362.00 245.00 184.00 246.00
355.00 255.00 183.00 244.00
347.00 261.00 183.00 244.00
342.00 271.00 182.00 242.00
336.00 278.00 179.00 239.00
335.00 288.00 177.00 236.00
330.00 293.00 176.00 235.00
328.00 301.00 175.00 233.00
327.00 307.00 173.00 231.00
327.00 311.00 172.00 230.00
328.00 315.00 171.00 228.00
328.00 316.00 170.00 227.00
331.00 317.00 169.00 226.00
336.00 320.00 167.00 223.00
340.00 321.00 165.00 219.00
345.00 321.00 162.00 216.00
348.00 318.00 160.00 214.00
356.00 317.00 158.00 210.00
360.00 313.00 156.00 208.00
362.00 304.00 153.00 205.00
365.00 296.00 152.00 202.00
370.00 290.00 150.00 200.00
374.00 283.00 148.00 197.00
375.00 277.00 146.00 194.00
377.00 272.00 143.00 191.00
380.00 271.00 141.00 188.00
381.00 267.00 139.00 186.00
381.00 263.00 137.00 183.00
383.00 263.00 135.00 180.00
382.00 260.00 133.00 178.00
383.00 260.00 132.00 176.00
384.00 259.00 130.00 174.00
385.00 260.00 129.00 172.00
385.00 260.00 127.00 170.00
385.00 260.00 126.00 168.00
387.00 261.00 125.00 166.00
387.00 260.00 123.00 164.00
388.00 260.00 122.00 163.00
388.00 260.00 121.00 162.00
389.00 261.00 120.00 160.00
390.00 262.00 119.00 159.00
391.00 261.00 118.00 158.00
391.00 259.00 118.00 157.00
391.00 257.00 117.00 156.00
390.00 253.00 117.00 156.00
389.00 251.00 117.00 156.00
388.00 249.00 116.00 155.00
387.00 248.00 116.00 155.00
385.00 247.00 116.00 154.00
384.00 247.00 115.00 154.00
380.00 244.00 115.00 154.00
377.00 243.00 116.00 154.00
376.00 243.00 115.00 154.00
371.00 240.00 115.00 154.00
368.00 239.00 115.00 154.00
365.00 238.00 115.00 153.00
363.00 237.00 115.00 153.00
360.00 235.00 115.00 153.00
359.00 235.00 114.00 152.00
356.00 232.00 115.00 153.00
356.00 233.00 114.00 152.00
354.00 231.00 114.00 152.00
351.00 228.00 115.00 153.00
351.00 228.00 114.00 152.00
350.00 225.00 115.00 153.00
351.00 225.00 115.00 153.00
352.00 224.00 114.00 153.00
351.00 221.00 115.00 153.00
352.00 220.00 116.00 154.00
354.00 220.00 115.00 153.00
355.00 219.00 115.00 153.00
356.00 216.00 115.00 153.00
356.00 215.00 114.00 153.00
356.00 211.00 115.00 154.00
356.00 209.00 115.00 154.00
358.00 209.00 115.00 153.00
358.00 207.00 115.00 153.00
356.00 204.00 115.00 154.00
356.00 201.00 115.00 154.00
355.00 199.00 115.00 154.00
354.00 197.00 115.00 153.00
352.00 195.00 115.00 153.00
351.00 195.00 115.00 153.00
350.00 193.00 115.00 153.00
348.00 192.00 115.00 153.00
347.00 190.00 115.00 153.00
346.00 189.00 114.00 153.00
343.00 186.00 115.00 153.00
343.00 185.00 115.00 153.00
342.00 183.00 115.00 153.00
341.00 181.00 115.00 153.00
340.00 179.00 115.00 153.00
339.00 178.00 115.00 153.00
338.00 176.00 115.00 153.00
337.00 175.00 115.00 153.00
335.00 172.00 115.00 153.00
333.00 170.00 115.00 154.00
332.00 169.00 115.00 154.00
330.00 168.00 115.00 154.00
328.00 167.00 116.00 154.00
327.00 167.00 116.00 154.00
324.00 167.00 116.00 154.00
320.00 166.00 116.00 155.00
316.00 164.00 116.00 154.00
313.00 164.00 116.00 155.00
309.00 163.00 116.00 155.00
306.00 164.00 117.00 156.00
302.00 162.00 117.00 156.00
300.00 164.00 117.00 156.00
297.00 164.00 117.00 156.00
293.00 163.00 117.00 156.00
290.00 162.00 117.00 156.00
288.00 162.00 117.00 156.00
285.00 160.00 117.00 156.00
283.00 159.00 117.00 156.00
279.00 157.00 117.00 155.00
277.00 157.00 116.00 155.00
273.00 156.00 116.00 155.00
270.00 156.00 116.00 155.00
266.00 154.00 116.00 154.00
263.00 155.00 115.00 154.00
258.00 154.00 115.00 154.00
256.00 155.00 115.00 154.00
252.00 156.00 116.00 154.00
249.00 157.00 116.00 154.00
246.00 157.00 115.00 154.00
241.00 156.00 116.00 154.00
239.00 156.00 115.00 153.00
235.00 156.00 115.00 154.00
234.00 156.00 115.00 154.00
230.00 155.00 115.00 154.00
228.00 155.00 115.00 154.00
226.00 154.00 115.00 154.00
224.00 154.00 115.00 154.00
221.00 151.00 115.00 154.00
220.00 151.00 115.00 153.00
218.00 150.00 115.00 154.00
216.00 150.00 115.00 154.00
214.00 149.00 116.00 154.00
214.00 150.00 115.00 154.00
211.00 148.00 116.00 155.00
209.00 148.00 116.00 155.00
208.00 147.00 116.00 155.00
208.00 146.00 116.00 155.00
209.00 146.00 117.00 156.00
209.00 144.00 117.00 156.00
210.00 143.00 118.00 157.00
211.00 142.00 120.00 159.00
212.00 142.00 120.00 160.00
216.00 143.00 121.00 161.00
219.00 143.00 122.00 163.00
220.00 142.00 123.00 164.00
223.00 141.00 124.00 165.00
226.00 142.00 124.00 166.00
230.00 142.00 125.00 166.00
232.00 141.00 125.00 167.00
235.00 141.00 126.00 168.00
235.00 140.00 126.00 168.00
236.00 139.00 127.00 170.00
236.00 138.00 128.00 171.00
235.00 137.00 129.00 172.00
235.00 137.00 130.00 173.00
236.00 136.00 130.00 173.00
236.00 135.00 131.00 175.00
236.00 135.00 133.00 177.00
235.00 134.00 134.00 179.00
232.00 131.00 136.00 181.00
229.00 126.00 137.00 183.00
227.00 121.00 138.00 184.00
222.00 114.00 138.00 184.00
220.00 110.00 139.00 185.00
216.00 105.00 139.00 185.00
211.00 101.00 139.00 185.00
208.00 97.00 141.00 188.00
205.00 97.00 144.00 192.00
200.00 98.00 146.00 194.00
193.00 98.00 149.00 198.00
