134.00 55.00 60.00 88.00
134.00 55.00 60.00 88.00
134.00 55.00 60.00 88.00
134.00 55.00 60.00 88.00
134.00 55.00 60.00 88.00
134.00 55.00 60.00 88.00
133.00 55.00 60.00 88.00
134.00 55.00 60.00 88.00
134.00 55.00 60.00 88.00
134.00 55.00 60.00 88.00
134.00 55.00 60.00 88.00
134.00 56.00 59.00 87.00
135.00 56.00 60.00 87.00
138.00 56.00 60.00 87.00
138.00 57.00 60.00 88.00
138.00 57.00 60.00 88.00
135.00 57.00 60.00 88.00
129.00 57.00 60.00 88.00
122.00 57.00 60.00 88.00
114.00 57.00 59.00 87.00
110.00 57.00 59.00 87.00
103.00 58.00 59.00 87.00
95.00 57.00 59.00 87.00
88.00 59.00 60.00 88.00
82.00 61.00 61.00 89.00
79.00 66.00 62.00 91.00
77.00 68.00 63.00 92.00
76.00 73.00 64.00 93.00
76.00 77.00 64.00 94.00
77.00 82.00 65.00 95.00
79.00 86.00 65.00 96.00
83.00 86.00 65.00 96.00
84.00 85.00 65.00 96.00
91.00 85.00 66.00 96.00
97.00 84.00 67.00 98.00
105.00 83.00 68.00 99.00
113.00 81.00 69.00 101.00
123.00 82.00 70.00 103.00
125.00 82.00 71.00 104.00
130.00 85.00 72.00 106.00
135.00 88.00 73.00 107.00
197.00 102.00 74.00 109.00
203.00 102.00 75.00 109.00
203.00 97.00 76.00 111.00
203.00 96.00 76.00 112.00
203.00 95.00 77.00 113.00
205.00 92.00 78.00 114.00
145.00 89.00 77.00 113.00
147.00 87.00 77.00 113.00
146.00 86.00 77.00 113.00
146.00 82.00 78.00 114.00
146.00 79.00 78.00 114.00
146.00 78.00 78.00 114.00
147.00 78.00 78.00 114.00
147.00 77.00 77.00 113.00
148.00 76.00 76.00 112.00
143.00 74.00 75.00 110.00
137.00 72.00 75.00 110.00
128.00 69.00 74.00 109.00
120.00 68.00 73.00 108.00
109.00 68.00 73.00 107.00
104.00 68.00 73.00 107.00
95.00 67.00 73.00 107.00
87.00 66.00 73.00 107.00
83.00 67.00 72.00 106.00
83.00 68.00 72.00 106.00
84.00 69.00 72.00 105.00
85.00 69.00 72.00 105.00
88.00 70.00 72.00 105.00
93.00 71.00 72.00 106.00
99.00 71.00 72.00 106.00
106.00 71.00 72.00 105.00
112.00 71.00 72.00 106.00
115.00 70.00 72.00 106.00
121.00 69.00 72.00 106.00
126.00 69.00 72.00 106.00
131.00 69.00 72.00 106.00
135.00 69.00 72.00 106.00
136.00 69.00 72.00 106.00
136.00 69.00 72.00 106.00
136.00 73.00 73.00 108.00
136.00 76.00 74.00 108.00
139.00 81.00 75.00 110.00
138.00 85.00 75.00 109.00
137.00 87.00 74.00 109.00
132.00 87.00 74.00 108.00
126.00 87.00 74.00 109.00
118.00 88.00 75.00 109.00
110.00 90.00 74.00 109.00
104.00 90.00 74.00 109.00
103.00 87.00 74.00 109.00
100.00 78.00 74.00 109.00
99.00 71.00 73.00 107.00
101.00 67.00 72.00 106.00
102.00 68.00 71.00 105.00
106.00 69.00 71.00 104.00
109.00 69.00 71.00 104.00
116.00 68.00 71.00 105.00
122.00 67.00 71.00 105.00
129.00 66.00 71.00 105.00
136.00 66.00 71.00 104.00
141.00 64.00 71.00 104.00
141.00 63.00 71.00 104.00
142.00 66.00 71.00 104.00
146.00 72.00 72.00 105.00
143.00 72.00 72.00 105.00
138.00 71.00 72.00 106.00
135.00 72.00 72.00 106.00
124.00 71.00 72.00 106.00
115.00 70.00 73.00 106.00
109.00 74.00 73.00 107.00
104.00 77.00 73.00 107.00
103.00 81.00 73.00 107.00
103.00 83.00 73.00 108.00
105.00 85.00 74.00 108.00
109.00 86.00 75.00 109.00
116.00 86.00 74.00 109.00
123.00 88.00 74.00 109.00
130.00 91.00 74.00 109.00
133.00 90.00 75.00 109.00
137.00 88.00 75.00 110.00
138.00 82.00 74.00 109.00
138.00 77.00 74.00 109.00
138.00 73.00 73.00 108.00
139.00 68.00 73.00 107.00
140.00 67.00 72.00 106.00
141.00 62.00 72.00 105.00
142.00 60.00 71.00 105.00
143.00 61.00 71.00 105.00
142.00 59.00 71.00 105.00
139.00 59.00 72.00 105.00
137.00 58.00 72.00 105.00
130.00 58.00 72.00 105.00
123.00 58.00 71.00 105.00
112.00 57.00 72.00 105.00
100.00 54.00 72.00 105.00
96.00 53.00 71.00 105.00
88.00 53.00 72.00 105.00
84.00 59.00 72.00 105.00
84.00 66.00 72.00 105.00
85.00 69.00 72.00 105.00
88.00 70.00 72.00 106.00
90.00 70.00 73.00 106.00
96.00 70.00 73.00 107.00
104.00 71.00 73.00 106.00
113.00 72.00 73.00 106.00
121.00 72.00 73.00 107.00
128.00 71.00 73.00 107.00
130.00 71.00 73.00 107.00
133.00 71.00 73.00 107.00
134.00 69.00 73.00 107.00
135.00 66.00 72.00 106.00
138.00 64.00 72.00 105.00
138.00 64.00 72.00 105.00
138.00 63.00 71.00 105.00
135.00 63.00 71.00 105.00
131.00 63.00 72.00 106.00
126.00 64.00 72.00 105.00
116.00 62.00 71.00 104.00
107.00 61.00 70.00 103.00
104.00 61.00 70.00 103.00
95.00 59.00 70.00 103.00
88.00 59.00 70.00 103.00
80.00 64.00 71.00 104.00
78.00 73.00 72.00 105.00
77.00 76.00 72.00 106.00
78.00 84.00 73.00 106.00
80.00 87.00 73.00 108.00
86.00 90.00 73.00 108.00
93.00 89.00 74.00 109.00
102.00 90.00 74.00 108.00
106.00 90.00 74.00 108.00
115.00 90.00 74.00 109.00
124.00 90.00 74.00 108.00
132.00 88.00 74.00 108.00
138.00 87.00 74.00 109.00
141.00 83.00 74.00 109.00
142.00 81.00 74.00 109.00
143.00 79.00 74.00 109.00
144.00 76.00 73.00 108.00
145.00 70.00 74.00 108.00
146.00 66.00 73.00 107.00
148.00 66.00 72.00 105.00
148.00 66.00 71.00 105.00
148.00 65.00 71.00 104.00
145.00 65.00 71.00 104.00
141.00 65.00 71.00 104.00
136.00 64.00 71.00 104.00
128.00 62.00 71.00 104.00
125.00 62.00 71.00 104.00
118.00 61.00 70.00 103.00
112.00 61.00 70.00 102.00
105.00 60.00 70.00 102.00
99.00 60.00 69.00 102.00
95.00 59.00 70.00 102.00
89.00 60.00 69.00 102.00
83.00 59.00 69.00 101.00
78.00 60.00 69.00 102.00
77.00 65.00 70.00 102.00
76.00 69.00 71.00 104.00
76.00 70.00 71.00 104.00
76.00 74.00 71.00 105.00
79.00 76.00 72.00 105.00
84.00 77.00 72.00 106.00
91.00 76.00 73.00 106.00
98.00 74.00 73.00 107.00
102.00 73.00 73.00 107.00
111.00 73.00 74.00 108.00
119.00 73.00 74.00 108.00
126.00 73.00 74.00 108.00
131.00 73.00 74.00 109.00
134.00 75.00 74.00 109.00
136.00 76.00 74.00 109.00
137.00 75.00 73.00 108.00
137.00 71.00 73.00 107.00
137.00 66.00 72.00 106.00
140.00 66.00 71.00 105.00
141.00 68.00 71.00 105.00
141.00 67.00 71.00 105.00
138.00 67.00 72.00 105.00
133.00 67.00 71.00 105.00
125.00 66.00 71.00 104.00
116.00 65.00 71.00 104.00
114.00 65.00 71.00 104.00
107.00 65.00 70.00 103.00
101.00 65.00 71.00 104.00
96.00 64.00 71.00 103.00
92.00 64.00 70.00 103.00
90.00 64.00 71.00 103.00
89.00 64.00 71.00 104.00
89.00 63.00 71.00 104.00
91.00 64.00 71.00 104.00
93.00 64.00 71.00 105.00
97.00 64.00 71.00 104.00
102.00 64.00 71.00 104.00
104.00 64.00 71.00 104.00
111.00 64.00 71.00 104.00
117.00 64.00 71.00 104.00
124.00 63.00 71.00 104.00
130.00 64.00 71.00 104.00
135.00 64.00 71.00 104.00
136.00 64.00 71.00 104.00
138.00 66.00 72.00 105.00
138.00 73.00 73.00 106.00
142.00 83.00 73.00 107.00
140.00 87.00 73.00 107.00
135.00 86.00 73.00 107.00
132.00 86.00 73.00 108.00
124.00 88.00 73.00 107.00
113.00 91.00 73.00 107.00
101.00 90.00 73.00 107.00
97.00 90.00 74.00 108.00
96.00 88.00 74.00 109.00
94.00 82.00 74.00 109.00
92.00 76.00 74.00 109.00
92.00 73.00 74.00 109.00
91.00 71.00 74.00 109.00
91.00 68.00 74.00 108.00
90.00 67.00 73.00 107.00
91.00 65.00 73.00 107.00
92.00 63.00 73.00 107.00
96.00 63.00 72.00 105.00
100.00 62.00 71.00 104.00
107.00 61.00 71.00 104.00
111.00 60.00 71.00 104.00
119.00 59.00 71.00 104.00
125.00 57.00 71.00 104.00
131.00 57.00 71.00 104.00
134.00 57.00 71.00 104.00
137.00 57.00 71.00 104.00
139.00 58.00 71.00 104.00
142.00 58.00 71.00 104.00
142.00 57.00 71.00 104.00
143.00 56.00 71.00 104.00
144.00 56.00 71.00 104.00
145.00 56.00 70.00 103.00
147.00 57.00 70.00 103.00
146.00 55.00 70.00 103.00
143.00 54.00 70.00 103.00
139.00 55.00 70.00 103.00
133.00 55.00 70.00 102.00
129.00 56.00 69.00 102.00
121.00 55.00 69.00 101.00
111.00 56.00 69.00 102.00
102.00 57.00 69.00 102.00
95.00 57.00 69.00 102.00
89.00 56.00 69.00 101.00
87.00 56.00 69.00 101.00
82.00 55.00 68.00 100.00
79.00 54.00 68.00 100.00
78.00 55.00 67.00 99.00
78.00 54.00 67.00 98.00
77.00 55.00 67.00 98.00
78.00 56.00 67.00 98.00
79.00 56.00 67.00 98.00
83.00 57.00 67.00 98.00
89.00 56.00 67.00 98.00
99.00 55.00 67.00 98.00
111.00 55.00 67.00 98.00
117.00 54.00 67.00 98.00
126.00 52.00 68.00 99.00
134.00 52.00 68.00 99.00
140.00 54.00 68.00 100.00
141.00 58.00 69.00 101.00
139.00 66.00 70.00 103.00
142.00 74.00 71.00 104.00
141.00 85.00 71.00 105.00
139.00 93.00 71.00 104.00
135.00 96.00 71.00 104.00
127.00 98.00 71.00 104.00
121.00 99.00 70.00 103.00
107.00 102.00 69.00 102.00
95.00 103.00 69.00 101.00
84.00 104.00 69.00 101.00
77.00 101.00 69.00 101.00
73.00 92.00 69.00 101.00
72.00 85.00 69.00 102.00
72.00 76.00 70.00 103.00
73.00 72.00 71.00 104.00
77.00 69.00 71.00 104.00
83.00 67.00 71.00 105.00
91.00 64.00 71.00 105.00
97.00 64.00 71.00 105.00
109.00 64.00 71.00 105.00
122.00 64.00 71.00 105.00
132.00 63.00 71.00 105.00
141.00 64.00 71.00 105.00
146.00 63.00 72.00 105.00
147.00 63.00 72.00 105.00
147.00 66.00 72.00 106.00
147.00 74.00 73.00 107.00
148.00 82.00 73.00 107.00
145.00 84.00 73.00 107.00
138.00 86.00 73.00 107.00
133.00 86.00 73.00 107.00
123.00 87.00 73.00 107.00
113.00 86.00 72.00 106.00
105.00 87.00 72.00 106.00
100.00 87.00 72.00 106.00
98.00 86.00 72.00 106.00
96.00 80.00 72.00 106.00
95.00 75.00 72.00 106.00
95.00 73.00 72.00 106.00
95.00 70.00 72.00 105.00
98.00 67.00 72.00 105.00
102.00 66.00 71.00 105.00
109.00 64.00 71.00 104.00
118.00 64.00 71.00 105.00
127.00 63.00 71.00 104.00
135.00 62.00 71.00 104.00
140.00 63.00 71.00 104.00
140.00 63.00 71.00 104.00
141.00 68.00 71.00 104.00
140.00 74.00 72.00 105.00
135.00 75.00 72.00 105.00
128.00 74.00 72.00 105.00
119.00 75.00 72.00 105.00
114.00 75.00 71.00 105.00
101.00 74.00 71.00 104.00
94.00 73.00 72.00 105.00
88.00 73.00 72.00 105.00
84.00 71.00 71.00 105.00
80.00 71.00 72.00 105.00
79.00 71.00 72.00 106.00
79.00 75.00 72.00 106.00
80.00 78.00 73.00 107.00
84.00 79.00 73.00 108.00
89.00 79.00 73.00 108.00
92.00 79.00 74.00 108.00
101.00 80.00 74.00 108.00
110.00 80.00 74.00 108.00
119.00 79.00 74.00 109.00
127.00 79.00 74.00 109.00
134.00 79.00 74.00 109.00
136.00 78.00 74.00 109.00
138.00 77.00 74.00 109.00
139.00 72.00 73.00 108.00
141.00 68.00 73.00 107.00
142.00 67.00 72.00 106.00
141.00 68.00 72.00 105.00
139.00 67.00 72.00 105.00
133.00 65.00 71.00 105.00
125.00 63.00 71.00 104.00
116.00 63.00 71.00 104.00
104.00 62.00 70.00 103.00
95.00 62.00 71.00 104.00
91.00 62.00 70.00 103.00
82.00 61.00 70.00 103.00
75.00 61.00 70.00 103.00
72.00 63.00 70.00 102.00
72.00 67.00 70.00 102.00
73.00 70.00 70.00 103.00
74.00 71.00 70.00 103.00
78.00 74.00 71.00 104.00
84.00 75.00 71.00 104.00
93.00 77.00 72.00 105.00
103.00 78.00 72.00 105.00
108.00 78.00 71.00 104.00
119.00 77.00 71.00 104.00
130.00 78.00 71.00 105.00
138.00 78.00 72.00 105.00
142.00 77.00 72.00 106.00
144.00 79.00 72.00 106.00
147.00 80.00 72.00 106.00
146.00 79.00 72.00 105.00
146.00 77.00 72.00 105.00
143.00 74.00 71.00 105.00
139.00 70.00 71.00 104.00
131.00 66.00 71.00 104.00
126.00 65.00 70.00 103.00
117.00 62.00 70.00 103.00
109.00 60.00 70.00 102.00
100.00 60.00 70.00 102.00
93.00 59.00 70.00 102.00
85.00 58.00 69.00 102.00
82.00 57.00 69.00 102.00
79.00 57.00 70.00 102.00
79.00 61.00 70.00 102.00
80.00 65.00 70.00 102.00
83.00 69.00 70.00 103.00
89.00 71.00 71.00 104.00
91.00 71.00 71.00 105.00
99.00 73.00 71.00 105.00
108.00 75.00 71.00 105.00
118.00 75.00 71.00 105.00
127.00 74.00 72.00 105.00
132.00 74.00 72.00 106.00
140.00 74.00 72.00 106.00
147.00 75.00 72.00 106.00
149.00 74.00 73.00 106.00
148.00 74.00 73.00 107.00
148.00 71.00 72.00 106.00
149.00 69.00 72.00 106.00
149.00 66.00 72.00 105.00
149.00 64.00 71.00 105.00
150.00 62.00 71.00 104.00
152.00 61.00 70.00 103.00
152.00 58.00 70.00 102.00
152.00 57.00 69.00 102.00
153.00 57.00 69.00 101.00
153.00 58.00 69.00 101.00
153.00 58.00 69.00 101.00
149.00 54.00 69.00 101.00
148.00 52.00 69.00 101.00
149.00 53.00 69.00 101.00
149.00 53.00 68.00 100.00
149.00 53.00 68.00 100.00
149.00 53.00 68.00 100.00
147.00 53.00 68.00 100.00
147.00 52.00 68.00 100.00
147.00 51.00 68.00 100.00
147.00 51.00 68.00 100.00
147.00 52.00 68.00 100.00
147.00 52.00 68.00 100.00
146.00 51.00 68.00 99.00
146.00 51.00 68.00 99.00
147.00 51.00 67.00 99.00
148.00 51.00 68.00 100.00
148.00 51.00 68.00 100.00
148.00 50.00 68.00 100.00
148.00 50.00 68.00 100.00
148.00 51.00 68.00 100.00
148.00 50.00 68.00 100.00
148.00 51.00 68.00 100.00
148.00 51.00 68.00 100.00
148.00 50.00 68.00 100.00
148.00 51.00 68.00 100.00
148.00 51.00 68.00 100.00
148.00 51.00 68.00 100.00
147.00 50.00 68.00 100.00
147.00 50.00 68.00 100.00
147.00 51.00 68.00 100.00
147.00 51.00 68.00 99.00
147.00 51.00 68.00 99.00
147.00 51.00 67.00 99.00
147.00 51.00 67.00 99.00
