253.00 66.00 23.00 28.00
252.00 67.00 23.00 28.00
250.00 68.00 23.00 28.00
246.00 68.00 23.00 28.00
243.00 69.00 23.00 28.00
240.00 69.00 23.00 28.00
238.00 69.00 23.00 28.00
237.00 69.00 23.00 28.00
235.00 69.00 23.00 28.00
234.00 69.00 23.00 28.00
232.00 67.00 23.00 28.00
232.00 67.00 23.00 28.00
232.00 66.00 23.00 28.00
232.00 65.00 23.00 28.00
231.00 65.00 23.00 28.00
230.00 65.00 23.00 28.00
230.00 65.00 23.00 28.00
231.00 65.00 23.00 28.00
231.00 65.00 24.00 29.00
230.00 64.00 24.00 29.00
230.00 64.00 24.00 29.00
230.00 64.00 24.00 29.00
230.00 64.00 24.00 29.00
229.00 64.00 24.00 29.00
228.00 61.00 24.00 29.00
227.00 61.00 24.00 29.00
225.00 59.00 25.00 30.00
223.00 58.00 25.00 31.00
222.00 57.00 25.00 31.00
219.00 56.00 26.00 31.00
217.00 55.00 26.00 32.00
215.00 54.00 27.00 32.00
212.00 55.00 26.00 32.00
210.00 55.00 27.00 33.00
209.00 56.00 27.00 33.00
208.00 57.00 27.00 33.00
206.00 57.00 27.00 33.00
205.00 57.00 28.00 33.00
203.00 58.00 28.00 34.00
201.00 57.00 28.00 34.00
201.00 57.00 28.00 34.00
198.00 56.00 28.00 35.00
197.00 56.00 29.00 35.00
195.00 54.00 29.00 35.00
194.00 53.00 29.00 35.00
194.00 52.00 29.00 35.00
193.00 50.00 29.00 35.00
193.00 49.00 29.00 36.00
193.00 47.00 30.00 36.00
192.00 47.00 30.00 36.00
192.00 45.00 30.00 36.00
193.00 45.00 30.00 37.00
193.00 45.00 30.00 37.00
193.00 46.00 30.00 37.00
193.00 46.00 31.00 38.00
193.00 47.00 31.00 38.00
195.00 48.00 32.00 39.00
195.00 49.00 32.00 39.00
195.00 50.00 32.00 40.00
195.00 51.00 33.00 40.00
195.00 52.00 33.00 40.00
195.00 51.00 33.00 40.00
195.00 51.00 33.00 41.00
196.00 51.00 33.00 41.00
196.00 50.00 33.00 41.00
195.00 49.00 34.00 41.00
195.00 48.00 34.00 42.00
194.00 47.00 35.00 42.00
192.00 45.00 35.00 43.00
192.00 45.00 35.00 43.00
189.00 44.00 36.00 44.00
186.00 43.00 37.00 44.00
185.00 44.00 37.00 45.00
182.00 43.00 38.00 46.00
180.00 43.00 38.00 47.00
177.00 42.00 39.00 47.00
175.00 42.00 39.00 48.00
173.00 42.00 39.00 48.00
171.00 40.00 40.00 48.00
170.00 40.00 40.00 48.00
167.00 39.00 40.00 48.00
164.00 36.00 40.00 49.00
162.00 35.00 40.00 49.00
160.00 34.00 40.00 49.00
158.00 34.00 41.00 50.00
155.00 33.00 41.00 50.00
152.00 34.00 41.00 50.00
148.00 35.00 41.00 50.00
142.00 36.00 42.00 51.00
136.00 38.00 42.00 51.00
131.00 40.00 42.00 51.00
127.00 43.00 43.00 52.00
122.00 45.00 43.00 52.00
116.00 46.00 44.00 53.00
110.00 48.00 44.00 54.00
104.00 49.00 45.00 54.00
97.00 51.00 45.00 55.00
90.00 51.00 45.00 55.00
84.00 53.00 45.00 55.00
78.00 53.00 46.00 56.00
73.00 54.00 45.00 55.00
69.00 54.00 45.00 55.00
67.00 54.00 45.00 55.00
64.00 54.00 46.00 56.00
63.00 56.00 46.00 56.00
60.00 55.00 46.00 56.00
73.00 56.00 46.00 56.00
74.00 61.00 47.00 57.00
85.00 67.00 47.00 57.00
85.00 73.00 47.00 57.00
85.00 75.00 47.00 57.00
86.00 77.00 47.00 57.00
85.00 77.00 46.00 56.00
86.00 78.00 46.00 56.00
87.00 82.00 46.00 55.00
89.00 82.00 45.00 55.00
90.00 81.00 45.00 54.00
89.00 81.00 44.00 54.00
95.00 81.00 44.00 54.00
95.00 81.00 44.00 53.00
89.00 75.00 44.00 54.00
99.00 78.00 44.00 53.00
99.00 77.00 44.00 53.00
97.00 77.00 43.00 53.00
99.00 77.00 43.00 53.00
102.00 76.00 43.00 52.00
103.00 75.00 43.00 52.00
104.00 77.00 42.00 52.00
106.00 79.00 42.00 51.00
108.00 81.00 42.00 51.00
108.00 80.00 42.00 51.00
109.00 82.00 42.00 51.00
108.00 83.00 42.00 51.00
109.00 81.00 42.00 51.00
106.00 80.00 42.00 52.00
105.00 80.00 43.00 52.00
101.00 82.00 43.00 53.00
99.00 85.00 44.00 53.00
98.00 85.00 44.00 54.00
96.00 86.00 45.00 54.00
119.00 65.00 44.00 54.00
117.00 66.00 44.00 53.00
112.00 67.00 44.00 54.00
110.00 66.00 44.00 54.00
109.00 66.00 44.00 54.00
108.00 67.00 44.00 53.00
101.00 66.00 44.00 53.00
96.00 66.00 44.00 54.00
92.00 66.00 44.00 54.00
86.00 64.00 44.00 54.00
81.00 64.00 44.00 54.00
77.00 65.00 44.00 53.00
73.00 65.00 43.00 53.00
70.00 65.00 43.00 52.00
72.00 67.00 43.00 52.00
71.00 68.00 43.00 52.00
71.00 68.00 42.00 52.00
70.00 69.00 43.00 52.00
70.00 69.00 42.00 51.00
75.00 68.00 42.00 52.00
78.00 68.00 42.00 52.00
82.00 68.00 42.00 52.00
86.00 68.00 42.00 52.00
90.00 68.00 42.00 51.00
95.00 67.00 42.00 51.00
100.00 66.00 42.00 51.00
105.00 65.00 42.00 51.00
110.00 64.00 42.00 51.00
116.00 63.00 42.00 51.00
119.00 61.00 42.00 51.00
123.00 59.00 43.00 52.00
126.00 57.00 43.00 52.00
129.00 56.00 43.00 52.00
132.00 53.00 43.00 53.00
135.00 53.00 43.00 53.00
137.00 53.00 43.00 53.00
139.00 54.00 44.00 53.00
141.00 54.00 44.00 53.00
143.00 55.00 44.00 53.00
146.00 56.00 44.00 53.00
160.00 50.00 43.00 53.00
162.00 51.00 43.00 53.00
165.00 52.00 43.00 53.00
167.00 53.00 43.00 53.00
169.00 54.00 43.00 53.00
170.00 53.00 43.00 53.00
173.00 53.00 44.00 53.00
176.00 51.00 44.00 53.00
179.00 49.00 44.00 53.00
180.00 49.00 44.00 53.00
185.00 45.00 44.00 54.00
189.00 42.00 44.00 54.00
191.00 39.00 45.00 55.00
194.00 37.00 45.00 55.00
197.00 34.00 46.00 55.00
201.00 33.00 46.00 56.00
203.00 32.00 46.00 56.00
207.00 33.00 46.00 56.00
209.00 34.00 46.00 57.00
213.00 37.00 47.00 57.00
215.00 39.00 47.00 57.00
218.00 42.00 47.00 57.00
218.00 48.00 46.00 56.00
210.00 49.00 46.00 56.00
212.00 50.00 47.00 57.00
217.00 52.00 47.00 57.00
219.00 52.00 46.00 57.00
222.00 54.00 46.00 56.00
223.00 54.00 46.00 56.00
225.00 54.00 46.00 56.00
226.00 55.00 46.00 56.00
227.00 54.00 46.00 56.00
226.00 54.00 46.00 56.00
226.00 53.00 46.00 56.00
225.00 54.00 46.00 56.00
224.00 55.00 46.00 56.00
224.00 56.00 46.00 56.00
224.00 59.00 46.00 56.00
224.00 60.00 46.00 56.00
224.00 63.00 45.00 55.00
225.00 65.00 46.00 55.00
225.00 66.00 46.00 56.00
225.00 67.00 46.00 57.00
224.00 67.00 47.00 57.00
224.00 65.00 47.00 57.00
223.00 65.00 47.00 57.00
234.00 65.00 47.00 57.00
231.00 64.00 47.00 57.00
226.00 62.00 47.00 57.00
223.00 61.00 46.00 56.00
218.00 60.00 46.00 56.00
215.00 60.00 46.00 56.00
210.00 59.00 46.00 56.00
205.00 60.00 46.00 56.00
201.00 61.00 46.00 56.00
197.00 63.00 46.00 56.00
193.00 65.00 45.00 55.00
190.00 68.00 45.00 55.00
185.00 68.00 45.00 55.00
180.00 74.00 44.00 54.00
179.00 75.00 44.00 53.00
176.00 76.00 43.00 53.00
173.00 77.00 43.00 52.00
170.00 77.00 42.00 51.00
168.00 76.00 42.00 51.00
167.00 75.00 41.00 50.00
168.00 74.00 41.00 50.00
170.00 72.00 40.00 49.00
173.00 72.00 40.00 48.00
177.00 71.00 39.00 48.00
181.00 70.00 39.00 47.00
184.00 70.00 39.00 47.00
186.00 71.00 38.00 46.00
189.00 72.00 38.00 46.00
191.00 73.00 37.00 46.00
194.00 75.00 37.00 45.00
197.00 76.00 37.00 45.00
202.00 78.00 36.00 44.00
205.00 79.00 36.00 44.00
210.00 81.00 36.00 43.00
214.00 82.00 35.00 43.00
208.00 82.00 35.00 43.00
213.00 82.00 36.00 43.00
219.00 81.00 36.00 43.00
226.00 81.00 35.00 43.00
233.00 81.00 35.00 42.00
239.00 81.00 34.00 42.00
244.00 80.00 34.00 41.00
248.00 80.00 33.00 40.00
252.00 80.00 33.00 40.00
256.00 80.00 32.00 39.00
260.00 81.00 32.00 39.00
262.00 81.00 32.00 39.00
258.00 85.00 32.00 39.00
256.00 88.00 32.00 39.00
256.00 89.00 32.00 39.00
256.00 89.00 32.00 38.00
256.00 89.00 32.00 38.00
256.00 89.00 31.00 38.00
256.00 89.00 31.00 38.00
253.00 82.00 31.00 38.00
253.00 82.00 32.00 38.00
254.00 82.00 31.00 38.00
255.00 81.00 31.00 38.00
257.00 82.00 32.00 38.00
262.00 84.00 32.00 39.00
264.00 84.00 32.00 39.00
281.00 91.00 32.00 39.00
282.00 92.00 32.00 39.00
282.00 93.00 32.00 39.00
281.00 93.00 32.00 39.00
280.00 93.00 32.00 39.00
279.00 94.00 32.00 39.00
274.00 83.00 32.00 39.00
274.00 84.00 32.00 39.00
273.00 90.00 32.00 39.00
272.00 91.00 32.00 39.00
271.00 88.00 32.00 39.00
271.00 87.00 32.00 39.00
273.00 86.00 32.00 38.00
277.00 89.00 32.00 39.00
278.00 89.00 32.00 39.00
278.00 89.00 32.00 39.00
279.00 89.00 32.00 39.00
280.00 88.00 32.00 38.00
282.00 88.00 31.00 38.00
282.00 88.00 31.00 38.00
284.00 87.00 31.00 38.00
285.00 86.00 31.00 38.00
286.00 85.00 32.00 38.00
287.00 85.00 32.00 39.00
288.00 84.00 32.00 39.00
288.00 83.00 32.00 39.00
288.00 83.00 32.00 39.00
287.00 82.00 32.00 39.00
287.00 82.00 32.00 39.00
286.00 81.00 32.00 39.00
286.00 81.00 32.00 39.00
285.00 81.00 32.00 39.00
284.00 80.00 32.00 39.00
283.00 79.00 32.00 39.00
281.00 79.00 32.00 39.00
280.00 78.00 32.00 39.00
279.00 79.00 32.00 39.00
277.00 78.00 32.00 39.00
275.00 77.00 32.00 39.00
