245.00 64.00 12.00 13.00
245.00 64.00 12.00 13.00
245.00 64.00 12.00 13.00
245.00 64.00 12.00 13.00
246.00 64.00 12.00 13.00
246.00 64.00 12.00 13.00
245.00 64.00 12.00 13.00
246.00 64.00 12.00 13.00
246.00 64.00 12.00 13.00
246.00 64.00 12.00 13.00
246.00 64.00 12.00 13.00
246.00 64.00 12.00 13.00
246.00 64.00 12.00 13.00
246.00 64.00 12.00 13.00
246.00 64.00 12.00 13.00
246.00 64.00 12.00 13.00
246.00 64.00 12.00 13.00
246.00 64.00 12.00 13.00
246.00 64.00 12.00 13.00
245.00 64.00 12.00 13.00
245.00 64.00 12.00 13.00
245.00 64.00 12.00 13.00
245.00 64.00 12.00 13.00
245.00 64.00 12.00 13.00
244.00 64.00 12.00 13.00
243.00 64.00 12.00 13.00
243.00 64.00 12.00 13.00
242.00 64.00 12.00 13.00
241.00 64.00 12.00 13.00
240.00 64.00 12.00 13.00
239.00 64.00 12.00 13.00
238.00 64.00 12.00 13.00
237.00 65.00 12.00 13.00
236.00 65.00 12.00 13.00
235.00 65.00 12.00 13.00
233.00 65.00 12.00 13.00
232.00 65.00 12.00 13.00
230.00 65.00 12.00 13.00
229.00 65.00 12.00 13.00
227.00 66.00 12.00 13.00
225.00 65.00 12.00 13.00
223.00 65.00 12.00 13.00
222.00 65.00 12.00 13.00
220.00 65.00 12.00 13.00
218.00 64.00 12.00 13.00
216.00 64.00 12.00 13.00
214.00 63.00 12.00 13.00
213.00 63.00 12.00 13.00
211.00 63.00 12.00 13.00
209.00 63.00 12.00 13.00
208.00 63.00 12.00 13.00
206.00 62.00 12.00 13.00
204.00 62.00 12.00 13.00
202.00 63.00 12.00 13.00
201.00 63.00 12.00 13.00
199.00 63.00 12.00 13.00
197.00 63.00 12.00 13.00
195.00 63.00 12.00 13.00
194.00 63.00 12.00 13.00
192.00 63.00 12.00 13.00
190.00 63.00 12.00 13.00
188.00 63.00 12.00 13.00
187.00 63.00 12.00 13.00
185.00 63.00 12.00 13.00
183.00 62.00 12.00 13.00
182.00 62.00 12.00 13.00
180.00 62.00 12.00 13.00
178.00 62.00 12.00 13.00
176.00 62.00 12.00 13.00
174.00 62.00 12.00 13.00
173.00 62.00 12.00 13.00
171.00 62.00 12.00 13.00
169.00 63.00 12.00 13.00
167.00 63.00 12.00 13.00
166.00 63.00 12.00 13.00
164.00 64.00 12.00 13.00
162.00 64.00 12.00 13.00
161.00 64.00 12.00 13.00
159.00 64.00 12.00 13.00
157.00 63.00 12.00 13.00
156.00 63.00 12.00 13.00
155.00 62.00 12.00 13.00
153.00 61.00 13.00 14.00
152.00 61.00 12.00 13.00
152.00 61.00 12.00 13.00
151.00 61.00 12.00 13.00
150.00 60.00 12.00 13.00
150.00 60.00 12.00 13.00
150.00 61.00 12.00 14.00
149.00 61.00 12.00 13.00
150.00 62.00 12.00 13.00
149.00 62.00 12.00 14.00
151.00 63.00 12.00 13.00
153.00 64.00 12.00 13.00
154.00 64.00 12.00 13.00
153.00 64.00 12.00 13.00
154.00 64.00 12.00 13.00
155.00 64.00 12.00 13.00
156.00 64.00 12.00 13.00
155.00 64.00 12.00 13.00
156.00 64.00 12.00 13.00
156.00 63.00 12.00 13.00
156.00 63.00 12.00 13.00
156.00 63.00 12.00 13.00
156.00 63.00 12.00 13.00
156.00 63.00 12.00 13.00
156.00 63.00 12.00 13.00
156.00 63.00 12.00 13.00
156.00 63.00 12.00 13.00
156.00 63.00 12.00 13.00
156.00 63.00 12.00 13.00
156.00 63.00 12.00 13.00
157.00 64.00 12.00 13.00
156.00 65.00 12.00 13.00
157.00 65.00 12.00 13.00
157.00 66.00 12.00 13.00
157.00 66.00 12.00 13.00
158.00 67.00 12.00 13.00
158.00 67.00 12.00 13.00
158.00 67.00 12.00 13.00
159.00 67.00 12.00 13.00
159.00 67.00 12.00 13.00
159.00 67.00 12.00 13.00
159.00 67.00 12.00 13.00
158.00 67.00 12.00 13.00
157.00 66.00 12.00 14.00
157.00 66.00 12.00 13.00
157.00 65.00 12.00 13.00
157.00 65.00 12.00 13.00
156.00 64.00 12.00 13.00
155.00 64.00 12.00 13.00
154.00 63.00 12.00 13.00
153.00 63.00 12.00 13.00
153.00 63.00 12.00 13.00
152.00 63.00 12.00 13.00
151.00 63.00 12.00 13.00
150.00 62.00 12.00 13.00
149.00 62.00 12.00 13.00
148.00 62.00 13.00 14.00
148.00 63.00 12.00 13.00
148.00 63.00 12.00 14.00
147.00 63.00 12.00 13.00
147.00 62.00 13.00 14.00
147.00 62.00 13.00 14.00
147.00 61.00 12.00 13.00
147.00 61.00 12.00 14.00
146.00 60.00 13.00 14.00
146.00 59.00 12.00 13.00
145.00 59.00 12.00 13.00
144.00 59.00 12.00 14.00
143.00 59.00 12.00 13.00
143.00 59.00 12.00 13.00
141.00 59.00 12.00 14.00
140.00 59.00 12.00 13.00
138.00 59.00 12.00 14.00
137.00 60.00 12.00 13.00
135.00 60.00 13.00 14.00
133.00 60.00 12.00 13.00
131.00 60.00 13.00 14.00
130.00 60.00 12.00 14.00
128.00 60.00 12.00 14.00
126.00 60.00 13.00 14.00
125.00 60.00 13.00 14.00
124.00 60.00 13.00 14.00
122.00 60.00 12.00 14.00
120.00 59.00 12.00 14.00
119.00 58.00 12.00 14.00
118.00 57.00 13.00 14.00
116.00 56.00 12.00 14.00
115.00 56.00 13.00 14.00
114.00 56.00 12.00 13.00
112.00 55.00 12.00 14.00
111.00 55.00 12.00 13.00
109.00 55.00 13.00 14.00
108.00 55.00 12.00 13.00
107.00 55.00 13.00 14.00
106.00 55.00 12.00 14.00
106.00 56.00 12.00 14.00
105.00 56.00 13.00 14.00
104.00 56.00 12.00 13.00
104.00 56.00 13.00 14.00
104.00 56.00 13.00 14.00
103.00 56.00 13.00 14.00
103.00 56.00 13.00 14.00
103.00 56.00 13.00 14.00
102.00 55.00 12.00 14.00
102.00 55.00 12.00 14.00
101.00 55.00 13.00 14.00
100.00 55.00 13.00 14.00
100.00 55.00 13.00 14.00
99.00 55.00 13.00 14.00
98.00 55.00 13.00 14.00
97.00 55.00 13.00 14.00
95.00 56.00 13.00 14.00
94.00 56.00 13.00 14.00
93.00 56.00 12.00 14.00
91.00 57.00 12.00 14.00
90.00 57.00 13.00 14.00
88.00 58.00 12.00 13.00
87.00 58.00 13.00 14.00
85.00 58.00 12.00 13.00
84.00 58.00 13.00 14.00
83.00 57.00 12.00 13.00
82.00 57.00 13.00 14.00
82.00 56.00 12.00 13.00
81.00 55.00 12.00 14.00
81.00 55.00 12.00 13.00
81.00 55.00 12.00 13.00
82.00 54.00 12.00 13.00
82.00 54.00 12.00 13.00
82.00 54.00 12.00 14.00
83.00 54.00 13.00 14.00
84.00 54.00 12.00 14.00
85.00 54.00 12.00 13.00
86.00 54.00 12.00 14.00
88.00 54.00 12.00 13.00
89.00 54.00 12.00 13.00
90.00 53.00 12.00 13.00
91.00 53.00 12.00 14.00
93.00 53.00 12.00 13.00
93.00 52.00 12.00 14.00
94.00 52.00 12.00 13.00
95.00 52.00 12.00 13.00
95.00 52.00 12.00 13.00
95.00 52.00 12.00 13.00
96.00 52.00 12.00 14.00
96.00 52.00 12.00 13.00
97.00 52.00 12.00 13.00
98.00 53.00 12.00 14.00
98.00 53.00 12.00 13.00
99.00 54.00 12.00 14.00
100.00 54.00 12.00 13.00
100.00 54.00 12.00 13.00
100.00 55.00 12.00 14.00
100.00 55.00 12.00 13.00
101.00 54.00 12.00 13.00
101.00 54.00 12.00 13.00
102.00 54.00 12.00 13.00
102.00 53.00 12.00 13.00
103.00 52.00 12.00 13.00
103.00 52.00 12.00 13.00
104.00 52.00 13.00 14.00
104.00 51.00 12.00 14.00
104.00 51.00 13.00 14.00
105.00 50.00 12.00 13.00
105.00 49.00 13.00 14.00
105.00 49.00 12.00 13.00
106.00 48.00 13.00 14.00
107.00 48.00 12.00 14.00
108.00 48.00 12.00 14.00
109.00 49.00 12.00 14.00
111.00 49.00 12.00 13.00
112.00 50.00 13.00 14.00
115.00 51.00 12.00 14.00
117.00 52.00 12.00 13.00
118.00 50.00 12.00 13.00
120.00 51.00 12.00 14.00
124.00 52.00 12.00 14.00
128.00 53.00 12.00 13.00
131.00 54.00 12.00 13.00
135.00 54.00 12.00 14.00
138.00 54.00 12.00 13.00
142.00 54.00 12.00 13.00
145.00 53.00 12.00 14.00
147.00 52.00 12.00 13.00
149.00 50.00 13.00 14.00
150.00 48.00 13.00 14.00
152.00 48.00 13.00 14.00
153.00 47.00 13.00 14.00
154.00 46.00 13.00 14.00
156.00 45.00 13.00 14.00
157.00 45.00 13.00 14.00
159.00 45.00 13.00 14.00
161.00 44.00 13.00 14.00
164.00 45.00 12.00 14.00
166.00 45.00 12.00 13.00
165.00 44.00 12.00 13.00
168.00 44.00 12.00 14.00
172.00 45.00 12.00 13.00
176.00 45.00 12.00 14.00
180.00 46.00 12.00 14.00
184.00 46.00 12.00 14.00
188.00 47.00 13.00 14.00
192.00 48.00 12.00 14.00
196.00 49.00 12.00 13.00
201.00 50.00 12.00 14.00
206.00 51.00 12.00 13.00
210.00 51.00 12.00 13.00
215.00 51.00 12.00 13.00
219.00 51.00 12.00 13.00
223.00 50.00 12.00 13.00
227.00 50.00 12.00 13.00
227.00 58.00 13.00 14.00
231.00 58.00 12.00 13.00
233.00 57.00 13.00 14.00
235.00 57.00 13.00 14.00
238.00 57.00 13.00 14.00
240.00 57.00 13.00 14.00
243.00 57.00 12.00 14.00
245.00 58.00 12.00 13.00
248.00 58.00 13.00 14.00
251.00 59.00 12.00 13.00
254.00 60.00 12.00 14.00
257.00 61.00 13.00 14.00
259.00 61.00 13.00 14.00
261.00 62.00 13.00 14.00
270.00 58.00 13.00 14.00
271.00 54.00 12.00 13.00
274.00 54.00 12.00 14.00
277.00 58.00 12.00 13.00
279.00 57.00 12.00 13.00
282.00 57.00 12.00 14.00
285.00 57.00 12.00 13.00
287.00 56.00 12.00 14.00
289.00 56.00 12.00 13.00
290.00 56.00 12.00 13.00
293.00 56.00 12.00 13.00
295.00 57.00 12.00 13.00
297.00 57.00 12.00 13.00
299.00 58.00 12.00 13.00
301.00 58.00 12.00 14.00
303.00 57.00 13.00 14.00
305.00 57.00 12.00 14.00
307.00 57.00 13.00 14.00
308.00 56.00 13.00 14.00
309.00 56.00 13.00 14.00
310.00 55.00 13.00 14.00
311.00 54.00 13.00 14.00
312.00 53.00 13.00 14.00
312.00 52.00 13.00 14.00
312.00 51.00 13.00 14.00
313.00 49.00 13.00 14.00
313.00 47.00 13.00 14.00
313.00 46.00 13.00 14.00
314.00 45.00 13.00 14.00
315.00 44.00 13.00 14.00
316.00 44.00 13.00 14.00
317.00 45.00 13.00 14.00
318.00 46.00 13.00 14.00
320.00 48.00 13.00 14.00
321.00 49.00 13.00 14.00
323.00 50.00 13.00 14.00
326.00 51.00 13.00 14.00
327.00 51.00 13.00 14.00
330.00 51.00 13.00 14.00
332.00 50.00 13.00 14.00
337.00 51.00 13.00 14.00
339.00 50.00 13.00 14.00
340.00 49.00 13.00 14.00
339.00 46.00 13.00 14.00
339.00 45.00 13.00 14.00
342.00 46.00 13.00 14.00
342.00 45.00 13.00 14.00
350.00 50.00 13.00 14.00
349.00 50.00 13.00 14.00
347.00 50.00 13.00 14.00
347.00 48.00 13.00 14.00
346.00 49.00 13.00 14.00
344.00 52.00 12.00 13.00
343.00 53.00 12.00 14.00
340.00 53.00 12.00 13.00
339.00 54.00 12.00 13.00
336.00 55.00 12.00 13.00
332.00 55.00 12.00 13.00
331.00 58.00 12.00 13.00
328.00 58.00 12.00 13.00
323.00 55.00 12.00 13.00
322.00 55.00 12.00 13.00
321.00 55.00 13.00 14.00
320.00 54.00 12.00 14.00
318.00 53.00 12.00 14.00
317.00 53.00 13.00 14.00
315.00 53.00 13.00 14.00
313.00 54.00 13.00 14.00
310.00 54.00 13.00 14.00
306.00 55.00 12.00 14.00
302.00 54.00 13.00 14.00
306.00 55.00 12.00 13.00
305.00 56.00 13.00 14.00
304.00 56.00 13.00 14.00
305.00 57.00 12.00 13.00
305.00 58.00 12.00 13.00
304.00 58.00 13.00 14.00
305.00 58.00 12.00 13.00
305.00 57.00 12.00 14.00
305.00 56.00 12.00 13.00
306.00 58.00 12.00 13.00
304.00 53.00 12.00 13.00
305.00 54.00 12.00 13.00
305.00 54.00 12.00 13.00
305.00 56.00 12.00 13.00
305.00 55.00 12.00 13.00
305.00 56.00 12.00 13.00
304.00 57.00 12.00 13.00
304.00 58.00 12.00 13.00
305.00 56.00 12.00 13.00
305.00 55.00 12.00 13.00
305.00 59.00 12.00 13.00
304.00 59.00 12.00 13.00
305.00 59.00 12.00 13.00
304.00 59.00 12.00 13.00
304.00 59.00 12.00 13.00
304.00 59.00 12.00 13.00
304.00 60.00 12.00 13.00
305.00 60.00 12.00 13.00
304.00 60.00 12.00 13.00
305.00 62.00 12.00 13.00
305.00 63.00 12.00 13.00
305.00 64.00 12.00 13.00
306.00 67.00 12.00 13.00
306.00 69.00 12.00 13.00
306.00 75.00 12.00 13.00
306.00 74.00 12.00 13.00
306.00 74.00 12.00 13.00
306.00 78.00 12.00 13.00
307.00 76.00 12.00 13.00
306.00 77.00 12.00 13.00
306.00 76.00 12.00 13.00
307.00 75.00 12.00 13.00
307.00 75.00 12.00 13.00
307.00 74.00 12.00 13.00
307.00 74.00 12.00 13.00
307.00 74.00 12.00 13.00
307.00 75.00 12.00 13.00
307.00 76.00 12.00 13.00
308.00 76.00 12.00 13.00
308.00 75.00 12.00 13.00
308.00 74.00 12.00 13.00
308.00 74.00 12.00 13.00
308.00 77.00 12.00 13.00
308.00 81.00 12.00 13.00
308.00 82.00 12.00 13.00
308.00 83.00 12.00 13.00
308.00 85.00 12.00 13.00
296.00 92.00 12.00 13.00
297.00 93.00 12.00 13.00
296.00 92.00 12.00 13.00
297.00 92.00 12.00 13.00
297.00 92.00 12.00 13.00
297.00 92.00 12.00 13.00
297.00 92.00 12.00 13.00
297.00 92.00 12.00 13.00
296.00 91.00 12.00 14.00
296.00 91.00 13.00 14.00
297.00 91.00 12.00 13.00
297.00 91.00 13.00 14.00
297.00 91.00 12.00 13.00
296.00 91.00 13.00 14.00
297.00 91.00 12.00 13.00
296.00 91.00 13.00 14.00
296.00 91.00 13.00 14.00
297.00 91.00 13.00 14.00
296.00 91.00 12.00 14.00
296.00 91.00 12.00 14.00
296.00 91.00 12.00 13.00
297.00 91.00 12.00 13.00
297.00 91.00 12.00 13.00
296.00 91.00 12.00 13.00
296.00 91.00 12.00 13.00
296.00 91.00 12.00 13.00
