294.00 135.00 44.00 171.00
295.00 135.00 44.00 171.00
296.00 136.00 43.00 169.00
297.00 136.00 43.00 168.00
298.00 136.00 43.00 168.00
298.00 136.00 43.00 168.00
299.00 135.00 43.00 169.00
300.00 136.00 43.00 169.00
299.00 137.00 43.00 167.00
299.00 137.00 43.00 168.00
298.00 137.00 43.00 166.00
297.00 138.00 43.00 166.00
295.00 138.00 43.00 165.00
293.00 138.00 42.00 165.00
291.00 138.00 42.00 164.00
289.00 140.00 42.00 163.00
287.00 140.00 41.00 161.00
286.00 142.00 41.00 160.00
283.00 141.00 41.00 161.00
282.00 142.00 41.00 159.00
281.00 143.00 41.00 158.00
280.00 144.00 40.00 157.00
279.00 144.00 40.00 156.00
279.00 146.00 40.00 154.00
278.00 147.00 40.00 155.00
278.00 147.00 40.00 155.00
278.00 148.00 40.00 154.00
276.00 148.00 40.00 155.00
276.00 149.00 40.00 154.00
275.00 150.00 40.00 155.00
273.00 152.00 40.00 154.00
273.00 153.00 40.00 155.00
272.00 153.00 40.00 157.00
271.00 155.00 40.00 155.00
270.00 156.00 40.00 154.00
269.00 156.00 39.00 153.00
268.00 156.00 40.00 154.00
267.00 156.00 39.00 153.00
266.00 157.00 39.00 153.00
264.00 157.00 39.00 153.00
263.00 157.00 39.00 153.00
262.00 158.00 39.00 153.00
261.00 159.00 39.00 152.00
261.00 159.00 39.00 152.00
262.00 158.00 39.00 152.00
263.00 159.00 39.00 152.00
264.00 159.00 39.00 153.00
263.00 158.00 39.00 153.00
265.00 157.00 39.00 152.00
265.00 157.00 39.00 151.00
265.00 157.00 39.00 151.00
263.00 156.00 39.00 151.00
263.00 156.00 39.00 150.00
262.00 155.00 39.00 150.00
262.00 154.00 38.00 149.00
261.00 154.00 38.00 149.00
260.00 153.00 38.00 149.00
258.00 152.00 38.00 149.00
259.00 152.00 38.00 148.00
259.00 152.00 38.00 149.00
259.00 150.00 39.00 150.00
257.00 149.00 38.00 149.00
257.00 148.00 38.00 149.00
258.00 146.00 38.00 149.00
257.00 144.00 39.00 150.00
256.00 143.00 39.00 150.00
257.00 141.00 39.00 151.00
257.00 141.00 39.00 151.00
257.00 140.00 39.00 151.00
259.00 139.00 39.00 151.00
259.00 139.00 39.00 152.00
260.00 138.00 39.00 151.00
263.00 138.00 39.00 152.00
262.00 138.00 39.00 152.00
263.00 139.00 39.00 152.00
263.00 139.00 39.00 152.00
263.00 139.00 39.00 151.00
263.00 139.00 39.00 151.00
262.00 139.00 39.00 152.00
262.00 139.00 39.00 152.00
261.00 139.00 39.00 152.00
261.00 140.00 39.00 153.00
261.00 139.00 40.00 154.00
261.00 140.00 40.00 154.00
261.00 139.00 40.00 154.00
261.00 140.00 40.00 155.00
262.00 140.00 40.00 154.00
263.00 139.00 40.00 155.00
263.00 139.00 40.00 154.00
265.00 138.00 40.00 155.00
266.00 138.00 40.00 155.00
267.00 137.00 40.00 156.00
267.00 136.00 40.00 156.00
268.00 136.00 40.00 156.00
269.00 136.00 40.00 156.00
270.00 137.00 40.00 156.00
271.00 137.00 40.00 156.00
271.00 137.00 40.00 156.00
273.00 136.00 40.00 156.00
271.00 136.00 40.00 156.00
271.00 137.00 40.00 155.00
271.00 138.00 40.00 155.00
276.00 139.00 40.00 156.00
280.00 139.00 40.00 156.00
285.00 141.00 40.00 156.00
288.00 141.00 40.00 156.00
286.00 169.00 40.00 157.00
269.00 169.00 41.00 158.00
275.00 171.00 41.00 158.00
285.00 172.00 41.00 158.00
292.00 173.00 40.00 157.00
298.00 175.00 40.00 155.00
304.00 176.00 40.00 154.00
314.00 175.00 40.00 156.00
321.00 174.00 40.00 155.00
327.00 175.00 40.00 154.00
335.00 174.00 40.00 154.00
343.00 174.00 39.00 153.00
349.00 175.00 39.00 152.00
358.00 175.00 39.00 151.00
365.00 176.00 39.00 150.00
368.00 177.00 38.00 148.00
377.00 177.00 38.00 148.00
382.00 177.00 38.00 146.00
389.00 176.00 38.00 146.00
396.00 175.00 37.00 146.00
401.00 175.00 38.00 147.00
407.00 174.00 38.00 147.00
411.00 175.00 38.00 148.00
415.00 175.00 38.00 148.00
420.00 174.00 38.00 148.00
422.00 174.00 38.00 148.00
425.00 176.00 38.00 148.00
429.00 176.00 38.00 149.00
434.00 175.00 39.00 150.00
438.00 175.00 39.00 151.00
442.00 174.00 39.00 151.00
450.00 172.00 39.00 153.00
455.00 170.00 39.00 153.00
461.00 171.00 39.00 153.00
465.00 170.00 40.00 154.00
461.00 174.00 40.00 154.00
472.00 170.00 40.00 154.00
478.00 169.00 40.00 154.00
482.00 168.00 40.00 154.00
486.00 168.00 40.00 154.00
492.00 169.00 39.00 153.00
494.00 170.00 40.00 154.00
500.00 170.00 40.00 154.00
509.00 170.00 40.00 155.00
515.00 170.00 40.00 155.00
520.00 171.00 40.00 155.00
519.00 174.00 40.00 154.00
523.00 175.00 39.00 153.00
529.00 176.00 39.00 151.00
534.00 178.00 39.00 150.00
539.00 179.00 38.00 148.00
541.00 179.00 38.00 148.00
547.00 178.00 38.00 149.00
552.00 178.00 39.00 150.00
553.00 179.00 38.00 149.00
558.00 181.00 38.00 149.00
564.00 179.00 39.00 150.00
564.00 181.00 39.00 150.00
569.00 181.00 39.00 150.00
573.00 181.00 39.00 150.00
577.00 182.00 38.00 149.00
581.00 183.00 38.00 148.00
586.00 183.00 38.00 148.00
591.00 183.00 38.00 149.00
595.00 183.00 38.00 148.00
600.00 182.00 38.00 148.00
601.00 180.00 38.00 148.00
605.00 181.00 38.00 149.00
609.00 180.00 39.00 150.00
611.00 180.00 38.00 149.00
613.00 180.00 38.00 149.00
616.00 180.00 38.00 149.00
618.00 181.00 38.00 149.00
621.00 181.00 39.00 150.00
624.00 181.00 39.00 151.00
629.00 182.00 39.00 153.00
630.00 181.00 39.00 152.00
611.00 191.00 39.00 153.00
611.00 191.00 39.00 153.00
612.00 191.00 39.00 152.00
621.00 193.00 39.00 152.00
623.00 191.00 39.00 152.00
625.00 191.00 39.00 153.00
613.00 156.00 40.00 154.00
618.00 156.00 40.00 156.00
622.00 156.00 40.00 157.00
623.00 156.00 41.00 158.00
598.00 189.00 41.00 158.00
599.00 189.00 41.00 158.00
630.00 226.00 41.00 159.00
634.00 226.00 42.00 162.00
602.00 184.00 41.00 160.00
598.00 185.00 41.00 159.00
597.00 186.00 41.00 158.00
610.00 122.00 41.00 159.00
610.00 125.00 41.00 159.00
614.00 127.00 41.00 159.00
618.00 126.00 41.00 159.00
624.00 129.00 41.00 159.00
627.00 126.00 41.00 159.00
632.00 124.00 41.00 159.00
621.00 123.00 41.00 158.00
620.00 123.00 41.00 158.00
575.00 174.00 41.00 159.00
577.00 167.00 41.00 159.00
579.00 158.00 41.00 160.00
585.00 153.00 42.00 161.00
588.00 146.00 42.00 163.00
593.00 142.00 42.00 163.00
596.00 135.00 42.00 163.00
599.00 132.00 42.00 164.00
599.00 130.00 42.00 163.00
604.00 128.00 42.00 164.00
605.00 126.00 42.00 163.00
605.00 128.00 41.00 161.00
609.00 127.00 41.00 160.00
609.00 125.00 41.00 159.00
611.00 123.00 41.00 158.00
614.00 121.00 41.00 159.00
612.00 116.00 41.00 159.00
613.00 111.00 41.00 161.00
623.00 115.00 41.00 161.00
622.00 111.00 41.00 160.00
621.00 112.00 41.00 160.00
622.00 115.00 41.00 159.00
602.00 163.00 41.00 160.00
599.00 163.00 41.00 160.00
597.00 163.00 41.00 160.00
595.00 163.00 41.00 160.00
593.00 163.00 41.00 161.00
589.00 164.00 41.00 161.00
619.00 171.00 42.00 162.00
619.00 170.00 42.00 164.00
616.00 170.00 42.00 165.00
616.00 170.00 43.00 166.00
614.00 170.00 43.00 167.00
612.00 171.00 43.00 167.00
609.00 171.00 43.00 166.00
608.00 173.00 43.00 167.00
605.00 172.00 43.00 166.00
603.00 174.00 43.00 167.00
601.00 173.00 43.00 167.00
599.00 172.00 43.00 168.00
595.00 172.00 43.00 167.00
594.00 172.00 43.00 168.00
591.00 172.00 43.00 168.00
589.00 172.00 43.00 167.00
588.00 174.00 43.00 167.00
586.00 173.00 43.00 167.00
586.00 174.00 43.00 166.00
586.00 175.00 43.00 165.00
585.00 175.00 43.00 166.00
585.00 175.00 43.00 167.00
585.00 174.00 43.00 168.00
585.00 174.00 43.00 169.00
584.00 174.00 43.00 168.00
584.00 174.00 43.00 168.00
582.00 174.00 43.00 169.00
581.00 174.00 43.00 168.00
579.00 174.00 43.00 168.00
577.00 174.00 43.00 167.00
575.00 175.00 43.00 167.00
573.00 174.00 43.00 167.00
570.00 174.00 43.00 167.00
567.00 174.00 43.00 166.00
566.00 174.00 43.00 167.00
562.00 174.00 43.00 167.00
560.00 174.00 43.00 166.00
559.00 173.00 43.00 166.00
556.00 174.00 43.00 166.00
555.00 173.00 43.00 165.00
554.00 173.00 43.00 166.00
551.00 173.00 43.00 165.00
550.00 173.00 43.00 166.00
547.00 173.00 43.00 166.00
544.00 174.00 43.00 165.00
542.00 174.00 43.00 166.00
537.00 173.00 43.00 165.00
535.00 173.00 43.00 166.00
530.00 173.00 42.00 165.00
527.00 173.00 42.00 165.00
522.00 174.00 42.00 165.00
518.00 174.00 42.00 164.00
513.00 175.00 42.00 164.00
507.00 175.00 42.00 164.00
430.00 171.00 41.00 160.00
426.00 172.00 41.00 158.00
425.00 172.00 41.00 158.00
423.00 172.00 41.00 158.00
422.00 172.00 41.00 159.00
419.00 172.00 41.00 159.00
419.00 175.00 40.00 157.00
417.00 176.00 40.00 156.00
414.00 177.00 40.00 156.00
408.00 175.00 40.00 156.00
403.00 174.00 40.00 156.00
400.00 174.00 40.00 156.00
398.00 173.00 40.00 156.00
395.00 173.00 40.00 156.00
393.00 172.00 40.00 156.00
393.00 172.00 40.00 157.00
393.00 171.00 41.00 158.00
393.00 171.00 41.00 159.00
390.00 170.00 41.00 159.00
387.00 169.00 41.00 159.00
388.00 169.00 41.00 160.00
388.00 168.00 41.00 159.00
388.00 168.00 41.00 159.00
389.00 167.00 41.00 159.00
389.00 167.00 41.00 159.00
391.00 166.00 41.00 159.00
391.00 166.00 41.00 159.00
391.00 166.00 41.00 159.00
391.00 165.00 41.00 159.00
391.00 165.00 41.00 160.00
392.00 165.00 42.00 162.00
392.00 164.00 42.00 162.00
393.00 165.00 42.00 163.00
392.00 164.00 42.00 163.00
392.00 163.00 42.00 163.00
393.00 161.00 42.00 165.00
392.00 160.00 43.00 165.00
392.00 159.00 43.00 167.00
393.00 158.00 43.00 167.00
393.00 158.00 43.00 167.00
394.00 157.00 43.00 168.00
396.00 156.00 43.00 168.00
397.00 156.00 43.00 169.00
399.00 155.00 44.00 171.00
400.00 154.00 44.00 172.00
401.00 154.00 44.00 170.00
401.00 155.00 44.00 169.00
403.00 154.00 43.00 169.00
405.00 153.00 43.00 169.00
405.00 153.00 44.00 169.00
406.00 152.00 43.00 169.00
407.00 152.00 43.00 168.00
408.00 152.00 43.00 169.00
408.00 150.00 43.00 169.00
407.00 151.00 43.00 169.00
406.00 150.00 43.00 169.00
405.00 150.00 44.00 170.00
402.00 149.00 44.00 170.00
401.00 148.00 44.00 171.00
398.00 147.00 44.00 170.00
395.00 146.00 44.00 170.00
393.00 145.00 44.00 171.00
388.00 144.00 44.00 171.00
384.00 144.00 44.00 170.00
382.00 143.00 44.00 171.00
378.00 143.00 44.00 170.00
376.00 143.00 44.00 170.00
373.00 142.00 44.00 170.00
372.00 141.00 44.00 170.00
368.00 140.00 44.00 169.00
366.00 140.00 44.00 169.00
365.00 140.00 44.00 169.00
363.00 139.00 43.00 169.00
363.00 138.00 43.00 169.00
362.00 138.00 43.00 168.00
361.00 136.00 43.00 168.00
362.00 135.00 43.00 169.00
360.00 133.00 44.00 169.00
360.00 131.00 44.00 170.00
358.00 130.00 44.00 170.00
357.00 129.00 44.00 170.00
356.00 127.00 44.00 170.00
354.00 127.00 44.00 170.00
354.00 128.00 44.00 170.00
351.00 127.00 44.00 170.00
351.00 127.00 44.00 170.00
349.00 126.00 43.00 168.00
349.00 127.00 43.00 168.00
347.00 127.00 43.00 168.00
347.00 128.00 43.00 168.00
345.00 127.00 43.00 168.00
345.00 128.00 43.00 169.00
344.00 127.00 43.00 168.00
343.00 128.00 43.00 169.00
342.00 128.00 43.00 168.00
341.00 129.00 43.00 168.00
340.00 130.00 43.00 168.00
340.00 131.00 43.00 167.00
339.00 132.00 43.00 167.00
338.00 133.00 43.00 167.00
337.00 133.00 43.00 167.00
335.00 133.00 43.00 168.00
334.00 132.00 43.00 169.00
331.00 131.00 43.00 169.00
329.00 131.00 43.00 166.00
327.00 131.00 42.00 164.00
324.00 131.00 42.00 164.00
321.00 131.00 42.00 162.00
318.00 132.00 42.00 163.00
315.00 132.00 42.00 162.00
313.00 134.00 42.00 162.00
311.00 136.00 42.00 162.00
309.00 138.00 42.00 162.00
307.00 139.00 42.00 162.00
305.00 139.00 42.00 162.00
302.00 139.00 42.00 163.00
299.00 138.00 42.00 163.00
295.00 139.00 42.00 163.00
292.00 139.00 42.00 162.00
290.00 140.00 42.00 162.00
289.00 140.00 42.00 161.00
289.00 141.00 42.00 162.00
289.00 140.00 42.00 162.00
288.00 142.00 42.00 161.00
285.00 141.00 41.00 161.00
285.00 143.00 41.00 160.00
282.00 144.00 41.00 160.00
282.00 144.00 41.00 161.00
282.00 145.00 41.00 160.00
280.00 146.00 41.00 161.00
281.00 145.00 41.00 161.00
281.00 145.00 41.00 161.00
278.00 146.00 41.00 161.00
279.00 146.00 41.00 160.00
278.00 147.00 41.00 159.00
276.00 148.00 41.00 159.00
275.00 149.00 41.00 158.00
272.00 150.00 41.00 159.00
270.00 151.00 41.00 159.00
268.00 152.00 41.00 159.00
266.00 154.00 41.00 160.00
264.00 154.00 41.00 161.00
263.00 152.00 42.00 161.00
261.00 153.00 42.00 162.00
261.00 154.00 42.00 162.00
260.00 154.00 42.00 163.00
260.00 154.00 42.00 162.00
260.00 155.00 42.00 162.00
261.00 156.00 42.00 163.00
261.00 157.00 42.00 162.00
263.00 159.00 42.00 161.00
264.00 160.00 42.00 162.00
264.00 161.00 41.00 161.00
266.00 163.00 41.00 160.00
267.00 164.00 41.00 159.00
270.00 163.00 41.00 158.00
274.00 164.00 41.00 158.00
278.00 161.00 40.00 157.00
285.00 159.00 40.00 157.00
287.00 159.00 40.00 156.00
287.00 159.00 40.00 156.00
282.00 158.00 40.00 154.00
283.00 158.00 40.00 154.00
283.00 157.00 40.00 154.00
284.00 156.00 39.00 153.00
284.00 156.00 39.00 153.00
282.00 157.00 40.00 154.00
281.00 158.00 40.00 154.00
278.00 161.00 39.00 153.00
275.00 162.00 39.00 152.00
274.00 163.00 39.00 152.00
272.00 163.00 39.00 151.00
271.00 161.00 39.00 150.00
269.00 160.00 38.00 149.00
267.00 158.00 38.00 149.00
265.00 157.00 38.00 148.00
263.00 157.00 38.00 149.00
261.00 156.00 38.00 149.00
260.00 157.00 38.00 149.00
259.00 156.00 38.00 149.00
259.00 157.00 38.00 148.00
259.00 158.00 38.00 149.00
259.00 160.00 38.00 149.00
259.00 161.00 38.00 148.00
259.00 163.00 38.00 147.00
261.00 165.00 38.00 147.00
261.00 168.00 38.00 146.00
262.00 171.00 37.00 145.00
263.00 173.00 37.00 145.00
264.00 173.00 37.00 144.00
265.00 174.00 37.00 143.00
265.00 174.00 37.00 143.00
264.00 174.00 37.00 144.00
263.00 173.00 37.00 144.00
261.00 171.00 37.00 144.00
260.00 170.00 37.00 144.00
258.00 168.00 37.00 144.00
257.00 166.00 37.00 145.00
254.00 164.00 37.00 145.00
253.00 161.00 38.00 147.00
251.00 158.00 38.00 147.00
249.00 157.00 38.00 148.00
248.00 155.00 38.00 148.00
246.00 153.00 38.00 148.00
245.00 152.00 38.00 147.00
244.00 151.00 38.00 147.00
244.00 151.00 38.00 148.00
245.00 149.00 38.00 149.00
244.00 148.00 38.00 149.00
245.00 148.00 38.00 149.00
245.00 148.00 39.00 150.00
246.00 148.00 38.00 149.00
247.00 148.00 38.00 149.00
248.00 148.00 38.00 150.00
249.00 147.00 38.00 149.00
250.00 145.00 38.00 150.00
251.00 144.00 39.00 150.00
251.00 142.00 38.00 149.00
252.00 139.00 38.00 149.00
253.00 137.00 38.00 149.00
253.00 134.00 38.00 148.00
254.00 133.00 38.00 147.00
255.00 130.00 38.00 148.00
255.00 129.00 38.00 148.00
255.00 128.00 38.00 148.00
255.00 126.00 38.00 149.00
255.00 125.00 38.00 148.00
255.00 125.00 38.00 147.00
255.00 125.00 38.00 148.00
256.00 123.00 38.00 149.00
255.00 122.00 39.00 150.00
255.00 121.00 39.00 150.00
254.00 120.00 39.00 150.00
253.00 120.00 39.00 150.00
253.00 119.00 39.00 150.00
252.00 119.00 39.00 150.00
251.00 119.00 39.00 150.00
251.00 119.00 39.00 150.00
250.00 119.00 38.00 150.00
250.00 118.00 38.00 150.00
250.00 116.00 39.00 150.00
249.00 114.00 38.00 148.00
249.00 111.00 37.00 146.00
249.00 110.00 37.00 144.00
250.00 108.00 37.00 144.00
248.00 106.00 37.00 143.00
248.00 104.00 37.00 143.00
247.00 103.00 37.00 145.00
245.00 101.00 38.00 146.00
245.00 99.00 38.00 147.00
243.00 97.00 38.00 148.00
241.00 94.00 38.00 149.00
239.00 93.00 39.00 150.00
238.00 92.00 39.00 151.00
236.00 91.00 39.00 152.00
235.00 91.00 39.00 152.00
234.00 90.00 39.00 152.00
234.00 90.00 39.00 152.00
234.00 90.00 39.00 152.00
233.00 88.00 39.00 151.00
233.00 88.00 39.00 151.00
234.00 85.00 39.00 151.00
233.00 82.00 39.00 150.00
233.00 79.00 38.00 148.00
233.00 77.00 38.00 147.00
232.00 75.00 37.00 145.00
232.00 72.00 37.00 145.00
231.00 70.00 37.00 145.00
230.00 68.00 37.00 144.00
230.00 67.00 37.00 145.00
227.00 66.00 37.00 144.00
228.00 64.00 37.00 144.00
226.00 63.00 37.00 145.00
226.00 62.00 37.00 145.00
225.00 60.00 37.00 145.00
223.00 60.00 37.00 145.00
223.00 61.00 37.00 145.00
221.00 61.00 38.00 146.00
221.00 61.00 38.00 146.00
220.00 61.00 38.00 147.00
220.00 59.00 38.00 147.00
220.00 55.00 38.00 148.00
218.00 53.00 38.00 146.00
218.00 52.00 37.00 143.00
218.00 51.00 36.00 142.00
217.00 51.00 36.00 140.00
218.00 49.00 36.00 140.00
218.00 48.00 36.00 141.00
218.00 46.00 36.00 141.00
218.00 43.00 37.00 142.00
218.00 42.00 37.00 144.00
218.00 39.00 37.00 145.00
218.00 38.00 38.00 146.00
218.00 37.00 38.00 147.00
218.00 36.00 38.00 147.00
219.00 37.00 38.00 148.00
218.00 38.00 38.00 148.00
218.00 38.00 38.00 148.00
219.00 38.00 38.00 148.00
220.00 38.00 38.00 148.00
220.00 39.00 38.00 148.00
221.00 40.00 38.00 148.00
221.00 41.00 38.00 147.00
222.00 41.00 38.00 148.00
222.00 40.00 38.00 148.00
221.00 39.00 38.00 148.00
220.00 38.00 38.00 149.00
219.00 35.00 38.00 148.00
218.00 34.00 38.00 149.00
218.00 33.00 39.00 150.00
218.00 32.00 39.00 150.00
218.00 32.00 39.00 150.00
219.00 32.00 39.00 151.00
218.00 32.00 39.00 151.00
220.00 33.00 39.00 153.00
219.00 34.00 39.00 152.00
221.00 36.00 39.00 152.00
221.00 38.00 39.00 151.00
221.00 40.00 39.00 150.00
221.00 43.00 38.00 150.00
223.00 48.00 38.00 149.00
223.00 53.00 38.00 148.00
225.00 56.00 38.00 146.00
226.00 60.00 37.00 145.00
227.00 63.00 37.00 144.00
228.00 65.00 37.00 143.00
230.00 65.00 37.00 143.00
231.00 66.00 36.00 141.00
234.00 66.00 36.00 140.00
236.00 67.00 36.00 140.00
238.00 67.00 36.00 139.00
240.00 67.00 36.00 139.00
242.00 66.00 36.00 140.00
243.00 65.00 36.00 139.00
246.00 65.00 36.00 139.00
247.00 64.00 36.00 139.00
249.00 63.00 36.00 139.00
251.00 64.00 36.00 140.00
253.00 65.00 36.00 141.00
255.00 66.00 36.00 142.00
257.00 68.00 36.00 142.00
258.00 69.00 37.00 142.00
258.00 69.00 37.00 142.00
259.00 68.00 37.00 143.00
259.00 68.00 37.00 143.00
259.00 67.00 37.00 143.00
259.00 65.00 37.00 142.00
259.00 64.00 36.00 142.00
259.00 62.00 36.00 142.00
260.00 59.00 37.00 143.00
260.00 57.00 37.00 143.00
262.00 55.00 37.00 142.00
263.00 51.00 37.00 142.00
264.00 49.00 36.00 141.00
266.00 47.00 36.00 140.00
269.00 47.00 36.00 139.00
272.00 46.00 36.00 139.00
275.00 45.00 35.00 137.00
275.00 44.00 35.00 137.00
277.00 44.00 35.00 137.00
278.00 45.00 36.00 138.00
279.00 45.00 35.00 138.00
282.00 46.00 35.00 137.00
283.00 47.00 35.00 137.00
286.00 48.00 35.00 138.00
289.00 49.00 35.00 138.00
291.00 49.00 36.00 138.00
294.00 48.00 36.00 138.00
295.00 48.00 36.00 138.00
297.00 47.00 36.00 139.00
297.00 47.00 36.00 139.00
297.00 47.00 36.00 139.00
298.00 47.00 36.00 140.00
300.00 47.00 36.00 141.00
300.00 47.00 36.00 141.00
300.00 48.00 36.00 141.00
301.00 48.00 37.00 142.00
302.00 48.00 37.00 142.00
304.00 49.00 37.00 142.00
305.00 50.00 37.00 142.00
307.00 51.00 37.00 142.00
307.00 51.00 36.00 141.00
309.00 51.00 36.00 139.00
311.00 52.00 36.00 138.00
313.00 50.00 35.00 137.00
314.00 49.00 35.00 136.00
315.00 48.00 35.00 136.00
318.00 46.00 35.00 136.00
318.00 45.00 35.00 136.00
320.00 44.00 35.00 136.00
321.00 44.00 35.00 136.00
321.00 45.00 35.00 136.00
322.00 45.00 35.00 135.00
319.00 45.00 35.00 135.00
319.00 45.00 35.00 134.00
318.00 48.00 35.00 134.00
316.00 49.00 35.00 135.00
316.00 51.00 35.00 135.00
316.00 54.00 35.00 135.00
317.00 57.00 35.00 135.00
320.00 60.00 35.00 136.00
322.00 61.00 35.00 136.00
324.00 62.00 35.00 135.00
329.00 61.00 35.00 135.00
332.00 59.00 35.00 135.00
336.00 58.00 35.00 134.00
337.00 57.00 34.00 133.00
340.00 56.00 34.00 132.00
341.00 54.00 34.00 132.00
342.00 53.00 34.00 132.00
342.00 52.00 34.00 132.00
344.00 51.00 34.00 134.00
345.00 49.00 35.00 135.00
345.00 49.00 35.00 136.00
345.00 50.00 35.00 135.00
345.00 50.00 35.00 135.00
345.00 51.00 34.00 133.00
345.00 53.00 34.00 132.00
345.00 56.00 33.00 130.00
346.00 59.00 33.00 127.00
348.00 62.00 32.00 126.00
349.00 62.00 32.00 126.00
351.00 60.00 32.00 126.00
353.00 57.00 32.00 126.00
354.00 55.00 32.00 126.00
354.00 51.00 32.00 126.00
356.00 49.00 33.00 127.00
356.00 45.00 33.00 127.00
356.00 43.00 33.00 127.00
357.00 40.00 33.00 128.00
358.00 38.00 33.00 130.00
358.00 35.00 34.00 131.00
358.00 33.00 34.00 132.00
359.00 32.00 34.00 133.00
359.00 30.00 34.00 134.00
360.00 29.00 35.00 134.00
360.00 29.00 34.00 134.00
361.00 28.00 35.00 135.00
361.00 28.00 35.00 136.00
361.00 28.00 35.00 137.00
360.00 28.00 35.00 137.00
359.00 29.00 35.00 137.00
359.00 29.00 35.00 137.00
358.00 29.00 35.00 138.00
359.00 30.00 35.00 138.00
359.00 30.00 35.00 137.00
359.00 31.00 35.00 138.00
358.00 32.00 35.00 137.00
358.00 33.00 35.00 136.00
359.00 34.00 35.00 137.00
358.00 36.00 35.00 137.00
359.00 36.00 35.00 137.00
359.00 37.00 35.00 136.00
358.00 39.00 35.00 135.00
360.00 40.00 35.00 134.00
359.00 42.00 34.00 134.00
360.00 42.00 34.00 133.00
360.00 42.00 34.00 133.00
361.00 42.00 34.00 132.00
361.00 41.00 34.00 133.00
360.00 41.00 34.00 133.00
361.00 42.00 34.00 133.00
362.00 42.00 34.00 133.00
361.00 43.00 34.00 132.00
362.00 43.00 34.00 131.00
362.00 44.00 34.00 131.00
361.00 44.00 34.00 131.00
362.00 45.00 34.00 130.00
361.00 45.00 34.00 131.00
361.00 45.00 34.00 130.00
360.00 44.00 34.00 130.00
360.00 45.00 33.00 130.00
361.00 46.00 33.00 130.00
361.00 46.00 33.00 130.00
361.00 46.00 33.00 129.00
361.00 48.00 33.00 129.00
360.00 48.00 33.00 128.00
360.00 47.00 33.00 127.00
360.00 48.00 33.00 127.00
358.00 47.00 33.00 127.00
357.00 47.00 33.00 128.00
357.00 47.00 33.00 128.00
355.00 47.00 33.00 128.00
354.00 47.00 33.00 128.00
353.00 46.00 33.00 128.00
353.00 46.00 33.00 128.00
351.00 47.00 33.00 128.00
349.00 46.00 33.00 128.00
348.00 46.00 33.00 127.00
347.00 46.00 33.00 127.00
346.00 46.00 33.00 127.00
344.00 45.00 33.00 127.00
343.00 44.00 33.00 127.00
341.00 44.00 33.00 127.00
340.00 43.00 33.00 126.00
338.00 42.00 32.00 126.00
336.00 41.00 32.00 126.00
336.00 41.00 32.00 126.00
334.00 40.00 32.00 126.00
332.00 40.00 32.00 125.00
330.00 38.00 32.00 125.00
329.00 39.00 32.00 125.00
327.00 38.00 32.00 125.00
326.00 38.00 32.00 125.00
324.00 39.00 32.00 124.00
323.00 38.00 32.00 124.00
322.00 39.00 32.00 124.00
322.00 39.00 32.00 123.00
320.00 39.00 32.00 123.00
318.00 40.00 32.00 124.00
318.00 39.00 32.00 123.00
315.00 39.00 32.00 123.00
313.00 39.00 32.00 123.00
313.00 39.00 32.00 123.00
311.00 40.00 31.00 122.00
309.00 39.00 31.00 122.00
308.00 39.00 31.00 122.00
306.00 40.00 31.00 122.00
304.00 40.00 31.00 122.00
303.00 41.00 31.00 121.00
301.00 41.00 31.00 121.00
300.00 43.00 31.00 120.00
297.00 44.00 31.00 120.00
297.00 44.00 31.00 120.00
295.00 45.00 31.00 120.00
293.00 46.00 31.00 120.00
293.00 47.00 31.00 119.00
291.00 48.00 31.00 119.00
290.00 50.00 30.00 118.00
288.00 51.00 30.00 118.00
287.00 52.00 30.00 118.00
286.00 53.00 30.00 117.00
285.00 53.00 30.00 117.00
284.00 55.00 30.00 117.00
283.00 56.00 30.00 116.00
283.00 55.00 30.00 116.00
281.00 56.00 30.00 117.00
281.00 56.00 30.00 118.00
282.00 57.00 30.00 117.00
282.00 58.00 30.00 116.00
283.00 59.00 30.00 115.00
283.00 61.00 29.00 114.00
284.00 63.00 29.00 113.00
285.00 65.00 29.00 112.00
285.00 67.00 28.00 110.00
286.00 67.00 28.00 109.00
286.00 68.00 28.00 109.00
286.00 67.00 28.00 110.00
286.00 65.00 28.00 110.00
285.00 65.00 28.00 110.00
285.00 63.00 28.00 110.00
284.00 62.00 28.00 111.00
284.00 62.00 29.00 112.00
284.00 61.00 29.00 112.00
283.00 60.00 29.00 113.00
283.00 59.00 29.00 114.00
284.00 58.00 29.00 115.00
284.00 60.00 29.00 113.00
284.00 59.00 29.00 113.00
286.00 59.00 29.00 113.00
287.00 61.00 29.00 112.00
289.00 60.00 29.00 113.00
291.00 62.00 29.00 112.00
293.00 62.00 29.00 112.00
296.00 61.00 29.00 112.00
298.00 62.00 29.00 111.00
299.00 61.00 29.00 111.00
301.00 60.00 29.00 111.00
303.00 60.00 29.00 111.00
305.00 59.00 29.00 112.00
308.00 59.00 29.00 112.00
309.00 59.00 29.00 111.00
311.00 58.00 29.00 113.00
313.00 60.00 29.00 113.00
314.00 59.00 29.00 112.00
316.00 60.00 29.00 112.00
318.00 60.00 29.00 112.00
320.00 61.00 28.00 111.00
322.00 61.00 28.00 111.00
323.00 61.00 28.00 110.00
325.00 61.00 28.00 110.00
327.00 62.00 28.00 110.00
329.00 63.00 28.00 110.00
330.00 63.00 28.00 110.00
331.00 63.00 28.00 110.00
331.00 62.00 28.00 110.00
333.00 63.00 28.00 110.00
334.00 63.00 28.00 110.00
335.00 64.00 28.00 110.00
335.00 65.00 28.00 110.00
336.00 64.00 28.00 109.00
336.00 65.00 28.00 109.00
337.00 66.00 28.00 109.00
338.00 65.00 28.00 109.00
339.00 66.00 28.00 108.00
339.00 65.00 28.00 108.00
341.00 65.00 28.00 108.00
342.00 66.00 28.00 108.00
344.00 66.00 28.00 108.00
345.00 66.00 28.00 107.00
347.00 66.00 28.00 107.00
349.00 66.00 28.00 107.00
350.00 66.00 28.00 107.00
353.00 66.00 27.00 107.00
354.00 65.00 28.00 108.00
355.00 64.00 28.00 108.00
359.00 65.00 28.00 108.00
361.00 66.00 28.00 108.00
363.00 65.00 28.00 108.00
367.00 66.00 28.00 108.00
369.00 67.00 28.00 108.00
371.00 66.00 28.00 108.00
373.00 66.00 28.00 108.00
376.00 66.00 28.00 107.00
379.00 66.00 28.00 108.00
382.00 67.00 28.00 108.00
384.00 67.00 28.00 107.00
386.00 67.00 28.00 107.00
387.00 67.00 28.00 107.00
390.00 67.00 28.00 107.00
391.00 68.00 27.00 107.00
394.00 68.00 28.00 107.00
395.00 67.00 28.00 107.00
395.00 66.00 28.00 108.00
396.00 66.00 28.00 107.00
396.00 66.00 28.00 108.00
396.00 67.00 28.00 108.00
397.00 68.00 28.00 107.00
397.00 68.00 27.00 107.00
396.00 68.00 28.00 107.00
396.00 70.00 27.00 106.00
395.00 70.00 27.00 106.00
394.00 70.00 27.00 106.00
393.00 71.00 27.00 106.00
392.00 71.00 27.00 106.00
390.00 71.00 27.00 106.00
391.00 73.00 27.00 106.00
390.00 74.00 27.00 105.00
389.00 75.00 27.00 105.00
389.00 77.00 27.00 105.00
389.00 80.00 27.00 105.00
389.00 81.00 27.00 105.00
389.00 84.00 27.00 105.00
389.00 86.00 27.00 105.00
389.00 87.00 27.00 105.00
388.00 89.00 27.00 105.00
388.00 91.00 27.00 104.00
389.00 93.00 27.00 104.00
387.00 93.00 27.00 104.00
388.00 95.00 27.00 104.00
387.00 96.00 27.00 104.00
386.00 97.00 27.00 104.00
386.00 99.00 27.00 104.00
385.00 100.00 27.00 104.00
385.00 101.00 27.00 104.00
385.00 102.00 27.00 104.00
384.00 104.00 27.00 104.00
384.00 105.00 27.00 103.00
384.00 106.00 26.00 102.00
384.00 107.00 26.00 103.00
384.00 107.00 26.00 103.00
386.00 109.00 26.00 103.00
387.00 110.00 26.00 103.00
388.00 110.00 26.00 102.00
389.00 112.00 26.00 101.00
390.00 112.00 26.00 101.00
391.00 114.00 26.00 101.00
392.00 114.00 26.00 100.00
391.00 116.00 26.00 100.00
391.00 118.00 26.00 100.00
390.00 117.00 26.00 99.00
390.00 119.00 25.00 99.00
390.00 119.00 25.00 99.00
389.00 120.00 25.00 99.00
388.00 122.00 26.00 99.00
387.00 123.00 26.00 99.00
385.00 126.00 25.00 99.00
384.00 127.00 26.00 99.00
383.00 129.00 26.00 100.00
382.00 131.00 26.00 100.00
381.00 134.00 26.00 99.00
382.00 138.00 25.00 98.00
381.00 141.00 25.00 97.00
382.00 144.00 25.00 96.00
383.00 147.00 24.00 95.00
382.00 148.00 25.00 96.00
381.00 149.00 25.00 96.00
380.00 149.00 24.00 95.00
379.00 150.00 24.00 94.00
377.00 151.00 24.00 94.00
376.00 149.00 24.00 94.00
375.00 148.00 24.00 94.00
374.00 148.00 24.00 94.00
372.00 150.00 24.00 94.00
372.00 149.00 24.00 95.00
372.00 148.00 24.00 95.00
370.00 150.00 25.00 96.00
370.00 149.00 25.00 96.00
367.00 149.00 25.00 97.00
366.00 147.00 25.00 96.00
364.00 146.00 25.00 97.00
363.00 145.00 25.00 98.00
363.00 141.00 25.00 99.00
363.00 138.00 26.00 101.00
362.00 136.00 26.00 102.00
362.00 135.00 26.00 103.00
361.00 135.00 27.00 104.00
362.00 134.00 27.00 106.00
361.00 134.00 28.00 107.00
361.00 134.00 28.00 108.00
362.00 134.00 28.00 110.00
363.00 134.00 29.00 111.00
365.00 135.00 29.00 112.00
365.00 136.00 29.00 112.00
365.00 136.00 29.00 113.00
367.00 137.00 29.00 114.00
367.00 137.00 30.00 115.00
368.00 139.00 30.00 116.00
369.00 140.00 30.00 117.00
370.00 141.00 30.00 118.00
371.00 142.00 31.00 119.00
372.00 143.00 31.00 119.00
372.00 143.00 31.00 120.00
374.00 142.00 31.00 120.00
374.00 141.00 31.00 120.00
374.00 142.00 31.00 120.00
375.00 142.00 31.00 120.00
376.00 142.00 31.00 121.00
377.00 142.00 31.00 121.00
377.00 141.00 31.00 121.00
378.00 139.00 31.00 122.00
380.00 139.00 32.00 123.00
383.00 139.00 32.00 125.00
387.00 140.00 33.00 127.00
389.00 139.00 33.00 128.00
392.00 137.00 33.00 129.00
394.00 137.00 33.00 130.00
397.00 136.00 34.00 130.00
399.00 135.00 33.00 130.00
400.00 134.00 33.00 130.00
402.00 132.00 34.00 131.00
404.00 131.00 34.00 133.00
404.00 131.00 35.00 134.00
404.00 132.00 35.00 136.00
404.00 134.00 35.00 138.00
402.00 133.00 36.00 140.00
401.00 132.00 36.00 142.00
398.00 131.00 37.00 144.00
397.00 130.00 38.00 147.00
395.00 128.00 38.00 148.00
394.00 127.00 39.00 150.00
393.00 125.00 39.00 151.00
393.00 124.00 40.00 154.00
391.00 124.00 40.00 154.00
392.00 124.00 40.00 155.00
392.00 123.00 40.00 157.00
391.00 122.00 41.00 159.00
392.00 120.00 41.00 160.00
392.00 119.00 42.00 161.00
395.00 117.00 42.00 163.00
398.00 115.00 42.00 165.00
399.00 116.00 42.00 165.00
400.00 119.00 42.00 165.00
402.00 120.00 42.00 164.00
404.00 121.00 42.00 164.00
405.00 120.00 42.00 164.00
406.00 121.00 42.00 164.00
406.00 118.00 42.00 164.00
406.00 116.00 42.00 165.00
407.00 116.00 42.00 165.00
406.00 116.00 43.00 166.00
407.00 116.00 43.00 166.00
407.00 117.00 43.00 167.00
407.00 119.00 43.00 168.00
409.00 119.00 43.00 169.00
413.00 121.00 44.00 170.00
417.00 123.00 44.00 171.00
420.00 125.00 44.00 171.00
422.00 127.00 44.00 172.00
426.00 126.00 44.00 172.00
427.00 127.00 44.00 172.00
428.00 127.00 44.00 171.00
430.00 127.00 44.00 171.00
430.00 128.00 44.00 171.00
429.00 127.00 44.00 170.00
430.00 125.00 44.00 169.00
431.00 122.00 44.00 170.00
432.00 118.00 44.00 170.00
431.00 116.00 44.00 171.00
432.00 113.00 44.00 172.00
428.00 112.00 44.00 172.00
427.00 114.00 44.00 173.00
428.00 114.00 45.00 174.00
428.00 115.00 45.00 174.00
428.00 117.00 45.00 175.00
426.00 119.00 45.00 175.00
425.00 121.00 45.00 175.00
426.00 124.00 45.00 175.00
427.00 127.00 45.00 176.00
427.00 129.00 45.00 176.00
426.00 129.00 45.00 176.00
426.00 131.00 45.00 175.00
426.00 132.00 45.00 175.00
426.00 133.00 45.00 175.00
426.00 133.00 45.00 176.00
426.00 134.00 45.00 176.00
427.00 135.00 45.00 176.00
429.00 135.00 45.00 176.00
430.00 135.00 45.00 175.00
431.00 136.00 45.00 175.00
432.00 136.00 45.00 174.00
434.00 136.00 45.00 173.00
434.00 134.00 45.00 174.00
436.00 135.00 45.00 174.00
437.00 134.00 45.00 174.00
438.00 135.00 45.00 174.00
439.00 134.00 45.00 174.00
438.00 135.00 45.00 174.00
440.00 136.00 45.00 175.00
441.00 136.00 45.00 176.00
441.00 137.00 45.00 176.00
441.00 137.00 45.00 176.00
439.00 137.00 45.00 176.00
438.00 138.00 45.00 175.00
438.00 138.00 45.00 175.00
437.00 140.00 45.00 176.00
436.00 139.00 45.00 175.00
432.00 140.00 45.00 175.00
432.00 140.00 45.00 173.00
430.00 140.00 45.00 173.00
428.00 141.00 44.00 173.00
428.00 140.00 44.00 173.00
426.00 141.00 44.00 172.00
426.00 140.00 44.00 173.00
423.00 138.00 44.00 172.00
423.00 138.00 44.00 172.00
422.00 137.00 44.00 172.00
420.00 135.00 45.00 173.00
419.00 134.00 45.00 173.00
416.00 131.00 45.00 174.00
413.00 128.00 45.00 174.00
411.00 126.00 45.00 175.00
409.00 122.00 45.00 175.00
408.00 120.00 45.00 176.00
406.00 117.00 45.00 176.00
407.00 114.00 45.00 176.00
407.00 112.00 46.00 177.00
407.00 109.00 45.00 177.00
409.00 107.00 46.00 177.00
411.00 105.00 45.00 176.00
412.00 103.00 45.00 176.00
414.00 101.00 45.00 175.00
415.00 100.00 45.00 175.00
416.00 99.00 45.00 174.00
417.00 98.00 45.00 174.00
417.00 97.00 45.00 174.00
418.00 96.00 45.00 173.00
417.00 94.00 45.00 173.00
417.00 95.00 44.00 172.00
417.00 94.00 44.00 172.00
417.00 93.00 44.00 172.00
416.00 92.00 44.00 172.00
416.00 91.00 44.00 171.00
416.00 91.00 44.00 171.00
416.00 91.00 44.00 172.00
417.00 90.00 44.00 172.00
417.00 88.00 44.00 173.00
417.00 87.00 44.00 172.00
418.00 85.00 44.00 173.00
419.00 85.00 45.00 173.00
420.00 86.00 45.00 173.00
421.00 86.00 44.00 173.00
421.00 85.00 45.00 174.00
422.00 85.00 45.00 173.00
422.00 85.00 45.00 173.00
424.00 86.00 45.00 173.00
424.00 88.00 44.00 172.00
423.00 89.00 44.00 171.00
424.00 90.00 44.00 171.00
424.00 92.00 44.00 170.00
424.00 94.00 44.00 170.00
425.00 95.00 44.00 170.00
424.00 97.00 44.00 170.00
425.00 97.00 44.00 169.00
425.00 97.00 44.00 170.00
425.00 100.00 44.00 169.00
426.00 100.00 44.00 169.00
426.00 102.00 43.00 169.00
426.00 105.00 43.00 169.00
427.00 107.00 43.00 168.00
427.00 110.00 43.00 169.00
427.00 112.00 43.00 169.00
427.00 115.00 44.00 170.00
426.00 117.00 44.00 170.00
426.00 119.00 44.00 169.00
425.00 121.00 44.00 169.00
424.00 124.00 44.00 169.00
423.00 126.00 44.00 169.00
421.00 128.00 44.00 169.00
421.00 130.00 44.00 169.00
420.00 132.00 44.00 170.00
419.00 135.00 44.00 171.00
419.00 138.00 44.00 171.00
418.00 140.00 44.00 170.00
418.00 140.00 44.00 170.00
418.00 140.00 44.00 170.00
419.00 140.00 44.00 171.00
420.00 141.00 44.00 171.00
419.00 142.00 44.00 171.00
421.00 142.00 44.00 170.00
420.00 142.00 44.00 171.00
421.00 141.00 44.00 172.00
420.00 140.00 44.00 172.00
421.00 142.00 44.00 172.00
422.00 140.00 44.00 172.00
422.00 141.00 44.00 172.00
421.00 140.00 44.00 172.00
423.00 139.00 44.00 173.00
422.00 141.00 44.00 172.00
421.00 141.00 44.00 172.00
422.00 142.00 44.00 172.00
422.00 143.00 44.00 171.00
424.00 142.00 44.00 171.00
423.00 141.00 44.00 172.00
423.00 141.00 44.00 172.00
424.00 139.00 44.00 172.00
423.00 140.00 44.00 171.00
424.00 139.00 44.00 172.00
424.00 138.00 44.00 172.00
423.00 138.00 44.00 173.00
423.00 138.00 44.00 172.00
424.00 139.00 44.00 172.00
423.00 139.00 44.00 171.00
424.00 138.00 44.00 171.00
424.00 137.00 44.00 171.00
423.00 138.00 44.00 171.00
423.00 139.00 44.00 172.00
422.00 139.00 44.00 171.00
421.00 139.00 44.00 171.00
421.00 139.00 44.00 170.00
419.00 139.00 44.00 170.00
419.00 138.00 44.00 171.00
418.00 137.00 44.00 171.00
416.00 138.00 44.00 170.00
417.00 138.00 43.00 169.00
416.00 139.00 43.00 168.00
415.00 139.00 43.00 167.00
416.00 139.00 43.00 167.00
415.00 140.00 43.00 168.00
416.00 139.00 43.00 167.00
415.00 138.00 43.00 168.00
415.00 139.00 43.00 167.00
415.00 138.00 43.00 167.00
415.00 140.00 43.00 167.00
415.00 140.00 43.00 166.00
415.00 141.00 43.00 167.00
414.00 142.00 42.00 165.00
415.00 143.00 43.00 165.00
415.00 143.00 43.00 166.00
416.00 143.00 43.00 166.00
417.00 143.00 43.00 167.00
417.00 143.00 43.00 167.00
416.00 143.00 43.00 168.00
417.00 143.00 43.00 167.00
417.00 144.00 43.00 166.00
418.00 144.00 43.00 166.00
418.00 144.00 43.00 166.00
417.00 144.00 43.00 166.00
418.00 143.00 43.00 166.00
417.00 143.00 43.00 167.00
416.00 142.00 43.00 167.00
416.00 142.00 43.00 168.00
415.00 143.00 43.00 169.00
415.00 143.00 43.00 169.00
414.00 144.00 43.00 169.00
413.00 144.00 43.00 169.00
413.00 144.00 44.00 170.00
411.00 144.00 44.00 171.00
412.00 143.00 44.00 171.00
410.00 142.00 44.00 172.00
409.00 143.00 44.00 173.00
408.00 142.00 44.00 172.00
407.00 142.00 44.00 173.00
407.00 141.00 45.00 173.00
406.00 141.00 45.00 174.00
406.00 140.00 45.00 174.00
406.00 139.00 45.00 174.00
406.00 139.00 45.00 175.00
406.00 139.00 45.00 175.00
404.00 138.00 45.00 176.00
404.00 137.00 45.00 176.00
404.00 136.00 45.00 176.00
403.00 135.00 45.00 177.00
402.00 134.00 45.00 177.00
402.00 134.00 45.00 176.00
401.00 132.00 45.00 176.00
401.00 131.00 45.00 176.00
399.00 130.00 45.00 175.00
399.00 129.00 45.00 175.00
398.00 128.00 45.00 174.00
397.00 127.00 45.00 174.00
397.00 126.00 45.00 174.00
396.00 126.00 45.00 174.00
395.00 125.00 45.00 174.00
393.00 126.00 45.00 174.00
391.00 125.00 45.00 173.00
391.00 125.00 44.00 172.00
390.00 124.00 44.00 172.00
388.00 123.00 44.00 171.00
387.00 124.00 44.00 171.00
386.00 124.00 44.00 171.00
382.00 123.00 44.00 171.00
379.00 124.00 44.00 170.00
376.00 125.00 44.00 170.00
373.00 126.00 43.00 169.00
372.00 127.00 43.00 168.00
369.00 128.00 43.00 168.00
366.00 128.00 43.00 168.00
363.00 128.00 43.00 168.00
361.00 127.00 43.00 169.00
359.00 125.00 44.00 170.00
359.00 122.00 44.00 173.00
358.00 121.00 44.00 173.00
358.00 121.00 44.00 173.00
359.00 123.00 44.00 172.00
360.00 124.00 44.00 173.00
361.00 126.00 44.00 172.00
363.00 127.00 44.00 172.00
365.00 130.00 44.00 171.00
367.00 133.00 44.00 170.00
369.00 135.00 44.00 170.00
370.00 137.00 44.00 170.00
371.00 138.00 44.00 170.00
372.00 139.00 44.00 170.00
374.00 141.00 44.00 170.00
375.00 143.00 44.00 171.00
376.00 144.00 44.00 171.00
376.00 146.00 44.00 170.00
376.00 148.00 44.00 170.00
377.00 150.00 44.00 170.00
376.00 152.00 43.00 169.00
377.00 155.00 43.00 168.00
377.00 156.00 43.00 168.00
377.00 157.00 43.00 167.00
378.00 159.00 43.00 167.00
381.00 160.00 43.00 167.00
382.00 161.00 43.00 166.00
386.00 164.00 43.00 166.00
388.00 165.00 43.00 165.00
390.00 169.00 43.00 165.00
391.00 171.00 42.00 165.00
392.00 174.00 42.00 164.00
393.00 178.00 42.00 164.00
394.00 181.00 42.00 163.00
395.00 186.00 42.00 163.00
397.00 189.00 42.00 163.00
396.00 192.00 42.00 161.00
397.00 191.00 42.00 162.00
395.00 189.00 41.00 160.00
395.00 188.00 41.00 159.00
396.00 186.00 41.00 158.00
396.00 186.00 40.00 157.00
395.00 187.00 40.00 156.00
396.00 187.00 40.00 155.00
396.00 188.00 40.00 155.00
396.00 188.00 40.00 156.00
394.00 187.00 40.00 155.00
394.00 188.00 40.00 155.00
393.00 188.00 40.00 156.00
390.00 188.00 40.00 156.00
390.00 189.00 40.00 157.00
388.00 188.00 41.00 158.00
387.00 188.00 41.00 160.00
385.00 186.00 42.00 162.00
383.00 183.00 42.00 163.00
382.00 180.00 42.00 164.00
380.00 178.00 42.00 165.00
379.00 175.00 42.00 165.00
379.00 173.00 42.00 164.00
378.00 169.00 42.00 164.00
379.00 166.00 42.00 165.00
379.00 161.00 42.00 162.00
376.00 162.00 42.00 162.00
377.00 159.00 41.00 161.00
377.00 156.00 41.00 160.00
376.00 153.00 41.00 158.00
376.00 151.00 41.00 157.00
376.00 148.00 40.00 157.00
375.00 145.00 40.00 156.00
376.00 144.00 40.00 156.00
375.00 142.00 40.00 155.00
374.00 142.00 40.00 154.00
377.00 142.00 39.00 152.00
381.00 142.00 38.00 149.00
385.00 144.00 38.00 147.00
388.00 144.00 37.00 146.00
390.00 144.00 37.00 143.00
392.00 145.00 36.00 142.00
397.00 144.00 36.00 142.00
396.00 140.00 37.00 142.00
396.00 161.00 35.00 138.00
365.00 147.00 35.00 137.00
365.00 144.00 36.00 138.00
377.00 134.00 35.00 137.00
379.00 133.00 35.00 137.00
380.00 131.00 36.00 138.00
382.00 129.00 36.00 140.00
382.00 127.00 36.00 140.00
382.00 128.00 36.00 142.00
381.00 129.00 37.00 144.00
380.00 132.00 37.00 145.00
379.00 134.00 37.00 145.00
378.00 136.00 37.00 144.00
376.00 135.00 37.00 143.00
376.00 133.00 37.00 144.00
374.00 132.00 37.00 144.00
372.00 131.00 37.00 144.00
372.00 131.00 37.00 145.00
369.00 131.00 37.00 145.00
369.00 131.00 38.00 146.00
367.00 132.00 38.00 147.00
366.00 131.00 38.00 147.00
364.00 132.00 38.00 147.00
362.00 132.00 38.00 148.00
362.00 134.00 38.00 149.00
361.00 135.00 38.00 149.00
361.00 137.00 38.00 150.00
360.00 138.00 39.00 150.00
360.00 140.00 39.00 151.00
357.00 143.00 39.00 151.00
357.00 144.00 39.00 151.00
355.00 146.00 39.00 150.00
355.00 148.00 39.00 150.00
354.00 148.00 39.00 150.00
353.00 150.00 39.00 150.00
354.00 152.00 38.00 150.00
353.00 155.00 38.00 149.00
352.00 158.00 38.00 148.00
352.00 159.00 38.00 148.00
351.00 160.00 38.00 147.00
351.00 162.00 38.00 147.00
350.00 164.00 38.00 146.00
350.00 164.00 38.00 146.00
349.00 165.00 38.00 146.00
349.00 166.00 38.00 146.00
348.00 167.00 37.00 145.00
349.00 168.00 38.00 146.00
348.00 169.00 37.00 146.00
348.00 171.00 37.00 145.00
347.00 172.00 37.00 144.00
347.00 173.00 37.00 144.00
347.00 172.00 37.00 144.00
345.00 172.00 37.00 143.00
344.00 172.00 37.00 143.00
343.00 173.00 37.00 143.00
342.00 174.00 37.00 143.00
340.00 175.00 36.00 142.00
339.00 177.00 36.00 141.00
337.00 179.00 36.00 141.00
336.00 180.00 36.00 141.00
334.00 180.00 37.00 142.00
332.00 181.00 36.00 142.00
331.00 181.00 36.00 142.00
328.00 182.00 36.00 140.00
328.00 183.00 36.00 140.00
327.00 184.00 36.00 139.00
324.00 186.00 36.00 139.00
323.00 187.00 36.00 139.00
321.00 189.00 36.00 138.00
319.00 190.00 36.00 138.00
318.00 190.00 36.00 138.00
316.00 191.00 35.00 138.00
314.00 192.00 35.00 137.00
311.00 192.00 35.00 136.00
309.00 193.00 35.00 136.00
307.00 194.00 35.00 136.00
305.00 196.00 35.00 135.00
301.00 196.00 35.00 135.00
299.00 196.00 35.00 135.00
296.00 196.00 35.00 135.00
294.00 196.00 35.00 135.00
291.00 196.00 35.00 135.00
289.00 195.00 35.00 135.00
286.00 197.00 35.00 135.00
284.00 197.00 35.00 135.00
281.00 197.00 35.00 135.00
279.00 198.00 35.00 135.00
278.00 197.00 35.00 134.00
274.00 198.00 34.00 133.00
273.00 198.00 34.00 132.00
271.00 198.00 34.00 132.00
269.00 200.00 34.00 132.00
266.00 200.00 34.00 131.00
264.00 201.00 34.00 131.00
262.00 202.00 34.00 130.00
259.00 203.00 33.00 130.00
257.00 203.00 33.00 129.00
254.00 204.00 33.00 129.00
251.00 205.00 33.00 129.00
250.00 206.00 33.00 128.00
246.00 207.00 33.00 127.00
244.00 208.00 32.00 126.00
242.00 208.00 32.00 126.00
239.00 210.00 32.00 126.00
237.00 210.00 32.00 126.00
235.00 210.00 32.00 126.00
233.00 210.00 32.00 125.00
230.00 211.00 32.00 124.00
228.00 211.00 32.00 124.00
