167.00 69.00 24.00 127.00
168.00 70.00 24.00 126.00
169.00 70.00 24.00 126.00
170.00 70.00 24.00 125.00
170.00 71.00 23.00 124.00
171.00 70.00 24.00 125.00
172.00 71.00 24.00 125.00
173.00 71.00 24.00 125.00
174.00 71.00 24.00 126.00
174.00 70.00 24.00 127.00
175.00 71.00 24.00 127.00
176.00 71.00 24.00 127.00
177.00 71.00 24.00 126.00
177.00 72.00 24.00 126.00
178.00 74.00 23.00 124.00
179.00 76.00 24.00 124.00
178.00 78.00 23.00 122.00
177.00 80.00 23.00 122.00
175.00 81.00 23.00 121.00
175.00 82.00 23.00 124.00
176.00 82.00 23.00 123.00
177.00 83.00 23.00 122.00
181.00 84.00 23.00 120.00
181.00 84.00 23.00 120.00
182.00 85.00 22.00 118.00
184.00 85.00 22.00 119.00
186.00 85.00 22.00 119.00
185.00 84.00 22.00 117.00
185.00 83.00 22.00 115.00
185.00 83.00 22.00 114.00
185.00 81.00 21.00 113.00
185.00 74.00 22.00 115.00
186.00 74.00 22.00 115.00
185.00 74.00 22.00 114.00
186.00 75.00 21.00 113.00
186.00 75.00 22.00 115.00
185.00 76.00 22.00 115.00
185.00 76.00 22.00 115.00
186.00 77.00 22.00 115.00
186.00 77.00 22.00 115.00
186.00 77.00 21.00 114.00
187.00 78.00 21.00 113.00
186.00 76.00 22.00 114.00
187.00 77.00 22.00 114.00
187.00 76.00 22.00 115.00
188.00 76.00 22.00 115.00
189.00 77.00 22.00 114.00
190.00 77.00 22.00 115.00
191.00 77.00 22.00 114.00
191.00 79.00 21.00 113.00
192.00 78.00 21.00 112.00
193.00 78.00 21.00 113.00
193.00 78.00 21.00 112.00
195.00 77.00 22.00 114.00
195.00 77.00 22.00 115.00
196.00 77.00 22.00 114.00
195.00 76.00 22.00 114.00
195.00 76.00 22.00 115.00
194.00 76.00 22.00 115.00
193.00 75.00 22.00 115.00
193.00 75.00 22.00 115.00
192.00 77.00 22.00 116.00
187.00 70.00 22.00 114.00
186.00 73.00 22.00 114.00
186.00 76.00 22.00 114.00
187.00 79.00 22.00 115.00
188.00 82.00 22.00 116.00
188.00 82.00 22.00 116.00
186.00 81.00 22.00 116.00
185.00 81.00 22.00 115.00
185.00 81.00 22.00 116.00
183.00 80.00 22.00 116.00
182.00 80.00 22.00 117.00
180.00 80.00 22.00 117.00
180.00 81.00 22.00 118.00
181.00 81.00 22.00 119.00
181.00 81.00 22.00 118.00
181.00 81.00 22.00 118.00
182.00 81.00 22.00 119.00
182.00 81.00 23.00 119.00
184.00 80.00 23.00 119.00
184.00 78.00 22.00 119.00
185.00 77.00 22.00 118.00
184.00 77.00 22.00 118.00
186.00 73.00 22.00 118.00
188.00 69.00 22.00 117.00
188.00 65.00 22.00 117.00
189.00 61.00 22.00 116.00
187.00 73.00 22.00 115.00
188.00 69.00 22.00 114.00
189.00 74.00 21.00 114.00
189.00 68.00 21.00 113.00
190.00 75.00 21.00 112.00
192.00 78.00 21.00 112.00
193.00 71.00 21.00 111.00
193.00 72.00 21.00 111.00
194.00 71.00 21.00 111.00
194.00 71.00 21.00 111.00
194.00 62.00 21.00 111.00
195.00 73.00 21.00 112.00
195.00 84.00 21.00 111.00
195.00 85.00 21.00 112.00
195.00 61.00 21.00 112.00
195.00 60.00 21.00 112.00
194.00 61.00 21.00 112.00
195.00 61.00 21.00 112.00
192.00 74.00 21.00 112.00
193.00 61.00 21.00 112.00
194.00 59.00 21.00 111.00
193.00 57.00 21.00 112.00
194.00 45.00 21.00 113.00
193.00 57.00 21.00 113.00
192.00 59.00 21.00 112.00
192.00 60.00 21.00 113.00
191.00 61.00 21.00 113.00
192.00 61.00 21.00 113.00
192.00 62.00 21.00 114.00
192.00 60.00 22.00 114.00
192.00 60.00 22.00 115.00
193.00 60.00 22.00 116.00
192.00 59.00 22.00 117.00
192.00 59.00 22.00 118.00
192.00 59.00 22.00 119.00
192.00 59.00 22.00 119.00
191.00 64.00 23.00 120.00
190.00 68.00 23.00 120.00
190.00 68.00 23.00 120.00
190.00 69.00 23.00 120.00
190.00 68.00 23.00 120.00
190.00 68.00 23.00 120.00
189.00 68.00 23.00 120.00
189.00 69.00 23.00 120.00
190.00 70.00 23.00 120.00
190.00 70.00 23.00 121.00
191.00 62.00 23.00 120.00
192.00 61.00 23.00 120.00
193.00 58.00 22.00 119.00
195.00 54.00 22.00 118.00
191.00 72.00 22.00 118.00
196.00 59.00 22.00 118.00
196.00 74.00 22.00 117.00
200.00 58.00 22.00 116.00
201.00 58.00 22.00 116.00
201.00 74.00 22.00 115.00
204.00 81.00 22.00 114.00
205.00 58.00 22.00 114.00
182.00 65.00 21.00 113.00
185.00 68.00 21.00 112.00
189.00 70.00 21.00 113.00
191.00 70.00 22.00 114.00
176.00 67.00 22.00 114.00
188.00 71.00 22.00 115.00
192.00 71.00 22.00 117.00
188.00 70.00 22.00 117.00
200.00 67.00 22.00 117.00
192.00 67.00 22.00 118.00
198.00 70.00 22.00 118.00
194.00 70.00 23.00 120.00
195.00 69.00 23.00 121.00
194.00 69.00 23.00 122.00
181.00 68.00 23.00 122.00
180.00 69.00 23.00 122.00
180.00 70.00 23.00 122.00
192.00 70.00 23.00 123.00
191.00 69.00 23.00 123.00
191.00 68.00 23.00 124.00
182.00 67.00 23.00 123.00
186.00 67.00 23.00 121.00
188.00 67.00 23.00 119.00
207.00 73.00 23.00 121.00
208.00 72.00 23.00 124.00
209.00 72.00 24.00 125.00
210.00 72.00 24.00 126.00
210.00 73.00 24.00 128.00
216.00 70.00 24.00 129.00
218.00 70.00 25.00 132.00
218.00 72.00 25.00 134.00
219.00 71.00 26.00 137.00
219.00 70.00 26.00 139.00
220.00 70.00 27.00 140.00
219.00 68.00 27.00 141.00
221.00 68.00 27.00 142.00
222.00 67.00 27.00 142.00
222.00 66.00 27.00 143.00
223.00 65.00 27.00 144.00
223.00 64.00 28.00 146.00
224.00 64.00 27.00 145.00
224.00 63.00 27.00 144.00
225.00 65.00 27.00 144.00
225.00 67.00 27.00 143.00
224.00 69.00 27.00 143.00
224.00 73.00 27.00 144.00
223.00 74.00 27.00 144.00
221.00 75.00 27.00 144.00
221.00 76.00 27.00 145.00
221.00 75.00 27.00 145.00
222.00 74.00 27.00 145.00
222.00 73.00 27.00 145.00
221.00 71.00 27.00 144.00
221.00 71.00 27.00 144.00
221.00 71.00 27.00 144.00
220.00 70.00 27.00 144.00
220.00 69.00 27.00 144.00
218.00 68.00 27.00 143.00
218.00 68.00 27.00 142.00
217.00 68.00 27.00 141.00
214.00 67.00 26.00 140.00
213.00 67.00 26.00 139.00
211.00 67.00 26.00 138.00
210.00 68.00 26.00 137.00
208.00 68.00 26.00 136.00
206.00 69.00 26.00 137.00
204.00 68.00 26.00 137.00
202.00 69.00 26.00 137.00
201.00 69.00 26.00 137.00
199.00 69.00 26.00 138.00
198.00 69.00 26.00 138.00
198.00 68.00 26.00 138.00
197.00 69.00 26.00 138.00
196.00 69.00 26.00 138.00
196.00 69.00 26.00 138.00
195.00 69.00 26.00 137.00
195.00 69.00 26.00 137.00
193.00 69.00 26.00 137.00
193.00 69.00 26.00 136.00
192.00 69.00 26.00 136.00
191.00 69.00 26.00 136.00
191.00 69.00 26.00 137.00
190.00 68.00 26.00 137.00
189.00 68.00 26.00 136.00
189.00 69.00 26.00 135.00
189.00 69.00 26.00 136.00
189.00 68.00 26.00 135.00
189.00 69.00 25.00 135.00
189.00 69.00 25.00 133.00
189.00 69.00 25.00 133.00
190.00 69.00 25.00 133.00
191.00 70.00 25.00 132.00
192.00 70.00 25.00 132.00
195.00 70.00 25.00 132.00
196.00 69.00 25.00 131.00
199.00 70.00 25.00 131.00
200.00 70.00 25.00 132.00
201.00 70.00 25.00 132.00
201.00 70.00 25.00 133.00
201.00 70.00 25.00 134.00
201.00 69.00 25.00 134.00
200.00 69.00 25.00 133.00
200.00 69.00 25.00 133.00
200.00 68.00 25.00 132.00
200.00 68.00 25.00 132.00
199.00 69.00 25.00 132.00
198.00 68.00 25.00 132.00
208.00 68.00 25.00 131.00
210.00 69.00 24.00 129.00
210.00 69.00 24.00 128.00
211.00 69.00 24.00 129.00
211.00 69.00 24.00 129.00
211.00 69.00 24.00 128.00
211.00 70.00 24.00 129.00
209.00 69.00 24.00 129.00
207.00 69.00 24.00 130.00
204.00 68.00 24.00 129.00
204.00 69.00 25.00 130.00
203.00 68.00 24.00 129.00
202.00 69.00 24.00 130.00
201.00 69.00 25.00 130.00
199.00 68.00 25.00 130.00
209.00 68.00 24.00 128.00
210.00 69.00 24.00 128.00
210.00 70.00 24.00 127.00
209.00 70.00 24.00 128.00
205.00 70.00 24.00 128.00
205.00 70.00 24.00 127.00
202.00 70.00 24.00 127.00
201.00 69.00 24.00 128.00
201.00 69.00 24.00 127.00
200.00 69.00 24.00 128.00
200.00 69.00 24.00 128.00
205.00 69.00 24.00 128.00
205.00 69.00 24.00 127.00
206.00 70.00 24.00 126.00
206.00 70.00 24.00 126.00
207.00 70.00 24.00 127.00
207.00 70.00 24.00 127.00
205.00 70.00 24.00 128.00
201.00 69.00 24.00 128.00
201.00 69.00 24.00 129.00
200.00 68.00 24.00 128.00
199.00 67.00 24.00 127.00
200.00 68.00 24.00 128.00
199.00 69.00 24.00 128.00
199.00 69.00 24.00 128.00
198.00 70.00 24.00 128.00
198.00 69.00 24.00 128.00
209.00 70.00 24.00 128.00
210.00 70.00 24.00 127.00
197.00 71.00 24.00 127.00
198.00 71.00 24.00 127.00
213.00 71.00 24.00 127.00
213.00 71.00 24.00 127.00
214.00 71.00 24.00 127.00
214.00 72.00 24.00 126.00
214.00 72.00 24.00 126.00
215.00 72.00 24.00 126.00
210.00 71.00 24.00 127.00
208.00 71.00 24.00 127.00
209.00 71.00 24.00 127.00
210.00 72.00 24.00 127.00
209.00 72.00 24.00 126.00
209.00 72.00 24.00 126.00
208.00 71.00 24.00 125.00
208.00 71.00 24.00 125.00
209.00 71.00 24.00 126.00
209.00 71.00 24.00 126.00
210.00 72.00 24.00 126.00
213.00 72.00 24.00 127.00
215.00 72.00 24.00 127.00
217.00 72.00 24.00 127.00
218.00 72.00 24.00 128.00
221.00 72.00 24.00 128.00
223.00 71.00 24.00 128.00
222.00 69.00 24.00 128.00
224.00 69.00 24.00 128.00
224.00 68.00 24.00 129.00
226.00 67.00 24.00 129.00
225.00 67.00 24.00 129.00
225.00 67.00 24.00 128.00
226.00 67.00 24.00 128.00
226.00 68.00 24.00 127.00
226.00 68.00 24.00 127.00
225.00 68.00 24.00 126.00
225.00 69.00 24.00 126.00
226.00 70.00 24.00 125.00
226.00 69.00 24.00 125.00
225.00 66.00 23.00 123.00
227.00 72.00 23.00 123.00
244.00 73.00 23.00 122.00
243.00 75.00 23.00 121.00
244.00 76.00 23.00 120.00
244.00 77.00 23.00 120.00
246.00 76.00 23.00 120.00
246.00 76.00 23.00 120.00
248.00 79.00 23.00 120.00
236.00 84.00 23.00 121.00
239.00 85.00 23.00 122.00
246.00 87.00 23.00 121.00
244.00 86.00 23.00 121.00
244.00 87.00 23.00 121.00
245.00 86.00 23.00 121.00
245.00 86.00 23.00 121.00
245.00 87.00 23.00 121.00
245.00 88.00 23.00 121.00
246.00 88.00 23.00 121.00
248.00 89.00 23.00 121.00
249.00 89.00 23.00 121.00
249.00 88.00 23.00 121.00
248.00 89.00 23.00 120.00
247.00 89.00 23.00 121.00
244.00 87.00 23.00 121.00
252.00 84.00 22.00 119.00
250.00 82.00 22.00 119.00
248.00 80.00 23.00 119.00
246.00 79.00 22.00 119.00
243.00 77.00 23.00 120.00
239.00 75.00 23.00 120.00
236.00 74.00 23.00 120.00
233.00 73.00 23.00 121.00
230.00 73.00 23.00 121.00
228.00 72.00 23.00 121.00
226.00 73.00 23.00 120.00
224.00 74.00 23.00 119.00
221.00 73.00 23.00 120.00
219.00 73.00 23.00 119.00
218.00 74.00 23.00 119.00
216.00 74.00 22.00 119.00
214.00 74.00 22.00 119.00
201.00 75.00 22.00 119.00
199.00 74.00 22.00 119.00
199.00 75.00 22.00 118.00
198.00 75.00 22.00 118.00
205.00 74.00 22.00 118.00
205.00 75.00 22.00 117.00
203.00 75.00 22.00 117.00
201.00 76.00 22.00 117.00
199.00 77.00 22.00 116.00
195.00 77.00 22.00 116.00
192.00 78.00 22.00 116.00
189.00 79.00 22.00 116.00
187.00 80.00 22.00 117.00
186.00 79.00 22.00 118.00
181.00 80.00 22.00 117.00
181.00 80.00 22.00 117.00
174.00 78.00 22.00 117.00
178.00 65.00 22.00 116.00
172.00 82.00 22.00 116.00
176.00 83.00 22.00 116.00
172.00 79.00 22.00 117.00
171.00 78.00 22.00 117.00
171.00 79.00 22.00 117.00
172.00 80.00 22.00 117.00
173.00 81.00 22.00 118.00
173.00 79.00 22.00 117.00
173.00 79.00 22.00 117.00
173.00 78.00 22.00 117.00
173.00 79.00 22.00 118.00
173.00 79.00 22.00 118.00
174.00 79.00 22.00 118.00
175.00 79.00 22.00 118.00
177.00 79.00 22.00 118.00
177.00 78.00 22.00 119.00
176.00 78.00 22.00 119.00
177.00 79.00 23.00 119.00
177.00 79.00 23.00 120.00
179.00 78.00 23.00 120.00
179.00 78.00 23.00 120.00
179.00 78.00 23.00 121.00
178.00 77.00 23.00 121.00
178.00 77.00 23.00 123.00
179.00 77.00 23.00 124.00
179.00 76.00 24.00 125.00
179.00 75.00 24.00 125.00
178.00 74.00 24.00 126.00
179.00 73.00 24.00 127.00
179.00 73.00 24.00 127.00
180.00 73.00 24.00 127.00
181.00 73.00 24.00 127.00
181.00 72.00 24.00 126.00
182.00 71.00 24.00 127.00
182.00 71.00 24.00 127.00
182.00 70.00 24.00 126.00
183.00 70.00 24.00 127.00
184.00 70.00 24.00 126.00
185.00 70.00 24.00 126.00
186.00 70.00 24.00 126.00
186.00 69.00 24.00 126.00
187.00 70.00 24.00 126.00
187.00 70.00 24.00 126.00
187.00 70.00 24.00 126.00
187.00 69.00 24.00 127.00
187.00 68.00 24.00 127.00
187.00 69.00 24.00 127.00
188.00 69.00 24.00 126.00
188.00 69.00 24.00 126.00
187.00 69.00 24.00 126.00
187.00 69.00 24.00 127.00
188.00 69.00 24.00 127.00
188.00 69.00 24.00 127.00
188.00 69.00 24.00 127.00
188.00 70.00 24.00 127.00
189.00 70.00 24.00 127.00
190.00 69.00 24.00 127.00
191.00 70.00 24.00 127.00
192.00 70.00 24.00 128.00
192.00 69.00 24.00 128.00
193.00 69.00 24.00 128.00
194.00 69.00 24.00 128.00
195.00 69.00 24.00 128.00
196.00 69.00 24.00 127.00
197.00 69.00 24.00 127.00
198.00 69.00 24.00 128.00
199.00 69.00 24.00 128.00
200.00 69.00 24.00 128.00
201.00 69.00 24.00 129.00
202.00 69.00 24.00 129.00
202.00 69.00 24.00 128.00
203.00 69.00 24.00 128.00
203.00 69.00 24.00 128.00
204.00 69.00 24.00 128.00
204.00 69.00 24.00 129.00
205.00 69.00 24.00 129.00
205.00 69.00 24.00 129.00
206.00 69.00 24.00 128.00
207.00 70.00 24.00 128.00
207.00 70.00 24.00 128.00
208.00 70.00 24.00 128.00
208.00 69.00 24.00 127.00
209.00 70.00 24.00 128.00
209.00 70.00 24.00 127.00
210.00 70.00 24.00 128.00
210.00 70.00 24.00 127.00
210.00 70.00 24.00 127.00
210.00 70.00 24.00 128.00
211.00 70.00 24.00 127.00
211.00 70.00 24.00 127.00
211.00 71.00 24.00 127.00
211.00 71.00 24.00 126.00
211.00 71.00 24.00 126.00
212.00 71.00 24.00 126.00
213.00 71.00 24.00 127.00
213.00 71.00 24.00 126.00
214.00 71.00 24.00 126.00
216.00 72.00 24.00 127.00
216.00 72.00 24.00 127.00
216.00 72.00 24.00 126.00
216.00 72.00 24.00 126.00
217.00 73.00 24.00 126.00
216.00 73.00 24.00 126.00
217.00 73.00 24.00 126.00
216.00 74.00 24.00 126.00
216.00 74.00 24.00 126.00
216.00 74.00 24.00 125.00
216.00 75.00 24.00 125.00
215.00 74.00 24.00 125.00
215.00 75.00 24.00 125.00
215.00 74.00 24.00 125.00
214.00 74.00 24.00 125.00
215.00 75.00 24.00 125.00
214.00 74.00 24.00 125.00
214.00 74.00 24.00 125.00
213.00 74.00 24.00 125.00
213.00 74.00 24.00 126.00
213.00 74.00 24.00 126.00
213.00 75.00 24.00 126.00
213.00 75.00 24.00 126.00
214.00 75.00 24.00 126.00
214.00 75.00 24.00 125.00
214.00 75.00 24.00 125.00
214.00 76.00 24.00 125.00
214.00 76.00 24.00 125.00
214.00 76.00 23.00 124.00
214.00 75.00 24.00 124.00
214.00 75.00 23.00 124.00
213.00 74.00 24.00 125.00
214.00 74.00 24.00 125.00
213.00 72.00 24.00 125.00
212.00 72.00 23.00 124.00
211.00 70.00 24.00 125.00
210.00 69.00 24.00 125.00
211.00 70.00 24.00 125.00
212.00 71.00 23.00 124.00
212.00 72.00 23.00 124.00
212.00 72.00 23.00 124.00
213.00 72.00 24.00 125.00
213.00 73.00 23.00 124.00
213.00 72.00 24.00 124.00
212.00 72.00 24.00 124.00
212.00 72.00 24.00 125.00
213.00 73.00 23.00 124.00
212.00 72.00 23.00 124.00
212.00 71.00 24.00 124.00
213.00 71.00 24.00 125.00
213.00 70.00 23.00 124.00
213.00 70.00 23.00 124.00
214.00 69.00 23.00 124.00
214.00 69.00 23.00 124.00
216.00 70.00 23.00 124.00
216.00 70.00 23.00 124.00
215.00 70.00 23.00 124.00
215.00 70.00 24.00 124.00
215.00 70.00 23.00 124.00
215.00 71.00 23.00 124.00
215.00 71.00 23.00 124.00
216.00 71.00 23.00 124.00
216.00 72.00 23.00 123.00
216.00 71.00 23.00 124.00
215.00 70.00 24.00 124.00
214.00 71.00 24.00 125.00
213.00 72.00 24.00 125.00
213.00 72.00 24.00 126.00
213.00 71.00 24.00 126.00
213.00 71.00 24.00 126.00
213.00 71.00 24.00 127.00
212.00 71.00 24.00 128.00
212.00 71.00 24.00 128.00
212.00 72.00 24.00 128.00
212.00 70.00 24.00 128.00
213.00 68.00 24.00 130.00
213.00 69.00 25.00 130.00
213.00 70.00 24.00 129.00
214.00 70.00 24.00 129.00
214.00 70.00 24.00 128.00
215.00 70.00 24.00 129.00
215.00 70.00 24.00 129.00
214.00 69.00 24.00 129.00
215.00 70.00 24.00 129.00
214.00 72.00 24.00 129.00
213.00 72.00 24.00 129.00
213.00 72.00 24.00 129.00
213.00 73.00 24.00 128.00
213.00 73.00 24.00 128.00
213.00 74.00 24.00 127.00
212.00 74.00 24.00 127.00
212.00 75.00 24.00 126.00
211.00 74.00 24.00 126.00
211.00 74.00 24.00 127.00
210.00 72.00 24.00 128.00
210.00 72.00 24.00 128.00
210.00 72.00 24.00 128.00
210.00 73.00 24.00 128.00
209.00 73.00 24.00 127.00
210.00 73.00 24.00 127.00
210.00 73.00 24.00 127.00
210.00 73.00 24.00 127.00
210.00 73.00 24.00 127.00
210.00 72.00 24.00 128.00
210.00 71.00 24.00 127.00
210.00 71.00 24.00 127.00
211.00 72.00 24.00 126.00
211.00 71.00 24.00 125.00
211.00 71.00 24.00 125.00
211.00 71.00 24.00 125.00
213.00 71.00 24.00 125.00
213.00 71.00 24.00 126.00
213.00 71.00 24.00 126.00
213.00 70.00 24.00 127.00
213.00 69.00 24.00 127.00
214.00 69.00 24.00 127.00
214.00 69.00 24.00 127.00
214.00 69.00 24.00 127.00
215.00 70.00 24.00 127.00
214.00 69.00 24.00 127.00
215.00 69.00 24.00 127.00
214.00 69.00 24.00 127.00
214.00 69.00 24.00 127.00
214.00 69.00 24.00 126.00
213.00 69.00 24.00 126.00
213.00 69.00 24.00 126.00
212.00 70.00 24.00 126.00
212.00 70.00 24.00 126.00
211.00 72.00 24.00 126.00
211.00 73.00 24.00 125.00
210.00 74.00 24.00 125.00
210.00 75.00 23.00 124.00
209.00 75.00 23.00 124.00
208.00 75.00 23.00 124.00
206.00 74.00 23.00 124.00
204.00 74.00 23.00 124.00
204.00 74.00 23.00 124.00
203.00 75.00 23.00 124.00
202.00 74.00 23.00 124.00
201.00 73.00 24.00 124.00
200.00 73.00 24.00 125.00
200.00 74.00 24.00 125.00
200.00 74.00 24.00 125.00
199.00 74.00 24.00 126.00
199.00 74.00 24.00 125.00
199.00 74.00 24.00 125.00
199.00 73.00 24.00 126.00
200.00 73.00 24.00 126.00
200.00 73.00 24.00 126.00
200.00 72.00 24.00 127.00
200.00 72.00 24.00 127.00
200.00 72.00 24.00 127.00
201.00 72.00 24.00 126.00
201.00 72.00 24.00 126.00
202.00 72.00 24.00 126.00
202.00 73.00 24.00 125.00
202.00 73.00 24.00 125.00
203.00 73.00 24.00 125.00
204.00 74.00 24.00 125.00
205.00 74.00 24.00 125.00
206.00 74.00 24.00 125.00
207.00 74.00 24.00 124.00
207.00 74.00 24.00 124.00
208.00 74.00 24.00 124.00
209.00 74.00 23.00 124.00
210.00 74.00 24.00 124.00
211.00 74.00 24.00 125.00
212.00 75.00 23.00 124.00
211.00 74.00 24.00 125.00
211.00 74.00 24.00 126.00
211.00 75.00 24.00 126.00
211.00 75.00 24.00 127.00
209.00 75.00 24.00 127.00
208.00 74.00 24.00 127.00
207.00 75.00 24.00 127.00
205.00 74.00 24.00 128.00
204.00 74.00 24.00 129.00
202.00 74.00 25.00 130.00
200.00 74.00 24.00 129.00
198.00 73.00 25.00 130.00
195.00 73.00 24.00 130.00
193.00 73.00 25.00 131.00
186.00 73.00 25.00 130.00
181.00 73.00 24.00 129.00
179.00 74.00 24.00 129.00
178.00 74.00 24.00 129.00
172.00 76.00 25.00 130.00
177.00 78.00 24.00 129.00
174.00 79.00 24.00 129.00
170.00 80.00 25.00 130.00
167.00 79.00 25.00 132.00
167.00 78.00 25.00 132.00
168.00 78.00 25.00 131.00
169.00 76.00 25.00 131.00
172.00 76.00 24.00 130.00
173.00 73.00 24.00 128.00
164.00 63.00 25.00 130.00
160.00 61.00 25.00 131.00
176.00 72.00 24.00 128.00
177.00 70.00 24.00 127.00
180.00 74.00 24.00 126.00
181.00 75.00 24.00 125.00
180.00 74.00 24.00 125.00
181.00 74.00 24.00 125.00
181.00 73.00 24.00 125.00
181.00 72.00 24.00 125.00
182.00 72.00 24.00 125.00
182.00 71.00 24.00 124.00
182.00 72.00 24.00 125.00
184.00 71.00 24.00 125.00
184.00 71.00 24.00 127.00
184.00 70.00 24.00 128.00
185.00 70.00 24.00 128.00
186.00 70.00 24.00 129.00
186.00 69.00 24.00 130.00
188.00 69.00 25.00 130.00
189.00 68.00 25.00 130.00
191.00 68.00 25.00 131.00
193.00 68.00 25.00 131.00
194.00 67.00 25.00 131.00
196.00 68.00 25.00 131.00
197.00 68.00 25.00 131.00
199.00 68.00 25.00 131.00
200.00 68.00 25.00 131.00
201.00 69.00 25.00 130.00
201.00 69.00 25.00 130.00
202.00 69.00 25.00 130.00
203.00 69.00 24.00 129.00
204.00 71.00 24.00 128.00
205.00 71.00 24.00 129.00
205.00 71.00 24.00 129.00
206.00 72.00 24.00 128.00
207.00 71.00 24.00 128.00
208.00 71.00 24.00 128.00
208.00 71.00 24.00 127.00
209.00 73.00 24.00 126.00
207.00 63.00 24.00 126.00
205.00 65.00 24.00 126.00
205.00 65.00 24.00 127.00
206.00 66.00 24.00 128.00
206.00 68.00 24.00 129.00
206.00 68.00 24.00 129.00
206.00 71.00 24.00 129.00
205.00 73.00 24.00 129.00
204.00 75.00 24.00 129.00
205.00 77.00 25.00 130.00
204.00 76.00 25.00 131.00
205.00 76.00 25.00 131.00
205.00 76.00 25.00 132.00
205.00 75.00 25.00 132.00
205.00 75.00 25.00 133.00
206.00 75.00 25.00 133.00
208.00 74.00 25.00 134.00
210.00 75.00 25.00 134.00
208.00 75.00 25.00 133.00
207.00 74.00 25.00 133.00
209.00 75.00 25.00 132.00
209.00 75.00 25.00 132.00
209.00 75.00 25.00 132.00
208.00 75.00 25.00 132.00
208.00 75.00 25.00 132.00
207.00 75.00 25.00 133.00
207.00 75.00 25.00 134.00
207.00 75.00 26.00 135.00
206.00 74.00 26.00 136.00
205.00 74.00 26.00 137.00
205.00 74.00 26.00 137.00
204.00 74.00 26.00 137.00
204.00 75.00 26.00 136.00
204.00 76.00 26.00 136.00
204.00 75.00 26.00 137.00
203.00 76.00 26.00 137.00
201.00 76.00 26.00 136.00
201.00 76.00 26.00 136.00
200.00 76.00 26.00 137.00
