110.00 101.00 30.00 91.00
113.00 102.00 30.00 91.00
115.00 101.00 30.00 91.00
116.00 100.00 29.00 89.00
116.00 100.00 30.00 90.00
118.00 103.00 29.00 89.00
121.00 107.00 29.00 89.00
122.00 107.00 29.00 89.00
123.00 107.00 29.00 88.00
122.00 105.00 29.00 87.00
125.00 105.00 29.00 87.00
127.00 102.00 29.00 88.00
128.00 101.00 29.00 89.00
129.00 102.00 29.00 88.00
131.00 104.00 28.00 86.00
131.00 104.00 28.00 86.00
132.00 103.00 28.00 85.00
132.00 102.00 28.00 84.00
132.00 98.00 28.00 85.00
133.00 99.00 27.00 83.00
134.00 98.00 27.00 82.00
137.00 99.00 27.00 82.00
138.00 99.00 27.00 81.00
143.00 101.00 27.00 81.00
143.00 101.00 27.00 80.00
144.00 100.00 26.00 80.00
145.00 101.00 26.00 78.00
147.00 100.00 26.00 78.00
148.00 99.00 26.00 78.00
150.00 101.00 26.00 79.00
151.00 102.00 26.00 78.00
152.00 101.00 26.00 78.00
152.00 99.00 25.00 76.00
150.00 99.00 25.00 77.00
151.00 98.00 25.00 76.00
153.00 97.00 25.00 75.00
154.00 97.00 24.00 74.00
154.00 98.00 24.00 73.00
152.00 98.00 24.00 72.00
153.00 98.00 24.00 73.00
154.00 99.00 24.00 73.00
157.00 99.00 24.00 72.00
159.00 99.00 24.00 72.00
158.00 100.00 24.00 72.00
158.00 101.00 24.00 72.00
159.00 103.00 24.00 72.00
161.00 103.00 24.00 72.00
164.00 102.00 24.00 72.00
162.00 101.00 24.00 72.00
163.00 99.00 24.00 72.00
165.00 99.00 24.00 72.00
169.00 102.00 23.00 71.00
172.00 104.00 23.00 69.00
174.00 104.00 23.00 68.00
176.00 103.00 22.00 68.00
177.00 102.00 22.00 67.00
177.00 101.00 22.00 66.00
178.00 100.00 22.00 67.00
180.00 100.00 22.00 67.00
180.00 100.00 22.00 68.00
181.00 101.00 22.00 68.00
183.00 101.00 22.00 68.00
182.00 102.00 22.00 68.00
185.00 102.00 22.00 67.00
186.00 102.00 22.00 68.00
186.00 102.00 22.00 67.00
186.00 101.00 22.00 67.00
186.00 101.00 22.00 67.00
185.00 102.00 22.00 67.00
186.00 102.00 22.00 66.00
186.00 101.00 22.00 65.00
187.00 101.00 22.00 65.00
189.00 100.00 22.00 66.00
191.00 101.00 22.00 66.00
191.00 101.00 22.00 67.00
192.00 101.00 22.00 66.00
192.00 100.00 22.00 66.00
194.00 101.00 22.00 65.00
193.00 101.00 22.00 66.00
193.00 101.00 22.00 65.00
192.00 99.00 22.00 66.00
193.00 101.00 22.00 65.00
194.00 102.00 21.00 65.00
196.00 104.00 21.00 64.00
197.00 105.00 21.00 64.00
198.00 105.00 21.00 63.00
199.00 106.00 21.00 64.00
199.00 104.00 21.00 64.00
200.00 104.00 21.00 64.00
199.00 102.00 21.00 64.00
198.00 102.00 21.00 64.00
199.00 102.00 21.00 64.00
200.00 103.00 21.00 63.00
202.00 103.00 21.00 63.00
200.00 103.00 21.00 63.00
201.00 102.00 21.00 64.00
201.00 102.00 21.00 63.00
202.00 102.00 21.00 63.00
202.00 103.00 21.00 63.00
203.00 104.00 21.00 62.00
202.00 103.00 20.00 62.00
202.00 102.00 20.00 62.00
204.00 102.00 20.00 62.00
204.00 101.00 20.00 62.00
205.00 101.00 20.00 62.00
208.00 103.00 20.00 61.00
208.00 103.00 20.00 61.00
209.00 104.00 20.00 61.00
209.00 105.00 20.00 61.00
210.00 104.00 20.00 61.00
209.00 103.00 20.00 61.00
209.00 103.00 20.00 61.00
208.00 103.00 20.00 61.00
208.00 103.00 20.00 60.00
207.00 102.00 20.00 59.00
207.00 101.00 19.00 59.00
206.00 100.00 19.00 59.00
207.00 98.00 19.00 59.00
206.00 97.00 19.00 59.00
207.00 97.00 19.00 59.00
208.00 97.00 19.00 59.00
207.00 98.00 19.00 59.00
208.00 98.00 19.00 58.00
210.00 99.00 19.00 58.00
211.00 99.00 19.00 58.00
213.00 99.00 19.00 58.00
214.00 99.00 19.00 58.00
217.00 100.00 19.00 58.00
