198.00 249.00 95.00 325.00
197.00 247.00 96.00 327.00
196.00 244.00 97.00 332.00
198.00 248.00 96.00 329.00
200.00 249.00 96.00 328.00
199.00 247.00 96.00 330.00
201.00 249.00 96.00 330.00
206.00 251.00 96.00 330.00
209.00 253.00 96.00 329.00
214.00 255.00 95.00 325.00
216.00 252.00 95.00 323.00
222.00 253.00 94.00 323.00
225.00 255.00 94.00 323.00
227.00 259.00 94.00 321.00
228.00 261.00 94.00 323.00
232.00 262.00 95.00 324.00
234.00 258.00 95.00 326.00
240.00 256.00 95.00 326.00
245.00 253.00 96.00 328.00
245.00 248.00 95.00 325.00
244.00 242.00 95.00 325.00
238.00 237.00 95.00 325.00
237.00 233.00 96.00 327.00
234.00 230.00 97.00 332.00
232.00 231.00 98.00 336.00
198.00 221.00 99.00 337.00
201.00 220.00 98.00 337.00
203.00 216.00 99.00 337.00
209.00 217.00 98.00 335.00
214.00 222.00 98.00 334.00
219.00 234.00 97.00 333.00
215.00 239.00 98.00 334.00
214.00 243.00 98.00 334.00
215.00 244.00 97.00 333.00
215.00 247.00 96.00 329.00
217.00 249.00 96.00 330.00
215.00 251.00 96.00 327.00
215.00 249.00 95.00 325.00
214.00 241.00 95.00 326.00
216.00 237.00 96.00 329.00
216.00 232.00 98.00 335.00
217.00 228.00 99.00 340.00
216.00 221.00 100.00 343.00
216.00 212.00 101.00 346.00
220.00 207.00 101.00 346.00
226.00 209.00 101.00 345.00
235.00 208.00 101.00 346.00
236.00 202.00 101.00 345.00
241.00 205.00 100.00 343.00
249.00 213.00 99.00 340.00
251.00 217.00 99.00 339.00
249.00 217.00 97.00 333.00
248.00 214.00 96.00 329.00
252.00 213.00 96.00 328.00
256.00 212.00 95.00 326.00
260.00 214.00 96.00 328.00
257.00 212.00 95.00 326.00
258.00 218.00 95.00 326.00
257.00 220.00 95.00 326.00
240.00 215.00 96.00 327.00
222.00 203.00 95.00 324.00
210.00 186.00 95.00 323.00
205.00 172.00 95.00 325.00
188.00 161.00 96.00 327.00
179.00 158.00 97.00 331.00
178.00 165.00 97.00 333.00
177.00 170.00 97.00 332.00
180.00 174.00 97.00 332.00
186.00 177.00 98.00 334.00
193.00 182.00 97.00 333.00
197.00 185.00 97.00 333.00
206.00 186.00 97.00 331.00
214.00 184.00 96.00 329.00
220.00 190.00 96.00 328.00
223.00 209.00 95.00 326.00
228.00 220.00 95.00 324.00
227.00 222.00 94.00 321.00
228.00 220.00 94.00 321.00
229.00 214.00 94.00 322.00
225.00 202.00 94.00 321.00
223.00 195.00 93.00 318.00
226.00 190.00 93.00 317.00
226.00 185.00 91.00 312.00
231.00 182.00 90.00 309.00
233.00 183.00 90.00 307.00
242.00 190.00 89.00 305.00
249.00 201.00 88.00 300.00
260.00 210.00 87.00 297.00
274.00 218.00 86.00 294.00
286.00 222.00 86.00 293.00
307.00 225.00 85.00 292.00
325.00 223.00 85.00 292.00
341.00 224.00 86.00 293.00
355.00 224.00 86.00 294.00
367.00 218.00 86.00 293.00
374.00 213.00 86.00 295.00
372.00 204.00 87.00 297.00
369.00 192.00 88.00 300.00
373.00 185.00 88.00 302.00
376.00 178.00 89.00 303.00
383.00 178.00 89.00 304.00
389.00 178.00 89.00 304.00
389.00 174.00 89.00 304.00
392.00 170.00 89.00 304.00
398.00 176.00 89.00 304.00
405.00 182.00 89.00 305.00
408.00 189.00 89.00 305.00
412.00 197.00 89.00 305.00
413.00 202.00 89.00 305.00
416.00 208.00 89.00 305.00
414.00 212.00 90.00 307.00
403.00 213.00 90.00 307.00
402.00 212.00 91.00 311.00
386.00 217.00 91.00 312.00
382.00 222.00 92.00 315.00
379.00 220.00 93.00 318.00
374.00 206.00 94.00 321.00
372.00 192.00 94.00 323.00
369.00 186.00 95.00 326.00
368.00 188.00 96.00 330.00
362.00 196.00 97.00 330.00
356.00 206.00 97.00 333.00
351.00 215.00 98.00 334.00
346.00 221.00 98.00 334.00
340.00 225.00 97.00 333.00
335.00 233.00 96.00 329.00
332.00 242.00 96.00 327.00
327.00 246.00 95.00 326.00
327.00 255.00 95.00 325.00
323.00 262.00 95.00 324.00
322.00 267.00 94.00 323.00
321.00 269.00 94.00 323.00
321.00 264.00 95.00 324.00
322.00 260.00 94.00 323.00
320.00 259.00 94.00 321.00
316.00 254.00 93.00 320.00
318.00 249.00 93.00 317.00
316.00 243.00 92.00 316.00
311.00 233.00 92.00 313.00
308.00 226.00 91.00 312.00
307.00 220.00 91.00 312.00
306.00 215.00 91.00 311.00
307.00 210.00 91.00 310.00
312.00 211.00 91.00 312.00
315.00 216.00 91.00 311.00
315.00 221.00 91.00 311.00
318.00 228.00 91.00 310.00
322.00 233.00 90.00 309.00
327.00 236.00 90.00 309.00
329.00 239.00 90.00 308.00
331.00 241.00 90.00 306.00
334.00 246.00 89.00 305.00
334.00 246.00 89.00 303.00
337.00 248.00 88.00 301.00
338.00 248.00 87.00 299.00
332.00 242.00 87.00 296.00
317.00 240.00 86.00 293.00
313.00 234.00 84.00 288.00
306.00 225.00 83.00 284.00
308.00 222.00 82.00 281.00
309.00 218.00 81.00 278.00
310.00 220.00 80.00 274.00
309.00 220.00 80.00 273.00
307.00 218.00 80.00 273.00
306.00 215.00 80.00 273.00
304.00 214.00 79.00 271.00
303.00 217.00 78.00 268.00
304.00 222.00 77.00 265.00
305.00 231.00 76.00 261.00
306.00 239.00 76.00 259.00
307.00 246.00 75.00 258.00
310.00 250.00 75.00 256.00
311.00 254.00 75.00 256.00
312.00 258.00 75.00 256.00
313.00 262.00 74.00 253.00
315.00 266.00 73.00 250.00
318.00 265.00 72.00 248.00
321.00 265.00 71.00 243.00
326.00 266.00 70.00 240.00
328.00 265.00 69.00 238.00
331.00 261.00 69.00 237.00
331.00 254.00 69.00 236.00
333.00 248.00 69.00 236.00
335.00 243.00 69.00 236.00
338.00 242.00 69.00 236.00
341.00 241.00 69.00 236.00
343.00 238.00 69.00 236.00
345.00 235.00 69.00 237.00
346.00 237.00 69.00 235.00
350.00 242.00 68.00 234.00
353.00 249.00 69.00 235.00
353.00 254.00 68.00 234.00
352.00 259.00 68.00 233.00
347.00 261.00 67.00 231.00
344.00 263.00 67.00 228.00
342.00 266.00 66.00 226.00
339.00 269.00 66.00 226.00
336.00 273.00 66.00 226.00
332.00 274.00 66.00 225.00
329.00 276.00 66.00 224.00
325.00 277.00 66.00 224.00
320.00 275.00 64.00 221.00
315.00 270.00 63.00 216.00
313.00 263.00 62.00 214.00
313.00 258.00 62.00 212.00
314.00 254.00 62.00 211.00
313.00 252.00 62.00 212.00
313.00 251.00 62.00 212.00
315.00 250.00 62.00 211.00
320.00 250.00 61.00 209.00
323.00 249.00 61.00 209.00
329.00 250.00 61.00 209.00
334.00 255.00 61.00 208.00
337.00 259.00 61.00 208.00
339.00 259.00 61.00 208.00
342.00 263.00 61.00 208.00
344.00 267.00 61.00 207.00
349.00 272.00 61.00 207.00
350.00 278.00 61.00 207.00
351.00 281.00 61.00 208.00
351.00 279.00 61.00 208.00
352.00 279.00 61.00 208.00
356.00 280.00 60.00 207.00
358.00 279.00 60.00 206.00
358.00 274.00 60.00 204.00
358.00 267.00 59.00 202.00
359.00 259.00 59.00 202.00
362.00 255.00 59.00 203.00
366.00 254.00 59.00 203.00
367.00 251.00 59.00 203.00
368.00 245.00 59.00 203.00
371.00 239.00 59.00 203.00
374.00 235.00 59.00 203.00
377.00 237.00 59.00 202.00
381.00 243.00 59.00 201.00
383.00 245.00 59.00 200.00
382.00 246.00 59.00 200.00
381.00 246.00 58.00 199.00
379.00 247.00 58.00 199.00
379.00 254.00 58.00 199.00
375.00 261.00 58.00 200.00
373.00 264.00 59.00 201.00
370.00 265.00 59.00 203.00
364.00 262.00 59.00 203.00
359.00 259.00 59.00 203.00
352.00 257.00 60.00 204.00
346.00 255.00 59.00 203.00
341.00 253.00 60.00 204.00
337.00 249.00 60.00 204.00
333.00 243.00 60.00 205.00
330.00 238.00 60.00 205.00
327.00 232.00 60.00 205.00
327.00 232.00 60.00 205.00
329.00 236.00 60.00 204.00
330.00 237.00 60.00 205.00
326.00 232.00 60.00 206.00
327.00 226.00 60.00 206.00
333.00 223.00 60.00 206.00
338.00 224.00 60.00 206.00
343.00 229.00 60.00 207.00
348.00 235.00 60.00 207.00
352.00 241.00 60.00 206.00
359.00 248.00 60.00 206.00
364.00 251.00 60.00 207.00
369.00 254.00 60.00 207.00
375.00 258.00 60.00 207.00
381.00 262.00 61.00 207.00
385.00 265.00 60.00 206.00
391.00 269.00 61.00 208.00
394.00 271.00 61.00 210.00
396.00 272.00 62.00 211.00
394.00 269.00 62.00 211.00
394.00 267.00 62.00 212.00
394.00 263.00 62.00 211.00
395.00 262.00 61.00 210.00
395.00 261.00 61.00 208.00
393.00 261.00 60.00 206.00
392.00 261.00 60.00 204.00
392.00 261.00 60.00 204.00
391.00 261.00 60.00 204.00
389.00 261.00 60.00 204.00
387.00 260.00 60.00 204.00
384.00 258.00 60.00 204.00
378.00 257.00 60.00 206.00
370.00 254.00 61.00 208.00
365.00 254.00 61.00 209.00
357.00 251.00 61.00 209.00
350.00 250.00 61.00 209.00
343.00 249.00 61.00 210.00
335.00 249.00 62.00 212.00
326.00 248.00 62.00 213.00
315.00 245.00 62.00 213.00
308.00 246.00 63.00 215.00
299.00 246.00 63.00 214.00
290.00 246.00 63.00 214.00
282.00 247.00 63.00 214.00
274.00 247.00 63.00 215.00
265.00 249.00 63.00 216.00
256.00 250.00 63.00 216.00
249.00 252.00 63.00 217.00
241.00 253.00 64.00 218.00
233.00 255.00 64.00 220.00
227.00 260.00 65.00 221.00
218.00 262.00 65.00 222.00
208.00 256.00 65.00 223.00
202.00 250.00 66.00 225.00
198.00 248.00 66.00 225.00
193.00 247.00 66.00 226.00
187.00 244.00 66.00 227.00
184.00 243.00 67.00 228.00
181.00 239.00 67.00 228.00
181.00 238.00 67.00 229.00
181.00 236.00 67.00 229.00
184.00 236.00 67.00 229.00
186.00 235.00 67.00 229.00
191.00 237.00 67.00 229.00
199.00 241.00 67.00 230.00
208.00 245.00 67.00 230.00
215.00 248.00 67.00 231.00
225.00 252.00 67.00 230.00
236.00 256.00 67.00 230.00
245.00 259.00 67.00 231.00
254.00 258.00 67.00 230.00
262.00 258.00 67.00 230.00
268.00 259.00 67.00 230.00
275.00 262.00 67.00 229.00
279.00 267.00 67.00 229.00
283.00 271.00 67.00 229.00
285.00 270.00 67.00 230.00
286.00 267.00 67.00 231.00
285.00 261.00 68.00 231.00
288.00 259.00 67.00 230.00
290.00 258.00 67.00 228.00
292.00 258.00 67.00 228.00
291.00 258.00 67.00 228.00
291.00 258.00 67.00 228.00
292.00 258.00 66.00 227.00
290.00 256.00 66.00 226.00
289.00 254.00 66.00 225.00
283.00 249.00 65.00 222.00
279.00 245.00 65.00 222.00
276.00 243.00 64.00 220.00
272.00 243.00 64.00 220.00
270.00 248.00 64.00 219.00
272.00 260.00 64.00 221.00
273.00 271.00 65.00 222.00
272.00 274.00 65.00 223.00
275.00 277.00 65.00 223.00
279.00 278.00 65.00 223.00
283.00 278.00 65.00 224.00
288.00 278.00 65.00 224.00
294.00 275.00 65.00 224.00
300.00 271.00 65.00 223.00
309.00 268.00 65.00 223.00
317.00 265.00 65.00 223.00
326.00 266.00 66.00 224.00
337.00 271.00 66.00 224.00
345.00 273.00 65.00 224.00
352.00 272.00 65.00 223.00
361.00 272.00 65.00 223.00
366.00 270.00 65.00 223.00
370.00 265.00 65.00 223.00
372.00 259.00 65.00 223.00
375.00 254.00 65.00 223.00
376.00 251.00 65.00 223.00
380.00 249.00 65.00 223.00
380.00 244.00 65.00 223.00
378.00 237.00 65.00 222.00
375.00 232.00 65.00 223.00
370.00 226.00 65.00 222.00
364.00 220.00 65.00 221.00
359.00 218.00 65.00 221.00
353.00 218.00 64.00 220.00
344.00 222.00 64.00 220.00
338.00 232.00 64.00 219.00
329.00 241.00 64.00 219.00
319.00 246.00 64.00 219.00
307.00 249.00 64.00 218.00
294.00 250.00 63.00 216.00
282.00 252.00 63.00 215.00
269.00 253.00 63.00 217.00
255.00 252.00 63.00 216.00
243.00 250.00 63.00 217.00
233.00 247.00 63.00 217.00
223.00 243.00 64.00 219.00
214.00 236.00 64.00 220.00
207.00 231.00 64.00 220.00
201.00 231.00 64.00 220.00
195.00 233.00 64.00 220.00
192.00 235.00 64.00 219.00
188.00 236.00 64.00 220.00
183.00 237.00 64.00 220.00
178.00 238.00 64.00 219.00
174.00 239.00 64.00 219.00
170.00 240.00 64.00 220.00
169.00 243.00 64.00 218.00
168.00 245.00 63.00 216.00
169.00 247.00 63.00 216.00
174.00 254.00 63.00 215.00
180.00 261.00 63.00 216.00
184.00 268.00 63.00 215.00
183.00 270.00 63.00 215.00
182.00 270.00 63.00 215.00
182.00 267.00 63.00 215.00
181.00 260.00 63.00 214.00
182.00 253.00 62.00 213.00
186.00 249.00 63.00 214.00
187.00 247.00 62.00 213.00
192.00 243.00 63.00 215.00
195.00 235.00 63.00 216.00
193.00 224.00 63.00 215.00
195.00 214.00 63.00 216.00
198.00 209.00 63.00 216.00
201.00 209.00 64.00 218.00
204.00 213.00 63.00 217.00
204.00 219.00 64.00 218.00
203.00 224.00 64.00 218.00
203.00 227.00 64.00 219.00
201.00 228.00 64.00 219.00
201.00 229.00 64.00 221.00
201.00 231.00 65.00 222.00
200.00 233.00 65.00 224.00
197.00 234.00 65.00 224.00
195.00 235.00 65.00 224.00
191.00 235.00 65.00 223.00
190.00 234.00 66.00 225.00
186.00 233.00 66.00 226.00
180.00 227.00 66.00 226.00
175.00 219.00 66.00 227.00
174.00 212.00 67.00 228.00
173.00 209.00 68.00 231.00
172.00 208.00 68.00 232.00
171.00 204.00 68.00 232.00
170.00 197.00 68.00 233.00
170.00 192.00 68.00 233.00
170.00 193.00 68.00 233.00
170.00 199.00 68.00 233.00
171.00 207.00 68.00 232.00
172.00 213.00 68.00 233.00
172.00 217.00 68.00 231.00
172.00 220.00 67.00 231.00
173.00 224.00 68.00 232.00
174.00 228.00 68.00 231.00
174.00 232.00 68.00 232.00
174.00 235.00 68.00 233.00
174.00 237.00 68.00 233.00
171.00 238.00 68.00 233.00
171.00 236.00 68.00 234.00
171.00 235.00 68.00 234.00
171.00 232.00 69.00 234.00
170.00 229.00 68.00 234.00
170.00 228.00 68.00 233.00
167.00 221.00 68.00 232.00
166.00 215.00 68.00 232.00
168.00 209.00 68.00 232.00
166.00 200.00 68.00 232.00
165.00 189.00 68.00 232.00
165.00 180.00 68.00 232.00
164.00 175.00 68.00 233.00
164.00 177.00 68.00 233.00
166.00 184.00 68.00 232.00
167.00 191.00 67.00 230.00
169.00 197.00 67.00 231.00
167.00 201.00 68.00 231.00
167.00 204.00 68.00 232.00
166.00 210.00 68.00 231.00
165.00 215.00 68.00 232.00
162.00 220.00 68.00 233.00
156.00 223.00 68.00 233.00
152.00 225.00 68.00 233.00
148.00 224.00 68.00 234.00
147.00 222.00 69.00 236.00
142.00 217.00 70.00 238.00
140.00 213.00 70.00 241.00
138.00 213.00 71.00 243.00
137.00 215.00 72.00 245.00
134.00 216.00 72.00 248.00
130.00 217.00 73.00 250.00
128.00 218.00 74.00 253.00
125.00 218.00 75.00 255.00
124.00 214.00 76.00 259.00
124.00 215.00 77.00 262.00
127.00 220.00 77.00 263.00
128.00 223.00 77.00 264.00
126.00 223.00 77.00 263.00
126.00 223.00 77.00 262.00
127.00 222.00 76.00 261.00
128.00 221.00 76.00 261.00
130.00 224.00 76.00 260.00
133.00 227.00 76.00 260.00
135.00 229.00 76.00 259.00
136.00 229.00 75.00 258.00
137.00 230.00 75.00 258.00
136.00 229.00 75.00 257.00
136.00 229.00 75.00 257.00
137.00 231.00 75.00 256.00
139.00 233.00 75.00 256.00
141.00 233.00 75.00 256.00
141.00 234.00 75.00 256.00
144.00 236.00 74.00 255.00
147.00 237.00 74.00 253.00
148.00 235.00 74.00 253.00
151.00 237.00 74.00 252.00
153.00 237.00 74.00 252.00
154.00 236.00 74.00 252.00
155.00 237.00 73.00 251.00
157.00 237.00 73.00 251.00
160.00 238.00 73.00 251.00
161.00 238.00 73.00 251.00
163.00 238.00 73.00 251.00
163.00 238.00 73.00 251.00
164.00 239.00 73.00 250.00
165.00 241.00 73.00 249.00
166.00 242.00 73.00 249.00
167.00 244.00 73.00 248.00
169.00 245.00 73.00 248.00
171.00 247.00 72.00 248.00
174.00 247.00 72.00 246.00
176.00 246.00 72.00 245.00
178.00 246.00 71.00 244.00
179.00 245.00 71.00 243.00
182.00 245.00 71.00 243.00
185.00 243.00 71.00 243.00
188.00 243.00 71.00 243.00
191.00 243.00 71.00 243.00
196.00 244.00 71.00 243.00
200.00 245.00 71.00 243.00
204.00 244.00 71.00 242.00
207.00 242.00 71.00 241.00
211.00 241.00 70.00 241.00
214.00 241.00 70.00 241.00
216.00 239.00 70.00 240.00
218.00 238.00 70.00 239.00
220.00 237.00 70.00 239.00
220.00 236.00 70.00 240.00
220.00 235.00 70.00 240.00
219.00 234.00 70.00 240.00
218.00 233.00 70.00 240.00
216.00 232.00 70.00 240.00
214.00 231.00 70.00 240.00
211.00 230.00 70.00 240.00
208.00 231.00 70.00 240.00
203.00 231.00 70.00 239.00
200.00 232.00 70.00 239.00
196.00 232.00 70.00 239.00
191.00 232.00 70.00 238.00
186.00 232.00 69.00 237.00
182.00 235.00 68.00 233.00
178.00 236.00 68.00 231.00
173.00 236.00 67.00 228.00
169.00 236.00 67.00 228.00
164.00 236.00 66.00 227.00
157.00 235.00 66.00 226.00
152.00 237.00 66.00 226.00
144.00 237.00 65.00 224.00
138.00 238.00 65.00 222.00
130.00 239.00 65.00 221.00
124.00 240.00 65.00 221.00
120.00 241.00 64.00 221.00
116.00 242.00 64.00 220.00
111.00 243.00 64.00 219.00
111.00 244.00 64.00 219.00
107.00 244.00 64.00 218.00
105.00 244.00 63.00 217.00
105.00 244.00 63.00 217.00
105.00 245.00 63.00 216.00
104.00 245.00 63.00 215.00
104.00 244.00 63.00 216.00
104.00 244.00 63.00 215.00
103.00 243.00 63.00 216.00
102.00 242.00 63.00 215.00
102.00 242.00 63.00 215.00
102.00 243.00 63.00 215.00
102.00 242.00 63.00 215.00
103.00 244.00 63.00 214.00
105.00 247.00 62.00 213.00
108.00 249.00 63.00 214.00
109.00 248.00 62.00 214.00
113.00 248.00 63.00 214.00
116.00 249.00 62.00 213.00
118.00 248.00 63.00 214.00
119.00 246.00 63.00 214.00
119.00 244.00 62.00 213.00
121.00 244.00 62.00 213.00
122.00 243.00 63.00 215.00
121.00 244.00 63.00 214.00
120.00 244.00 62.00 214.00
119.00 243.00 63.00 214.00
115.00 243.00 62.00 214.00
112.00 242.00 63.00 214.00
108.00 242.00 62.00 213.00
105.00 241.00 62.00 212.00
105.00 242.00 62.00 212.00
103.00 243.00 62.00 211.00
99.00 240.00 62.00 210.00
95.00 237.00 61.00 210.00
94.00 235.00 61.00 209.00
93.00 233.00 61.00 208.00
95.00 234.00 61.00 207.00
94.00 236.00 60.00 207.00
94.00 237.00 60.00 206.00
95.00 238.00 60.00 206.00
97.00 240.00 60.00 205.00
98.00 242.00 60.00 205.00
102.00 246.00 60.00 204.00
104.00 249.00 60.00 205.00
107.00 252.00 60.00 205.00
111.00 257.00 60.00 206.00
113.00 260.00 61.00 208.00
114.00 260.00 61.00 208.00
115.00 257.00 61.00 209.00
115.00 256.00 61.00 209.00
116.00 257.00 61.00 209.00
118.00 261.00 61.00 210.00
120.00 265.00 62.00 212.00
120.00 268.00 63.00 214.00
118.00 268.00 63.00 216.00
118.00 265.00 63.00 217.00
115.00 260.00 64.00 218.00
113.00 255.00 63.00 217.00
110.00 249.00 63.00 215.00
112.00 246.00 63.00 215.00
113.00 243.00 63.00 216.00
115.00 241.00 63.00 216.00
111.00 239.00 63.00 215.00
107.00 239.00 63.00 214.00
103.00 236.00 62.00 212.00
102.00 232.00 62.00 211.00
98.00 226.00 61.00 208.00
100.00 223.00 60.00 205.00
97.00 221.00 59.00 203.00
95.00 223.00 59.00 202.00
93.00 227.00 58.00 199.00
88.00 231.00 58.00 199.00
83.00 235.00 58.00 200.00
79.00 237.00 59.00 201.00
75.00 240.00 59.00 202.00
73.00 243.00 59.00 203.00
69.00 243.00 60.00 205.00
64.00 240.00 60.00 206.00
61.00 240.00 61.00 208.00
61.00 244.00 61.00 208.00
62.00 249.00 61.00 208.00
64.00 254.00 61.00 209.00
63.00 258.00 62.00 210.00
60.00 258.00 62.00 211.00
60.00 256.00 61.00 209.00
60.00 255.00 61.00 209.00
62.00 252.00 61.00 209.00
65.00 252.00 61.00 210.00
69.00 253.00 62.00 211.00
72.00 251.00 62.00 212.00
75.00 247.00 62.00 212.00
76.00 242.00 62.00 213.00
78.00 238.00 62.00 212.00
83.00 236.00 62.00 211.00
88.00 238.00 62.00 212.00
92.00 243.00 62.00 212.00
97.00 249.00 62.00 213.00
97.00 251.00 62.00 212.00
97.00 249.00 62.00 213.00
98.00 245.00 62.00 213.00
99.00 242.00 62.00 214.00
98.00 240.00 63.00 214.00
99.00 241.00 63.00 215.00
101.00 243.00 63.00 214.00
103.00 247.00 63.00 215.00
105.00 249.00 63.00 215.00
107.00 250.00 63.00 215.00
106.00 246.00 63.00 216.00
106.00 242.00 63.00 217.00
105.00 238.00 64.00 217.00
107.00 240.00 64.00 220.00
105.00 240.00 65.00 221.00
103.00 239.00 65.00 222.00
100.00 236.00 65.00 223.00
98.00 233.00 65.00 223.00
95.00 231.00 65.00 223.00
90.00 229.00 65.00 224.00
86.00 229.00 66.00 224.00
82.00 231.00 66.00 225.00
74.00 231.00 66.00 225.00
68.00 235.00 66.00 226.00
63.00 242.00 66.00 227.00
58.00 250.00 67.00 228.00
53.00 255.00 67.00 230.00
48.00 258.00 68.00 232.00
44.00 259.00 68.00 234.00
43.00 263.00 69.00 236.00
41.00 266.00 70.00 238.00
41.00 266.00 70.00 240.00
41.00 264.00 71.00 242.00
43.00 260.00 71.00 242.00
46.00 255.00 71.00 242.00
55.00 253.00 71.00 243.00
65.00 253.00 70.00 241.00
74.00 255.00 70.00 240.00
83.00 255.00 70.00 240.00
89.00 251.00 70.00 240.00
92.00 246.00 70.00 241.00
99.00 242.00 71.00 243.00
105.00 240.00 71.00 244.00
111.00 237.00 71.00 244.00
117.00 234.00 71.00 244.00
124.00 234.00 71.00 243.00
130.00 234.00 71.00 242.00
136.00 237.00 71.00 241.00
140.00 238.00 71.00 242.00
144.00 238.00 71.00 242.00
147.00 239.00 71.00 242.00
151.00 242.00 71.00 242.00
153.00 242.00 71.00 243.00
155.00 242.00 71.00 244.00
157.00 241.00 71.00 244.00
158.00 242.00 72.00 245.00
161.00 245.00 72.00 245.00
164.00 245.00 72.00 245.00
167.00 247.00 72.00 245.00
171.00 248.00 72.00 245.00
174.00 248.00 72.00 246.00
177.00 248.00 72.00 246.00
181.00 248.00 72.00 246.00
184.00 248.00 72.00 246.00
186.00 249.00 72.00 246.00
188.00 248.00 72.00 247.00
191.00 249.00 72.00 248.00
190.00 247.00 72.00 248.00
189.00 245.00 73.00 248.00
188.00 244.00 73.00 248.00
187.00 243.00 73.00 249.00
186.00 241.00 73.00 250.00
185.00 238.00 73.00 250.00
186.00 236.00 74.00 252.00
186.00 234.00 75.00 255.00
187.00 234.00 75.00 255.00
188.00 233.00 75.00 256.00
189.00 232.00 76.00 259.00
190.00 231.00 76.00 260.00
191.00 233.00 76.00 261.00
190.00 233.00 76.00 261.00
189.00 233.00 77.00 262.00
189.00 236.00 77.00 262.00
189.00 237.00 77.00 262.00
187.00 236.00 77.00 263.00
185.00 235.00 77.00 263.00
184.00 234.00 77.00 264.00
184.00 235.00 78.00 266.00
184.00 234.00 78.00 267.00
184.00 234.00 79.00 269.00
185.00 234.00 79.00 270.00
185.00 233.00 79.00 270.00
186.00 234.00 79.00 271.00
188.00 236.00 80.00 272.00
188.00 236.00 80.00 273.00
190.00 237.00 80.00 275.00
190.00 237.00 81.00 276.00
190.00 236.00 81.00 277.00
192.00 236.00 82.00 279.00
191.00 235.00 82.00 280.00
193.00 235.00 83.00 282.00
194.00 235.00 83.00 284.00
195.00 235.00 84.00 286.00
196.00 234.00 84.00 287.00
197.00 234.00 84.00 288.00
197.00 234.00 84.00 287.00
198.00 232.00 84.00 287.00
200.00 232.00 84.00 288.00
199.00 231.00 84.00 288.00
199.00 231.00 84.00 288.00
198.00 230.00 84.00 288.00
196.00 229.00 84.00 288.00
192.00 227.00 85.00 289.00
191.00 228.00 85.00 291.00
188.00 228.00 85.00 291.00
184.00 226.00 85.00 292.00
184.00 224.00 86.00 294.00
181.00 219.00 86.00 293.00
181.00 217.00 86.00 294.00
182.00 219.00 86.00 294.00
186.00 225.00 85.00 292.00
190.00 230.00 85.00 291.00
194.00 235.00 85.00 289.00
198.00 239.00 84.00 287.00
203.00 244.00 84.00 287.00
207.00 248.00 84.00 286.00
211.00 247.00 84.00 286.00
214.00 244.00 84.00 286.00
218.00 239.00 84.00 286.00
221.00 234.00 84.00 287.00
226.00 231.00 84.00 288.00
226.00 223.00 85.00 289.00
226.00 215.00 85.00 290.00
225.00 208.00 85.00 290.00
224.00 203.00 85.00 291.00
223.00 197.00 85.00 290.00
221.00 192.00 85.00 292.00
219.00 189.00 85.00 291.00
218.00 189.00 85.00 291.00
219.00 191.00 85.00 291.00
218.00 193.00 85.00 291.00
219.00 200.00 85.00 292.00
221.00 212.00 85.00 291.00
220.00 222.00 85.00 292.00
218.00 229.00 85.00 292.00
215.00 235.00 85.00 292.00
212.00 238.00 85.00 292.00
205.00 236.00 85.00 292.00
199.00 234.00 85.00 292.00
194.00 232.00 85.00 291.00
187.00 226.00 84.00 289.00
182.00 222.00 84.00 288.00
181.00 218.00 84.00 288.00
178.00 212.00 84.00 286.00
174.00 206.00 83.00 285.00
172.00 205.00 83.00 284.00
176.00 206.00 83.00 283.00
178.00 203.00 82.00 281.00
180.00 198.00 82.00 280.00
182.00 195.00 82.00 281.00
183.00 195.00 82.00 280.00
186.00 198.00 82.00 280.00
188.00 203.00 82.00 281.00
187.00 205.00 82.00 280.00
188.00 207.00 82.00 282.00
188.00 209.00 82.00 281.00
191.00 213.00 82.00 280.00
196.00 215.00 82.00 281.00
199.00 219.00 82.00 282.00
203.00 223.00 83.00 282.00
204.00 223.00 83.00 285.00
204.00 223.00 83.00 285.00
207.00 224.00 83.00 285.00
209.00 225.00 83.00 285.00
209.00 224.00 83.00 285.00
208.00 224.00 83.00 283.00
209.00 222.00 83.00 283.00
212.00 219.00 83.00 283.00
213.00 211.00 82.00 281.00
216.00 202.00 82.00 281.00
222.00 197.00 82.00 280.00
226.00 195.00 82.00 281.00
231.00 197.00 82.00 280.00
236.00 200.00 82.00 280.00
241.00 202.00 82.00 280.00
244.00 204.00 82.00 280.00
246.00 206.00 82.00 281.00
246.00 209.00 82.00 281.00
246.00 215.00 82.00 281.00
246.00 221.00 82.00 280.00
244.00 225.00 82.00 282.00
242.00 229.00 82.00 282.00
238.00 231.00 83.00 282.00
235.00 232.00 83.00 283.00
231.00 233.00 82.00 282.00
230.00 234.00 82.00 281.00
228.00 231.00 82.00 280.00
227.00 230.00 82.00 280.00
229.00 231.00 82.00 279.00
229.00 231.00 82.00 279.00
230.00 232.00 81.00 279.00
232.00 232.00 81.00 278.00
231.00 229.00 81.00 279.00
230.00 227.00 82.00 279.00
229.00 228.00 82.00 280.00
229.00 230.00 82.00 280.00
228.00 230.00 82.00 280.00
226.00 231.00 82.00 281.00
224.00 230.00 82.00 282.00
222.00 230.00 82.00 282.00
221.00 231.00 82.00 282.00
218.00 229.00 82.00 281.00
216.00 228.00 82.00 281.00
212.00 225.00 82.00 282.00
210.00 224.00 83.00 283.00
204.00 223.00 83.00 283.00
201.00 222.00 82.00 282.00
199.00 222.00 83.00 284.00
196.00 222.00 83.00 285.00
193.00 222.00 84.00 286.00
189.00 219.00 84.00 287.00
187.00 219.00 84.00 287.00
185.00 220.00 84.00 287.00
183.00 219.00 84.00 287.00
183.00 219.00 84.00 287.00
181.00 219.00 84.00 286.00
179.00 217.00 83.00 285.00
178.00 215.00 83.00 284.00
177.00 215.00 83.00 284.00
176.00 214.00 83.00 284.00
174.00 214.00 83.00 284.00
174.00 214.00 83.00 284.00
174.00 215.00 83.00 284.00
173.00 216.00 83.00 284.00
173.00 218.00 83.00 285.00
172.00 218.00 83.00 284.00
171.00 219.00 83.00 283.00
171.00 219.00 83.00 284.00
170.00 219.00 83.00 284.00
170.00 219.00 83.00 284.00
169.00 219.00 83.00 284.00
169.00 220.00 83.00 284.00
168.00 219.00 83.00 284.00
168.00 219.00 83.00 284.00
170.00 220.00 83.00 284.00
170.00 221.00 83.00 285.00
171.00 221.00 83.00 284.00
172.00 220.00 83.00 284.00
171.00 218.00 83.00 284.00
171.00 218.00 83.00 285.00
170.00 220.00 83.00 285.00
170.00 224.00 83.00 285.00
170.00 226.00 83.00 283.00
170.00 226.00 83.00 284.00
169.00 227.00 83.00 284.00
170.00 227.00 83.00 284.00
171.00 226.00 83.00 285.00
170.00 224.00 83.00 285.00
170.00 225.00 83.00 285.00
170.00 226.00 83.00 286.00
170.00 227.00 84.00 287.00
169.00 225.00 84.00 289.00
167.00 222.00 84.00 289.00
167.00 224.00 84.00 288.00
168.00 226.00 85.00 289.00
167.00 226.00 85.00 289.00
167.00 226.00 85.00 290.00
167.00 224.00 85.00 292.00
167.00 223.00 85.00 292.00
166.00 222.00 86.00 293.00
166.00 221.00 86.00 294.00
165.00 221.00 86.00 294.00
165.00 223.00 86.00 294.00
164.00 227.00 86.00 294.00
164.00 229.00 86.00 294.00
166.00 232.00 86.00 294.00
167.00 232.00 86.00 295.00
170.00 236.00 87.00 296.00
173.00 240.00 86.00 295.00
176.00 245.00 87.00 296.00
177.00 246.00 87.00 297.00
178.00 244.00 87.00 297.00
180.00 245.00 87.00 296.00
182.00 245.00 87.00 296.00
184.00 246.00 87.00 297.00
182.00 242.00 87.00 297.00
182.00 236.00 87.00 296.00
183.00 229.00 87.00 297.00
183.00 222.00 86.00 295.00
184.00 214.00 86.00 295.00
184.00 207.00 87.00 296.00
186.00 204.00 87.00 297.00
186.00 200.00 87.00 297.00
187.00 195.00 87.00 297.00
188.00 190.00 87.00 298.00
189.00 190.00 87.00 298.00
189.00 189.00 88.00 300.00
189.00 191.00 88.00 301.00
190.00 195.00 88.00 300.00
189.00 196.00 87.00 299.00
191.00 198.00 87.00 298.00
191.00 201.00 87.00 296.00
191.00 208.00 85.00 292.00
193.00 220.00 84.00 288.00
197.00 232.00 82.00 282.00
200.00 244.00 81.00 277.00
191.00 221.00 82.00 280.00
192.00 224.00 83.00 285.00
192.00 230.00 84.00 287.00
213.00 283.00 82.00 280.00
177.00 239.00 83.00 283.00
170.00 277.00 82.00 279.00
167.00 272.00 80.00 274.00
168.00 274.00 79.00 270.00
169.00 274.00 78.00 265.00
170.00 275.00 77.00 262.00
171.00 274.00 75.00 258.00
172.00 272.00 75.00 256.00
173.00 266.00 74.00 253.00
206.00 268.00 73.00 250.00
206.00 264.00 73.00 250.00
208.00 262.00 72.00 248.00
208.00 259.00 72.00 247.00
208.00 260.00 73.00 248.00
207.00 260.00 73.00 249.00
207.00 260.00 73.00 251.00
207.00 261.00 74.00 254.00
207.00 260.00 75.00 256.00
207.00 260.00 76.00 260.00
206.00 259.00 77.00 263.00
204.00 256.00 77.00 265.00
204.00 258.00 78.00 266.00
204.00 258.00 78.00 268.00
200.00 256.00 79.00 270.00
199.00 252.00 80.00 273.00
200.00 251.00 80.00 275.00
165.00 246.00 82.00 279.00
164.00 246.00 82.00 282.00
164.00 246.00 83.00 284.00
166.00 244.00 83.00 285.00
168.00 240.00 85.00 289.00
168.00 236.00 85.00 291.00
171.00 238.00 85.00 291.00
171.00 238.00 86.00 293.00
170.00 239.00 86.00 295.00
167.00 237.00 86.00 296.00
165.00 233.00 87.00 297.00
163.00 227.00 87.00 297.00
162.00 226.00 87.00 298.00
164.00 233.00 87.00 298.00
165.00 235.00 87.00 298.00
168.00 236.00 87.00 297.00
169.00 239.00 86.00 296.00
173.00 242.00 86.00 295.00
169.00 241.00 86.00 294.00
170.00 243.00 86.00 294.00
166.00 242.00 86.00 294.00
168.00 238.00 85.00 292.00
171.00 238.00 85.00 292.00
167.00 237.00 85.00 291.00
169.00 241.00 85.00 290.00
173.00 243.00 85.00 290.00
170.00 243.00 85.00 290.00
168.00 241.00 85.00 290.00
168.00 242.00 84.00 289.00
165.00 245.00 85.00 291.00
162.00 247.00 86.00 294.00
161.00 248.00 86.00 296.00
163.00 253.00 87.00 298.00
162.00 254.00 88.00 300.00
159.00 254.00 88.00 300.00
158.00 252.00 88.00 301.00
161.00 255.00 88.00 301.00
177.00 262.00 88.00 301.00
172.00 265.00 88.00 299.00
168.00 264.00 87.00 298.00
165.00 262.00 87.00 298.00
160.00 258.00 87.00 298.00
156.00 255.00 87.00 297.00
151.00 251.00 86.00 296.00
150.00 249.00 86.00 295.00
146.00 246.00 86.00 296.00
145.00 245.00 86.00 296.00
143.00 244.00 86.00 295.00
137.00 242.00 86.00 296.00
132.00 243.00 87.00 296.00
131.00 244.00 86.00 295.00
132.00 246.00 86.00 295.00
133.00 247.00 86.00 293.00
137.00 250.00 85.00 291.00
138.00 251.00 85.00 289.00
170.00 257.00 85.00 292.00
171.00 259.00 86.00 295.00
170.00 255.00 87.00 297.00
169.00 253.00 88.00 300.00
168.00 251.00 88.00 300.00
169.00 251.00 88.00 301.00
169.00 249.00 89.00 303.00
169.00 248.00 89.00 304.00
168.00 246.00 89.00 305.00
165.00 242.00 89.00 306.00
162.00 240.00 89.00 306.00
161.00 238.00 90.00 308.00
157.00 238.00 90.00 308.00
154.00 236.00 90.00 308.00
149.00 234.00 90.00 308.00
146.00 232.00 90.00 308.00
143.00 233.00 91.00 310.00
140.00 235.00 91.00 311.00
136.00 237.00 91.00 311.00
133.00 240.00 91.00 312.00
130.00 243.00 92.00 314.00
124.00 243.00 91.00 313.00
123.00 246.00 92.00 314.00
119.00 249.00 91.00 312.00
117.00 252.00 91.00 312.00
113.00 253.00 91.00 310.00
110.00 254.00 90.00 308.00
107.00 254.00 89.00 305.00
104.00 253.00 88.00 302.00
104.00 255.00 88.00 300.00
103.00 257.00 87.00 296.00
104.00 258.00 86.00 295.00
109.00 263.00 85.00 291.00
108.00 261.00 84.00 288.00
111.00 265.00 83.00 284.00
110.00 267.00 82.00 282.00
100.00 265.00 82.00 279.00
106.00 268.00 82.00 279.00
99.00 266.00 82.00 279.00
95.00 265.00 81.00 277.00
95.00 263.00 81.00 276.00
101.00 264.00 80.00 273.00
107.00 261.00 80.00 273.00
109.00 262.00 80.00 272.00
107.00 258.00 79.00 269.00
106.00 255.00 78.00 268.00
102.00 252.00 78.00 266.00
98.00 250.00 77.00 264.00
92.00 245.00 77.00 264.00
85.00 240.00 77.00 263.00
79.00 238.00 77.00 264.00
74.00 237.00 77.00 264.00
69.00 235.00 78.00 265.00
68.00 232.00 78.00 267.00
69.00 230.00 78.00 267.00
76.00 232.00 78.00 267.00
79.00 233.00 78.00 267.00
80.00 236.00 78.00 267.00
85.00 237.00 78.00 266.00
92.00 239.00 77.00 265.00
97.00 239.00 77.00 264.00
102.00 240.00 77.00 264.00
102.00 250.00 78.00 265.00
114.00 253.00 78.00 266.00
122.00 259.00 78.00 267.00
128.00 270.00 79.00 270.00
139.00 275.00 79.00 271.00
153.00 275.00 80.00 273.00
168.00 280.00 80.00 274.00
179.00 283.00 80.00 275.00
183.00 283.00 80.00 274.00
186.00 278.00 80.00 275.00
194.00 275.00 80.00 275.00
199.00 270.00 80.00 275.00
203.00 268.00 81.00 276.00
204.00 269.00 81.00 278.00
203.00 269.00 82.00 279.00
200.00 268.00 82.00 281.00
