99.00 237.00 27.00 82.00
101.00 238.00 27.00 82.00
104.00 240.00 27.00 82.00
105.00 240.00 27.00 82.00
107.00 240.00 27.00 83.00
108.00 240.00 28.00 85.00
109.00 241.00 28.00 85.00
112.00 241.00 28.00 85.00
113.00 241.00 28.00 84.00
114.00 239.00 28.00 84.00
116.00 238.00 28.00 84.00
116.00 237.00 28.00 84.00
119.00 236.00 28.00 84.00
120.00 233.00 27.00 83.00
119.00 231.00 27.00 83.00
119.00 228.00 27.00 82.00
120.00 227.00 27.00 82.00
120.00 226.00 27.00 82.00
121.00 226.00 27.00 82.00
120.00 226.00 27.00 82.00
120.00 225.00 27.00 83.00
120.00 225.00 27.00 83.00
122.00 225.00 27.00 83.00
124.00 224.00 28.00 84.00
127.00 225.00 27.00 83.00
134.00 226.00 27.00 82.00
135.00 227.00 27.00 81.00
137.00 226.00 27.00 81.00
138.00 225.00 27.00 81.00
139.00 225.00 27.00 81.00
141.00 225.00 27.00 81.00
144.00 223.00 27.00 82.00
144.00 223.00 27.00 82.00
145.00 224.00 27.00 82.00
145.00 224.00 27.00 81.00
143.00 223.00 27.00 83.00
139.00 223.00 28.00 84.00
136.00 224.00 28.00 84.00
136.00 224.00 28.00 84.00
136.00 224.00 28.00 84.00
135.00 224.00 28.00 85.00
133.00 223.00 28.00 85.00
132.00 223.00 28.00 86.00
130.00 223.00 28.00 85.00
128.00 223.00 28.00 85.00
125.00 223.00 28.00 85.00
125.00 224.00 28.00 85.00
124.00 225.00 28.00 84.00
126.00 225.00 28.00 85.00
125.00 226.00 28.00 85.00
121.00 227.00 28.00 85.00
122.00 227.00 28.00 85.00
124.00 228.00 28.00 85.00
126.00 229.00 28.00 84.00
126.00 229.00 27.00 83.00
128.00 229.00 28.00 84.00
131.00 228.00 27.00 83.00
133.00 228.00 27.00 82.00
133.00 229.00 27.00 82.00
134.00 230.00 27.00 82.00
136.00 230.00 27.00 82.00
134.00 229.00 27.00 82.00
136.00 228.00 27.00 82.00
136.00 227.00 27.00 82.00
137.00 227.00 27.00 82.00
140.00 226.00 27.00 82.00
142.00 227.00 27.00 82.00
145.00 228.00 27.00 82.00
149.00 228.00 27.00 81.00
150.00 228.00 27.00 81.00
152.00 229.00 27.00 82.00
152.00 230.00 27.00 82.00
152.00 232.00 27.00 83.00
156.00 232.00 27.00 83.00
157.00 230.00 27.00 83.00
155.00 229.00 27.00 83.00
153.00 227.00 27.00 83.00
152.00 225.00 27.00 83.00
156.00 225.00 27.00 83.00
156.00 223.00 27.00 83.00
159.00 225.00 27.00 82.00
161.00 226.00 27.00 82.00
163.00 226.00 27.00 82.00
165.00 227.00 27.00 82.00
168.00 229.00 27.00 81.00
168.00 230.00 27.00 81.00
169.00 231.00 26.00 80.00
170.00 230.00 26.00 80.00
170.00 228.00 27.00 81.00
171.00 228.00 27.00 81.00
173.00 227.00 27.00 81.00
175.00 227.00 26.00 80.00
177.00 227.00 26.00 80.00
179.00 229.00 26.00 80.00
181.00 230.00 26.00 80.00
185.00 231.00 26.00 80.00
185.00 231.00 27.00 81.00
186.00 231.00 26.00 80.00
187.00 229.00 26.00 80.00
189.00 228.00 26.00 80.00
191.00 226.00 26.00 80.00
195.00 225.00 26.00 80.00
197.00 226.00 26.00 79.00
197.00 227.00 26.00 79.00
197.00 228.00 26.00 78.00
198.00 229.00 26.00 78.00
196.00 229.00 26.00 78.00
196.00 229.00 26.00 78.00
197.00 229.00 26.00 79.00
196.00 228.00 26.00 79.00
195.00 228.00 26.00 79.00
195.00 229.00 26.00 78.00
194.00 231.00 25.00 77.00
193.00 232.00 26.00 77.00
193.00 233.00 25.00 77.00
193.00 236.00 26.00 78.00
191.00 238.00 26.00 78.00
191.00 239.00 26.00 78.00
191.00 240.00 26.00 79.00
191.00 239.00 26.00 79.00
190.00 238.00 26.00 79.00
191.00 238.00 26.00 79.00
192.00 238.00 26.00 79.00
194.00 238.00 26.00 80.00
196.00 238.00 26.00 78.00
198.00 238.00 26.00 78.00
198.00 239.00 26.00 78.00
199.00 239.00 26.00 78.00
204.00 237.00 25.00 77.00
203.00 236.00 25.00 77.00
204.00 234.00 25.00 77.00
205.00 234.00 25.00 76.00
207.00 232.00 25.00 76.00
204.00 232.00 25.00 77.00
211.00 228.00 25.00 77.00
211.00 229.00 25.00 76.00
212.00 231.00 25.00 76.00
213.00 232.00 25.00 77.00
213.00 232.00 25.00 77.00
214.00 231.00 25.00 77.00
215.00 230.00 26.00 78.00
218.00 229.00 26.00 78.00
221.00 228.00 26.00 78.00
221.00 226.00 25.00 77.00
223.00 227.00 25.00 77.00
228.00 228.00 25.00 77.00
230.00 229.00 25.00 76.00
233.00 230.00 25.00 75.00
238.00 232.00 25.00 75.00
240.00 232.00 24.00 74.00
242.00 232.00 24.00 74.00
244.00 232.00 24.00 74.00
247.00 230.00 25.00 74.00
251.00 230.00 24.00 74.00
253.00 230.00 24.00 74.00
254.00 230.00 24.00 73.00
256.00 231.00 24.00 73.00
258.00 232.00 24.00 73.00
261.00 234.00 24.00 73.00
263.00 234.00 24.00 73.00
264.00 234.00 24.00 74.00
265.00 232.00 24.00 74.00
267.00 231.00 24.00 74.00
268.00 230.00 24.00 74.00
269.00 229.00 25.00 75.00
271.00 228.00 25.00 75.00
272.00 229.00 25.00 75.00
273.00 231.00 24.00 74.00
273.00 232.00 24.00 74.00
274.00 233.00 24.00 74.00
275.00 233.00 24.00 74.00
276.00 231.00 24.00 74.00
277.00 231.00 25.00 75.00
278.00 230.00 25.00 75.00
280.00 229.00 25.00 75.00
281.00 229.00 25.00 75.00
282.00 230.00 25.00 75.00
285.00 231.00 25.00 74.00
287.00 233.00 25.00 75.00
287.00 234.00 25.00 75.00
287.00 234.00 25.00 75.00
288.00 235.00 25.00 75.00
288.00 236.00 25.00 76.00
288.00 235.00 25.00 76.00
287.00 235.00 25.00 76.00
288.00 236.00 25.00 76.00
290.00 236.00 25.00 76.00
291.00 238.00 25.00 76.00
291.00 239.00 25.00 75.00
292.00 238.00 25.00 75.00
291.00 238.00 24.00 74.00
289.00 237.00 25.00 75.00
289.00 235.00 25.00 75.00
289.00 235.00 25.00 74.00
288.00 234.00 25.00 75.00
287.00 233.00 25.00 75.00
287.00 233.00 24.00 74.00
289.00 235.00 24.00 74.00
290.00 237.00 24.00 73.00
289.00 238.00 24.00 73.00
289.00 239.00 24.00 72.00
289.00 240.00 24.00 72.00
288.00 240.00 24.00 71.00
289.00 238.00 24.00 72.00
291.00 238.00 24.00 72.00
291.00 235.00 24.00 73.00
294.00 236.00 24.00 73.00
296.00 236.00 24.00 73.00
296.00 235.00 24.00 72.00
297.00 236.00 24.00 72.00
297.00 237.00 24.00 72.00
297.00 237.00 23.00 71.00
298.00 237.00 23.00 71.00
298.00 236.00 23.00 71.00
298.00 235.00 24.00 71.00
298.00 233.00 24.00 72.00
300.00 233.00 24.00 72.00
300.00 233.00 24.00 72.00
301.00 232.00 23.00 71.00
303.00 234.00 24.00 71.00
304.00 235.00 24.00 72.00
305.00 235.00 23.00 71.00
304.00 235.00 24.00 71.00
303.00 234.00 23.00 71.00
303.00 233.00 24.00 72.00
302.00 231.00 23.00 71.00
302.00 229.00 23.00 71.00
304.00 229.00 23.00 71.00
306.00 230.00 24.00 71.00
307.00 230.00 23.00 71.00
307.00 233.00 23.00 71.00
306.00 236.00 23.00 71.00
303.00 237.00 23.00 71.00
302.00 237.00 23.00 70.00
302.00 236.00 23.00 70.00
302.00 233.00 23.00 70.00
301.00 231.00 23.00 70.00
299.00 230.00 23.00 70.00
299.00 229.00 23.00 70.00
299.00 229.00 23.00 70.00
301.00 230.00 23.00 69.00
302.00 231.00 23.00 70.00
302.00 231.00 23.00 70.00
302.00 232.00 23.00 71.00
302.00 231.00 23.00 71.00
304.00 229.00 23.00 71.00
307.00 230.00 23.00 71.00
308.00 228.00 23.00 71.00
307.00 227.00 23.00 70.00
307.00 227.00 23.00 71.00
309.00 227.00 23.00 71.00
310.00 228.00 23.00 71.00
311.00 229.00 23.00 70.00
314.00 230.00 23.00 70.00
315.00 231.00 23.00 70.00
315.00 230.00 23.00 70.00
315.00 229.00 23.00 70.00
314.00 229.00 23.00 70.00
315.00 228.00 23.00 69.00
317.00 228.00 23.00 69.00
319.00 227.00 23.00 69.00
318.00 226.00 23.00 69.00
318.00 228.00 23.00 69.00
319.00 229.00 23.00 69.00
322.00 229.00 23.00 69.00
324.00 229.00 23.00 69.00
325.00 228.00 23.00 69.00
328.00 226.00 23.00 68.00
328.00 225.00 23.00 69.00
329.00 225.00 23.00 69.00
329.00 225.00 23.00 69.00
329.00 226.00 23.00 69.00
329.00 226.00 23.00 68.00
329.00 228.00 23.00 68.00
329.00 228.00 22.00 68.00
329.00 227.00 22.00 68.00
329.00 226.00 22.00 68.00
328.00 225.00 22.00 68.00
328.00 224.00 22.00 68.00
328.00 222.00 22.00 68.00
328.00 223.00 23.00 68.00
328.00 224.00 22.00 68.00
327.00 226.00 23.00 69.00
326.00 227.00 23.00 68.00
326.00 229.00 22.00 68.00
325.00 229.00 22.00 68.00
324.00 227.00 23.00 69.00
324.00 226.00 23.00 69.00
324.00 225.00 22.00 68.00
326.00 224.00 23.00 69.00
326.00 225.00 22.00 68.00
324.00 226.00 22.00 68.00
323.00 226.00 22.00 68.00
324.00 227.00 22.00 68.00
326.00 228.00 22.00 68.00
328.00 229.00 22.00 67.00
328.00 228.00 22.00 67.00
330.00 227.00 22.00 67.00
331.00 226.00 22.00 67.00
331.00 224.00 22.00 67.00
332.00 224.00 22.00 67.00
331.00 224.00 22.00 67.00
332.00 225.00 22.00 67.00
334.00 225.00 22.00 67.00
335.00 226.00 22.00 67.00
336.00 226.00 22.00 67.00
338.00 225.00 22.00 67.00
339.00 223.00 22.00 68.00
338.00 221.00 22.00 68.00
340.00 219.00 22.00 68.00
343.00 218.00 22.00 68.00
343.00 218.00 22.00 68.00
344.00 218.00 22.00 68.00
345.00 218.00 22.00 68.00
347.00 218.00 22.00 68.00
348.00 218.00 22.00 67.00
347.00 218.00 22.00 67.00
347.00 216.00 22.00 67.00
347.00 215.00 22.00 67.00
347.00 215.00 22.00 68.00
346.00 214.00 22.00 68.00
345.00 215.00 22.00 68.00
342.00 214.00 22.00 68.00
342.00 216.00 23.00 68.00
341.00 217.00 22.00 68.00
340.00 219.00 22.00 68.00
341.00 220.00 22.00 68.00
340.00 220.00 22.00 67.00
338.00 218.00 22.00 67.00
337.00 218.00 22.00 67.00
338.00 218.00 22.00 67.00
338.00 218.00 22.00 68.00
336.00 219.00 22.00 68.00
335.00 219.00 22.00 68.00
337.00 220.00 23.00 69.00
336.00 220.00 23.00 69.00
343.00 221.00 23.00 69.00
344.00 222.00 22.00 68.00
342.00 221.00 22.00 67.00
342.00 220.00 22.00 67.00
343.00 218.00 22.00 67.00
345.00 218.00 22.00 67.00
348.00 219.00 22.00 66.00
350.00 219.00 22.00 66.00
352.00 221.00 22.00 65.00
351.00 221.00 21.00 65.00
353.00 224.00 21.00 65.00
358.00 223.00 21.00 65.00
361.00 224.00 21.00 64.00
364.00 224.00 21.00 64.00
366.00 224.00 21.00 64.00
366.00 222.00 21.00 64.00
368.00 222.00 21.00 65.00
370.00 223.00 21.00 65.00
370.00 223.00 21.00 64.00
372.00 224.00 21.00 64.00
374.00 224.00 21.00 64.00
375.00 224.00 21.00 64.00
378.00 223.00 21.00 64.00
378.00 220.00 21.00 63.00
379.00 219.00 21.00 63.00
382.00 217.00 21.00 63.00
384.00 217.00 21.00 63.00
384.00 218.00 21.00 63.00
385.00 218.00 21.00 63.00
388.00 218.00 21.00 64.00
388.00 218.00 21.00 64.00
388.00 218.00 21.00 64.00
388.00 218.00 21.00 64.00
388.00 217.00 21.00 64.00
389.00 216.00 21.00 64.00
391.00 216.00 21.00 64.00
392.00 217.00 21.00 64.00
392.00 217.00 21.00 64.00
391.00 217.00 21.00 64.00
393.00 217.00 21.00 65.00
394.00 217.00 21.00 64.00
395.00 217.00 21.00 64.00
394.00 216.00 21.00 64.00
394.00 215.00 21.00 64.00
396.00 214.00 21.00 64.00
395.00 213.00 21.00 65.00
395.00 211.00 21.00 64.00
395.00 212.00 21.00 64.00
395.00 213.00 21.00 63.00
396.00 214.00 21.00 63.00
397.00 215.00 21.00 63.00
398.00 215.00 21.00 63.00
399.00 216.00 21.00 63.00
400.00 215.00 21.00 63.00
401.00 214.00 21.00 63.00
403.00 212.00 21.00 62.00
404.00 211.00 20.00 62.00
405.00 210.00 20.00 61.00
407.00 210.00 20.00 61.00
408.00 212.00 20.00 61.00
410.00 212.00 20.00 61.00
411.00 213.00 20.00 61.00
414.00 214.00 20.00 61.00
420.00 212.00 20.00 61.00
421.00 211.00 20.00 61.00
421.00 210.00 20.00 61.00
422.00 208.00 20.00 61.00
422.00 208.00 20.00 61.00
423.00 207.00 20.00 61.00
424.00 207.00 20.00 61.00
424.00 208.00 20.00 61.00
425.00 208.00 20.00 61.00
427.00 209.00 20.00 61.00
427.00 209.00 20.00 61.00
427.00 209.00 20.00 61.00
428.00 209.00 20.00 61.00
429.00 208.00 20.00 61.00
430.00 207.00 20.00 61.00
430.00 207.00 20.00 61.00
430.00 208.00 20.00 61.00
430.00 208.00 20.00 61.00
429.00 208.00 20.00 61.00
428.00 207.00 20.00 61.00
427.00 205.00 20.00 61.00
425.00 204.00 20.00 61.00
422.00 200.00 20.00 61.00
418.00 197.00 20.00 61.00
416.00 195.00 20.00 61.00
416.00 194.00 20.00 61.00
414.00 193.00 20.00 61.00
413.00 195.00 20.00 61.00
415.00 196.00 20.00 60.00
414.00 197.00 20.00 60.00
415.00 199.00 20.00 60.00
416.00 199.00 20.00 60.00
417.00 199.00 20.00 60.00
417.00 198.00 20.00 60.00
418.00 197.00 20.00 60.00
419.00 198.00 20.00 61.00
420.00 198.00 20.00 61.00
420.00 200.00 20.00 61.00
418.00 200.00 20.00 61.00
420.00 202.00 20.00 61.00
422.00 203.00 20.00 61.00
438.00 199.00 20.00 62.00
436.00 199.00 20.00 62.00
435.00 199.00 21.00 62.00
435.00 200.00 21.00 62.00
428.00 201.00 20.00 62.00
429.00 201.00 21.00 62.00
428.00 202.00 20.00 62.00
428.00 203.00 20.00 62.00
429.00 204.00 20.00 62.00
429.00 205.00 20.00 61.00
430.00 204.00 20.00 61.00
431.00 204.00 20.00 61.00
431.00 204.00 20.00 61.00
433.00 205.00 20.00 61.00
433.00 205.00 20.00 61.00
432.00 206.00 20.00 61.00
434.00 208.00 20.00 61.00
434.00 209.00 20.00 61.00
432.00 210.00 20.00 61.00
432.00 211.00 20.00 60.00
432.00 210.00 20.00 60.00
432.00 208.00 20.00 59.00
429.00 206.00 20.00 59.00
428.00 205.00 19.00 59.00
428.00 204.00 19.00 59.00
428.00 205.00 19.00 59.00
425.00 206.00 19.00 58.00
422.00 207.00 19.00 58.00
422.00 207.00 19.00 58.00
421.00 206.00 19.00 57.00
419.00 204.00 19.00 57.00
419.00 203.00 19.00 57.00
418.00 202.00 19.00 57.00
419.00 201.00 19.00 58.00
419.00 202.00 19.00 58.00
420.00 203.00 19.00 57.00
422.00 205.00 19.00 57.00
425.00 208.00 19.00 57.00
427.00 210.00 19.00 57.00
429.00 211.00 19.00 56.00
430.00 211.00 18.00 56.00
431.00 210.00 18.00 55.00
436.00 210.00 18.00 55.00
438.00 209.00 18.00 55.00
440.00 209.00 18.00 55.00
443.00 209.00 18.00 56.00
444.00 209.00 18.00 56.00
442.00 209.00 18.00 56.00
442.00 209.00 18.00 56.00
441.00 209.00 18.00 56.00
438.00 206.00 18.00 56.00
434.00 204.00 19.00 56.00
429.00 201.00 19.00 56.00
426.00 199.00 19.00 56.00
425.00 198.00 19.00 57.00
424.00 198.00 19.00 57.00
421.00 200.00 19.00 57.00
417.00 201.00 19.00 57.00
416.00 203.00 19.00 57.00
414.00 205.00 19.00 57.00
412.00 207.00 19.00 57.00
410.00 208.00 18.00 56.00
409.00 208.00 19.00 56.00
408.00 208.00 19.00 56.00
407.00 208.00 19.00 57.00
406.00 209.00 19.00 57.00
407.00 209.00 19.00 56.00
408.00 211.00 19.00 56.00
408.00 212.00 18.00 56.00
408.00 213.00 18.00 56.00
408.00 212.00 18.00 56.00
407.00 213.00 18.00 56.00
407.00 213.00 18.00 56.00
407.00 214.00 18.00 55.00
406.00 213.00 18.00 56.00
407.00 213.00 18.00 55.00
409.00 214.00 18.00 55.00
410.00 215.00 18.00 55.00
412.00 217.00 18.00 55.00
414.00 219.00 18.00 55.00
416.00 220.00 18.00 55.00
417.00 219.00 18.00 54.00
416.00 218.00 18.00 54.00
417.00 217.00 18.00 54.00
418.00 216.00 18.00 55.00
418.00 214.00 18.00 55.00
417.00 213.00 18.00 55.00
417.00 211.00 18.00 54.00
417.00 209.00 18.00 54.00
416.00 207.00 18.00 54.00
415.00 205.00 18.00 55.00
413.00 203.00 18.00 55.00
412.00 201.00 18.00 55.00
413.00 200.00 18.00 56.00
412.00 198.00 18.00 56.00
409.00 196.00 18.00 55.00
408.00 198.00 18.00 55.00
406.00 201.00 18.00 55.00
400.00 205.00 18.00 55.00
397.00 206.00 18.00 55.00
393.00 206.00 18.00 55.00
390.00 207.00 19.00 56.00
386.00 205.00 19.00 57.00
384.00 203.00 19.00 57.00
385.00 203.00 19.00 57.00
386.00 202.00 19.00 57.00
386.00 202.00 19.00 57.00
385.00 202.00 19.00 56.00
387.00 203.00 18.00 56.00
389.00 203.00 18.00 56.00
389.00 203.00 18.00 56.00
390.00 204.00 18.00 56.00
391.00 206.00 18.00 55.00
393.00 207.00 18.00 55.00
395.00 205.00 18.00 55.00
397.00 203.00 18.00 55.00
401.00 202.00 18.00 55.00
404.00 201.00 18.00 55.00
406.00 201.00 18.00 55.00
409.00 202.00 18.00 54.00
413.00 203.00 18.00 54.00
414.00 204.00 18.00 54.00
414.00 205.00 18.00 55.00
418.00 204.00 18.00 55.00
421.00 204.00 18.00 54.00
420.00 203.00 18.00 53.00
422.00 202.00 17.00 53.00
428.00 203.00 17.00 52.00
430.00 202.00 17.00 52.00
430.00 203.00 17.00 51.00
434.00 204.00 17.00 51.00
436.00 205.00 17.00 50.00
439.00 206.00 16.00 50.00
440.00 206.00 16.00 50.00
441.00 204.00 16.00 50.00
442.00 202.00 16.00 50.00
444.00 200.00 17.00 50.00
446.00 200.00 17.00 51.00
447.00 200.00 17.00 51.00
450.00 200.00 17.00 51.00
453.00 201.00 17.00 52.00
455.00 200.00 17.00 52.00
458.00 201.00 17.00 52.00
460.00 200.00 17.00 52.00
465.00 200.00 17.00 52.00
469.00 199.00 17.00 52.00
472.00 199.00 17.00 52.00
475.00 198.00 17.00 52.00
476.00 197.00 17.00 52.00
476.00 197.00 17.00 52.00
480.00 198.00 17.00 52.00
481.00 198.00 17.00 53.00
481.00 198.00 17.00 53.00
482.00 198.00 18.00 53.00
484.00 196.00 18.00 53.00
485.00 194.00 18.00 53.00
485.00 193.00 18.00 54.00
486.00 192.00 18.00 53.00
488.00 191.00 17.00 53.00
491.00 190.00 17.00 53.00
491.00 190.00 17.00 53.00
491.00 190.00 18.00 53.00
492.00 190.00 18.00 53.00
493.00 190.00 18.00 53.00
495.00 190.00 18.00 54.00
497.00 189.00 18.00 54.00
498.00 187.00 18.00 54.00
501.00 188.00 18.00 54.00
503.00 187.00 17.00 53.00
503.00 185.00 17.00 53.00
509.00 185.00 17.00 53.00
508.00 185.00 17.00 52.00
507.00 186.00 17.00 52.00
507.00 187.00 17.00 52.00
507.00 186.00 17.00 51.00
505.00 187.00 17.00 51.00
506.00 187.00 17.00 51.00
505.00 188.00 17.00 51.00
505.00 189.00 17.00 51.00
505.00 190.00 17.00 52.00
506.00 190.00 17.00 52.00
507.00 190.00 17.00 53.00
505.00 191.00 17.00 53.00
507.00 191.00 18.00 53.00
505.00 190.00 17.00 53.00
506.00 191.00 17.00 53.00
508.00 188.00 17.00 53.00
508.00 190.00 17.00 53.00
508.00 189.00 18.00 53.00
507.00 190.00 17.00 53.00
507.00 190.00 17.00 53.00
510.00 191.00 17.00 53.00
511.00 191.00 18.00 53.00
512.00 191.00 18.00 53.00
512.00 191.00 18.00 53.00
509.00 191.00 18.00 53.00
509.00 191.00 17.00 53.00
510.00 192.00 18.00 53.00
508.00 192.00 17.00 53.00
508.00 193.00 17.00 53.00
507.00 193.00 17.00 53.00
507.00 194.00 17.00 53.00
507.00 196.00 17.00 53.00
507.00 196.00 17.00 52.00
507.00 197.00 17.00 53.00
507.00 198.00 17.00 53.00
508.00 199.00 17.00 53.00
508.00 199.00 17.00 53.00
509.00 200.00 17.00 53.00
508.00 200.00 17.00 53.00
510.00 201.00 17.00 53.00
511.00 200.00 17.00 53.00
512.00 200.00 18.00 53.00
512.00 200.00 17.00 53.00
512.00 200.00 18.00 53.00
512.00 200.00 18.00 53.00
511.00 199.00 17.00 53.00
512.00 199.00 17.00 53.00
511.00 198.00 17.00 53.00
511.00 198.00 17.00 53.00
510.00 197.00 17.00 53.00
512.00 197.00 17.00 53.00
511.00 196.00 17.00 53.00
512.00 196.00 18.00 54.00
512.00 196.00 18.00 54.00
511.00 194.00 18.00 54.00
510.00 192.00 18.00 53.00
