84.00 53.00 62.00 70.00
87.00 53.00 62.00 70.00
89.00 54.00 62.00 70.00
91.00 54.00 61.00 69.00
92.00 55.00 61.00 68.00
92.00 56.00 60.00 68.00
93.00 56.00 60.00 68.00
92.00 56.00 60.00 67.00
91.00 55.00 59.00 67.00
90.00 54.00 59.00 67.00
89.00 54.00 59.00 67.00
88.00 55.00 59.00 67.00
86.00 55.00 59.00 66.00
84.00 55.00 59.00 67.00
82.00 55.00 59.00 67.00
81.00 57.00 59.00 66.00
79.00 57.00 59.00 67.00
78.00 59.00 59.00 66.00
77.00 59.00 59.00 66.00
75.00 60.00 59.00 67.00
75.00 61.00 59.00 66.00
74.00 62.00 59.00 66.00
74.00 61.00 59.00 66.00
75.00 61.00 58.00 66.00
76.00 61.00 58.00 66.00
77.00 61.00 58.00 66.00
78.00 61.00 58.00 66.00
79.00 60.00 58.00 66.00
80.00 59.00 58.00 66.00
82.00 58.00 58.00 66.00
83.00 58.00 58.00 66.00
85.00 57.00 58.00 66.00
87.00 57.00 58.00 66.00
88.00 57.00 58.00 65.00
89.00 57.00 58.00 65.00
90.00 57.00 58.00 65.00
91.00 56.00 58.00 65.00
92.00 56.00 58.00 65.00
93.00 56.00 58.00 65.00
94.00 56.00 58.00 65.00
95.00 56.00 58.00 65.00
95.00 56.00 58.00 65.00
96.00 56.00 58.00 65.00
97.00 57.00 57.00 65.00
98.00 58.00 57.00 64.00
98.00 58.00 58.00 65.00
98.00 58.00 58.00 65.00
97.00 58.00 58.00 66.00
97.00 59.00 58.00 66.00
98.00 59.00 58.00 65.00
97.00 59.00 58.00 65.00
97.00 59.00 58.00 65.00
97.00 59.00 58.00 66.00
97.00 59.00 58.00 66.00
97.00 59.00 58.00 66.00
96.00 59.00 58.00 65.00
95.00 58.00 58.00 66.00
95.00 58.00 58.00 65.00
94.00 58.00 58.00 65.00
94.00 58.00 58.00 65.00
94.00 58.00 58.00 65.00
93.00 58.00 57.00 65.00
92.00 58.00 57.00 65.00
91.00 57.00 57.00 65.00
91.00 58.00 57.00 65.00
90.00 58.00 57.00 65.00
90.00 58.00 57.00 65.00
89.00 58.00 57.00 64.00
88.00 58.00 57.00 65.00
87.00 58.00 57.00 65.00
86.00 58.00 57.00 65.00
86.00 58.00 57.00 65.00
86.00 58.00 58.00 65.00
85.00 58.00 57.00 65.00
85.00 58.00 58.00 65.00
84.00 58.00 57.00 65.00
84.00 58.00 58.00 65.00
84.00 58.00 57.00 65.00
83.00 58.00 57.00 65.00
83.00 58.00 57.00 65.00
83.00 58.00 58.00 65.00
82.00 57.00 58.00 65.00
83.00 58.00 58.00 65.00
82.00 57.00 58.00 65.00
82.00 58.00 58.00 65.00
82.00 58.00 58.00 65.00
82.00 58.00 58.00 65.00
82.00 58.00 58.00 65.00
82.00 58.00 58.00 65.00
81.00 58.00 58.00 65.00
81.00 58.00 58.00 65.00
81.00 58.00 58.00 65.00
80.00 57.00 58.00 65.00
80.00 57.00 58.00 65.00
80.00 57.00 58.00 65.00
80.00 57.00 58.00 65.00
80.00 57.00 58.00 65.00
80.00 58.00 58.00 65.00
80.00 58.00 58.00 66.00
80.00 58.00 58.00 66.00
80.00 58.00 58.00 65.00
80.00 58.00 58.00 65.00
80.00 58.00 58.00 66.00
81.00 58.00 58.00 66.00
81.00 58.00 58.00 66.00
81.00 58.00 58.00 65.00
81.00 58.00 58.00 65.00
81.00 58.00 58.00 65.00
82.00 58.00 58.00 66.00
82.00 58.00 58.00 65.00
82.00 58.00 58.00 65.00
83.00 58.00 58.00 65.00
84.00 58.00 58.00 65.00
84.00 58.00 58.00 65.00
84.00 58.00 58.00 65.00
85.00 58.00 58.00 66.00
85.00 58.00 58.00 66.00
85.00 58.00 58.00 65.00
86.00 58.00 58.00 66.00
86.00 58.00 58.00 66.00
86.00 58.00 58.00 66.00
86.00 58.00 58.00 66.00
87.00 58.00 58.00 66.00
87.00 58.00 58.00 66.00
87.00 58.00 58.00 66.00
88.00 58.00 58.00 66.00
88.00 57.00 58.00 66.00
89.00 58.00 58.00 66.00
88.00 58.00 58.00 66.00
88.00 58.00 58.00 66.00
87.00 59.00 58.00 66.00
87.00 59.00 58.00 65.00
86.00 59.00 58.00 65.00
84.00 59.00 57.00 65.00
84.00 60.00 57.00 65.00
82.00 59.00 57.00 65.00
82.00 59.00 57.00 65.00
81.00 60.00 57.00 65.00
81.00 60.00 57.00 65.00
80.00 60.00 57.00 65.00
80.00 60.00 57.00 65.00
80.00 60.00 57.00 65.00
81.00 60.00 58.00 65.00
82.00 60.00 58.00 65.00
82.00 59.00 58.00 66.00
83.00 58.00 58.00 66.00
85.00 58.00 58.00 66.00
85.00 58.00 59.00 66.00
86.00 58.00 59.00 66.00
86.00 57.00 59.00 66.00
87.00 57.00 59.00 67.00
87.00 57.00 60.00 67.00
88.00 57.00 59.00 67.00
88.00 57.00 59.00 66.00
87.00 56.00 59.00 67.00
87.00 56.00 59.00 67.00
87.00 56.00 59.00 66.00
87.00 56.00 59.00 66.00
86.00 56.00 58.00 66.00
85.00 56.00 58.00 66.00
85.00 56.00 58.00 66.00
84.00 56.00 58.00 66.00
83.00 56.00 58.00 66.00
83.00 56.00 58.00 66.00
82.00 57.00 58.00 66.00
81.00 56.00 59.00 66.00
80.00 56.00 58.00 66.00
79.00 56.00 58.00 66.00
78.00 56.00 59.00 66.00
78.00 56.00 59.00 66.00
77.00 56.00 59.00 66.00
77.00 56.00 59.00 66.00
77.00 56.00 59.00 66.00
77.00 56.00 59.00 66.00
76.00 56.00 59.00 66.00
76.00 55.00 59.00 66.00
76.00 55.00 58.00 66.00
76.00 55.00 59.00 66.00
77.00 56.00 59.00 66.00
78.00 55.00 58.00 66.00
78.00 55.00 58.00 66.00
79.00 55.00 58.00 66.00
80.00 55.00 59.00 66.00
81.00 55.00 58.00 66.00
82.00 55.00 58.00 66.00
83.00 55.00 58.00 66.00
85.00 55.00 59.00 66.00
86.00 56.00 58.00 66.00
88.00 55.00 59.00 66.00
90.00 56.00 58.00 66.00
91.00 56.00 58.00 66.00
92.00 56.00 59.00 67.00
93.00 57.00 59.00 66.00
94.00 57.00 59.00 66.00
95.00 56.00 59.00 67.00
96.00 56.00 59.00 67.00
96.00 56.00 60.00 67.00
96.00 56.00 60.00 68.00
95.00 55.00 60.00 68.00
95.00 56.00 60.00 67.00
94.00 55.00 60.00 68.00
94.00 56.00 59.00 67.00
93.00 55.00 60.00 68.00
91.00 54.00 60.00 68.00
89.00 53.00 61.00 69.00
88.00 53.00 61.00 68.00
87.00 53.00 62.00 70.00
85.00 52.00 62.00 71.00
83.00 52.00 62.00 70.00
81.00 52.00 62.00 70.00
80.00 52.00 62.00 70.00
79.00 52.00 62.00 70.00
78.00 53.00 62.00 70.00
77.00 52.00 63.00 71.00
76.00 52.00 62.00 70.00
75.00 52.00 62.00 70.00
75.00 51.00 63.00 71.00
74.00 51.00 63.00 71.00
74.00 50.00 62.00 71.00
75.00 50.00 63.00 71.00
75.00 50.00 63.00 71.00
75.00 49.00 63.00 71.00
76.00 48.00 63.00 72.00
77.00 47.00 64.00 72.00
78.00 47.00 64.00 72.00
79.00 46.00 64.00 72.00
81.00 46.00 64.00 72.00
82.00 46.00 64.00 72.00
84.00 46.00 64.00 72.00
87.00 46.00 64.00 73.00
90.00 46.00 65.00 73.00
92.00 46.00 64.00 73.00
96.00 46.00 64.00 73.00
101.00 46.00 65.00 73.00
105.00 47.00 65.00 73.00
110.00 47.00 65.00 74.00
116.00 47.00 66.00 74.00
121.00 47.00 66.00 74.00
127.00 47.00 66.00 74.00
134.00 47.00 65.00 73.00
140.00 46.00 64.00 73.00
146.00 46.00 64.00 72.00
151.00 46.00 64.00 72.00
156.00 46.00 64.00 72.00
161.00 46.00 63.00 71.00
166.00 45.00 64.00 72.00
170.00 45.00 64.00 72.00
174.00 45.00 64.00 72.00
177.00 45.00 64.00 72.00
180.00 45.00 64.00 72.00
183.00 46.00 64.00 72.00
185.00 45.00 64.00 72.00
187.00 45.00 64.00 72.00
188.00 45.00 64.00 72.00
189.00 45.00 64.00 72.00
190.00 45.00 64.00 72.00
191.00 46.00 63.00 72.00
191.00 46.00 64.00 72.00
191.00 46.00 64.00 72.00
191.00 47.00 63.00 71.00
190.00 46.00 63.00 72.00
189.00 46.00 64.00 72.00
187.00 46.00 63.00 72.00
186.00 46.00 63.00 71.00
184.00 47.00 64.00 72.00
181.00 47.00 64.00 72.00
180.00 47.00 64.00 72.00
177.00 47.00 63.00 71.00
174.00 48.00 63.00 71.00
171.00 48.00 64.00 72.00
167.00 48.00 63.00 71.00
164.00 48.00 64.00 72.00
159.00 48.00 64.00 72.00
155.00 48.00 64.00 72.00
151.00 49.00 64.00 72.00
145.00 49.00 64.00 72.00
141.00 50.00 63.00 72.00
136.00 49.00 63.00 71.00
131.00 50.00 63.00 71.00
127.00 50.00 62.00 70.00
122.00 50.00 62.00 69.00
118.00 51.00 62.00 70.00
113.00 51.00 62.00 70.00
109.00 51.00 62.00 70.00
105.00 52.00 61.00 69.00
102.00 52.00 60.00 68.00
99.00 53.00 60.00 67.00
96.00 53.00 60.00 67.00
94.00 53.00 60.00 68.00
92.00 53.00 60.00 68.00
90.00 53.00 60.00 67.00
88.00 53.00 60.00 67.00
87.00 53.00 60.00 67.00
85.00 53.00 59.00 67.00
84.00 53.00 60.00 67.00
84.00 53.00 59.00 67.00
83.00 53.00 59.00 67.00
83.00 53.00 59.00 67.00
83.00 54.00 59.00 67.00
83.00 53.00 59.00 67.00
84.00 54.00 59.00 66.00
84.00 53.00 59.00 66.00
86.00 54.00 59.00 66.00
86.00 53.00 59.00 66.00
88.00 54.00 58.00 66.00
90.00 54.00 58.00 66.00
91.00 53.00 59.00 66.00
94.00 54.00 58.00 66.00
96.00 54.00 58.00 66.00
99.00 55.00 58.00 65.00
102.00 55.00 58.00 65.00
105.00 54.00 58.00 66.00
109.00 55.00 58.00 65.00
113.00 55.00 58.00 65.00
117.00 55.00 58.00 65.00
121.00 55.00 58.00 65.00
125.00 55.00 58.00 65.00
130.00 56.00 58.00 65.00
135.00 57.00 58.00 65.00
140.00 57.00 57.00 65.00
145.00 56.00 57.00 65.00
150.00 56.00 57.00 65.00
155.00 57.00 57.00 64.00
159.00 57.00 57.00 65.00
163.00 57.00 57.00 64.00
168.00 58.00 57.00 64.00
172.00 58.00 56.00 64.00
177.00 58.00 56.00 64.00
180.00 58.00 57.00 64.00
183.00 58.00 57.00 64.00
186.00 58.00 57.00 64.00
190.00 58.00 57.00 64.00
193.00 59.00 57.00 64.00
196.00 59.00 57.00 64.00
198.00 59.00 57.00 64.00
200.00 59.00 57.00 64.00
202.00 59.00 57.00 64.00
203.00 59.00 57.00 64.00
205.00 59.00 57.00 64.00
206.00 59.00 57.00 64.00
207.00 59.00 57.00 64.00
207.00 59.00 57.00 64.00
208.00 59.00 57.00 64.00
208.00 59.00 57.00 65.00
208.00 59.00 57.00 64.00
207.00 58.00 57.00 65.00
207.00 58.00 57.00 64.00
206.00 58.00 57.00 65.00
204.00 58.00 57.00 65.00
204.00 58.00 57.00 65.00
202.00 58.00 57.00 65.00
201.00 57.00 57.00 65.00
199.00 57.00 57.00 65.00
197.00 56.00 58.00 65.00
196.00 56.00 58.00 66.00
193.00 56.00 58.00 66.00
191.00 55.00 58.00 66.00
189.00 55.00 58.00 66.00
186.00 55.00 59.00 66.00
184.00 55.00 59.00 67.00
180.00 54.00 59.00 66.00
178.00 54.00 59.00 67.00
175.00 54.00 60.00 67.00
172.00 53.00 60.00 68.00
169.00 53.00 60.00 68.00
166.00 53.00 60.00 68.00
163.00 52.00 60.00 68.00
161.00 52.00 60.00 68.00
157.00 51.00 61.00 69.00
155.00 51.00 60.00 68.00
152.00 51.00 61.00 69.00
150.00 51.00 61.00 69.00
147.00 51.00 61.00 69.00
145.00 51.00 61.00 69.00
143.00 51.00 61.00 69.00
141.00 50.00 61.00 69.00
139.00 50.00 61.00 69.00
137.00 50.00 61.00 69.00
136.00 51.00 61.00 69.00
135.00 50.00 61.00 69.00
134.00 50.00 61.00 69.00
133.00 50.00 61.00 69.00
132.00 50.00 61.00 69.00
132.00 50.00 61.00 69.00
131.00 50.00 62.00 70.00
130.00 50.00 62.00 70.00
131.00 50.00 62.00 69.00
131.00 50.00 62.00 69.00
131.00 50.00 62.00 70.00
132.00 50.00 62.00 70.00
132.00 50.00 61.00 69.00
134.00 50.00 62.00 70.00
135.00 50.00 62.00 70.00
136.00 50.00 62.00 70.00
137.00 49.00 63.00 71.00
139.00 49.00 63.00 71.00
141.00 49.00 63.00 71.00
144.00 48.00 63.00 71.00
146.00 48.00 63.00 71.00
149.00 47.00 63.00 71.00
152.00 47.00 63.00 71.00
156.00 46.00 64.00 72.00
158.00 46.00 64.00 72.00
162.00 45.00 64.00 72.00
166.00 45.00 64.00 73.00
170.00 44.00 65.00 73.00
173.00 44.00 65.00 73.00
178.00 44.00 65.00 73.00
182.00 44.00 65.00 73.00
185.00 43.00 65.00 73.00
189.00 43.00 65.00 73.00
193.00 42.00 65.00 73.00
197.00 42.00 65.00 74.00
200.00 42.00 66.00 74.00
203.00 42.00 66.00 74.00
207.00 42.00 66.00 74.00
209.00 41.00 66.00 74.00
212.00 41.00 66.00 75.00
216.00 42.00 66.00 75.00
218.00 42.00 66.00 75.00
220.00 41.00 67.00 75.00
222.00 42.00 67.00 75.00
224.00 42.00 67.00 75.00
225.00 41.00 67.00 76.00
227.00 41.00 67.00 76.00
227.00 41.00 67.00 76.00
228.00 41.00 67.00 76.00
228.00 41.00 68.00 76.00
228.00 41.00 68.00 77.00
227.00 40.00 68.00 77.00
227.00 41.00 68.00 77.00
226.00 40.00 68.00 77.00
225.00 40.00 68.00 77.00
224.00 40.00 68.00 77.00
222.00 40.00 68.00 77.00
220.00 39.00 68.00 77.00
218.00 39.00 69.00 77.00
216.00 39.00 69.00 78.00
212.00 39.00 69.00 78.00
209.00 38.00 69.00 78.00
206.00 38.00 69.00 78.00
202.00 38.00 69.00 77.00
199.00 38.00 69.00 78.00
195.00 37.00 69.00 78.00
191.00 36.00 69.00 78.00
187.00 36.00 69.00 78.00
182.00 36.00 69.00 78.00
178.00 36.00 69.00 78.00
174.00 35.00 69.00 78.00
169.00 35.00 69.00 78.00
166.00 36.00 69.00 78.00
161.00 35.00 69.00 78.00
157.00 35.00 69.00 78.00
154.00 36.00 69.00 78.00
151.00 36.00 69.00 78.00
147.00 36.00 69.00 78.00
144.00 36.00 69.00 78.00
141.00 36.00 69.00 78.00
139.00 36.00 69.00 78.00
136.00 36.00 69.00 78.00
134.00 36.00 69.00 78.00
132.00 36.00 69.00 78.00
131.00 36.00 69.00 78.00
130.00 37.00 69.00 78.00
129.00 37.00 69.00 78.00
129.00 38.00 69.00 78.00
129.00 38.00 69.00 78.00
129.00 39.00 69.00 78.00
129.00 39.00 69.00 78.00
130.00 40.00 68.00 77.00
131.00 40.00 68.00 77.00
132.00 41.00 68.00 77.00
134.00 42.00 68.00 77.00
135.00 42.00 68.00 77.00
137.00 43.00 68.00 76.00
139.00 43.00 67.00 75.00
140.00 44.00 67.00 75.00
143.00 45.00 66.00 75.00
144.00 45.00 66.00 74.00
146.00 46.00 66.00 74.00
148.00 47.00 65.00 74.00
149.00 48.00 65.00 74.00
151.00 49.00 65.00 73.00
151.00 49.00 64.00 73.00
152.00 50.00 64.00 72.00
154.00 52.00 63.00 72.00
154.00 52.00 63.00 71.00
155.00 52.00 63.00 71.00
154.00 52.00 63.00 71.00
155.00 53.00 62.00 70.00
155.00 53.00 62.00 70.00
155.00 53.00 62.00 70.00
155.00 53.00 62.00 70.00
154.00 53.00 61.00 69.00
154.00 53.00 61.00 69.00
153.00 53.00 61.00 68.00
152.00 53.00 60.00 68.00
151.00 54.00 61.00 68.00
150.00 54.00 60.00 68.00
148.00 54.00 60.00 68.00
146.00 55.00 60.00 68.00
145.00 55.00 60.00 67.00
142.00 55.00 59.00 67.00
140.00 55.00 59.00 67.00
139.00 56.00 59.00 67.00
136.00 56.00 58.00 66.00
134.00 57.00 58.00 66.00
131.00 57.00 58.00 66.00
128.00 58.00 58.00 65.00
125.00 58.00 58.00 65.00
122.00 58.00 57.00 65.00
118.00 59.00 57.00 64.00
116.00 60.00 57.00 64.00
113.00 60.00 57.00 64.00
110.00 61.00 56.00 64.00
108.00 62.00 56.00 63.00
105.00 62.00 56.00 63.00
103.00 63.00 56.00 63.00
101.00 63.00 55.00 63.00
98.00 63.00 55.00 62.00
97.00 64.00 55.00 62.00
96.00 64.00 55.00 62.00
95.00 64.00 55.00 62.00
93.00 64.00 54.00 61.00
92.00 64.00 54.00 61.00
92.00 65.00 54.00 61.00
91.00 65.00 53.00 60.00
91.00 65.00 53.00 60.00
91.00 65.00 53.00 60.00
91.00 65.00 53.00 60.00
90.00 65.00 53.00 60.00
90.00 64.00 53.00 60.00
91.00 65.00 53.00 60.00
91.00 65.00 53.00 60.00
92.00 65.00 53.00 60.00
92.00 64.00 53.00 60.00
92.00 64.00 53.00 59.00
93.00 64.00 53.00 59.00
95.00 64.00 53.00 60.00
96.00 64.00 53.00 59.00
96.00 63.00 53.00 59.00
98.00 63.00 53.00 59.00
99.00 63.00 53.00 60.00
101.00 63.00 53.00 60.00
102.00 63.00 53.00 60.00
104.00 63.00 52.00 59.00
107.00 63.00 53.00 59.00
109.00 63.00 53.00 60.00
111.00 63.00 52.00 59.00
113.00 63.00 52.00 59.00
116.00 63.00 52.00 59.00
118.00 63.00 52.00 59.00
120.00 63.00 52.00 58.00
122.00 63.00 52.00 58.00
124.00 63.00 52.00 58.00
127.00 63.00 52.00 58.00
129.00 63.00 52.00 58.00
132.00 63.00 52.00 58.00
134.00 63.00 51.00 58.00
137.00 64.00 52.00 58.00
139.00 64.00 52.00 58.00
142.00 64.00 51.00 58.00
144.00 65.00 52.00 58.00
146.00 65.00 52.00 58.00
148.00 65.00 52.00 58.00
149.00 65.00 52.00 58.00
151.00 65.00 52.00 58.00
152.00 65.00 52.00 58.00
154.00 64.00 52.00 59.00
155.00 64.00 52.00 59.00
156.00 65.00 52.00 59.00
157.00 65.00 52.00 59.00
157.00 64.00 52.00 59.00
158.00 64.00 53.00 59.00
158.00 65.00 53.00 59.00
158.00 64.00 53.00 60.00
158.00 64.00 53.00 60.00
158.00 64.00 53.00 60.00
157.00 64.00 53.00 60.00
156.00 63.00 54.00 60.00
155.00 63.00 54.00 61.00
155.00 63.00 54.00 61.00
154.00 63.00 54.00 61.00
153.00 62.00 55.00 62.00
151.00 61.00 55.00 62.00
150.00 61.00 55.00 62.00
148.00 60.00 55.00 62.00
147.00 60.00 55.00 63.00
145.00 59.00 56.00 63.00
144.00 58.00 56.00 63.00
142.00 57.00 56.00 63.00
141.00 58.00 56.00 64.00
139.00 57.00 57.00 64.00
138.00 57.00 57.00 64.00
136.00 57.00 57.00 65.00
134.00 56.00 57.00 65.00
133.00 56.00 58.00 65.00
132.00 56.00 58.00 65.00
131.00 56.00 58.00 65.00
130.00 56.00 58.00 66.00
130.00 56.00 58.00 66.00
129.00 56.00 58.00 66.00
128.00 55.00 59.00 66.00
128.00 55.00 59.00 66.00
127.00 55.00 59.00 66.00
127.00 55.00 59.00 67.00
128.00 55.00 59.00 67.00
128.00 55.00 59.00 67.00
128.00 55.00 59.00 67.00
129.00 55.00 59.00 67.00
130.00 55.00 59.00 67.00
131.00 55.00 59.00 67.00
133.00 55.00 60.00 67.00
134.00 55.00 59.00 67.00
136.00 54.00 59.00 67.00
138.00 54.00 60.00 68.00
140.00 54.00 61.00 68.00
142.00 53.00 61.00 68.00
144.00 53.00 61.00 69.00
147.00 52.00 61.00 69.00
149.00 51.00 61.00 69.00
152.00 51.00 61.00 69.00
155.00 51.00 61.00 69.00
159.00 50.00 62.00 70.00
162.00 50.00 62.00 70.00
165.00 49.00 62.00 70.00
168.00 48.00 62.00 70.00
172.00 48.00 62.00 70.00
175.00 48.00 63.00 71.00
177.00 47.00 63.00 71.00
181.00 47.00 63.00 71.00
184.00 47.00 63.00 71.00
187.00 47.00 63.00 72.00
190.00 47.00 64.00 72.00
193.00 47.00 64.00 72.00
195.00 46.00 64.00 72.00
198.00 46.00 64.00 72.00
201.00 46.00 64.00 72.00
203.00 47.00 64.00 73.00
205.00 47.00 64.00 73.00
207.00 47.00 64.00 73.00
209.00 47.00 64.00 73.00
210.00 47.00 64.00 73.00
212.00 47.00 64.00 73.00
213.00 46.00 65.00 73.00
214.00 46.00 64.00 72.00
215.00 46.00 65.00 73.00
215.00 46.00 65.00 73.00
215.00 46.00 65.00 73.00
216.00 46.00 65.00 74.00
216.00 46.00 65.00 74.00
216.00 46.00 65.00 74.00
215.00 45.00 65.00 74.00
214.00 45.00 65.00 74.00
214.00 45.00 65.00 74.00
213.00 44.00 65.00 74.00
212.00 44.00 65.00 74.00
211.00 44.00 66.00 74.00
210.00 44.00 66.00 74.00
209.00 44.00 66.00 74.00
207.00 44.00 66.00 75.00
205.00 43.00 66.00 75.00
202.00 42.00 67.00 75.00
200.00 42.00 67.00 75.00
198.00 42.00 67.00 75.00
194.00 41.00 67.00 76.00
191.00 40.00 67.00 75.00
188.00 40.00 67.00 76.00
185.00 40.00 67.00 76.00
181.00 39.00 67.00 76.00
178.00 39.00 67.00 76.00
174.00 38.00 67.00 76.00
170.00 38.00 67.00 76.00
166.00 38.00 67.00 76.00
162.00 38.00 68.00 76.00
159.00 37.00 68.00 76.00
155.00 37.00 68.00 76.00
151.00 37.00 68.00 77.00
147.00 36.00 68.00 77.00
144.00 36.00 68.00 77.00
140.00 36.00 68.00 77.00
137.00 36.00 68.00 77.00
134.00 36.00 68.00 77.00
132.00 37.00 68.00 77.00
129.00 37.00 68.00 77.00
126.00 37.00 69.00 77.00
124.00 37.00 68.00 77.00
121.00 37.00 68.00 77.00
119.00 37.00 68.00 77.00
117.00 37.00 68.00 77.00
115.00 38.00 68.00 77.00
113.00 38.00 68.00 77.00
112.00 38.00 68.00 77.00
111.00 38.00 68.00 77.00
110.00 38.00 68.00 77.00
109.00 38.00 68.00 77.00
109.00 37.00 68.00 77.00
108.00 37.00 68.00 76.00
108.00 37.00 68.00 76.00
108.00 37.00 68.00 77.00
108.00 37.00 68.00 77.00
108.00 37.00 68.00 77.00
109.00 37.00 68.00 77.00
110.00 37.00 67.00 76.00
111.00 37.00 67.00 76.00
112.00 37.00 67.00 76.00
113.00 37.00 67.00 75.00
114.00 37.00 67.00 75.00
115.00 37.00 67.00 75.00
117.00 38.00 67.00 75.00
118.00 38.00 67.00 75.00
119.00 39.00 67.00 75.00
120.00 39.00 67.00 75.00
122.00 40.00 67.00 75.00
124.00 40.00 66.00 75.00
125.00 40.00 66.00 74.00
126.00 41.00 66.00 74.00
127.00 41.00 66.00 74.00
129.00 43.00 66.00 74.00
129.00 43.00 65.00 74.00
130.00 43.00 65.00 74.00
131.00 44.00 65.00 74.00
132.00 44.00 65.00 74.00
133.00 44.00 65.00 74.00
133.00 45.00 65.00 74.00
133.00 45.00 65.00 73.00
132.00 45.00 65.00 73.00
132.00 45.00 65.00 73.00
132.00 45.00 65.00 73.00
131.00 45.00 64.00 73.00
130.00 45.00 64.00 73.00
128.00 45.00 64.00 72.00
127.00 45.00 64.00 72.00
126.00 46.00 64.00 72.00
124.00 46.00 64.00 72.00
121.00 46.00 64.00 72.00
118.00 46.00 63.00 71.00
115.00 46.00 63.00 71.00
112.00 47.00 63.00 71.00
109.00 47.00 63.00 71.00
105.00 47.00 62.00 70.00
101.00 48.00 62.00 70.00
97.00 48.00 62.00 70.00
92.00 48.00 62.00 69.00
88.00 49.00 61.00 69.00
84.00 49.00 61.00 69.00
80.00 50.00 61.00 69.00
76.00 50.00 61.00 68.00
72.00 51.00 60.00 68.00
68.00 51.00 60.00 68.00
64.00 51.00 60.00 68.00
62.00 52.00 60.00 68.00
59.00 52.00 60.00 68.00
57.00 52.00 60.00 68.00
55.00 53.00 60.00 68.00
53.00 53.00 59.00 67.00
52.00 53.00 59.00 67.00
51.00 53.00 59.00 67.00
51.00 53.00 59.00 67.00
50.00 53.00 59.00 67.00
51.00 54.00 59.00 67.00
51.00 53.00 59.00 67.00
51.00 54.00 59.00 67.00
52.00 53.00 59.00 67.00
53.00 54.00 59.00 67.00
53.00 54.00 59.00 66.00
55.00 54.00 59.00 66.00
56.00 54.00 58.00 66.00
58.00 55.00 58.00 66.00
60.00 54.00 58.00 66.00
63.00 55.00 58.00 66.00
65.00 55.00 58.00 66.00
68.00 56.00 58.00 65.00
70.00 56.00 58.00 65.00
73.00 56.00 58.00 65.00
76.00 57.00 58.00 65.00
80.00 58.00 57.00 65.00
83.00 58.00 57.00 64.00
86.00 58.00 57.00 64.00
90.00 59.00 57.00 64.00
94.00 59.00 57.00 64.00
97.00 59.00 56.00 64.00
100.00 59.00 56.00 63.00
104.00 61.00 56.00 63.00
108.00 61.00 56.00 63.00
110.00 62.00 56.00 63.00
113.00 62.00 55.00 62.00
116.00 63.00 55.00 62.00
118.00 64.00 55.00 62.00
119.00 63.00 55.00 62.00
121.00 64.00 55.00 62.00
123.00 65.00 55.00 62.00
124.00 65.00 54.00 61.00
126.00 65.00 54.00 61.00
127.00 65.00 54.00 61.00
127.00 65.00 54.00 61.00
128.00 65.00 54.00 61.00
129.00 66.00 54.00 61.00
129.00 66.00 54.00 61.00
129.00 66.00 54.00 61.00
129.00 66.00 53.00 60.00
129.00 67.00 53.00 60.00
129.00 67.00 53.00 59.00
128.00 67.00 53.00 60.00
127.00 66.00 53.00 60.00
127.00 67.00 53.00 59.00
127.00 68.00 52.00 59.00
126.00 68.00 52.00 59.00
125.00 68.00 52.00 59.00
125.00 69.00 52.00 59.00
125.00 70.00 52.00 59.00
125.00 71.00 52.00 59.00
124.00 71.00 52.00 59.00
125.00 71.00 52.00 58.00
125.00 71.00 52.00 58.00
125.00 71.00 52.00 59.00
126.00 71.00 52.00 59.00
127.00 71.00 52.00 58.00
128.00 72.00 52.00 58.00
129.00 71.00 52.00 58.00
131.00 72.00 52.00 58.00
132.00 72.00 51.00 58.00
133.00 71.00 52.00 58.00
136.00 71.00 52.00 58.00
137.00 71.00 52.00 59.00
139.00 70.00 52.00 59.00
142.00 71.00 52.00 59.00
145.00 70.00 52.00 59.00
148.00 70.00 52.00 59.00
151.00 69.00 52.00 59.00
154.00 69.00 52.00 59.00
158.00 69.00 52.00 59.00
162.00 69.00 52.00 59.00
165.00 69.00 52.00 59.00
169.00 69.00 52.00 59.00
173.00 69.00 52.00 59.00
177.00 69.00 52.00 59.00
180.00 68.00 52.00 59.00
183.00 68.00 52.00 59.00
186.00 68.00 52.00 59.00
190.00 68.00 53.00 59.00
192.00 69.00 53.00 59.00
194.00 68.00 53.00 60.00
197.00 68.00 53.00 60.00
199.00 68.00 53.00 60.00
201.00 68.00 53.00 60.00
203.00 68.00 53.00 60.00
205.00 68.00 53.00 60.00
206.00 67.00 53.00 60.00
207.00 67.00 53.00 60.00
208.00 67.00 53.00 60.00
209.00 68.00 53.00 60.00
210.00 68.00 54.00 60.00
210.00 67.00 54.00 61.00
210.00 67.00 54.00 61.00
210.00 67.00 54.00 61.00
210.00 67.00 54.00 61.00
210.00 67.00 54.00 62.00
209.00 67.00 55.00 62.00
208.00 66.00 55.00 62.00
207.00 66.00 55.00 62.00
205.00 66.00 55.00 62.00
204.00 65.00 56.00 63.00
201.00 64.00 56.00 63.00
200.00 64.00 56.00 63.00
198.00 63.00 56.00 64.00
195.00 62.00 57.00 64.00
192.00 62.00 57.00 64.00
189.00 61.00 57.00 65.00
187.00 60.00 58.00 65.00
184.00 59.00 58.00 65.00
180.00 58.00 58.00 66.00
178.00 57.00 58.00 66.00
174.00 56.00 59.00 66.00
171.00 56.00 59.00 67.00
168.00 55.00 59.00 67.00
165.00 55.00 59.00 67.00
163.00 55.00 59.00 67.00
161.00 55.00 60.00 67.00
158.00 55.00 60.00 67.00
156.00 54.00 60.00 68.00
154.00 54.00 60.00 68.00
152.00 53.00 61.00 68.00
151.00 54.00 61.00 69.00
149.00 53.00 61.00 69.00
148.00 53.00 61.00 69.00
147.00 53.00 61.00 69.00
146.00 53.00 61.00 69.00
146.00 53.00 62.00 70.00
145.00 53.00 62.00 70.00
145.00 53.00 62.00 70.00
145.00 53.00 62.00 70.00
145.00 53.00 63.00 71.00
145.00 53.00 63.00 72.00
145.00 53.00 63.00 71.00
146.00 53.00 63.00 71.00
147.00 53.00 64.00 72.00
148.00 52.00 64.00 72.00
148.00 52.00 64.00 73.00
149.00 50.00 65.00 73.00
150.00 50.00 65.00 74.00
151.00 49.00 66.00 74.00
152.00 48.00 66.00 74.00
154.00 48.00 66.00 75.00
156.00 47.00 67.00 76.00
157.00 46.00 67.00 76.00
158.00 44.00 68.00 76.00
160.00 43.00 68.00 77.00
162.00 43.00 68.00 77.00
164.00 41.00 69.00 78.00
166.00 41.00 69.00 78.00
168.00 40.00 70.00 79.00
169.00 39.00 70.00 79.00
171.00 39.00 70.00 79.00
173.00 39.00 70.00 79.00
175.00 38.00 71.00 80.00
176.00 38.00 71.00 81.00
177.00 37.00 72.00 81.00
178.00 37.00 73.00 82.00
179.00 36.00 73.00 82.00
180.00 36.00 73.00 82.00
181.00 35.00 73.00 82.00
182.00 35.00 73.00 83.00
183.00 35.00 73.00 83.00
183.00 34.00 73.00 83.00
183.00 34.00 73.00 83.00
182.00 33.00 74.00 83.00
182.00 33.00 74.00 83.00
181.00 32.00 75.00 85.00
179.00 32.00 75.00 85.00
178.00 32.00 75.00 85.00
176.00 32.00 75.00 85.00
174.00 32.00 75.00 85.00
172.00 32.00 75.00 85.00
169.00 32.00 75.00 85.00
167.00 32.00 76.00 86.00
163.00 30.00 77.00 87.00
159.00 29.00 77.00 87.00
155.00 28.00 78.00 88.00
151.00 28.00 78.00 88.00
147.00 28.00 78.00 88.00
143.00 27.00 78.00 88.00
140.00 28.00 78.00 88.00
136.00 28.00 78.00 89.00
132.00 27.00 79.00 89.00
129.00 27.00 78.00 88.00
126.00 27.00 79.00 90.00
123.00 27.00 80.00 90.00
120.00 26.00 80.00 90.00
118.00 27.00 79.00 89.00
116.00 27.00 78.00 88.00
115.00 28.00 77.00 87.00
113.00 28.00 78.00 88.00
112.00 28.00 78.00 88.00
111.00 29.00 77.00 87.00
110.00 29.00 77.00 87.00
111.00 31.00 76.00 86.00
111.00 31.00 77.00 86.00
112.00 33.00 76.00 86.00
112.00 34.00 76.00 86.00
113.00 36.00 75.00 85.00
115.00 37.00 74.00 84.00
115.00 38.00 74.00 83.00
117.00 40.00 73.00 82.00
118.00 42.00 72.00 81.00
119.00 43.00 71.00 81.00
120.00 43.00 71.00 80.00
121.00 44.00 71.00 80.00
121.00 44.00 70.00 79.00
122.00 44.00 70.00 79.00
122.00 44.00 70.00 79.00
122.00 45.00 69.00 78.00
122.00 44.00 68.00 77.00
122.00 45.00 68.00 77.00
121.00 45.00 68.00 76.00
120.00 45.00 68.00 76.00
119.00 45.00 68.00 76.00
118.00 45.00 67.00 76.00
117.00 45.00 67.00 76.00
115.00 46.00 67.00 75.00
114.00 46.00 67.00 75.00
112.00 47.00 66.00 74.00
110.00 48.00 65.00 73.00
108.00 48.00 65.00 74.00
106.00 49.00 65.00 74.00
103.00 49.00 65.00 74.00
101.00 50.00 65.00 74.00
98.00 50.00 65.00 73.00
96.00 51.00 64.00 72.00
93.00 52.00 63.00 71.00
91.00 53.00 63.00 71.00
87.00 53.00 63.00 71.00
85.00 54.00 62.00 70.00
84.00 55.00 62.00 70.00
81.00 56.00 61.00 69.00
80.00 57.00 61.00 69.00
78.00 57.00 60.00 68.00
76.00 58.00 61.00 68.00
74.00 58.00 61.00 68.00
74.00 58.00 60.00 68.00
73.00 58.00 60.00 68.00
72.00 58.00 60.00 68.00
71.00 58.00 60.00 68.00
71.00 58.00 60.00 68.00
70.00 58.00 60.00 68.00
70.00 58.00 59.00 67.00
70.00 58.00 59.00 67.00
70.00 57.00 59.00 67.00
71.00 57.00 59.00 67.00
71.00 57.00 59.00 67.00
72.00 57.00 58.00 66.00
74.00 57.00 58.00 66.00
75.00 57.00 58.00 66.00
77.00 57.00 58.00 66.00
79.00 58.00 58.00 66.00
81.00 58.00 59.00 66.00
83.00 57.00 59.00 66.00
86.00 58.00 59.00 66.00
90.00 58.00 58.00 66.00
93.00 58.00 58.00 65.00
97.00 59.00 58.00 66.00
101.00 60.00 58.00 65.00
105.00 60.00 58.00 65.00
110.00 60.00 58.00 65.00
114.00 60.00 58.00 65.00
118.00 60.00 58.00 65.00
122.00 61.00 57.00 65.00
126.00 60.00 57.00 65.00
131.00 61.00 57.00 64.00
134.00 61.00 57.00 64.00
138.00 61.00 57.00 64.00
142.00 61.00 57.00 65.00
145.00 62.00 57.00 64.00
149.00 62.00 56.00 64.00
151.00 63.00 56.00 63.00
154.00 63.00 57.00 64.00
156.00 63.00 57.00 64.00
159.00 63.00 56.00 63.00
161.00 63.00 56.00 63.00
163.00 63.00 56.00 63.00
165.00 63.00 56.00 63.00
167.00 63.00 56.00 63.00
169.00 63.00 55.00 62.00
171.00 63.00 56.00 63.00
172.00 63.00 56.00 63.00
173.00 63.00 55.00 63.00
175.00 63.00 56.00 63.00
176.00 63.00 56.00 63.00
176.00 63.00 56.00 63.00
178.00 63.00 56.00 63.00
179.00 64.00 56.00 63.00
179.00 64.00 56.00 63.00
180.00 64.00 56.00 63.00
180.00 64.00 57.00 64.00
181.00 64.00 57.00 64.00
181.00 64.00 57.00 64.00
182.00 64.00 57.00 64.00
181.00 63.00 57.00 64.00
182.00 63.00 57.00 65.00
181.00 63.00 57.00 64.00
181.00 63.00 57.00 65.00
180.00 62.00 58.00 65.00
180.00 62.00 58.00 65.00
179.00 62.00 58.00 65.00
178.00 61.00 58.00 66.00
177.00 60.00 59.00 66.00
176.00 60.00 59.00 66.00
175.00 59.00 59.00 66.00
173.00 58.00 59.00 66.00
171.00 57.00 59.00 67.00
170.00 56.00 59.00 67.00
169.00 56.00 60.00 67.00
167.00 55.00 60.00 68.00
165.00 54.00 60.00 68.00
164.00 54.00 60.00 68.00
163.00 54.00 60.00 68.00
161.00 54.00 60.00 68.00
161.00 53.00 61.00 69.00
160.00 53.00 61.00 69.00
158.00 53.00 61.00 69.00
158.00 53.00 61.00 69.00
157.00 52.00 61.00 69.00
157.00 52.00 62.00 70.00
156.00 52.00 62.00 70.00
156.00 52.00 62.00 69.00
156.00 51.00 62.00 70.00
156.00 52.00 62.00 70.00
156.00 51.00 62.00 70.00
156.00 51.00 62.00 70.00
157.00 51.00 62.00 70.00
158.00 51.00 62.00 71.00
158.00 51.00 63.00 71.00
159.00 50.00 63.00 71.00
160.00 50.00 63.00 71.00
162.00 51.00 63.00 71.00
163.00 50.00 64.00 72.00
164.00 49.00 64.00 72.00
166.00 48.00 64.00 72.00
168.00 48.00 64.00 72.00
171.00 47.00 64.00 72.00
173.00 46.00 65.00 73.00
175.00 45.00 65.00 73.00
177.00 44.00 65.00 74.00
179.00 44.00 66.00 74.00
182.00 43.00 66.00 75.00
185.00 42.00 66.00 75.00
187.00 41.00 66.00 75.00
189.00 40.00 66.00 75.00
192.00 39.00 67.00 76.00
194.00 38.00 67.00 76.00
196.00 38.00 68.00 76.00
199.00 37.00 68.00 77.00
201.00 37.00 68.00 77.00
203.00 36.00 68.00 77.00
205.00 36.00 69.00 78.00
206.00 36.00 69.00 78.00
207.00 35.00 70.00 79.00
208.00 34.00 70.00 79.00
209.00 34.00 70.00 79.00
210.00 34.00 71.00 80.00
210.00 33.00 71.00 80.00
210.00 34.00 71.00 80.00
210.00 34.00 71.00 80.00
208.00 34.00 71.00 80.00
207.00 34.00 72.00 81.00
205.00 34.00 72.00 81.00
203.00 35.00 72.00 81.00
200.00 34.00 73.00 82.00
198.00 35.00 73.00 82.00
195.00 35.00 73.00 82.00
193.00 36.00 72.00 81.00
190.00 36.00 72.00 81.00
188.00 37.00 72.00 82.00
185.00 37.00 72.00 81.00
181.00 37.00 72.00 81.00
178.00 37.00 72.00 81.00
174.00 37.00 72.00 82.00
171.00 37.00 72.00 81.00
167.00 37.00 72.00 81.00
163.00 37.00 72.00 81.00
159.00 36.00 72.00 81.00
155.00 36.00 72.00 82.00
150.00 36.00 73.00 82.00
146.00 35.00 73.00 83.00
143.00 35.00 73.00 83.00
138.00 35.00 73.00 83.00
134.00 35.00 73.00 83.00
130.00 35.00 73.00 82.00
125.00 35.00 73.00 82.00
122.00 36.00 73.00 82.00
117.00 37.00 73.00 82.00
113.00 38.00 73.00 83.00
110.00 39.00 74.00 83.00
106.00 40.00 74.00 83.00
103.00 41.00 74.00 84.00
99.00 42.00 74.00 84.00
96.00 43.00 74.00 83.00
94.00 43.00 74.00 83.00
91.00 44.00 74.00 84.00
90.00 44.00 74.00 84.00
87.00 44.00 74.00 84.00
86.00 45.00 74.00 83.00
86.00 45.00 74.00 83.00
85.00 45.00 73.00 83.00
83.00 45.00 73.00 82.00
83.00 46.00 73.00 82.00
84.00 47.00 72.00 81.00
84.00 47.00 71.00 81.00
84.00 47.00 71.00 80.00
85.00 49.00 70.00 80.00
86.00 49.00 70.00 80.00
87.00 50.00 70.00 79.00
88.00 50.00 70.00 79.00
89.00 51.00 70.00 78.00
91.00 53.00 69.00 78.00
93.00 54.00 68.00 77.00
94.00 55.00 68.00 77.00
96.00 56.00 67.00 76.00
97.00 57.00 67.00 76.00
97.00 57.00 67.00 75.00
99.00 58.00 66.00 74.00
99.00 58.00 65.00 74.00
100.00 58.00 65.00 73.00
101.00 58.00 65.00 73.00
101.00 58.00 64.00 73.00
100.00 57.00 64.00 73.00
100.00 57.00 64.00 73.00
100.00 57.00 64.00 72.00
99.00 57.00 63.00 71.00
98.00 57.00 63.00 71.00
97.00 57.00 62.00 70.00
96.00 57.00 62.00 70.00
94.00 57.00 62.00 70.00
92.00 57.00 61.00 69.00
90.00 58.00 61.00 69.00
88.00 58.00 60.00 68.00
85.00 59.00 60.00 68.00
83.00 59.00 60.00 68.00
79.00 60.00 59.00 67.00
76.00 60.00 59.00 66.00
73.00 61.00 58.00 66.00
70.00 62.00 58.00 65.00
66.00 62.00 57.00 65.00
63.00 63.00 57.00 64.00
61.00 64.00 57.00 64.00
58.00 64.00 56.00 63.00
56.00 66.00 56.00 63.00
53.00 66.00 56.00 63.00
52.00 66.00 55.00 62.00
50.00 67.00 55.00 62.00
49.00 67.00 55.00 62.00
49.00 67.00 55.00 62.00
48.00 67.00 55.00 62.00
47.00 67.00 54.00 61.00
48.00 67.00 54.00 61.00
48.00 66.00 54.00 61.00
49.00 66.00 54.00 61.00
50.00 66.00 53.00 60.00
51.00 66.00 53.00 60.00
53.00 66.00 53.00 60.00
54.00 66.00 53.00 60.00
56.00 66.00 53.00 60.00
58.00 65.00 53.00 60.00
61.00 65.00 53.00 59.00
64.00 65.00 53.00 59.00
67.00 66.00 53.00 59.00
71.00 66.00 52.00 59.00
75.00 66.00 52.00 59.00
79.00 66.00 52.00 59.00
84.00 66.00 52.00 59.00
88.00 67.00 52.00 59.00
93.00 67.00 52.00 58.00
97.00 67.00 52.00 58.00
102.00 67.00 52.00 58.00
108.00 67.00 51.00 58.00
112.00 67.00 51.00 58.00
116.00 67.00 51.00 58.00
120.00 68.00 51.00 58.00
124.00 68.00 51.00 58.00
127.00 68.00 51.00 58.00
130.00 68.00 51.00 58.00
133.00 68.00 51.00 58.00
136.00 69.00 51.00 58.00
138.00 69.00 51.00 58.00
139.00 69.00 51.00 58.00
141.00 69.00 51.00 58.00
142.00 69.00 51.00 58.00
143.00 69.00 51.00 58.00
144.00 69.00 51.00 58.00
143.00 69.00 51.00 58.00
144.00 69.00 51.00 58.00
143.00 68.00 51.00 58.00
142.00 68.00 51.00 58.00
141.00 68.00 52.00 58.00
140.00 68.00 52.00 58.00
138.00 68.00 52.00 59.00
136.00 67.00 52.00 59.00
135.00 67.00 52.00 59.00
132.00 67.00 52.00 59.00
129.00 66.00 52.00 59.00
126.00 66.00 53.00 60.00
122.00 65.00 53.00 60.00
119.00 65.00 53.00 60.00
115.00 65.00 53.00 60.00
111.00 64.00 53.00 60.00
107.00 63.00 54.00 61.00
102.00 61.00 54.00 61.00
98.00 61.00 54.00 61.00
93.00 60.00 54.00 61.00
89.00 59.00 54.00 61.00
85.00 59.00 55.00 62.00
80.00 58.00 55.00 62.00
77.00 58.00 55.00 62.00
72.00 58.00 55.00 62.00
69.00 57.00 55.00 63.00
65.00 57.00 56.00 63.00
62.00 56.00 56.00 63.00
60.00 56.00 56.00 63.00
57.00 55.00 56.00 63.00
55.00 56.00 56.00 63.00
53.00 56.00 56.00 64.00
52.00 55.00 56.00 64.00
50.00 55.00 57.00 64.00
49.00 55.00 57.00 64.00
48.00 55.00 57.00 64.00
47.00 54.00 57.00 65.00
48.00 55.00 58.00 65.00
48.00 55.00 58.00 65.00
47.00 54.00 58.00 65.00
48.00 54.00 58.00 66.00
49.00 55.00 58.00 66.00
49.00 54.00 59.00 66.00
50.00 55.00 59.00 67.00
51.00 54.00 59.00 67.00
53.00 54.00 59.00 67.00
54.00 53.00 59.00 66.00
56.00 53.00 59.00 66.00
58.00 52.00 59.00 67.00
60.00 51.00 60.00 67.00
63.00 51.00 60.00 68.00
66.00 49.00 60.00 67.00
69.00 48.00 60.00 68.00
72.00 48.00 60.00 68.00
75.00 47.00 60.00 68.00
78.00 47.00 61.00 69.00
81.00 46.00 61.00 69.00
85.00 46.00 62.00 70.00
88.00 45.00 62.00 70.00
92.00 46.00 62.00 70.00
94.00 45.00 62.00 71.00
98.00 46.00 62.00 71.00
101.00 45.00 63.00 71.00
104.00 45.00 63.00 71.00
107.00 45.00 63.00 71.00
110.00 46.00 63.00 72.00
112.00 46.00 64.00 72.00
115.00 46.00 64.00 72.00
117.00 46.00 64.00 73.00
119.00 45.00 65.00 73.00
120.00 45.00 65.00 74.00
122.00 45.00 65.00 74.00
123.00 44.00 66.00 74.00
124.00 44.00 66.00 75.00
125.00 43.00 67.00 75.00
127.00 43.00 67.00 75.00
128.00 43.00 67.00 76.00
129.00 43.00 67.00 76.00
129.00 42.00 67.00 76.00
129.00 42.00 67.00 76.00
129.00 42.00 67.00 76.00
129.00 41.00 68.00 76.00
128.00 40.00 68.00 77.00
127.00 39.00 68.00 77.00
128.00 39.00 69.00 77.00
127.00 39.00 69.00 78.00
126.00 39.00 69.00 78.00
126.00 39.00 69.00 78.00
126.00 39.00 69.00 78.00
126.00 39.00 69.00 78.00
125.00 39.00 69.00 78.00
125.00 39.00 69.00 78.00
125.00 39.00 70.00 79.00
125.00 39.00 70.00 79.00
124.00 38.00 70.00 79.00
125.00 38.00 71.00 80.00
124.00 37.00 71.00 80.00
126.00 37.00 71.00 80.00
126.00 37.00 71.00 80.00
127.00 36.00 71.00 80.00
128.00 36.00 71.00 80.00
129.00 35.00 71.00 81.00
132.00 35.00 72.00 81.00
133.00 35.00 71.00 81.00
135.00 34.00 72.00 81.00
137.00 34.00 72.00 81.00
140.00 34.00 72.00 81.00
143.00 35.00 71.00 80.00
145.00 34.00 72.00 81.00
147.00 34.00 72.00 82.00
150.00 34.00 73.00 82.00
153.00 34.00 73.00 82.00
156.00 34.00 73.00 82.00
159.00 34.00 73.00 82.00
162.00 34.00 73.00 82.00
166.00 35.00 73.00 82.00
168.00 35.00 73.00 82.00
170.00 35.00 72.00 82.00
171.00 35.00 72.00 82.00
172.00 35.00 72.00 82.00
174.00 36.00 72.00 82.00
174.00 37.00 72.00 82.00
176.00 37.00 72.00 82.00
176.00 37.00 72.00 82.00
177.00 37.00 72.00 81.00
178.00 37.00 72.00 81.00
178.00 37.00 71.00 81.00
178.00 37.00 71.00 80.00
178.00 37.00 71.00 80.00
178.00 38.00 71.00 80.00
178.00 38.00 70.00 79.00
178.00 39.00 69.00 78.00
179.00 40.00 69.00 78.00
179.00 41.00 69.00 78.00
179.00 42.00 68.00 76.00
179.00 43.00 67.00 76.00
179.00 44.00 67.00 75.00
180.00 45.00 66.00 75.00
181.00 46.00 66.00 75.00
183.00 48.00 65.00 74.00
183.00 49.00 65.00 73.00
184.00 51.00 64.00 72.00
184.00 52.00 64.00 73.00
184.00 53.00 63.00 71.00
185.00 55.00 63.00 71.00
186.00 56.00 62.00 71.00
186.00 56.00 62.00 70.00
187.00 55.00 63.00 71.00
188.00 55.00 61.00 69.00
190.00 56.00 61.00 69.00
192.00 56.00 60.00 68.00
193.00 57.00 59.00 67.00
195.00 57.00 58.00 66.00
196.00 58.00 59.00 66.00
197.00 58.00 59.00 66.00
200.00 60.00 58.00 66.00
201.00 61.00 58.00 65.00
203.00 61.00 58.00 65.00
205.00 62.00 57.00 65.00
208.00 62.00 58.00 65.00
210.00 62.00 58.00 65.00
212.00 63.00 57.00 65.00
214.00 63.00 57.00 65.00
215.00 64.00 57.00 65.00
216.00 65.00 57.00 64.00
217.00 66.00 57.00 64.00
217.00 67.00 57.00 64.00
217.00 67.00 57.00 64.00
217.00 67.00 57.00 64.00
217.00 67.00 57.00 64.00
216.00 67.00 57.00 64.00
215.00 68.00 57.00 64.00
213.00 68.00 57.00 64.00
211.00 68.00 57.00 65.00
208.00 69.00 57.00 65.00
205.00 69.00 57.00 65.00
201.00 69.00 57.00 65.00
198.00 69.00 57.00 64.00
193.00 68.00 57.00 64.00
189.00 68.00 57.00 64.00
184.00 68.00 57.00 64.00
179.00 69.00 57.00 64.00
174.00 68.00 56.00 63.00
169.00 69.00 56.00 63.00
164.00 69.00 56.00 63.00
159.00 68.00 56.00 63.00
154.00 67.00 56.00 63.00
149.00 66.00 56.00 63.00
145.00 66.00 55.00 63.00
140.00 65.00 55.00 62.00
136.00 65.00 55.00 62.00
133.00 65.00 55.00 62.00
130.00 65.00 55.00 62.00
127.00 65.00 55.00 62.00
123.00 64.00 55.00 62.00
120.00 63.00 56.00 63.00
116.00 62.00 57.00 64.00
114.00 63.00 57.00 64.00
111.00 62.00 57.00 64.00
108.00 62.00 56.00 64.00
105.00 62.00 57.00 64.00
104.00 62.00 57.00 64.00
101.00 62.00 57.00 64.00
99.00 61.00 57.00 65.00
97.00 60.00 58.00 65.00
95.00 59.00 58.00 65.00
93.00 57.00 59.00 66.00
91.00 57.00 59.00 66.00
89.00 55.00 59.00 66.00
87.00 55.00 59.00 67.00
86.00 55.00 59.00 67.00
83.00 54.00 59.00 67.00
81.00 54.00 60.00 67.00
78.00 54.00 60.00 68.00
76.00 53.00 60.00 68.00
75.00 52.00 60.00 68.00
72.00 50.00 61.00 68.00
69.00 49.00 61.00 69.00
67.00 49.00 61.00 69.00
65.00 49.00 61.00 69.00
62.00 49.00 61.00 69.00
59.00 48.00 61.00 69.00
57.00 48.00 61.00 69.00
54.00 47.00 60.00 68.00
52.00 47.00 60.00 68.00
50.00 47.00 60.00 68.00
49.00 48.00 60.00 67.00
46.00 48.00 60.00 67.00
43.00 49.00 60.00 67.00
41.00 51.00 60.00 67.00
39.00 52.00 59.00 67.00
35.00 53.00 59.00 67.00
33.00 55.00 59.00 67.00
29.00 56.00 60.00 68.00
27.00 58.00 60.00 67.00
24.00 58.00 59.00 67.00
22.00 59.00 60.00 67.00
20.00 60.00 59.00 67.00
17.00 61.00 59.00 67.00
15.00 61.00 60.00 67.00
13.00 61.00 60.00 68.00
