163.00 44.00 47.00 164.00
164.00 41.00 47.00 165.00
164.00 36.00 49.00 170.00
164.00 32.00 50.00 176.00
164.00 31.00 51.00 178.00
164.00 31.00 51.00 178.00
165.00 35.00 51.00 179.00
165.00 39.00 50.00 174.00
160.00 35.00 51.00 177.00
159.00 32.00 52.00 180.00
162.00 35.00 51.00 177.00
166.00 39.00 50.00 174.00
171.00 20.00 51.00 177.00
173.00 19.00 50.00 175.00
158.00 21.00 50.00 175.00
159.00 27.00 50.00 173.00
159.00 29.00 50.00 173.00
171.00 -50.00 49.00 172.00
172.00 -51.00 49.00 171.00
169.00 -36.00 49.00 170.00
166.00 -21.00 48.00 166.00
148.00 58.00 47.00 164.00
149.00 59.00 47.00 165.00
148.00 60.00 47.00 165.00
152.00 61.00 47.00 164.00
168.00 89.00 46.00 160.00
168.00 94.00 47.00 162.00
153.00 92.00 46.00 159.00
145.00 90.00 46.00 162.00
133.00 88.00 46.00 161.00
123.00 64.00 46.00 162.00
116.00 63.00 45.00 159.00
112.00 58.00 45.00 157.00
159.00 65.00 45.00 157.00
154.00 56.00 46.00 160.00
153.00 50.00 46.00 162.00
153.00 50.00 46.00 162.00
154.00 44.00 46.00 159.00
150.00 39.00 46.00 159.00
165.00 46.00 46.00 159.00
159.00 45.00 46.00 159.00
157.00 54.00 44.00 154.00
158.00 54.00 44.00 153.00
156.00 57.00 44.00 152.00
155.00 60.00 43.00 149.00
156.00 61.00 43.00 149.00
157.00 62.00 43.00 150.00
155.00 63.00 43.00 149.00
153.00 64.00 42.00 148.00
154.00 65.00 42.00 147.00
154.00 68.00 41.00 145.00
153.00 70.00 41.00 144.00
153.00 72.00 41.00 144.00
151.00 74.00 41.00 143.00
151.00 74.00 41.00 144.00
148.00 75.00 41.00 144.00
145.00 76.00 41.00 144.00
141.00 77.00 41.00 145.00
135.00 76.00 42.00 145.00
129.00 74.00 42.00 148.00
123.00 70.00 43.00 148.00
114.00 66.00 42.00 148.00
109.00 63.00 43.00 149.00
106.00 61.00 43.00 150.00
102.00 59.00 44.00 153.00
99.00 61.00 44.00 154.00
99.00 64.00 44.00 154.00
99.00 68.00 44.00 152.00
100.00 68.00 43.00 150.00
101.00 71.00 42.00 147.00
103.00 74.00 41.00 144.00
112.00 75.00 40.00 141.00
118.00 76.00 40.00 138.00
119.00 74.00 39.00 137.00
120.00 75.00 39.00 136.00
120.00 72.00 39.00 135.00
121.00 69.00 39.00 136.00
122.00 66.00 39.00 137.00
123.00 66.00 40.00 138.00
124.00 65.00 40.00 140.00
126.00 65.00 40.00 140.00
127.00 65.00 40.00 139.00
129.00 66.00 40.00 139.00
132.00 68.00 39.00 137.00
134.00 68.00 39.00 136.00
137.00 69.00 38.00 134.00
137.00 69.00 38.00 133.00
140.00 70.00 38.00 133.00
141.00 70.00 38.00 132.00
143.00 71.00 37.00 130.00
145.00 71.00 37.00 130.00
148.00 75.00 37.00 128.00
147.00 75.00 36.00 125.00
148.00 79.00 35.00 123.00
148.00 82.00 35.00 121.00
149.00 90.00 34.00 119.00
151.00 93.00 34.00 117.00
155.00 96.00 33.00 116.00
158.00 98.00 32.00 113.00
161.00 98.00 32.00 112.00
166.00 98.00 32.00 111.00
168.00 97.00 32.00 111.00
168.00 97.00 32.00 111.00
170.00 95.00 32.00 112.00
172.00 92.00 33.00 114.00
173.00 89.00 33.00 115.00
173.00 87.00 34.00 117.00
166.00 66.00 34.00 118.00
166.00 66.00 34.00 118.00
169.00 104.00 34.00 120.00
169.00 109.00 34.00 120.00
164.00 109.00 34.00 120.00
161.00 110.00 35.00 121.00
160.00 112.00 35.00 121.00
159.00 113.00 35.00 122.00
153.00 91.00 35.00 122.00
154.00 90.00 35.00 122.00
152.00 87.00 35.00 123.00
152.00 87.00 35.00 123.00
153.00 82.00 35.00 122.00
153.00 79.00 35.00 123.00
148.00 76.00 35.00 123.00
144.00 74.00 35.00 123.00
142.00 73.00 36.00 124.00
142.00 72.00 36.00 126.00
142.00 72.00 37.00 128.00
147.00 73.00 37.00 128.00
154.00 76.00 37.00 128.00
156.00 77.00 37.00 128.00
157.00 79.00 37.00 128.00
161.00 94.00 37.00 128.00
161.00 98.00 37.00 129.00
160.00 101.00 37.00 128.00
161.00 79.00 36.00 127.00
160.00 79.00 36.00 126.00
163.00 80.00 36.00 125.00
162.00 80.00 36.00 125.00
162.00 80.00 36.00 126.00
161.00 79.00 36.00 127.00
158.00 78.00 36.00 126.00
157.00 77.00 36.00 124.00
152.00 76.00 35.00 123.00
145.00 76.00 35.00 122.00
138.00 74.00 35.00 123.00
126.00 73.00 36.00 125.00
122.00 71.00 36.00 127.00
117.00 69.00 37.00 128.00
116.00 68.00 37.00 130.00
113.00 67.00 38.00 133.00
111.00 67.00 39.00 135.00
111.00 69.00 39.00 134.00
112.00 71.00 38.00 134.00
114.00 75.00 38.00 133.00
115.00 79.00 38.00 133.00
116.00 85.00 38.00 132.00
117.00 89.00 38.00 134.00
120.00 90.00 40.00 138.00
123.00 91.00 41.00 142.00
125.00 91.00 41.00 145.00
127.00 89.00 41.00 144.00
129.00 88.00 41.00 143.00
132.00 87.00 40.00 140.00
135.00 88.00 39.00 137.00
135.00 90.00 38.00 134.00
136.00 106.00 38.00 133.00
147.00 76.00 37.00 130.00
144.00 77.00 37.00 128.00
140.00 77.00 36.00 126.00
139.00 77.00 36.00 124.00
133.00 78.00 35.00 123.00
129.00 80.00 35.00 121.00
126.00 82.00 34.00 119.00
124.00 83.00 34.00 117.00
122.00 87.00 33.00 116.00
122.00 87.00 33.00 114.00
122.00 89.00 33.00 114.00
121.00 90.00 32.00 112.00
122.00 91.00 32.00 112.00
121.00 91.00 32.00 111.00
119.00 92.00 32.00 111.00
120.00 91.00 31.00 110.00
121.00 89.00 31.00 109.00
122.00 86.00 31.00 109.00
124.00 80.00 31.00 108.00
132.00 65.00 31.00 107.00
95.00 70.00 31.00 108.00
94.00 71.00 31.00 109.00
92.00 71.00 31.00 109.00
107.00 84.00 31.00 109.00
103.00 82.00 32.00 110.00
99.00 75.00 32.00 111.00
79.00 106.00 32.00 112.00
96.00 96.00 32.00 113.00
92.00 95.00 32.00 112.00
83.00 76.00 32.00 111.00
83.00 73.00 32.00 112.00
81.00 72.00 32.00 112.00
85.00 73.00 32.00 111.00
86.00 73.00 32.00 111.00
90.00 75.00 32.00 110.00
94.00 76.00 31.00 109.00
97.00 77.00 31.00 109.00
97.00 79.00 31.00 108.00
98.00 81.00 31.00 108.00
98.00 81.00 31.00 108.00
97.00 81.00 31.00 108.00
96.00 81.00 31.00 108.00
99.00 81.00 31.00 107.00
99.00 78.00 31.00 107.00
105.00 73.00 30.00 106.00
126.00 77.00 30.00 106.00
130.00 73.00 30.00 104.00
132.00 70.00 30.00 104.00
135.00 69.00 30.00 103.00
153.00 43.00 30.00 103.00
160.00 45.00 30.00 106.00
154.00 39.00 31.00 107.00
136.00 67.00 31.00 107.00
136.00 67.00 31.00 107.00
135.00 67.00 31.00 108.00
134.00 68.00 31.00 109.00
132.00 70.00 31.00 109.00
130.00 70.00 31.00 110.00
126.00 69.00 32.00 110.00
125.00 68.00 32.00 111.00
123.00 68.00 32.00 111.00
121.00 69.00 32.00 111.00
124.00 71.00 32.00 111.00
128.00 71.00 32.00 113.00
132.00 73.00 33.00 114.00
134.00 75.00 33.00 116.00
128.00 118.00 33.00 116.00
134.00 118.00 33.00 115.00
114.00 126.00 33.00 115.00
117.00 124.00 33.00 114.00
120.00 123.00 33.00 114.00
120.00 122.00 32.00 113.00
125.00 121.00 32.00 113.00
128.00 119.00 32.00 112.00
132.00 116.00 32.00 113.00
135.00 115.00 32.00 113.00
139.00 114.00 32.00 112.00
142.00 113.00 32.00 111.00
167.00 156.00 32.00 110.00
187.00 164.00 31.00 109.00
180.00 158.00 31.00 108.00
175.00 155.00 31.00 109.00
176.00 182.00 31.00 110.00
176.00 178.00 31.00 109.00
170.00 240.00 32.00 111.00
180.00 240.00 32.00 111.00
181.00 239.00 32.00 113.00
168.00 237.00 33.00 116.00
168.00 238.00 34.00 118.00
167.00 238.00 35.00 121.00
165.00 236.00 35.00 122.00
158.00 236.00 36.00 125.00
157.00 236.00 37.00 127.00
160.00 236.00 37.00 129.00
164.00 236.00 37.00 129.00
154.00 236.00 37.00 129.00
150.00 236.00 37.00 130.00
151.00 236.00 37.00 131.00
149.00 235.00 37.00 131.00
155.00 235.00 38.00 131.00
156.00 236.00 38.00 133.00
151.00 235.00 38.00 134.00
158.00 235.00 39.00 135.00
158.00 235.00 39.00 135.00
162.00 235.00 39.00 136.00
156.00 234.00 39.00 137.00
153.00 234.00 40.00 139.00
155.00 234.00 40.00 140.00
168.00 233.00 41.00 142.00
160.00 233.00 41.00 143.00
159.00 233.00 41.00 144.00
161.00 232.00 42.00 145.00
165.00 233.00 42.00 147.00
165.00 233.00 42.00 145.00
174.00 232.00 42.00 146.00
166.00 232.00 42.00 147.00
162.00 232.00 43.00 148.00
156.00 232.00 42.00 148.00
150.00 232.00 43.00 150.00
149.00 232.00 43.00 150.00
132.00 232.00 43.00 149.00
124.00 232.00 43.00 149.00
128.00 232.00 43.00 150.00
126.00 232.00 43.00 151.00
124.00 232.00 44.00 152.00
119.00 232.00 43.00 152.00
112.00 231.00 44.00 154.00
123.00 231.00 44.00 155.00
123.00 231.00 45.00 156.00
124.00 231.00 45.00 157.00
127.00 230.00 45.00 157.00
126.00 230.00 45.00 157.00
124.00 230.00 45.00 159.00
118.00 231.00 45.00 158.00
123.00 230.00 46.00 159.00
117.00 231.00 45.00 158.00
126.00 232.00 44.00 155.00
133.00 232.00 43.00 151.00
135.00 232.00 43.00 150.00
136.00 233.00 43.00 148.00
138.00 233.00 42.00 147.00
140.00 232.00 42.00 146.00
139.00 233.00 42.00 146.00
150.00 233.00 42.00 146.00
137.00 232.00 42.00 147.00
135.00 232.00 42.00 148.00
131.00 232.00 43.00 149.00
131.00 231.00 43.00 151.00
123.00 232.00 44.00 153.00
125.00 232.00 44.00 153.00
139.00 231.00 44.00 154.00
144.00 231.00 44.00 152.00
140.00 232.00 43.00 150.00
139.00 232.00 43.00 150.00
136.00 232.00 43.00 149.00
134.00 232.00 42.00 147.00
128.00 233.00 42.00 145.00
125.00 234.00 41.00 142.00
128.00 234.00 41.00 142.00
130.00 234.00 40.00 140.00
132.00 235.00 39.00 137.00
132.00 236.00 39.00 136.00
129.00 236.00 38.00 134.00
127.00 237.00 38.00 131.00
147.00 236.00 37.00 130.00
145.00 237.00 37.00 128.00
146.00 237.00 36.00 127.00
136.00 237.00 36.00 126.00
133.00 237.00 36.00 126.00
137.00 236.00 37.00 128.00
132.00 235.00 37.00 129.00
131.00 235.00 38.00 133.00
124.00 234.00 39.00 135.00
107.00 234.00 39.00 138.00
107.00 234.00 40.00 138.00
101.00 233.00 40.00 139.00
102.00 233.00 40.00 140.00
99.00 234.00 41.00 141.00
97.00 233.00 41.00 143.00
95.00 233.00 41.00 144.00
95.00 232.00 41.00 144.00
86.00 232.00 41.00 144.00
83.00 233.00 42.00 147.00
84.00 232.00 42.00 146.00
113.00 231.00 42.00 147.00
116.00 231.00 42.00 148.00
118.00 231.00 43.00 151.00
121.00 231.00 43.00 151.00
123.00 230.00 44.00 152.00
120.00 231.00 44.00 153.00
125.00 230.00 44.00 154.00
122.00 230.00 44.00 154.00
113.00 230.00 44.00 155.00
100.00 230.00 45.00 157.00
111.00 230.00 45.00 158.00
121.00 229.00 45.00 159.00
128.00 229.00 46.00 160.00
120.00 229.00 46.00 161.00
125.00 229.00 46.00 160.00
124.00 230.00 46.00 161.00
124.00 229.00 46.00 161.00
132.00 229.00 47.00 163.00
131.00 228.00 47.00 163.00
132.00 229.00 47.00 164.00
130.00 228.00 47.00 165.00
128.00 229.00 48.00 167.00
133.00 228.00 48.00 166.00
154.00 228.00 48.00 167.00
137.00 228.00 47.00 165.00
133.00 229.00 47.00 163.00
128.00 229.00 46.00 162.00
129.00 229.00 46.00 160.00
127.00 230.00 45.00 156.00
127.00 231.00 44.00 154.00
123.00 231.00 44.00 152.00
120.00 231.00 43.00 151.00
112.00 232.00 43.00 150.00
112.00 232.00 43.00 150.00
106.00 232.00 42.00 148.00
106.00 232.00 42.00 147.00
107.00 233.00 42.00 147.00
104.00 234.00 41.00 143.00
104.00 234.00 41.00 142.00
111.00 233.00 41.00 143.00
121.00 234.00 40.00 140.00
125.00 233.00 40.00 139.00
127.00 234.00 40.00 139.00
133.00 234.00 40.00 138.00
141.00 235.00 39.00 136.00
159.00 235.00 38.00 133.00
167.00 235.00 38.00 132.00
172.00 235.00 37.00 131.00
176.00 235.00 37.00 131.00
181.00 234.00 37.00 131.00
181.00 235.00 38.00 132.00
180.00 235.00 38.00 134.00
179.00 235.00 38.00 134.00
180.00 234.00 39.00 134.00
180.00 234.00 38.00 133.00
182.00 235.00 38.00 132.00
185.00 235.00 38.00 132.00
189.00 234.00 38.00 132.00
197.00 235.00 38.00 132.00
214.00 235.00 38.00 133.00
205.00 233.00 39.00 137.00
202.00 233.00 40.00 139.00
202.00 233.00 40.00 141.00
204.00 233.00 40.00 141.00
209.00 232.00 40.00 141.00
220.00 232.00 41.00 142.00
224.00 232.00 41.00 145.00
213.00 230.00 42.00 147.00
213.00 230.00 43.00 149.00
205.00 231.00 43.00 152.00
202.00 229.00 45.00 156.00
201.00 230.00 46.00 159.00
203.00 229.00 46.00 161.00
209.00 228.00 46.00 161.00
206.00 229.00 47.00 162.00
206.00 228.00 47.00 164.00
205.00 229.00 47.00 165.00
200.00 228.00 47.00 165.00
207.00 228.00 48.00 166.00
230.00 228.00 49.00 170.00
246.00 228.00 48.00 169.00
247.00 228.00 48.00 169.00
253.00 227.00 49.00 172.00
246.00 227.00 50.00 174.00
189.00 226.00 50.00 175.00
184.00 225.00 50.00 175.00
