289.00 67.00 64.00 236.00
286.00 66.00 64.00 237.00
287.00 68.00 64.00 235.00
284.00 69.00 63.00 233.00
282.00 68.00 64.00 235.00
277.00 69.00 64.00 237.00
275.00 69.00 65.00 240.00
268.00 70.00 65.00 239.00
266.00 72.00 65.00 239.00
263.00 78.00 64.00 237.00
262.00 84.00 63.00 231.00
250.00 85.00 61.00 226.00
248.00 89.00 60.00 221.00
283.00 90.00 59.00 218.00
240.00 105.00 57.00 209.00
241.00 111.00 55.00 203.00
249.00 106.00 55.00 204.00
253.00 107.00 52.00 194.00
255.00 107.00 52.00 192.00
256.00 107.00 51.00 190.00
260.00 102.00 51.00 189.00
259.00 97.00 53.00 194.00
277.00 100.00 52.00 193.00
280.00 102.00 52.00 192.00
291.00 104.00 53.00 194.00
295.00 104.00 54.00 198.00
303.00 107.00 54.00 198.00
308.00 102.00 55.00 203.00
315.00 98.00 55.00 203.00
263.00 102.00 55.00 203.00
267.00 98.00 56.00 206.00
271.00 98.00 56.00 206.00
292.00 92.00 57.00 209.00
327.00 74.00 56.00 208.00
320.00 70.00 57.00 209.00
314.00 68.00 57.00 210.00
309.00 72.00 56.00 207.00
310.00 77.00 56.00 205.00
304.00 84.00 55.00 201.00
302.00 88.00 54.00 199.00
315.00 92.00 54.00 198.00
322.00 94.00 54.00 198.00
328.00 94.00 54.00 199.00
330.00 93.00 54.00 199.00
330.00 95.00 54.00 199.00
330.00 96.00 55.00 201.00
329.00 96.00 55.00 202.00
326.00 95.00 55.00 202.00
323.00 96.00 55.00 202.00
320.00 95.00 55.00 202.00
313.00 95.00 55.00 203.00
312.00 96.00 55.00 204.00
310.00 97.00 55.00 202.00
310.00 97.00 55.00 204.00
302.00 98.00 56.00 205.00
306.00 99.00 56.00 206.00
288.00 95.00 55.00 205.00
290.00 95.00 56.00 205.00
293.00 96.00 56.00 205.00
294.00 96.00 55.00 204.00
295.00 93.00 54.00 200.00
300.00 94.00 55.00 201.00
302.00 91.00 55.00 201.00
304.00 90.00 55.00 201.00
333.00 82.00 54.00 200.00
329.00 80.00 54.00 200.00
315.00 81.00 54.00 199.00
307.00 81.00 54.00 200.00
296.00 73.00 54.00 201.00
293.00 71.00 55.00 201.00
288.00 69.00 55.00 203.00
286.00 69.00 55.00 202.00
283.00 71.00 54.00 199.00
282.00 74.00 53.00 196.00
279.00 75.00 53.00 195.00
274.00 71.00 53.00 195.00
276.00 68.00 52.00 193.00
281.00 54.00 53.00 194.00
278.00 54.00 53.00 194.00
275.00 51.00 53.00 195.00
283.00 85.00 53.00 194.00
254.00 63.00 52.00 192.00
253.00 53.00 52.00 193.00
254.00 48.00 53.00 194.00
311.00 91.00 53.00 194.00
314.00 90.00 53.00 194.00
321.00 90.00 52.00 192.00
327.00 91.00 52.00 193.00
329.00 77.00 53.00 195.00
327.00 75.00 53.00 196.00
323.00 78.00 53.00 195.00
319.00 79.00 52.00 193.00
315.00 83.00 52.00 192.00
317.00 86.00 52.00 191.00
351.00 109.00 52.00 193.00
350.00 111.00 53.00 194.00
351.00 110.00 53.00 195.00
353.00 109.00 53.00 197.00
355.00 109.00 54.00 199.00
353.00 108.00 54.00 200.00
351.00 107.00 55.00 204.00
332.00 99.00 55.00 205.00
283.00 46.00 55.00 202.00
273.00 48.00 54.00 200.00
260.00 53.00 55.00 203.00
258.00 52.00 55.00 204.00
253.00 52.00 55.00 204.00
250.00 52.00 55.00 202.00
267.00 57.00 55.00 204.00
267.00 56.00 55.00 204.00
266.00 58.00 56.00 206.00
257.00 67.00 56.00 208.00
249.00 71.00 57.00 210.00
247.00 72.00 57.00 210.00
247.00 75.00 57.00 210.00
246.00 75.00 57.00 210.00
246.00 76.00 57.00 210.00
245.00 77.00 57.00 210.00
242.00 78.00 57.00 210.00
244.00 78.00 57.00 209.00
248.00 76.00 57.00 209.00
251.00 75.00 57.00 210.00
257.00 68.00 58.00 213.00
260.00 64.00 58.00 214.00
266.00 61.00 58.00 215.00
269.00 60.00 58.00 215.00
277.00 65.00 59.00 216.00
282.00 68.00 59.00 217.00
273.00 77.00 59.00 216.00
276.00 83.00 58.00 215.00
280.00 88.00 59.00 217.00
294.00 88.00 59.00 218.00
300.00 91.00 60.00 221.00
301.00 89.00 60.00 222.00
306.00 87.00 61.00 225.00
306.00 85.00 62.00 228.00
305.00 75.00 63.00 231.00
304.00 69.00 63.00 234.00
294.00 60.00 64.00 235.00
287.00 56.00 63.00 234.00
278.00 55.00 63.00 232.00
275.00 56.00 63.00 231.00
273.00 59.00 62.00 230.00
272.00 59.00 62.00 228.00
275.00 59.00 62.00 227.00
274.00 56.00 61.00 224.00
277.00 49.00 60.00 222.00
280.00 50.00 59.00 218.00
288.00 48.00 59.00 217.00
282.00 49.00 58.00 216.00
285.00 52.00 59.00 216.00
292.00 54.00 59.00 217.00
293.00 55.00 59.00 219.00
293.00 56.00 60.00 220.00
301.00 60.00 60.00 222.00
304.00 61.00 61.00 224.00
311.00 64.00 61.00 226.00
321.00 65.00 62.00 227.00
310.00 64.00 62.00 229.00
312.00 63.00 63.00 231.00
320.00 62.00 63.00 231.00
324.00 52.00 63.00 232.00
318.00 44.00 63.00 232.00
316.00 42.00 64.00 235.00
317.00 41.00 64.00 236.00
321.00 41.00 64.00 237.00
327.00 37.00 64.00 235.00
328.00 38.00 64.00 235.00
330.00 39.00 63.00 232.00
328.00 41.00 62.00 230.00
331.00 44.00 62.00 227.00
330.00 46.00 61.00 224.00
335.00 50.00 60.00 223.00
336.00 49.00 60.00 222.00
332.00 52.00 60.00 220.00
330.00 51.00 59.00 219.00
328.00 50.00 59.00 217.00
324.00 51.00 58.00 214.00
325.00 54.00 58.00 213.00
335.00 51.00 57.00 212.00
335.00 52.00 57.00 211.00
330.00 51.00 57.00 209.00
325.00 50.00 56.00 208.00
323.00 51.00 56.00 208.00
324.00 50.00 56.00 207.00
327.00 49.00 56.00 207.00
326.00 49.00 56.00 207.00
322.00 51.00 57.00 209.00
326.00 54.00 57.00 211.00
328.00 57.00 58.00 212.00
326.00 57.00 58.00 215.00
320.00 57.00 59.00 216.00
318.00 59.00 59.00 217.00
309.00 58.00 59.00 217.00
304.00 57.00 59.00 217.00
299.00 58.00 59.00 216.00
297.00 59.00 59.00 216.00
291.00 56.00 59.00 218.00
289.00 53.00 59.00 218.00
283.00 50.00 59.00 218.00
279.00 48.00 59.00 218.00
269.00 44.00 59.00 216.00
267.00 45.00 58.00 214.00
266.00 46.00 58.00 212.00
267.00 48.00 57.00 212.00
264.00 50.00 57.00 212.00
265.00 49.00 58.00 212.00
263.00 50.00 58.00 214.00
264.00 49.00 59.00 216.00
263.00 45.00 59.00 216.00
263.00 42.00 58.00 215.00
265.00 38.00 58.00 213.00
266.00 38.00 57.00 211.00
270.00 36.00 57.00 209.00
272.00 37.00 57.00 209.00
279.00 40.00 57.00 212.00
280.00 39.00 58.00 214.00
282.00 41.00 59.00 217.00
282.00 41.00 59.00 218.00
283.00 46.00 60.00 220.00
283.00 47.00 60.00 220.00
281.00 49.00 60.00 220.00
282.00 51.00 59.00 219.00
281.00 51.00 59.00 217.00
282.00 50.00 59.00 216.00
285.00 46.00 59.00 217.00
285.00 42.00 59.00 219.00
287.00 40.00 60.00 220.00
292.00 42.00 60.00 221.00
298.00 44.00 60.00 221.00
301.00 47.00 60.00 220.00
302.00 46.00 59.00 219.00
301.00 48.00 59.00 217.00
300.00 51.00 58.00 215.00
300.00 51.00 57.00 211.00
296.00 59.00 56.00 208.00
293.00 59.00 56.00 205.00
288.00 64.00 55.00 203.00
284.00 63.00 55.00 201.00
281.00 63.00 54.00 198.00
280.00 61.00 53.00 196.00
279.00 63.00 53.00 195.00
277.00 62.00 53.00 194.00
275.00 62.00 53.00 194.00
275.00 60.00 52.00 192.00
276.00 64.00 52.00 191.00
276.00 66.00 51.00 188.00
273.00 70.00 51.00 187.00
277.00 69.00 50.00 186.00
282.00 69.00 50.00 184.00
285.00 70.00 50.00 185.00
294.00 72.00 50.00 186.00
300.00 72.00 50.00 184.00
300.00 75.00 50.00 185.00
303.00 73.00 50.00 185.00
308.00 74.00 50.00 186.00
312.00 75.00 50.00 186.00
315.00 79.00 51.00 188.00
315.00 80.00 52.00 190.00
313.00 84.00 53.00 194.00
314.00 84.00 54.00 198.00
321.00 84.00 55.00 204.00
327.00 82.00 56.00 207.00
336.00 82.00 57.00 209.00
338.00 82.00 57.00 209.00
341.00 82.00 57.00 209.00
344.00 84.00 56.00 208.00
346.00 86.00 57.00 209.00
346.00 88.00 57.00 211.00
344.00 89.00 58.00 214.00
344.00 89.00 58.00 215.00
343.00 89.00 58.00 214.00
345.00 89.00 58.00 215.00
338.00 89.00 58.00 214.00
334.00 90.00 58.00 213.00
328.00 90.00 57.00 210.00
322.00 89.00 56.00 207.00
318.00 87.00 55.00 203.00
317.00 87.00 54.00 200.00
314.00 82.00 53.00 196.00
314.00 81.00 53.00 194.00
312.00 78.00 52.00 191.00
312.00 80.00 51.00 189.00
309.00 84.00 50.00 185.00
306.00 87.00 49.00 182.00
296.00 90.00 50.00 184.00
294.00 92.00 50.00 184.00
293.00 95.00 50.00 185.00
293.00 96.00 50.00 185.00
286.00 97.00 51.00 186.00
281.00 96.00 50.00 186.00
273.00 91.00 51.00 188.00
271.00 89.00 51.00 189.00
267.00 85.00 50.00 186.00
264.00 85.00 50.00 183.00
265.00 78.00 49.00 180.00
267.00 78.00 48.00 177.00
273.00 80.00 47.00 174.00
278.00 82.00 46.00 171.00
286.00 87.00 46.00 169.00
281.00 89.00 46.00 168.00
280.00 93.00 46.00 169.00
288.00 95.00 47.00 174.00
282.00 94.00 48.00 176.00
291.00 133.00 48.00 176.00
283.00 111.00 48.00 177.00
283.00 102.00 49.00 182.00
315.00 97.00 49.00 182.00
313.00 97.00 49.00 182.00
306.00 98.00 49.00 181.00
302.00 98.00 49.00 180.00
300.00 99.00 48.00 177.00
299.00 100.00 48.00 177.00
293.00 101.00 48.00 176.00
283.00 102.00 48.00 178.00
278.00 102.00 49.00 181.00
280.00 103.00 50.00 185.00
282.00 102.00 51.00 188.00
283.00 103.00 51.00 190.00
308.00 99.00 51.00 187.00
307.00 99.00 51.00 187.00
307.00 101.00 51.00 186.00
305.00 101.00 51.00 186.00
303.00 101.00 50.00 185.00
301.00 101.00 50.00 184.00
295.00 101.00 49.00 182.00
292.00 101.00 49.00 180.00
292.00 98.00 49.00 179.00
291.00 96.00 49.00 179.00
292.00 92.00 49.00 180.00
293.00 92.00 49.00 179.00
289.00 89.00 49.00 182.00
288.00 89.00 50.00 184.00
287.00 90.00 50.00 185.00
288.00 91.00 50.00 186.00
293.00 97.00 50.00 183.00
296.00 99.00 50.00 183.00
299.00 105.00 49.00 181.00
299.00 108.00 49.00 181.00
299.00 111.00 49.00 181.00
301.00 113.00 49.00 181.00
306.00 114.00 49.00 182.00
304.00 116.00 49.00 181.00
298.00 117.00 49.00 181.00
298.00 116.00 49.00 182.00
296.00 115.00 49.00 182.00
292.00 112.00 50.00 183.00
289.00 110.00 50.00 185.00
285.00 107.00 50.00 185.00
285.00 107.00 50.00 186.00
285.00 109.00 50.00 186.00
285.00 110.00 50.00 186.00
286.00 112.00 51.00 186.00
286.00 114.00 51.00 187.00
284.00 118.00 51.00 187.00
284.00 118.00 51.00 189.00
287.00 118.00 52.00 190.00
287.00 116.00 52.00 191.00
284.00 111.00 52.00 193.00
282.00 106.00 53.00 195.00
278.00 99.00 53.00 196.00
281.00 95.00 54.00 198.00
282.00 93.00 54.00 200.00
283.00 93.00 55.00 203.00
287.00 89.00 56.00 206.00
286.00 88.00 56.00 207.00
287.00 108.00 56.00 206.00
289.00 114.00 56.00 206.00
295.00 118.00 56.00 205.00
296.00 121.00 55.00 204.00
321.00 102.00 55.00 204.00
327.00 101.00 56.00 205.00
338.00 103.00 56.00 207.00
346.00 106.00 56.00 207.00
346.00 108.00 56.00 207.00
295.00 90.00 56.00 208.00
293.00 82.00 56.00 208.00
289.00 78.00 56.00 208.00
283.00 73.00 57.00 210.00
278.00 74.00 57.00 211.00
275.00 78.00 57.00 208.00
277.00 82.00 57.00 209.00
278.00 91.00 56.00 208.00
277.00 93.00 56.00 208.00
275.00 95.00 56.00 207.00
274.00 94.00 56.00 206.00
277.00 91.00 56.00 206.00
278.00 88.00 56.00 205.00
285.00 83.00 56.00 205.00
290.00 82.00 56.00 205.00
289.00 74.00 55.00 204.00
297.00 75.00 55.00 204.00
310.00 76.00 56.00 206.00
316.00 75.00 57.00 209.00
325.00 71.00 57.00 210.00
330.00 69.00 58.00 213.00
342.00 66.00 59.00 217.00
348.00 63.00 59.00 219.00
349.00 59.00 60.00 221.00
358.00 55.00 60.00 221.00
365.00 58.00 60.00 222.00
370.00 57.00 61.00 223.00
381.00 55.00 61.00 224.00
387.00 54.00 61.00 225.00
396.00 56.00 61.00 225.00
402.00 58.00 61.00 224.00
417.00 60.00 61.00 224.00
400.00 71.00 60.00 221.00
414.00 79.00 59.00 218.00
411.00 80.00 59.00 217.00
404.00 83.00 58.00 213.00
400.00 87.00 57.00 210.00
396.00 88.00 56.00 208.00
393.00 88.00 56.00 206.00
393.00 90.00 56.00 205.00
396.00 89.00 56.00 207.00
401.00 85.00 56.00 208.00
399.00 80.00 57.00 209.00
394.00 76.00 57.00 210.00
396.00 74.00 58.00 212.00
396.00 71.00 58.00 213.00
389.00 70.00 58.00 212.00
387.00 72.00 57.00 210.00
385.00 72.00 56.00 208.00
384.00 76.00 56.00 207.00
384.00 77.00 56.00 207.00
381.00 76.00 56.00 207.00
382.00 75.00 56.00 207.00
382.00 73.00 57.00 209.00
385.00 74.00 57.00 210.00
383.00 75.00 57.00 212.00
382.00 76.00 58.00 212.00
377.00 81.00 57.00 209.00
376.00 82.00 57.00 208.00
373.00 87.00 56.00 208.00
371.00 87.00 56.00 206.00
367.00 88.00 56.00 205.00
366.00 88.00 56.00 205.00
367.00 86.00 56.00 206.00
368.00 86.00 56.00 207.00
362.00 85.00 56.00 206.00
359.00 84.00 55.00 204.00
355.00 81.00 55.00 203.00
353.00 82.00 55.00 201.00
348.00 81.00 54.00 199.00
347.00 86.00 53.00 195.00
347.00 97.00 52.00 193.00
346.00 102.00 52.00 190.00
342.00 109.00 51.00 188.00
339.00 113.00 50.00 186.00
328.00 116.00 50.00 184.00
324.00 117.00 50.00 184.00
332.00 123.00 50.00 185.00
325.00 123.00 50.00 186.00
311.00 118.00 50.00 184.00
310.00 120.00 49.00 181.00
308.00 120.00 49.00 180.00
308.00 120.00 48.00 178.00
307.00 119.00 48.00 176.00
307.00 118.00 47.00 175.00
308.00 111.00 48.00 176.00
308.00 106.00 48.00 178.00
310.00 97.00 48.00 178.00
311.00 94.00 49.00 179.00
312.00 93.00 49.00 181.00
312.00 94.00 49.00 180.00
320.00 110.00 49.00 180.00
319.00 114.00 49.00 181.00
316.00 125.00 49.00 181.00
313.00 130.00 50.00 183.00
315.00 134.00 51.00 186.00
316.00 134.00 51.00 188.00
320.00 134.00 51.00 190.00
