347.00 58.00 103.00 251.00
346.00 57.00 103.00 251.00
347.00 59.00 103.00 250.00
341.00 57.00 103.00 252.00
340.00 58.00 104.00 252.00
332.00 60.00 102.00 250.00
329.00 61.00 103.00 252.00
322.00 63.00 103.00 252.00
318.00 64.00 103.00 250.00
314.00 62.00 102.00 249.00
316.00 63.00 100.00 245.00
314.00 66.00 99.00 241.00
312.00 68.00 99.00 241.00
311.00 70.00 98.00 238.00
309.00 66.00 98.00 239.00
309.00 64.00 97.00 237.00
309.00 59.00 98.00 239.00
305.00 55.00 99.00 240.00
267.00 89.00 97.00 236.00
262.00 97.00 94.00 229.00
301.00 53.00 93.00 227.00
301.00 50.00 92.00 224.00
301.00 53.00 92.00 224.00
301.00 53.00 92.00 223.00
276.00 104.00 89.00 217.00
279.00 105.00 88.00 214.00
293.00 111.00 86.00 209.00
301.00 113.00 85.00 207.00
314.00 109.00 85.00 207.00
323.00 106.00 84.00 204.00
322.00 101.00 83.00 202.00
324.00 99.00 82.00 199.00
321.00 91.00 82.00 199.00
317.00 87.00 83.00 201.00
311.00 81.00 83.00 203.00
312.00 76.00 84.00 204.00
313.00 78.00 83.00 201.00
312.00 84.00 82.00 200.00
307.00 95.00 81.00 198.00
307.00 100.00 80.00 195.00
308.00 102.00 80.00 195.00
316.00 99.00 80.00 194.00
337.00 89.00 79.00 193.00
347.00 91.00 79.00 193.00
350.00 86.00 80.00 195.00
343.00 88.00 80.00 195.00
349.00 90.00 82.00 199.00
345.00 88.00 83.00 203.00
347.00 86.00 84.00 205.00
347.00 84.00 85.00 207.00
350.00 83.00 86.00 209.00
349.00 80.00 86.00 210.00
354.00 79.00 87.00 212.00
356.00 77.00 87.00 212.00
363.00 81.00 86.00 210.00
364.00 83.00 86.00 209.00
366.00 81.00 86.00 210.00
375.00 44.00 85.00 208.00
373.00 46.00 84.00 205.00
372.00 46.00 84.00 205.00
369.00 40.00 85.00 207.00
365.00 38.00 86.00 208.00
368.00 38.00 85.00 207.00
372.00 84.00 85.00 206.00
365.00 89.00 84.00 205.00
361.00 91.00 84.00 205.00
349.00 82.00 83.00 202.00
348.00 80.00 83.00 201.00
345.00 105.00 83.00 203.00
339.00 104.00 83.00 203.00
340.00 83.00 84.00 204.00
330.00 98.00 82.00 200.00
322.00 103.00 82.00 199.00
320.00 105.00 81.00 198.00
319.00 106.00 82.00 199.00
328.00 39.00 82.00 199.00
325.00 42.00 81.00 198.00
322.00 44.00 80.00 196.00
318.00 45.00 80.00 194.00
318.00 45.00 80.00 194.00
318.00 45.00 80.00 196.00
316.00 44.00 80.00 195.00
311.00 79.00 80.00 194.00
313.00 75.00 80.00 194.00
317.00 62.00 79.00 193.00
317.00 53.00 80.00 194.00
306.00 55.00 80.00 195.00
306.00 57.00 80.00 196.00
305.00 64.00 80.00 196.00
315.00 64.00 81.00 196.00
314.00 67.00 80.00 195.00
313.00 69.00 80.00 194.00
295.00 138.00 79.00 193.00
295.00 140.00 79.00 192.00
296.00 143.00 77.00 188.00
298.00 145.00 76.00 185.00
299.00 145.00 75.00 184.00
301.00 146.00 75.00 183.00
315.00 103.00 75.00 183.00
316.00 101.00 75.00 182.00
323.00 55.00 75.00 182.00
322.00 54.00 75.00 182.00
318.00 55.00 75.00 184.00
317.00 54.00 76.00 185.00
290.00 54.00 76.00 184.00
291.00 50.00 74.00 181.00
293.00 43.00 73.00 178.00
293.00 40.00 72.00 176.00
295.00 38.00 72.00 176.00
296.00 39.00 72.00 175.00
294.00 42.00 72.00 174.00
294.00 44.00 71.00 173.00
293.00 42.00 70.00 171.00
290.00 41.00 70.00 171.00
292.00 43.00 71.00 172.00
293.00 43.00 71.00 173.00
296.00 45.00 71.00 173.00
300.00 46.00 72.00 175.00
303.00 48.00 72.00 175.00
305.00 47.00 71.00 173.00
312.00 43.00 71.00 173.00
315.00 40.00 71.00 173.00
316.00 75.00 71.00 173.00
321.00 74.00 71.00 173.00
325.00 71.00 71.00 174.00
328.00 71.00 72.00 175.00
333.00 74.00 72.00 175.00
336.00 76.00 72.00 177.00
339.00 75.00 72.00 176.00
341.00 77.00 72.00 175.00
342.00 78.00 71.00 173.00
342.00 80.00 71.00 172.00
342.00 81.00 71.00 173.00
341.00 80.00 71.00 173.00
340.00 82.00 71.00 173.00
337.00 79.00 71.00 173.00
337.00 51.00 71.00 173.00
336.00 46.00 71.00 172.00
334.00 41.00 70.00 171.00
328.00 57.00 70.00 170.00
324.00 67.00 70.00 172.00
323.00 71.00 71.00 173.00
325.00 29.00 71.00 172.00
327.00 26.00 70.00 170.00
326.00 8.00 69.00 168.00
326.00 9.00 68.00 167.00
327.00 7.00 68.00 165.00
330.00 4.00 67.00 164.00
338.00 5.00 67.00 163.00
333.00 3.00 67.00 162.00
327.00 9.00 66.00 162.00
326.00 12.00 66.00 162.00
327.00 18.00 66.00 161.00
327.00 19.00 65.00 159.00
316.00 2.00 65.00 158.00
315.00 2.00 64.00 157.00
307.00 1.00 64.00 156.00
303.00 1.00 64.00 155.00
304.00 54.00 64.00 155.00
301.00 52.00 64.00 156.00
302.00 45.00 64.00 156.00
292.00 -2.00 64.00 155.00
330.00 9.00 64.00 155.00
327.00 6.00 63.00 153.00
326.00 3.00 63.00 154.00
320.00 4.00 63.00 154.00
349.00 7.00 63.00 154.00
348.00 7.00 63.00 154.00
350.00 1.00 63.00 153.00
355.00 4.00 63.00 153.00
364.00 5.00 63.00 152.00
371.00 5.00 62.00 152.00
371.00 5.00 62.00 152.00
366.00 5.00 62.00 152.00
359.00 5.00 62.00 152.00
351.00 5.00 62.00 152.00
346.00 4.00 62.00 151.00
367.00 8.00 62.00 151.00
377.00 8.00 62.00 151.00
380.00 8.00 62.00 151.00
381.00 8.00 62.00 151.00
374.00 56.00 63.00 153.00
371.00 54.00 63.00 154.00
370.00 53.00 63.00 153.00
372.00 52.00 63.00 152.00
366.00 49.00 62.00 151.00
367.00 49.00 62.00 150.00
372.00 43.00 61.00 149.00
373.00 42.00 61.00 149.00
377.00 41.00 61.00 149.00
377.00 42.00 61.00 148.00
372.00 45.00 61.00 148.00
370.00 46.00 61.00 148.00
362.00 45.00 61.00 148.00
372.00 50.00 62.00 150.00
373.00 45.00 62.00 151.00
372.00 42.00 62.00 150.00
372.00 38.00 62.00 150.00
372.00 36.00 61.00 149.00
369.00 33.00 61.00 149.00
363.00 -1.00 60.00 147.00
372.00 -1.00 60.00 147.00
367.00 39.00 60.00 147.00
352.00 39.00 59.00 145.00
349.00 41.00 59.00 144.00
348.00 44.00 59.00 144.00
347.00 43.00 59.00 143.00
346.00 42.00 59.00 143.00
344.00 41.00 58.00 142.00
359.00 42.00 58.00 142.00
361.00 41.00 58.00 142.00
364.00 39.00 58.00 142.00
364.00 38.00 58.00 142.00
366.00 37.00 59.00 143.00
367.00 38.00 59.00 144.00
364.00 75.00 60.00 147.00
361.00 79.00 61.00 149.00
355.00 81.00 61.00 148.00
354.00 83.00 61.00 148.00
346.00 83.00 61.00 148.00
344.00 83.00 60.00 147.00
340.00 85.00 60.00 147.00
338.00 85.00 59.00 145.00
336.00 87.00 59.00 144.00
336.00 87.00 59.00 143.00
340.00 86.00 59.00 143.00
343.00 85.00 58.00 142.00
351.00 84.00 58.00 142.00
353.00 85.00 58.00 143.00
362.00 87.00 58.00 142.00
366.00 88.00 58.00 141.00
370.00 90.00 57.00 140.00
370.00 90.00 57.00 140.00
376.00 90.00 58.00 141.00
372.00 56.00 58.00 141.00
367.00 55.00 58.00 142.00
368.00 56.00 58.00 141.00
342.00 69.00 59.00 143.00
362.00 88.00 59.00 143.00
364.00 86.00 59.00 144.00
363.00 86.00 59.00 143.00
357.00 83.00 59.00 143.00
345.00 62.00 59.00 143.00
348.00 56.00 59.00 143.00
342.00 83.00 58.00 142.00
343.00 81.00 58.00 142.00
342.00 85.00 58.00 142.00
329.00 59.00 58.00 141.00
330.00 59.00 58.00 141.00
324.00 89.00 58.00 142.00
329.00 90.00 58.00 142.00
333.00 91.00 58.00 142.00
330.00 91.00 58.00 142.00
324.00 69.00 59.00 143.00
328.00 69.00 59.00 143.00
322.00 29.00 58.00 142.00
318.00 31.00 58.00 142.00
323.00 30.00 58.00 143.00
317.00 27.00 58.00 142.00
311.00 28.00 58.00 141.00
310.00 29.00 58.00 141.00
309.00 86.00 58.00 142.00
308.00 89.00 58.00 141.00
314.00 88.00 58.00 140.00
316.00 87.00 58.00 140.00
320.00 85.00 57.00 140.00
321.00 84.00 57.00 139.00
296.00 99.00 57.00 139.00
293.00 99.00 57.00 138.00
282.00 96.00 57.00 139.00
279.00 96.00 57.00 140.00
273.00 100.00 57.00 139.00
267.00 102.00 57.00 138.00
260.00 107.00 57.00 138.00
256.00 108.00 57.00 138.00
253.00 111.00 57.00 139.00
251.00 109.00 57.00 139.00
251.00 108.00 57.00 139.00
251.00 104.00 57.00 138.00
251.00 103.00 56.00 137.00
253.00 105.00 57.00 138.00
259.00 105.00 56.00 138.00
262.00 106.00 57.00 138.00
266.00 108.00 57.00 139.00
271.00 108.00 57.00 140.00
274.00 109.00 58.00 140.00
276.00 108.00 58.00 141.00
286.00 90.00 57.00 140.00
302.00 51.00 57.00 138.00
297.00 57.00 57.00 139.00
315.00 112.00 57.00 140.00
315.00 109.00 58.00 141.00
317.00 106.00 58.00 141.00
320.00 102.00 58.00 142.00
320.00 100.00 59.00 143.00
320.00 97.00 59.00 144.00
318.00 95.00 60.00 146.00
311.00 118.00 61.00 147.00
308.00 120.00 61.00 148.00
307.00 122.00 61.00 148.00
318.00 63.00 61.00 149.00
311.00 67.00 62.00 152.00
296.00 45.00 62.00 150.00
286.00 44.00 61.00 149.00
284.00 44.00 61.00 149.00
277.00 41.00 60.00 147.00
274.00 40.00 60.00 146.00
292.00 57.00 60.00 147.00
289.00 54.00 61.00 148.00
288.00 61.00 61.00 149.00
288.00 64.00 61.00 150.00
289.00 67.00 61.00 149.00
288.00 65.00 62.00 151.00
258.00 105.00 62.00 152.00
257.00 106.00 62.00 152.00
254.00 105.00 62.00 152.00
255.00 106.00 62.00 151.00
259.00 105.00 62.00 152.00
261.00 106.00 62.00 151.00
264.00 107.00 62.00 150.00
265.00 107.00 61.00 148.00
266.00 108.00 61.00 148.00
267.00 109.00 60.00 146.00
266.00 110.00 60.00 146.00
267.00 110.00 59.00 144.00
275.00 109.00 58.00 142.00
275.00 108.00 58.00 140.00
297.00 120.00 58.00 140.00
299.00 119.00 58.00 141.00
303.00 95.00 58.00 142.00
302.00 91.00 59.00 143.00
282.00 113.00 59.00 143.00
321.00 138.00 60.00 145.00
330.00 131.00 60.00 147.00
337.00 129.00 60.00 147.00
319.00 153.00 61.00 149.00
319.00 152.00 62.00 150.00
325.00 153.00 61.00 149.00
325.00 153.00 60.00 147.00
322.00 152.00 61.00 148.00
321.00 152.00 60.00 147.00
297.00 78.00 60.00 147.00
295.00 76.00 60.00 147.00
295.00 71.00 60.00 147.00
296.00 72.00 60.00 146.00
309.00 75.00 60.00 146.00
315.00 77.00 60.00 147.00
319.00 75.00 60.00 147.00
295.00 103.00 61.00 148.00
294.00 103.00 61.00 148.00
328.00 83.00 60.00 147.00
332.00 86.00 60.00 146.00
340.00 89.00 60.00 146.00
340.00 89.00 60.00 147.00
309.00 76.00 61.00 148.00
309.00 75.00 61.00 149.00
311.00 75.00 61.00 150.00
278.00 85.00 62.00 150.00
240.00 117.00 62.00 150.00
237.00 113.00 62.00 150.00
236.00 106.00 62.00 151.00
238.00 102.00 62.00 152.00
242.00 94.00 63.00 153.00
244.00 92.00 64.00 155.00
298.00 69.00 64.00 156.00
300.00 69.00 64.00 156.00
305.00 71.00 64.00 155.00
306.00 73.00 63.00 155.00
306.00 74.00 63.00 154.00
307.00 73.00 64.00 155.00
310.00 74.00 64.00 155.00
309.00 74.00 64.00 155.00
310.00 73.00 64.00 156.00
313.00 72.00 64.00 156.00
325.00 73.00 64.00 157.00
330.00 73.00 65.00 158.00
341.00 71.00 65.00 160.00
345.00 69.00 66.00 161.00
340.00 101.00 66.00 160.00
340.00 103.00 66.00 160.00
340.00 106.00 66.00 161.00
342.00 107.00 66.00 161.00
346.00 110.00 66.00 161.00
346.00 109.00 66.00 161.00
344.00 111.00 66.00 161.00
341.00 110.00 66.00 162.00
336.00 104.00 67.00 163.00
334.00 99.00 68.00 166.00
330.00 89.00 69.00 168.00
330.00 81.00 69.00 169.00
324.00 80.00 70.00 170.00
321.00 75.00 70.00 171.00
328.00 68.00 71.00 173.00
338.00 69.00 72.00 176.00
287.00 70.00 72.00 175.00
286.00 67.00 72.00 175.00
292.00 62.00 71.00 174.00
300.00 60.00 72.00 175.00
301.00 60.00 72.00 176.00
301.00 60.00 73.00 177.00
288.00 105.00 72.00 177.00
284.00 106.00 73.00 177.00
281.00 114.00 73.00 177.00
280.00 108.00 72.00 176.00
288.00 101.00 72.00 175.00
296.00 61.00 72.00 177.00
297.00 63.00 73.00 177.00
296.00 68.00 73.00 178.00
288.00 76.00 73.00 178.00
281.00 95.00 73.00 178.00
270.00 96.00 72.00 177.00
269.00 98.00 72.00 175.00
268.00 102.00 72.00 174.00
266.00 101.00 72.00 174.00
256.00 97.00 72.00 174.00
253.00 95.00 72.00 175.00
249.00 88.00 72.00 175.00
251.00 84.00 72.00 176.00
247.00 72.00 73.00 177.00
246.00 70.00 72.00 176.00
244.00 70.00 72.00 176.00
243.00 70.00 71.00 174.00
241.00 73.00 70.00 172.00
241.00 75.00 70.00 170.00
239.00 79.00 69.00 168.00
239.00 79.00 69.00 168.00
238.00 82.00 69.00 168.00
234.00 79.00 69.00 168.00
227.00 78.00 70.00 170.00
223.00 80.00 70.00 171.00
219.00 88.00 71.00 172.00
217.00 92.00 70.00 171.00
216.00 100.00 70.00 171.00
216.00 103.00 70.00 170.00
212.00 105.00 69.00 168.00
212.00 106.00 68.00 167.00
212.00 104.00 68.00 167.00
211.00 102.00 68.00 167.00
212.00 98.00 68.00 166.00
214.00 96.00 69.00 167.00
215.00 93.00 68.00 167.00
214.00 93.00 68.00 165.00
216.00 98.00 67.00 164.00
216.00 100.00 67.00 163.00
219.00 109.00 66.00 161.00
219.00 114.00 65.00 159.00
211.00 123.00 64.00 157.00
206.00 124.00 64.00 155.00
238.00 128.00 64.00 155.00
238.00 128.00 63.00 154.00
233.00 128.00 63.00 154.00
232.00 128.00 62.00 152.00
232.00 130.00 62.00 151.00
231.00 130.00 61.00 149.00
230.00 132.00 61.00 148.00
232.00 134.00 61.00 148.00
225.00 129.00 59.00 145.00
226.00 129.00 59.00 143.00
226.00 126.00 58.00 142.00
229.00 126.00 58.00 140.00
234.00 117.00 58.00 141.00
237.00 111.00 58.00 142.00
246.00 105.00 59.00 143.00
249.00 102.00 59.00 143.00
250.00 103.00 59.00 145.00
251.00 106.00 59.00 145.00
257.00 112.00 59.00 144.00
238.00 172.00 59.00 145.00
242.00 174.00 60.00 146.00
244.00 175.00 60.00 147.00
248.00 177.00 61.00 148.00
251.00 178.00 62.00 150.00
258.00 180.00 62.00 151.00
