302.00 135.00 67.00 81.00
299.00 137.00 68.00 82.00
295.00 141.00 68.00 82.00
293.00 143.00 69.00 83.00
295.00 145.00 69.00 84.00
299.00 146.00 70.00 84.00
303.00 147.00 70.00 84.00
307.00 147.00 70.00 85.00
306.00 147.00 71.00 86.00
304.00 148.00 71.00 86.00
305.00 148.00 71.00 86.00
308.00 146.00 72.00 87.00
315.00 142.00 71.00 86.00
323.00 137.00 71.00 86.00
329.00 134.00 71.00 86.00
332.00 132.00 72.00 87.00
331.00 129.00 72.00 87.00
331.00 129.00 72.00 88.00
331.00 127.00 73.00 88.00
335.00 122.00 72.00 88.00
340.00 117.00 74.00 89.00
345.00 112.00 74.00 90.00
351.00 110.00 75.00 90.00
356.00 109.00 74.00 90.00
366.00 116.00 74.00 90.00
377.00 125.00 75.00 91.00
379.00 127.00 76.00 92.00
374.00 118.00 76.00 92.00
363.00 104.00 75.00 91.00
353.00 93.00 75.00 90.00
345.00 86.00 74.00 90.00
340.00 82.00 73.00 89.00
337.00 82.00 74.00 89.00
337.00 84.00 74.00 90.00
342.00 92.00 73.00 89.00
354.00 105.00 73.00 88.00
368.00 120.00 73.00 88.00
378.00 131.00 73.00 88.00
377.00 127.00 74.00 90.00
369.00 114.00 73.00 89.00
361.00 98.00 73.00 88.00
360.00 88.00 72.00 86.00
360.00 84.00 71.00 85.00
360.00 83.00 70.00 85.00
361.00 85.00 70.00 85.00
363.00 91.00 70.00 84.00
369.00 106.00 70.00 84.00
379.00 124.00 70.00 85.00
384.00 138.00 70.00 85.00
385.00 139.00 71.00 86.00
372.00 131.00 72.00 87.00
365.00 114.00 71.00 86.00
367.00 100.00 71.00 85.00
367.00 122.00 71.00 86.00
364.00 126.00 71.00 86.00
364.00 133.00 71.00 86.00
363.00 146.00 70.00 85.00
365.00 165.00 69.00 83.00
367.00 185.00 68.00 83.00
365.00 200.00 68.00 83.00
357.00 195.00 68.00 82.00
349.00 173.00 68.00 82.00
337.00 155.00 68.00 82.00
329.00 147.00 67.00 81.00
333.00 141.00 67.00 81.00
328.00 142.00 66.00 80.00
326.00 143.00 67.00 81.00
324.00 153.00 67.00 81.00
321.00 165.00 67.00 81.00
319.00 184.00 67.00 81.00
284.00 163.00 67.00 81.00
254.00 141.00 67.00 81.00
278.00 167.00 66.00 80.00
261.00 185.00 66.00 80.00
269.00 182.00 67.00 81.00
289.00 171.00 66.00 80.00
296.00 120.00 66.00 80.00
291.00 118.00 67.00 81.00
287.00 121.00 66.00 80.00
286.00 127.00 66.00 80.00
287.00 134.00 65.00 79.00
286.00 147.00 66.00 79.00
255.00 140.00 66.00 79.00
277.00 184.00 65.00 79.00
282.00 181.00 65.00 79.00
251.00 177.00 64.00 78.00
251.00 183.00 64.00 77.00
244.00 185.00 64.00 78.00
233.00 188.00 64.00 77.00
232.00 193.00 64.00 77.00
237.00 198.00 63.00 77.00
230.00 202.00 63.00 76.00
225.00 179.00 64.00 77.00
223.00 178.00 64.00 77.00
240.00 213.00 63.00 76.00
287.00 246.00 63.00 76.00
284.00 246.00 63.00 76.00
303.00 287.00 63.00 77.00
266.00 305.00 63.00 77.00
267.00 302.00 63.00 76.00
271.00 269.00 63.00 76.00
270.00 263.00 63.00 77.00
275.00 296.00 63.00 77.00
304.00 303.00 64.00 77.00
276.00 281.00 64.00 77.00
278.00 277.00 64.00 77.00
308.00 271.00 64.00 77.00
271.00 269.00 64.00 77.00
295.00 277.00 64.00 77.00
292.00 280.00 64.00 77.00
330.00 317.00 64.00 77.00
326.00 296.00 64.00 77.00
320.00 302.00 64.00 77.00
320.00 324.00 63.00 76.00
304.00 328.00 63.00 76.00
282.00 301.00 63.00 76.00
303.00 338.00 63.00 76.00
303.00 345.00 64.00 77.00
302.00 342.00 64.00 77.00
283.00 306.00 63.00 76.00
284.00 316.00 62.00 75.00
285.00 320.00 62.00 75.00
278.00 318.00 62.00 75.00
281.00 343.00 62.00 75.00
331.00 322.00 62.00 75.00
328.00 317.00 62.00 75.00
328.00 327.00 61.00 74.00
318.00 320.00 61.00 74.00
314.00 325.00 61.00 74.00
344.00 293.00 61.00 74.00
339.00 298.00 61.00 74.00
320.00 313.00 61.00 74.00
266.00 249.00 61.00 74.00
264.00 253.00 61.00 74.00
264.00 256.00 61.00 74.00
265.00 257.00 61.00 73.00
267.00 258.00 61.00 73.00
272.00 284.00 60.00 73.00
274.00 286.00 60.00 72.00
273.00 289.00 60.00 72.00
271.00 269.00 59.00 72.00
275.00 273.00 60.00 72.00
275.00 231.00 60.00 72.00
266.00 293.00 60.00 72.00
262.00 294.00 60.00 72.00
254.00 272.00 60.00 73.00
251.00 288.00 60.00 73.00
245.00 293.00 61.00 73.00
289.00 287.00 61.00 73.00
280.00 284.00 61.00 73.00
280.00 272.00 61.00 74.00
265.00 294.00 61.00 73.00
263.00 299.00 61.00 73.00
259.00 301.00 60.00 73.00
240.00 296.00 60.00 73.00
261.00 248.00 61.00 73.00
261.00 248.00 61.00 74.00
261.00 248.00 61.00 74.00
260.00 253.00 61.00 74.00
242.00 280.00 61.00 74.00
242.00 282.00 61.00 74.00
246.00 286.00 62.00 74.00
251.00 305.00 61.00 74.00
256.00 309.00 61.00 74.00
220.00 308.00 61.00 73.00
223.00 309.00 61.00 73.00
232.00 312.00 61.00 74.00
237.00 314.00 61.00 74.00
253.00 316.00 61.00 73.00
259.00 319.00 61.00 73.00
268.00 324.00 61.00 73.00
270.00 325.00 61.00 73.00
276.00 328.00 60.00 73.00
276.00 339.00 60.00 73.00
282.00 338.00 60.00 73.00
291.00 336.00 60.00 72.00
290.00 313.00 60.00 72.00
295.00 313.00 60.00 72.00
296.00 340.00 60.00 72.00
297.00 341.00 60.00 72.00
298.00 340.00 59.00 72.00
299.00 341.00 59.00 71.00
292.00 329.00 59.00 71.00
221.00 313.00 58.00 70.00
226.00 314.00 58.00 70.00
223.00 319.00 58.00 70.00
219.00 329.00 58.00 70.00
184.00 320.00 58.00 70.00
151.00 284.00 59.00 71.00
98.00 221.00 58.00 71.00
96.00 196.00 59.00 71.00
91.00 197.00 59.00 71.00
86.00 195.00 59.00 71.00
86.00 149.00 58.00 71.00
82.00 148.00 58.00 71.00
85.00 150.00 58.00 70.00
112.00 174.00 58.00 70.00
119.00 147.00 58.00 70.00
118.00 155.00 58.00 70.00
122.00 145.00 58.00 70.00
127.00 145.00 57.00 69.00
128.00 143.00 57.00 69.00
124.00 162.00 57.00 69.00
132.00 129.00 57.00 69.00
129.00 133.00 57.00 69.00
135.00 110.00 57.00 69.00
130.00 124.00 57.00 69.00
128.00 109.00 57.00 69.00
129.00 112.00 57.00 69.00
123.00 146.00 56.00 68.00
130.00 150.00 57.00 68.00
150.00 134.00 57.00 69.00
122.00 126.00 57.00 69.00
119.00 158.00 57.00 68.00
112.00 197.00 57.00 69.00
109.00 195.00 57.00 69.00
94.00 203.00 57.00 68.00
97.00 197.00 56.00 68.00
100.00 196.00 56.00 68.00
144.00 193.00 56.00 67.00
138.00 175.00 55.00 67.00
141.00 179.00 55.00 67.00
143.00 181.00 55.00 67.00
143.00 177.00 55.00 66.00
162.00 142.00 55.00 67.00
170.00 136.00 55.00 67.00
180.00 149.00 55.00 67.00
212.00 210.00 56.00 67.00
216.00 197.00 56.00 67.00
219.00 187.00 56.00 68.00
190.00 141.00 56.00 68.00
182.00 136.00 56.00 68.00
177.00 135.00 56.00 68.00
178.00 134.00 56.00 68.00
177.00 135.00 56.00 68.00
206.00 121.00 56.00 68.00
214.00 116.00 56.00 68.00
198.00 102.00 56.00 67.00
219.00 114.00 56.00 67.00
204.00 102.00 56.00 67.00
203.00 106.00 56.00 67.00
249.00 82.00 56.00 67.00
256.00 83.00 56.00 68.00
265.00 105.00 56.00 68.00
272.00 126.00 56.00 68.00
272.00 143.00 56.00 68.00
277.00 122.00 56.00 68.00
279.00 127.00 56.00 68.00
283.00 131.00 56.00 68.00
285.00 128.00 56.00 68.00
299.00 123.00 56.00 68.00
311.00 156.00 57.00 68.00
307.00 148.00 57.00 69.00
279.00 95.00 57.00 68.00
281.00 98.00 57.00 69.00
272.00 110.00 57.00 69.00
271.00 116.00 57.00 69.00
276.00 120.00 57.00 69.00
308.00 126.00 58.00 70.00
311.00 120.00 58.00 70.00
310.00 124.00 58.00 70.00
305.00 128.00 58.00 71.00
306.00 124.00 58.00 70.00
311.00 104.00 59.00 71.00
350.00 90.00 59.00 71.00
351.00 89.00 59.00 71.00
341.00 114.00 59.00 71.00
336.00 109.00 59.00 72.00
338.00 83.00 59.00 72.00
342.00 79.00 59.00 72.00
375.00 135.00 60.00 72.00
415.00 100.00 60.00 72.00
394.00 97.00 60.00 73.00
419.00 119.00 60.00 72.00
422.00 127.00 60.00 72.00
422.00 128.00 60.00 72.00
420.00 122.00 60.00 72.00
417.00 114.00 60.00 72.00
438.00 123.00 60.00 73.00
433.00 118.00 60.00 73.00
434.00 117.00 60.00 73.00
435.00 120.00 60.00 72.00
437.00 124.00 60.00 72.00
439.00 127.00 60.00 72.00
443.00 131.00 60.00 73.00
428.00 119.00 60.00 73.00
411.00 97.00 60.00 73.00
418.00 97.00 61.00 73.00
419.00 93.00 61.00 74.00
418.00 90.00 61.00 74.00
420.00 88.00 61.00 74.00
422.00 88.00 62.00 74.00
423.00 87.00 62.00 75.00
425.00 85.00 62.00 75.00
428.00 89.00 62.00 75.00
430.00 87.00 62.00 75.00
431.00 82.00 62.00 75.00
432.00 103.00 62.00 75.00
432.00 81.00 62.00 75.00
433.00 79.00 62.00 75.00
436.00 79.00 62.00 75.00
439.00 78.00 62.00 74.00
443.00 80.00 62.00 75.00
443.00 79.00 62.00 75.00
445.00 77.00 62.00 75.00
447.00 75.00 62.00 75.00
450.00 74.00 62.00 74.00
454.00 74.00 62.00 75.00
457.00 73.00 62.00 75.00
433.00 103.00 62.00 74.00
434.00 99.00 62.00 74.00
436.00 97.00 62.00 75.00
436.00 96.00 62.00 75.00
434.00 95.00 62.00 75.00
436.00 94.00 62.00 75.00
434.00 92.00 62.00 75.00
434.00 91.00 62.00 75.00
433.00 90.00 63.00 76.00
434.00 87.00 63.00 76.00
433.00 87.00 63.00 76.00
433.00 85.00 63.00 76.00
432.00 82.00 63.00 76.00
430.00 80.00 63.00 76.00
428.00 79.00 63.00 76.00
425.00 78.00 64.00 77.00
422.00 77.00 64.00 77.00
418.00 80.00 64.00 77.00
415.00 82.00 63.00 76.00
412.00 83.00 63.00 76.00
409.00 87.00 63.00 76.00
406.00 87.00 63.00 76.00
402.00 86.00 63.00 76.00
399.00 86.00 63.00 76.00
397.00 84.00 63.00 76.00
396.00 83.00 62.00 75.00
394.00 82.00 62.00 75.00
395.00 83.00 62.00 75.00
394.00 85.00 62.00 75.00
395.00 90.00 61.00 74.00
392.00 90.00 61.00 74.00
430.00 52.00 61.00 74.00
428.00 44.00 61.00 74.00
427.00 45.00 62.00 74.00
426.00 39.00 62.00 75.00
437.00 -8.00 61.00 74.00
439.00 -10.00 61.00 73.00
450.00 -10.00 60.00 73.00
449.00 -5.00 60.00 73.00
439.00 -4.00 61.00 73.00
434.00 3.00 60.00 73.00
434.00 -9.00 60.00 73.00
427.00 -11.00 60.00 73.00
425.00 -10.00 60.00 72.00
425.00 -11.00 60.00 72.00
423.00 -11.00 59.00 72.00
424.00 -10.00 59.00 71.00
419.00 -9.00 59.00 71.00
415.00 -5.00 59.00 71.00
409.00 -5.00 59.00 72.00
405.00 -10.00 59.00 72.00
404.00 -8.00 59.00 72.00
438.00 -8.00 59.00 72.00
419.00 -9.00 59.00 72.00
417.00 -9.00 59.00 72.00
401.00 -13.00 59.00 71.00
398.00 -14.00 58.00 70.00
394.00 -9.00 58.00 70.00
386.00 -8.00 58.00 70.00
379.00 -8.00 58.00 70.00
368.00 -8.00 58.00 70.00
368.00 -8.00 58.00 70.00
418.00 -8.00 58.00 70.00
422.00 -8.00 58.00 70.00
422.00 -5.00 59.00 71.00
406.00 -9.00 59.00 71.00
406.00 -5.00 59.00 71.00
392.00 -9.00 58.00 70.00
374.00 -9.00 58.00 70.00
371.00 -8.00 57.00 69.00
363.00 -8.00 57.00 69.00
362.00 -7.00 56.00 68.00
342.00 -9.00 56.00 68.00
333.00 -8.00 56.00 67.00
344.00 -8.00 56.00 67.00
355.00 -8.00 56.00 68.00
353.00 -8.00 56.00 68.00
359.00 55.00 56.00 68.00
364.00 52.00 56.00 67.00
370.00 57.00 56.00 68.00
378.00 36.00 56.00 67.00
379.00 16.00 56.00 67.00
380.00 48.00 56.00 67.00
