142.00 125.00 91.00 40.00
139.00 124.00 90.00 40.00
134.00 125.00 90.00 40.00
129.00 124.00 89.00 39.00
125.00 125.00 90.00 40.00
120.00 123.00 90.00 39.00
116.00 123.00 90.00 39.00
111.00 122.00 89.00 39.00
107.00 122.00 90.00 40.00
101.00 121.00 90.00 40.00
96.00 120.00 90.00 40.00
91.00 119.00 90.00 40.00
87.00 119.00 90.00 40.00
83.00 119.00 90.00 39.00
76.00 117.00 90.00 40.00
72.00 116.00 90.00 39.00
67.00 116.00 89.00 39.00
62.00 116.00 91.00 40.00
57.00 116.00 90.00 40.00
51.00 115.00 90.00 39.00
45.00 114.00 90.00 39.00
40.00 113.00 89.00 39.00
34.00 114.00 90.00 39.00
27.00 113.00 89.00 39.00
22.00 114.00 90.00 40.00
16.00 114.00 90.00 40.00
11.00 116.00 90.00 40.00
5.00 117.00 90.00 40.00
-2.00 119.00 90.00 40.00
-8.00 121.00 90.00 40.00
-15.00 121.00 90.00 40.00
-20.00 123.00 90.00 39.00
-26.00 123.00 88.00 39.00
-33.00 124.00 89.00 39.00
-36.00 125.00 89.00 39.00
-38.00 126.00 88.00 39.00
-38.00 126.00 90.00 39.00
-40.00 126.00 89.00 39.00
-39.00 126.00 89.00 39.00
-39.00 125.00 90.00 39.00
-40.00 125.00 90.00 39.00
-40.00 125.00 89.00 39.00
-37.00 124.00 89.00 39.00
-36.00 123.00 90.00 40.00
-34.00 121.00 89.00 39.00
-32.00 120.00 89.00 39.00
-27.00 120.00 88.00 39.00
-25.00 118.00 88.00 39.00
-23.00 118.00 89.00 39.00
-20.00 117.00 89.00 39.00
-19.00 117.00 90.00 40.00
-17.00 115.00 90.00 39.00
-15.00 113.00 90.00 40.00
-13.00 112.00 91.00 40.00
-11.00 111.00 92.00 40.00
-5.00 109.00 92.00 41.00
-2.00 108.00 93.00 41.00
5.00 107.00 93.00 41.00
9.00 105.00 93.00 41.00
14.00 104.00 93.00 41.00
20.00 104.00 92.00 41.00
24.00 103.00 93.00 41.00
30.00 102.00 92.00 41.00
36.00 103.00 92.00 41.00
40.00 102.00 93.00 41.00
46.00 102.00 93.00 41.00
51.00 103.00 92.00 40.00
55.00 104.00 92.00 40.00
55.00 106.00 91.00 40.00
56.00 107.00 92.00 41.00
56.00 108.00 93.00 41.00
56.00 110.00 91.00 40.00
56.00 111.00 92.00 40.00
57.00 113.00 93.00 41.00
58.00 114.00 91.00 40.00
59.00 115.00 91.00 40.00
59.00 117.00 92.00 41.00
58.00 117.00 91.00 40.00
58.00 118.00 92.00 40.00
58.00 118.00 92.00 40.00
59.00 120.00 92.00 40.00
59.00 121.00 93.00 41.00
58.00 122.00 93.00 41.00
58.00 123.00 92.00 40.00
58.00 123.00 93.00 41.00
59.00 124.00 91.00 40.00
57.00 126.00 92.00 40.00
57.00 126.00 92.00 40.00
58.00 127.00 91.00 40.00
58.00 128.00 91.00 40.00
57.00 129.00 92.00 40.00
58.00 130.00 92.00 40.00
57.00 131.00 92.00 41.00
56.00 132.00 93.00 41.00
55.00 132.00 93.00 41.00
56.00 134.00 92.00 41.00
55.00 134.00 93.00 41.00
57.00 135.00 93.00 41.00
59.00 137.00 93.00 41.00
62.00 137.00 93.00 41.00
63.00 139.00 92.00 41.00
66.00 139.00 92.00 41.00
68.00 141.00 92.00 41.00
68.00 140.00 92.00 41.00
71.00 142.00 93.00 41.00
75.00 144.00 93.00 41.00
78.00 143.00 93.00 41.00
83.00 145.00 93.00 41.00
85.00 146.00 92.00 40.00
91.00 147.00 92.00 40.00
94.00 148.00 92.00 41.00
99.00 149.00 92.00 41.00
103.00 151.00 93.00 41.00
106.00 151.00 93.00 41.00
110.00 151.00 93.00 41.00
115.00 153.00 93.00 41.00
118.00 153.00 93.00 41.00
123.00 154.00 93.00 41.00
127.00 155.00 92.00 41.00
131.00 157.00 93.00 41.00
135.00 157.00 93.00 41.00
139.00 158.00 92.00 41.00
144.00 158.00 92.00 40.00
148.00 160.00 93.00 41.00
152.00 160.00 92.00 40.00
156.00 160.00 91.00 40.00
161.00 162.00 92.00 40.00
164.00 161.00 92.00 41.00
168.00 163.00 93.00 41.00
173.00 163.00 92.00 40.00
175.00 164.00 92.00 40.00
180.00 164.00 92.00 40.00
183.00 166.00 92.00 41.00
187.00 167.00 93.00 41.00
191.00 167.00 93.00 41.00
194.00 168.00 92.00 40.00
198.00 169.00 92.00 40.00
203.00 170.00 92.00 40.00
203.00 171.00 92.00 40.00
205.00 171.00 92.00 40.00
205.00 173.00 92.00 40.00
206.00 171.00 92.00 40.00
208.00 173.00 93.00 41.00
208.00 174.00 92.00 41.00
211.00 175.00 93.00 41.00
211.00 176.00 92.00 41.00
213.00 176.00 93.00 41.00
213.00 177.00 94.00 41.00
212.00 178.00 92.00 41.00
212.00 179.00 92.00 40.00
210.00 181.00 92.00 41.00
210.00 181.00 93.00 41.00
208.00 182.00 93.00 41.00
207.00 183.00 93.00 41.00
206.00 185.00 92.00 41.00
206.00 186.00 92.00 41.00
205.00 188.00 92.00 41.00
202.00 189.00 93.00 41.00
202.00 190.00 92.00 41.00
202.00 191.00 92.00 41.00
201.00 192.00 92.00 41.00
200.00 194.00 92.00 41.00
199.00 195.00 93.00 41.00
198.00 196.00 93.00 41.00
197.00 196.00 93.00 41.00
195.00 195.00 93.00 41.00
194.00 196.00 93.00 41.00
194.00 196.00 93.00 41.00
191.00 195.00 92.00 41.00
191.00 195.00 93.00 41.00
191.00 194.00 92.00 41.00
189.00 193.00 93.00 41.00
189.00 192.00 93.00 41.00
186.00 190.00 93.00 41.00
187.00 190.00 93.00 41.00
185.00 189.00 93.00 41.00
184.00 187.00 93.00 41.00
182.00 185.00 93.00 41.00
181.00 184.00 93.00 41.00
181.00 183.00 93.00 41.00
178.00 181.00 93.00 41.00
179.00 181.00 93.00 41.00
177.00 179.00 92.00 41.00
177.00 178.00 93.00 41.00
175.00 176.00 93.00 41.00
173.00 175.00 93.00 41.00
172.00 174.00 93.00 41.00
171.00 173.00 93.00 41.00
170.00 172.00 92.00 41.00
170.00 170.00 93.00 41.00
167.00 169.00 93.00 41.00
167.00 168.00 93.00 41.00
166.00 167.00 93.00 41.00
164.00 167.00 92.00 41.00
164.00 165.00 91.00 40.00
162.00 165.00 92.00 40.00
160.00 164.00 92.00 40.00
158.00 162.00 93.00 41.00
158.00 162.00 93.00 41.00
156.00 160.00 92.00 41.00
155.00 159.00 92.00 40.00
151.00 158.00 92.00 40.00
150.00 156.00 92.00 40.00
150.00 154.00 91.00 40.00
146.00 153.00 90.00 40.00
147.00 153.00 90.00 39.00
146.00 151.00 90.00 39.00
145.00 151.00 90.00 40.00
143.00 150.00 90.00 40.00
142.00 150.00 90.00 40.00
140.00 149.00 91.00 40.00
139.00 148.00 91.00 40.00
138.00 147.00 90.00 40.00
137.00 146.00 90.00 40.00
136.00 147.00 91.00 40.00
131.00 145.00 92.00 40.00
130.00 144.00 92.00 40.00
127.00 144.00 91.00 40.00
126.00 142.00 91.00 40.00
126.00 144.00 90.00 40.00
124.00 143.00 91.00 40.00
123.00 143.00 91.00 40.00
122.00 142.00 91.00 40.00
119.00 142.00 92.00 40.00
119.00 142.00 92.00 41.00
116.00 142.00 93.00 41.00
116.00 141.00 94.00 41.00
114.00 141.00 94.00 41.00
113.00 140.00 93.00 41.00
110.00 139.00 93.00 41.00
110.00 140.00 94.00 41.00
106.00 140.00 93.00 41.00
105.00 139.00 92.00 40.00
103.00 140.00 92.00 40.00
100.00 140.00 92.00 40.00
100.00 139.00 93.00 41.00
97.00 140.00 92.00 41.00
95.00 140.00 93.00 41.00
92.00 140.00 93.00 41.00
93.00 140.00 94.00 41.00
94.00 139.00 94.00 41.00
95.00 140.00 94.00 41.00
96.00 138.00 93.00 41.00
99.00 139.00 93.00 41.00
102.00 137.00 92.00 40.00
107.00 136.00 93.00 41.00
110.00 136.00 93.00 41.00
113.00 134.00 93.00 41.00
117.00 134.00 94.00 41.00
121.00 133.00 94.00 41.00
124.00 132.00 94.00 41.00
128.00 131.00 93.00 41.00
132.00 129.00 93.00 41.00
134.00 129.00 93.00 41.00
140.00 128.00 93.00 41.00
142.00 127.00 93.00 41.00
144.00 126.00 94.00 41.00
149.00 125.00 94.00 41.00
150.00 126.00 94.00 41.00
156.00 124.00 95.00 42.00
159.00 124.00 94.00 41.00
161.00 123.00 94.00 41.00
166.00 122.00 94.00 41.00
167.00 121.00 93.00 41.00
173.00 120.00 94.00 41.00
174.00 120.00 94.00 41.00
176.00 119.00 94.00 41.00
176.00 119.00 94.00 41.00
177.00 119.00 95.00 42.00
178.00 120.00 95.00 42.00
179.00 120.00 95.00 42.00
180.00 119.00 95.00 42.00
181.00 121.00 95.00 42.00
178.00 121.00 95.00 42.00
177.00 122.00 94.00 41.00
173.00 124.00 95.00 42.00
172.00 125.00 95.00 42.00
170.00 128.00 95.00 42.00
166.00 129.00 96.00 42.00
166.00 132.00 95.00 42.00
161.00 133.00 95.00 42.00
161.00 134.00 96.00 42.00
156.00 137.00 95.00 42.00
156.00 138.00 95.00 42.00
149.00 142.00 96.00 42.00
149.00 143.00 96.00 42.00
145.00 145.00 95.00 42.00
143.00 146.00 95.00 42.00
141.00 145.00 95.00 42.00
140.00 148.00 95.00 42.00
138.00 146.00 95.00 42.00
137.00 145.00 95.00 42.00
134.00 144.00 95.00 42.00
132.00 143.00 96.00 42.00
130.00 142.00 95.00 42.00
127.00 140.00 97.00 42.00
125.00 139.00 96.00 42.00
124.00 137.00 95.00 42.00
121.00 136.00 95.00 42.00
121.00 135.00 95.00 42.00
116.00 134.00 96.00 42.00
115.00 132.00 95.00 42.00
113.00 130.00 95.00 42.00
110.00 128.00 95.00 42.00
110.00 127.00 96.00 42.00
107.00 127.00 95.00 42.00
106.00 127.00 96.00 42.00
104.00 127.00 96.00 42.00
105.00 128.00 96.00 42.00
105.00 128.00 96.00 42.00
106.00 129.00 97.00 43.00
108.00 129.00 96.00 42.00
108.00 129.00 96.00 42.00
109.00 129.00 96.00 42.00
110.00 129.00 96.00 42.00
111.00 129.00 96.00 42.00
115.00 128.00 97.00 43.00
117.00 128.00 97.00 43.00
120.00 127.00 97.00 43.00
125.00 128.00 97.00 43.00
127.00 126.00 97.00 43.00
131.00 125.00 97.00 43.00
134.00 125.00 97.00 42.00
137.00 124.00 97.00 43.00
141.00 122.00 97.00 43.00
142.00 119.00 97.00 43.00
146.00 117.00 97.00 43.00
149.00 114.00 97.00 42.00
150.00 112.00 97.00 42.00
152.00 109.00 97.00 43.00
154.00 107.00 97.00 43.00
155.00 105.00 98.00 43.00
155.00 105.00 98.00 43.00
155.00 105.00 99.00 44.00
156.00 105.00 99.00 44.00
156.00 106.00 98.00 43.00
157.00 107.00 98.00 43.00
158.00 108.00 99.00 43.00
158.00 108.00 99.00 44.00
159.00 110.00 99.00 44.00
159.00 110.00 100.00 44.00
159.00 111.00 99.00 44.00
159.00 111.00 98.00 43.00
161.00 113.00 98.00 43.00
161.00 114.00 98.00 43.00
162.00 114.00 98.00 43.00
163.00 115.00 98.00 43.00
163.00 116.00 98.00 43.00
165.00 117.00 98.00 43.00
163.00 118.00 99.00 43.00
163.00 118.00 99.00 43.00
164.00 119.00 99.00 43.00
165.00 119.00 99.00 44.00
166.00 120.00 100.00 44.00
166.00 120.00 100.00 44.00
167.00 120.00 100.00 44.00
165.00 121.00 100.00 44.00
166.00 121.00 100.00 44.00
166.00 121.00 99.00 44.00
167.00 122.00 100.00 44.00
167.00 122.00 101.00 44.00
168.00 122.00 100.00 44.00
168.00 122.00 101.00 44.00
169.00 123.00 100.00 44.00
169.00 122.00 100.00 44.00
170.00 124.00 100.00 44.00
171.00 123.00 100.00 44.00
170.00 124.00 101.00 44.00
170.00 124.00 101.00 44.00
167.00 123.00 100.00 44.00
166.00 124.00 100.00 44.00
164.00 123.00 100.00 44.00
162.00 125.00 99.00 44.00
161.00 124.00 99.00 44.00
157.00 125.00 100.00 44.00
154.00 125.00 100.00 44.00
152.00 125.00 100.00 44.00
150.00 126.00 100.00 44.00
150.00 125.00 100.00 44.00
147.00 126.00 101.00 44.00
145.00 125.00 100.00 44.00
143.00 126.00 99.00 44.00
142.00 126.00 100.00 44.00
139.00 126.00 99.00 44.00
137.00 126.00 100.00 44.00
134.00 126.00 101.00 44.00
132.00 127.00 101.00 44.00
129.00 126.00 101.00 44.00
127.00 126.00 100.00 44.00
125.00 127.00 100.00 44.00
124.00 126.00 100.00 44.00
121.00 127.00 100.00 44.00
118.00 126.00 100.00 44.00
116.00 127.00 99.00 44.00
113.00 128.00 99.00 44.00
111.00 127.00 99.00 44.00
109.00 129.00 100.00 44.00
106.00 127.00 100.00 44.00
104.00 128.00 100.00 44.00
100.00 129.00 100.00 44.00
98.00 127.00 100.00 44.00
95.00 129.00 100.00 44.00
91.00 129.00 100.00 44.00
91.00 130.00 101.00 44.00
87.00 130.00 100.00 44.00
87.00 129.00 100.00 44.00
82.00 129.00 100.00 44.00
80.00 129.00 100.00 44.00
77.00 130.00 100.00 44.00
74.00 129.00 100.00 44.00
72.00 131.00 100.00 44.00
69.00 130.00 100.00 44.00
68.00 130.00 100.00 44.00
64.00 131.00 99.00 44.00
62.00 130.00 99.00 44.00
61.00 131.00 99.00 44.00
55.00 132.00 99.00 43.00
53.00 131.00 99.00 44.00
52.00 131.00 99.00 44.00
49.00 131.00 99.00 44.00
48.00 131.00 99.00 44.00
44.00 132.00 100.00 44.00
41.00 130.00 100.00 44.00
38.00 132.00 100.00 44.00
36.00 131.00 100.00 44.00
35.00 131.00 100.00 44.00
33.00 131.00 99.00 44.00
33.00 131.00 98.00 43.00
30.00 131.00 99.00 44.00
27.00 130.00 100.00 44.00
24.00 130.00 100.00 44.00
23.00 129.00 100.00 44.00
21.00 130.00 100.00 44.00
19.00 127.00 100.00 44.00
17.00 128.00 100.00 44.00
14.00 127.00 100.00 44.00
13.00 126.00 100.00 44.00
11.00 126.00 100.00 44.00
8.00 124.00 100.00 44.00
6.00 123.00 100.00 44.00
6.00 122.00 100.00 44.00
7.00 120.00 100.00 44.00
8.00 119.00 100.00 44.00
9.00 118.00 99.00 44.00
11.00 115.00 99.00 43.00
12.00 114.00 99.00 43.00
12.00 112.00 99.00 43.00
14.00 110.00 99.00 43.00
15.00 109.00 99.00 43.00
15.00 108.00 98.00 43.00
17.00 106.00 98.00 43.00
17.00 106.00 98.00 43.00
18.00 105.00 97.00 43.00
19.00 105.00 99.00 43.00
16.00 105.00 99.00 43.00
18.00 104.00 99.00 44.00
19.00 105.00 99.00 43.00
18.00 104.00 99.00 43.00
20.00 105.00 99.00 44.00
21.00 106.00 99.00 44.00
20.00 106.00 99.00 43.00
22.00 108.00 99.00 43.00
21.00 108.00 99.00 43.00
23.00 109.00 98.00 43.00
24.00 111.00 99.00 43.00
23.00 112.00 99.00 43.00
26.00 114.00 99.00 44.00
26.00 115.00 99.00 43.00
28.00 116.00 98.00 43.00
28.00 118.00 98.00 43.00
29.00 119.00 99.00 43.00
29.00 120.00 99.00 44.00
30.00 121.00 100.00 44.00
33.00 122.00 100.00 44.00
33.00 122.00 99.00 44.00
35.00 124.00 99.00 43.00
35.00 125.00 99.00 44.00
36.00 127.00 99.00 43.00
37.00 127.00 99.00 43.00
38.00 129.00 99.00 44.00
39.00 130.00 99.00 44.00
40.00 131.00 99.00 44.00
39.00 132.00 99.00 44.00
41.00 133.00 99.00 44.00
43.00 134.00 99.00 43.00
45.00 135.00 100.00 44.00
47.00 136.00 100.00 44.00
47.00 137.00 100.00 44.00
48.00 138.00 100.00 44.00
50.00 139.00 100.00 44.00
51.00 140.00 99.00 44.00
52.00 141.00 100.00 44.00
53.00 142.00 100.00 44.00
54.00 143.00 100.00 44.00
56.00 144.00 99.00 44.00
57.00 145.00 99.00 43.00
59.00 146.00 99.00 44.00
61.00 148.00 99.00 44.00
60.00 149.00 98.00 43.00
62.00 150.00 98.00 43.00
62.00 152.00 97.00 43.00
64.00 153.00 97.00 43.00
65.00 153.00 98.00 43.00
65.00 155.00 99.00 44.00
66.00 155.00 99.00 44.00
69.00 157.00 98.00 43.00
69.00 157.00 98.00 43.00
70.00 158.00 99.00 43.00
71.00 159.00 98.00 43.00
73.00 159.00 98.00 43.00
76.00 160.00 97.00 43.00
80.00 162.00 94.00 41.00
83.00 163.00 94.00 41.00
86.00 163.00 92.00 41.00
87.00 164.00 92.00 40.00
112.00 165.00 93.00 41.00
115.00 165.00 94.00 41.00
112.00 167.00 92.00 41.00
86.00 158.00 92.00 40.00
85.00 169.00 91.00 40.00
86.00 168.00 91.00 40.00
88.00 169.00 92.00 40.00
87.00 169.00 92.00 41.00
88.00 169.00 94.00 41.00
93.00 168.00 94.00 41.00
94.00 169.00 94.00 41.00
97.00 170.00 94.00 42.00
97.00 171.00 94.00 42.00
97.00 171.00 94.00 41.00
100.00 170.00 94.00 41.00
100.00 169.00 95.00 42.00
100.00 168.00 94.00 42.00
102.00 168.00 94.00 42.00
103.00 167.00 94.00 41.00
82.00 150.00 95.00 42.00
82.00 138.00 95.00 42.00
37.00 158.00 96.00 42.00
36.00 152.00 95.00 42.00
38.00 154.00 95.00 42.00
49.00 155.00 95.00 42.00
57.00 153.00 95.00 42.00
44.00 156.00 96.00 42.00
41.00 155.00 96.00 42.00
47.00 155.00 95.00 42.00
-6.00 136.00 94.00 41.00
5.00 137.00 94.00 41.00
-9.00 140.00 92.00 41.00
4.00 139.00 91.00 40.00
12.00 139.00 91.00 40.00
23.00 137.00 89.00 39.00
33.00 139.00 89.00 39.00
42.00 137.00 89.00 39.00
53.00 136.00 88.00 39.00
62.00 136.00 88.00 39.00
73.00 133.00 88.00 39.00
84.00 134.00 88.00 39.00
92.00 132.00 88.00 39.00
105.00 133.00 87.00 38.00
105.00 134.00 87.00 38.00
116.00 132.00 87.00 38.00
139.00 128.00 88.00 39.00
119.00 133.00 87.00 38.00
105.00 134.00 87.00 38.00
72.00 160.00 87.00 38.00
70.00 161.00 87.00 38.00
102.00 146.00 87.00 38.00
100.00 144.00 88.00 38.00
98.00 144.00 88.00 39.00
96.00 142.00 90.00 40.00
93.00 142.00 92.00 40.00
90.00 141.00 93.00 41.00
90.00 140.00 94.00 41.00
88.00 140.00 94.00 41.00
87.00 138.00 95.00 42.00
84.00 137.00 95.00 42.00
81.00 137.00 96.00 42.00
81.00 135.00 96.00 42.00
81.00 135.00 97.00 43.00
77.00 134.00 97.00 43.00
75.00 133.00 97.00 43.00
73.00 132.00 97.00 43.00
72.00 132.00 97.00 43.00
70.00 131.00 97.00 43.00
69.00 129.00 97.00 43.00
69.00 130.00 97.00 43.00
66.00 129.00 97.00 43.00
66.00 130.00 97.00 43.00
63.00 129.00 98.00 43.00
62.00 128.00 98.00 43.00
59.00 128.00 98.00 43.00
58.00 127.00 98.00 43.00
59.00 128.00 98.00 43.00
58.00 127.00 98.00 43.00
55.00 125.00 98.00 43.00
55.00 125.00 98.00 43.00
51.00 125.00 98.00 43.00
52.00 125.00 98.00 43.00
48.00 125.00 98.00 43.00
48.00 124.00 98.00 43.00
45.00 124.00 98.00 43.00
44.00 124.00 98.00 43.00
44.00 123.00 98.00 43.00
41.00 124.00 98.00 43.00
40.00 122.00 98.00 43.00
38.00 123.00 98.00 43.00
36.00 121.00 98.00 43.00
38.00 122.00 97.00 43.00
37.00 121.00 97.00 43.00
40.00 121.00 97.00 43.00
43.00 121.00 97.00 43.00
48.00 120.00 97.00 43.00
53.00 120.00 97.00 43.00
56.00 119.00 97.00 43.00
59.00 119.00 98.00 43.00
63.00 119.00 99.00 43.00
67.00 118.00 99.00 43.00
71.00 117.00 99.00 43.00
76.00 118.00 98.00 43.00
79.00 118.00 98.00 43.00
84.00 117.00 99.00 43.00
88.00 116.00 99.00 43.00
93.00 114.00 98.00 43.00
95.00 115.00 99.00 43.00
96.00 113.00 99.00 44.00
99.00 113.00 99.00 44.00
101.00 112.00 99.00 43.00
102.00 111.00 99.00 43.00
104.00 112.00 99.00 43.00
107.00 112.00 99.00 44.00
108.00 112.00 99.00 44.00
110.00 111.00 98.00 43.00
113.00 112.00 98.00 43.00
114.00 112.00 98.00 43.00
117.00 112.00 99.00 44.00
118.00 112.00 99.00 44.00
121.00 111.00 99.00 44.00
123.00 112.00 99.00 43.00
124.00 111.00 99.00 43.00
128.00 112.00 98.00 43.00
128.00 113.00 98.00 43.00
131.00 111.00 98.00 43.00
133.00 112.00 98.00 43.00
134.00 112.00 97.00 43.00
136.00 111.00 98.00 43.00
138.00 112.00 98.00 43.00
142.00 111.00 98.00 43.00
144.00 110.00 98.00 43.00
145.00 110.00 98.00 43.00
144.00 110.00 98.00 43.00
140.00 110.00 98.00 43.00
136.00 109.00 98.00 43.00
128.00 110.00 98.00 43.00
121.00 109.00 98.00 43.00
116.00 109.00 98.00 43.00
110.00 109.00 98.00 43.00
106.00 109.00 98.00 43.00
101.00 108.00 97.00 43.00
95.00 107.00 97.00 43.00
90.00 107.00 97.00 43.00
89.00 107.00 98.00 43.00
92.00 107.00 98.00 43.00
101.00 106.00 98.00 43.00
115.00 105.00 98.00 43.00
129.00 105.00 98.00 43.00
143.00 103.00 98.00 43.00
158.00 102.00 99.00 44.00
172.00 101.00 99.00 44.00
185.00 100.00 99.00 44.00
192.00 100.00 99.00 44.00
195.00 99.00 99.00 43.00
201.00 99.00 98.00 43.00
204.00 99.00 99.00 44.00
208.00 97.00 98.00 43.00
211.00 98.00 97.00 43.00
212.00 96.00 96.00 42.00
217.00 97.00 95.00 42.00
214.00 97.00 95.00 42.00
215.00 96.00 94.00 41.00
241.00 97.00 94.00 41.00
226.00 83.00 96.00 42.00
242.00 76.00 94.00 41.00
248.00 77.00 92.00 41.00
261.00 78.00 90.00 40.00
289.00 75.00 89.00 39.00
286.00 80.00 90.00 39.00
288.00 74.00 89.00 39.00
258.00 43.00 90.00 40.00
206.00 98.00 92.00 40.00
208.00 97.00 93.00 41.00
207.00 97.00 96.00 42.00
206.00 96.00 96.00 42.00
205.00 96.00 97.00 43.00
203.00 95.00 98.00 43.00
204.00 96.00 97.00 43.00
202.00 95.00 97.00 43.00
202.00 96.00 97.00 43.00
202.00 95.00 98.00 43.00
202.00 96.00 98.00 43.00
201.00 95.00 98.00 43.00
202.00 95.00 97.00 43.00
200.00 96.00 97.00 43.00
201.00 94.00 97.00 43.00
200.00 95.00 97.00 43.00
197.00 94.00 98.00 43.00
198.00 94.00 98.00 43.00
196.00 95.00 98.00 43.00
196.00 94.00 99.00 43.00
197.00 94.00 99.00 43.00
196.00 93.00 98.00 43.00
196.00 93.00 99.00 43.00
196.00 93.00 98.00 43.00
195.00 93.00 99.00 44.00
192.00 93.00 99.00 44.00
189.00 94.00 99.00 44.00
186.00 93.00 99.00 44.00
183.00 94.00 99.00 43.00
180.00 94.00 99.00 44.00
178.00 95.00 99.00 43.00
173.00 94.00 99.00 43.00
170.00 95.00 99.00 43.00
166.00 96.00 99.00 44.00
166.00 96.00 100.00 44.00
158.00 98.00 100.00 44.00
153.00 97.00 100.00 44.00
148.00 98.00 99.00 44.00
140.00 100.00 100.00 44.00
133.00 99.00 99.00 44.00
127.00 102.00 99.00 44.00
119.00 103.00 99.00 43.00
116.00 103.00 99.00 44.00
107.00 105.00 99.00 44.00
100.00 105.00 99.00 44.00
95.00 106.00 98.00 43.00
85.00 108.00 99.00 44.00
81.00 108.00 99.00 44.00
76.00 110.00 100.00 44.00
74.00 110.00 99.00 43.00
73.00 111.00 98.00 43.00
74.00 112.00 98.00 43.00
76.00 112.00 99.00 43.00
79.00 112.00 99.00 43.00
78.00 111.00 99.00 43.00
81.00 111.00 99.00 43.00
82.00 112.00 99.00 43.00
83.00 112.00 99.00 44.00
85.00 111.00 99.00 44.00
86.00 111.00 99.00 44.00
88.00 112.00 100.00 44.00
91.00 111.00 100.00 44.00
91.00 111.00 100.00 44.00
94.00 111.00 99.00 44.00
96.00 112.00 99.00 44.00
98.00 114.00 100.00 44.00
99.00 113.00 100.00 44.00
101.00 115.00 101.00 44.00
101.00 115.00 101.00 44.00
104.00 115.00 100.00 44.00
104.00 116.00 101.00 44.00
108.00 116.00 101.00 44.00
110.00 117.00 101.00 44.00
110.00 117.00 100.00 44.00
114.00 118.00 100.00 44.00
115.00 118.00 101.00 44.00
118.00 119.00 101.00 44.00
119.00 118.00 101.00 44.00
123.00 119.00 101.00 44.00
125.00 119.00 101.00 44.00
127.00 119.00 101.00 44.00
129.00 119.00 101.00 44.00
131.00 119.00 101.00 44.00
135.00 119.00 100.00 44.00
136.00 119.00 101.00 44.00
139.00 120.00 100.00 44.00
141.00 119.00 100.00 44.00
145.00 120.00 100.00 44.00
147.00 118.00 99.00 44.00
148.00 117.00 97.00 43.00
149.00 116.00 95.00 42.00
106.00 102.00 95.00 42.00
110.00 100.00 95.00 42.00
117.00 99.00 96.00 42.00
122.00 99.00 95.00 42.00
129.00 110.00 93.00 41.00
135.00 98.00 94.00 41.00
140.00 96.00 94.00 41.00
123.00 118.00 95.00 42.00
120.00 118.00 96.00 42.00
118.00 115.00 97.00 43.00
115.00 114.00 98.00 43.00
113.00 114.00 99.00 44.00
110.00 114.00 99.00 44.00
108.00 114.00 100.00 44.00
103.00 113.00 100.00 44.00
100.00 112.00 100.00 44.00
98.00 113.00 99.00 44.00
94.00 113.00 99.00 44.00
91.00 112.00 99.00 44.00
88.00 112.00 99.00 44.00
87.00 112.00 100.00 44.00
83.00 112.00 100.00 44.00
81.00 112.00 99.00 44.00
78.00 111.00 99.00 44.00
78.00 111.00 99.00 44.00
77.00 110.00 99.00 44.00
77.00 111.00 99.00 43.00
76.00 110.00 98.00 43.00
77.00 110.00 99.00 43.00
76.00 110.00 98.00 43.00
78.00 110.00 99.00 43.00
75.00 111.00 99.00 44.00
75.00 110.00 99.00 44.00
74.00 111.00 99.00 44.00
72.00 111.00 99.00 44.00
71.00 111.00 99.00 44.00
72.00 111.00 99.00 44.00
72.00 110.00 99.00 44.00
73.00 110.00 99.00 43.00
72.00 110.00 99.00 43.00
71.00 109.00 98.00 43.00
67.00 110.00 97.00 43.00
64.00 110.00 98.00 43.00
59.00 110.00 99.00 43.00
59.00 110.00 98.00 43.00
57.00 110.00 98.00 43.00
53.00 110.00 98.00 43.00
51.00 111.00 98.00 43.00
47.00 111.00 99.00 43.00
42.00 110.00 97.00 43.00
43.00 110.00 97.00 43.00
44.00 110.00 98.00 43.00
42.00 110.00 97.00 43.00
43.00 110.00 98.00 43.00
42.00 110.00 98.00 43.00
43.00 110.00 99.00 43.00
42.00 110.00 97.00 43.00
43.00 110.00 97.00 42.00
42.00 110.00 97.00 43.00
42.00 110.00 97.00 43.00
42.00 110.00 99.00 43.00
41.00 110.00 99.00 43.00
41.00 110.00 98.00 43.00
40.00 111.00 98.00 43.00
41.00 111.00 98.00 43.00
41.00 110.00 99.00 43.00
41.00 111.00 98.00 43.00
41.00 110.00 98.00 43.00
41.00 110.00 98.00 43.00
40.00 110.00 98.00 43.00
42.00 110.00 98.00 43.00
39.00 110.00 98.00 43.00
40.00 110.00 99.00 44.00
40.00 110.00 99.00 44.00
39.00 110.00 99.00 43.00
40.00 110.00 99.00 44.00
38.00 110.00 99.00 43.00
40.00 110.00 100.00 44.00
37.00 110.00 101.00 44.00
36.00 110.00 100.00 44.00
37.00 110.00 101.00 44.00
33.00 110.00 100.00 44.00
36.00 110.00 100.00 44.00
33.00 110.00 100.00 44.00
35.00 110.00 100.00 44.00
33.00 110.00 101.00 44.00
32.00 111.00 101.00 44.00
32.00 110.00 101.00 44.00
30.00 111.00 101.00 45.00
29.00 111.00 101.00 44.00
29.00 112.00 101.00 44.00
28.00 112.00 100.00 44.00
28.00 111.00 100.00 44.00
27.00 112.00 101.00 44.00
26.00 112.00 101.00 44.00
26.00 112.00 101.00 44.00
23.00 113.00 100.00 44.00
26.00 112.00 100.00 44.00
27.00 113.00 100.00 44.00
29.00 112.00 101.00 44.00
32.00 113.00 100.00 44.00
32.00 113.00 101.00 44.00
34.00 114.00 101.00 44.00
36.00 113.00 100.00 44.00
37.00 113.00 102.00 45.00
39.00 113.00 100.00 44.00
42.00 113.00 101.00 44.00
43.00 113.00 101.00 44.00
45.00 112.00 100.00 44.00
49.00 113.00 100.00 44.00
48.00 113.00 101.00 44.00
51.00 112.00 101.00 44.00
52.00 114.00 101.00 44.00
52.00 113.00 100.00 44.00
55.00 113.00 101.00 44.00
56.00 114.00 100.00 44.00
57.00 113.00 101.00 44.00
59.00 115.00 101.00 45.00
59.00 114.00 101.00 44.00
61.00 114.00 101.00 44.00
63.00 114.00 101.00 44.00
65.00 114.00 102.00 45.00
68.00 113.00 102.00 45.00
68.00 114.00 102.00 45.00
71.00 114.00 101.00 45.00
71.00 114.00 101.00 45.00
74.00 114.00 101.00 45.00
74.00 114.00 101.00 45.00
76.00 114.00 102.00 45.00
76.00 115.00 102.00 45.00
77.00 114.00 102.00 45.00
80.00 115.00 103.00 45.00
79.00 115.00 102.00 45.00
84.00 115.00 101.00 44.00
82.00 115.00 101.00 45.00
85.00 115.00 103.00 45.00
86.00 115.00 102.00 45.00
86.00 116.00 101.00 44.00
89.00 115.00 101.00 45.00
90.00 116.00 100.00 44.00
91.00 116.00 100.00 44.00
94.00 116.00 100.00 44.00
95.00 117.00 100.00 44.00
95.00 117.00 101.00 44.00
97.00 117.00 101.00 45.00
99.00 118.00 101.00 44.00
99.00 118.00 101.00 45.00
102.00 119.00 101.00 45.00
102.00 119.00 102.00 45.00
104.00 119.00 102.00 45.00
105.00 119.00 102.00 45.00
107.00 120.00 101.00 44.00
109.00 120.00 100.00 44.00
110.00 121.00 100.00 44.00
112.00 121.00 100.00 44.00
114.00 122.00 100.00 44.00
113.00 123.00 100.00 44.00
115.00 123.00 101.00 44.00
115.00 123.00 101.00 45.00
117.00 124.00 102.00 45.00
120.00 124.00 102.00 45.00
120.00 124.00 102.00 45.00
122.00 124.00 100.00 44.00
123.00 125.00 100.00 44.00
124.00 126.00 101.00 45.00
126.00 125.00 102.00 45.00
127.00 126.00 100.00 44.00
