232.00 88.00 76.00 84.00
242.00 92.00 75.00 83.00
253.00 99.00 74.00 82.00
261.00 105.00 73.00 81.00
268.00 108.00 73.00 80.00
277.00 109.00 72.00 80.00
287.00 112.00 72.00 80.00
295.00 114.00 72.00 79.00
301.00 117.00 71.00 79.00
306.00 120.00 71.00 78.00
310.00 121.00 71.00 78.00
314.00 120.00 71.00 78.00
314.00 117.00 70.00 78.00
308.00 111.00 70.00 77.00
298.00 106.00 69.00 76.00
286.00 100.00 69.00 76.00
269.00 95.00 69.00 77.00
250.00 90.00 70.00 78.00
236.00 90.00 69.00 76.00
237.00 94.00 67.00 74.00
248.00 93.00 66.00 73.00
242.00 94.00 66.00 73.00
236.00 96.00 66.00 73.00
230.00 96.00 64.00 71.00
235.00 97.00 63.00 69.00
244.00 96.00 64.00 70.00
236.00 108.00 65.00 72.00
250.00 113.00 66.00 73.00
263.00 117.00 67.00 74.00
276.00 108.00 68.00 75.00
298.00 133.00 68.00 75.00
307.00 130.00 69.00 76.00
312.00 128.00 69.00 77.00
301.00 105.00 69.00 76.00
295.00 116.00 68.00 76.00
288.00 120.00 69.00 76.00
283.00 120.00 69.00 77.00
271.00 118.00 71.00 78.00
257.00 114.00 72.00 79.00
244.00 112.00 72.00 80.00
267.00 93.00 72.00 79.00
260.00 93.00 71.00 78.00
256.00 88.00 70.00 78.00
237.00 91.00 71.00 79.00
233.00 72.00 71.00 78.00
262.00 76.00 71.00 78.00
293.00 76.00 72.00 79.00
320.00 77.00 72.00 79.00
341.00 78.00 71.00 79.00
350.00 80.00 71.00 79.00
353.00 86.00 70.00 77.00
345.00 92.00 70.00 77.00
331.00 99.00 69.00 76.00
311.00 106.00 69.00 76.00
285.00 111.00 68.00 76.00
256.00 115.00 68.00 75.00
224.00 116.00 68.00 76.00
234.00 97.00 68.00 75.00
222.00 101.00 68.00 75.00
240.00 94.00 67.00 74.00
240.00 94.00 66.00 73.00
240.00 95.00 65.00 72.00
240.00 95.00 65.00 72.00
214.00 76.00 66.00 73.00
201.00 73.00 66.00 73.00
230.00 55.00 67.00 74.00
245.00 54.00 67.00 74.00
270.00 51.00 67.00 74.00
292.00 55.00 67.00 74.00
313.00 49.00 67.00 74.00
295.00 57.00 68.00 75.00
284.00 67.00 68.00 75.00
286.00 82.00 69.00 76.00
301.00 88.00 69.00 77.00
323.00 87.00 71.00 78.00
347.00 82.00 72.00 79.00
366.00 74.00 73.00 81.00
380.00 64.00 74.00 82.00
377.00 55.00 74.00 82.00
358.00 50.00 75.00 83.00
337.00 49.00 75.00 83.00
311.00 56.00 74.00 82.00
283.00 63.00 73.00 81.00
259.00 64.00 73.00 81.00
242.00 70.00 72.00 79.00
227.00 76.00 72.00 79.00
210.00 81.00 72.00 79.00
196.00 83.00 72.00 79.00
182.00 81.00 71.00 79.00
170.00 79.00 71.00 78.00
160.00 75.00 70.00 77.00
145.00 71.00 69.00 76.00
117.00 54.00 68.00 75.00
134.00 59.00 68.00 76.00
123.00 60.00 68.00 75.00
121.00 61.00 68.00 76.00
123.00 67.00 69.00 76.00
128.00 72.00 68.00 76.00
136.00 77.00 68.00 76.00
148.00 82.00 68.00 75.00
164.00 82.00 68.00 76.00
136.00 102.00 68.00 75.00
147.00 108.00 68.00 75.00
152.00 113.00 68.00 75.00
186.00 99.00 68.00 76.00
235.00 94.00 68.00 75.00
238.00 92.00 68.00 75.00
241.00 90.00 68.00 75.00
241.00 93.00 67.00 74.00
242.00 96.00 66.00 73.00
229.00 99.00 65.00 72.00
223.00 109.00 66.00 73.00
244.00 109.00 65.00 72.00
268.00 109.00 65.00 72.00
292.00 109.00 65.00 71.00
313.00 106.00 64.00 71.00
333.00 103.00 64.00 71.00
351.00 100.00 63.00 70.00
368.00 97.00 62.00 69.00
378.00 94.00 62.00 69.00
378.00 95.00 63.00 69.00
375.00 99.00 63.00 70.00
368.00 105.00 63.00 70.00
365.00 108.00 64.00 70.00
363.00 108.00 64.00 71.00
363.00 105.00 65.00 72.00
365.00 97.00 66.00 73.00
363.00 87.00 66.00 73.00
349.00 77.00 67.00 74.00
332.00 70.00 68.00 75.00
314.00 68.00 68.00 76.00
293.00 72.00 69.00 76.00
265.00 76.00 68.00 76.00
237.00 77.00 67.00 74.00
217.00 79.00 67.00 74.00
202.00 87.00 66.00 73.00
189.00 94.00 66.00 73.00
172.00 105.00 65.00 72.00
159.00 106.00 65.00 71.00
148.00 105.00 65.00 71.00
135.00 104.00 65.00 72.00
124.00 102.00 66.00 72.00
113.00 102.00 66.00 73.00
105.00 101.00 67.00 74.00
101.00 98.00 67.00 74.00
105.00 96.00 68.00 76.00
114.00 94.00 69.00 76.00
131.00 95.00 70.00 77.00
154.00 95.00 70.00 77.00
155.00 95.00 70.00 78.00
161.00 82.00 70.00 77.00
198.00 94.00 70.00 78.00
228.00 92.00 71.00 78.00
243.00 85.00 71.00 79.00
263.00 76.00 72.00 79.00
284.00 64.00 72.00 80.00
307.00 55.00 72.00 80.00
320.00 47.00 72.00 80.00
323.00 42.00 72.00 80.00
318.00 44.00 72.00 80.00
307.00 50.00 72.00 80.00
296.00 53.00 72.00 80.00
285.00 46.00 72.00 80.00
307.00 82.00 71.00 79.00
292.00 87.00 71.00 78.00
279.00 99.00 70.00 77.00
231.00 81.00 70.00 77.00
208.00 89.00 70.00 77.00
191.00 94.00 69.00 77.00
172.00 95.00 68.00 76.00
155.00 92.00 68.00 75.00
140.00 87.00 67.00 75.00
135.00 82.00 68.00 75.00
142.00 83.00 68.00 75.00
148.00 83.00 68.00 75.00
155.00 82.00 69.00 76.00
164.00 85.00 70.00 77.00
182.00 88.00 70.00 77.00
210.00 87.00 70.00 77.00
236.00 81.00 70.00 78.00
250.00 72.00 71.00 78.00
248.00 66.00 70.00 78.00
231.00 66.00 70.00 78.00
212.00 70.00 70.00 78.00
198.00 72.00 70.00 77.00
201.00 62.00 70.00 77.00
220.00 51.00 70.00 77.00
239.00 45.00 71.00 78.00
244.00 51.00 70.00 77.00
248.00 71.00 69.00 76.00
249.00 94.00 69.00 76.00
246.00 109.00 68.00 76.00
254.00 110.00 68.00 75.00
267.00 106.00 67.00 75.00
281.00 100.00 67.00 74.00
292.00 93.00 67.00 74.00
295.00 87.00 67.00 74.00
274.00 81.00 67.00 74.00
254.00 77.00 67.00 74.00
254.00 69.00 67.00 74.00
255.00 57.00 67.00 74.00
237.00 48.00 67.00 74.00
214.00 54.00 67.00 74.00
202.00 74.00 66.00 73.00
203.00 90.00 67.00 74.00
219.00 93.00 67.00 74.00
239.00 85.00 67.00 74.00
248.00 73.00 67.00 75.00
244.00 64.00 67.00 75.00
239.00 58.00 68.00 75.00
221.00 60.00 67.00 75.00
192.00 76.00 66.00 73.00
177.00 98.00 66.00 73.00
195.00 113.00 66.00 73.00
195.00 136.00 66.00 73.00
225.00 130.00 66.00 73.00
256.00 115.00 66.00 73.00
277.00 92.00 67.00 74.00
303.00 70.00 68.00 76.00
327.00 56.00 70.00 77.00
339.00 51.00 71.00 78.00
339.00 56.00 72.00 79.00
315.00 72.00 72.00 79.00
282.00 94.00 71.00 79.00
254.00 110.00 71.00 78.00
231.00 109.00 70.00 78.00
221.00 96.00 70.00 78.00
229.00 85.00 70.00 77.00
249.00 77.00 69.00 76.00
261.00 80.00 69.00 76.00
254.00 89.00 69.00 76.00
245.00 99.00 68.00 75.00
228.00 100.00 68.00 75.00
200.00 100.00 68.00 75.00
177.00 102.00 67.00 74.00
154.00 109.00 67.00 74.00
151.00 110.00 68.00 75.00
171.00 104.00 67.00 74.00
201.00 95.00 67.00 74.00
236.00 86.00 67.00 74.00
259.00 80.00 67.00 75.00
274.00 86.00 67.00 74.00
293.00 95.00 67.00 74.00
306.00 98.00 67.00 74.00
304.00 102.00 67.00 74.00
285.00 109.00 66.00 73.00
261.00 120.00 66.00 73.00
236.00 126.00 65.00 72.00
225.00 129.00 65.00 72.00
218.00 124.00 65.00 71.00
215.00 117.00 64.00 71.00
209.00 108.00 65.00 71.00
213.00 103.00 64.00 71.00
236.00 96.00 64.00 71.00
267.00 85.00 64.00 71.00
293.00 72.00 65.00 72.00
305.00 60.00 66.00 73.00
298.00 58.00 67.00 74.00
288.00 61.00 67.00 74.00
290.00 68.00 67.00 74.00
299.00 75.00 67.00 74.00
312.00 78.00 68.00 75.00
324.00 73.00 68.00 75.00
330.00 60.00 68.00 75.00
331.00 45.00 68.00 75.00
331.00 40.00 68.00 75.00
331.00 47.00 67.00 74.00
335.00 55.00 67.00 74.00
337.00 62.00 67.00 74.00
333.00 69.00 66.00 73.00
323.00 72.00 66.00 73.00
322.00 72.00 66.00 73.00
321.00 67.00 66.00 73.00
323.00 56.00 66.00 73.00
328.00 42.00 66.00 73.00
332.00 26.00 66.00 73.00
329.00 12.00 66.00 73.00
319.00 2.00 67.00 74.00
309.00 -3.00 67.00 75.00
298.00 3.00 68.00 75.00
294.00 16.00 68.00 76.00
289.00 17.00 69.00 76.00
289.00 25.00 69.00 76.00
287.00 38.00 69.00 76.00
285.00 52.00 69.00 76.00
276.00 87.00 69.00 76.00
266.00 97.00 68.00 75.00
251.00 102.00 68.00 75.00
233.00 104.00 68.00 75.00
214.00 103.00 68.00 75.00
191.00 99.00 67.00 74.00
174.00 93.00 66.00 73.00
179.00 81.00 67.00 74.00
189.00 69.00 67.00 74.00
199.00 65.00 67.00 74.00
210.00 64.00 67.00 74.00
216.00 68.00 67.00 74.00
211.00 73.00 68.00 75.00
201.00 78.00 68.00 75.00
189.00 87.00 68.00 75.00
190.00 88.00 68.00 75.00
208.00 70.00 68.00 75.00
225.00 51.00 68.00 75.00
232.00 33.00 68.00 75.00
238.00 22.00 68.00 75.00
227.00 23.00 67.00 74.00
230.00 48.00 66.00 73.00
204.00 59.00 66.00 73.00
132.00 90.00 66.00 73.00
139.00 104.00 66.00 73.00
160.00 112.00 66.00 73.00
194.00 107.00 66.00 73.00
224.00 110.00 66.00 72.00
262.00 110.00 65.00 72.00
285.00 110.00 65.00 72.00
278.00 113.00 65.00 72.00
264.00 123.00 65.00 71.00
249.00 136.00 65.00 71.00
237.00 151.00 64.00 71.00
234.00 154.00 63.00 70.00
240.00 141.00 63.00 70.00
262.00 115.00 64.00 70.00
283.00 83.00 64.00 71.00
301.00 56.00 65.00 72.00
297.00 38.00 65.00 72.00
275.00 35.00 65.00 72.00
248.00 47.00 65.00 72.00
224.00 63.00 65.00 71.00
219.00 61.00 65.00 72.00
232.00 52.00 65.00 72.00
240.00 55.00 66.00 73.00
235.00 75.00 66.00 72.00
224.00 100.00 66.00 73.00
223.00 118.00 66.00 72.00
235.00 113.00 65.00 72.00
257.00 102.00 66.00 73.00
278.00 90.00 66.00 73.00
287.00 78.00 66.00 73.00
277.00 69.00 67.00 74.00
235.00 67.00 67.00 74.00
181.00 86.00 66.00 73.00
152.00 103.00 66.00 73.00
137.00 123.00 66.00 73.00
136.00 138.00 66.00 73.00
163.00 135.00 65.00 72.00
217.00 135.00 65.00 72.00
198.00 142.00 64.00 71.00
213.00 136.00 64.00 71.00
215.00 131.00 64.00 71.00
207.00 124.00 64.00 70.00
188.00 110.00 63.00 70.00
180.00 99.00 63.00 70.00
173.00 85.00 63.00 70.00
157.00 70.00 63.00 70.00
