152.00 102.00 40.00 67.00
152.00 101.00 40.00 68.00
152.00 103.00 41.00 68.00
153.00 104.00 40.00 68.00
154.00 105.00 41.00 68.00
154.00 105.00 41.00 68.00
154.00 105.00 41.00 69.00
151.00 109.00 39.00 66.00
147.00 110.00 39.00 66.00
143.00 112.00 39.00 66.00
140.00 112.00 39.00 66.00
137.00 110.00 39.00 65.00
133.00 108.00 38.00 64.00
135.00 110.00 38.00 64.00
138.00 109.00 38.00 64.00
140.00 107.00 38.00 63.00
144.00 105.00 38.00 64.00
151.00 106.00 38.00 64.00
158.00 107.00 39.00 65.00
165.00 110.00 39.00 65.00
173.00 113.00 40.00 67.00
182.00 116.00 40.00 68.00
186.00 117.00 41.00 69.00
190.00 115.00 42.00 70.00
189.00 112.00 42.00 71.00
192.00 113.00 44.00 73.00
190.00 113.00 45.00 76.00
184.00 110.00 47.00 78.00
182.00 109.00 47.00 79.00
179.00 105.00 47.00 79.00
177.00 103.00 47.00 79.00
172.00 96.00 47.00 79.00
164.00 92.00 48.00 81.00
158.00 91.00 49.00 81.00
152.00 92.00 49.00 83.00
144.00 89.00 49.00 83.00
137.00 86.00 50.00 83.00
130.00 84.00 50.00 83.00
124.00 84.00 49.00 83.00
115.00 85.00 49.00 83.00
111.00 88.00 50.00 83.00
106.00 92.00 50.00 83.00
103.00 94.00 50.00 84.00
101.00 95.00 50.00 84.00
101.00 98.00 51.00 85.00
103.00 99.00 51.00 86.00
107.00 102.00 52.00 88.00
109.00 106.00 53.00 89.00
106.00 106.00 53.00 89.00
107.00 105.00 54.00 90.00
104.00 100.00 54.00 91.00
99.00 94.00 55.00 91.00
101.00 92.00 55.00 92.00
106.00 93.00 55.00 93.00
105.00 93.00 55.00 93.00
108.00 94.00 56.00 93.00
108.00 94.00 56.00 94.00
113.00 97.00 57.00 95.00
122.00 99.00 57.00 95.00
133.00 100.00 57.00 96.00
144.00 101.00 58.00 96.00
150.00 101.00 58.00 97.00
170.00 83.00 57.00 96.00
168.00 80.00 57.00 95.00
173.00 81.00 56.00 94.00
176.00 82.00 55.00 93.00
182.00 86.00 55.00 92.00
187.00 91.00 54.00 90.00
193.00 98.00 53.00 90.00
201.00 103.00 53.00 88.00
207.00 105.00 52.00 88.00
223.00 107.00 52.00 87.00
212.00 114.00 52.00 86.00
221.00 116.00 51.00 86.00
228.00 116.00 51.00 86.00
234.00 114.00 51.00 86.00
238.00 113.00 51.00 85.00
237.00 113.00 51.00 86.00
235.00 113.00 52.00 86.00
232.00 112.00 51.00 86.00
228.00 108.00 52.00 87.00
223.00 103.00 52.00 87.00
216.00 99.00 52.00 87.00
210.00 99.00 52.00 87.00
207.00 98.00 52.00 87.00
203.00 95.00 51.00 86.00
198.00 92.00 51.00 86.00
193.00 88.00 51.00 85.00
186.00 80.00 50.00 85.00
179.00 76.00 50.00 84.00
172.00 72.00 50.00 83.00
161.00 69.00 50.00 83.00
153.00 69.00 49.00 82.00
146.00 69.00 48.00 81.00
141.00 70.00 48.00 80.00
133.00 70.00 47.00 79.00
130.00 70.00 47.00 79.00
127.00 69.00 47.00 78.00
122.00 69.00 46.00 78.00
113.00 70.00 46.00 77.00
109.00 71.00 46.00 76.00
106.00 69.00 45.00 76.00
100.00 67.00 45.00 76.00
90.00 63.00 45.00 75.00
83.00 60.00 45.00 75.00
78.00 56.00 45.00 75.00
76.00 53.00 44.00 74.00
74.00 50.00 44.00 74.00
73.00 48.00 44.00 74.00
69.00 45.00 44.00 74.00
69.00 44.00 44.00 74.00
69.00 44.00 44.00 74.00
73.00 45.00 44.00 74.00
78.00 45.00 44.00 74.00
84.00 50.00 44.00 74.00
89.00 50.00 44.00 74.00
93.00 56.00 44.00 73.00
97.00 60.00 44.00 73.00
115.00 55.00 44.00 73.00
121.00 29.00 44.00 74.00
129.00 29.00 44.00 74.00
138.00 31.00 45.00 75.00
142.00 53.00 45.00 75.00
153.00 54.00 45.00 75.00
163.00 52.00 45.00 75.00
173.00 52.00 45.00 76.00
173.00 60.00 45.00 76.00
181.00 62.00 46.00 76.00
185.00 61.00 46.00 76.00
190.00 60.00 46.00 76.00
192.00 58.00 46.00 77.00
195.00 58.00 46.00 77.00
192.00 53.00 46.00 77.00
189.00 49.00 46.00 78.00
178.00 38.00 47.00 78.00
166.00 28.00 47.00 79.00
155.00 19.00 47.00 79.00
143.00 17.00 47.00 79.00
137.00 23.00 47.00 79.00
134.00 29.00 47.00 79.00
133.00 34.00 47.00 78.00
128.00 36.00 47.00 78.00
125.00 37.00 47.00 78.00
116.00 41.00 47.00 78.00
93.00 30.00 46.00 78.00
83.00 29.00 46.00 77.00
77.00 28.00 46.00 77.00
69.00 27.00 46.00 76.00
61.00 22.00 45.00 76.00
54.00 21.00 45.00 76.00
48.00 21.00 45.00 76.00
40.00 22.00 45.00 76.00
49.00 30.00 45.00 76.00
41.00 30.00 45.00 76.00
40.00 32.00 45.00 76.00
37.00 30.00 46.00 76.00
34.00 27.00 46.00 77.00
34.00 23.00 46.00 77.00
40.00 19.00 46.00 78.00
48.00 16.00 46.00 77.00
56.00 16.00 46.00 78.00
62.00 15.00 46.00 78.00
68.00 16.00 46.00 78.00
74.00 17.00 47.00 78.00
83.00 21.00 47.00 79.00
90.00 23.00 47.00 79.00
96.00 26.00 47.00 79.00
103.00 30.00 47.00 79.00
111.00 37.00 48.00 80.00
115.00 41.00 48.00 81.00
120.00 47.00 49.00 82.00
129.00 54.00 49.00 83.00
140.00 63.00 50.00 84.00
163.00 66.00 50.00 84.00
163.00 66.00 50.00 84.00
172.00 80.00 50.00 84.00
170.00 79.00 50.00 84.00
175.00 89.00 50.00 83.00
181.00 100.00 49.00 82.00
185.00 106.00 49.00 82.00
191.00 111.00 49.00 83.00
196.00 118.00 49.00 83.00
177.00 102.00 49.00 83.00
185.00 111.00 49.00 83.00
186.00 111.00 49.00 82.00
186.00 106.00 49.00 82.00
181.00 129.00 49.00 82.00
175.00 124.00 49.00 82.00
174.00 123.00 49.00 83.00
189.00 124.00 50.00 84.00
180.00 123.00 51.00 85.00
170.00 122.00 51.00 86.00
152.00 116.00 52.00 87.00
122.00 118.00 52.00 87.00
110.00 113.00 52.00 88.00
103.00 108.00 53.00 88.00
95.00 102.00 53.00 89.00
90.00 96.00 53.00 89.00
88.00 91.00 53.00 89.00
87.00 91.00 53.00 89.00
86.00 94.00 53.00 88.00
83.00 97.00 52.00 88.00
80.00 96.00 52.00 87.00
74.00 98.00 52.00 87.00
72.00 100.00 52.00 87.00
77.00 101.00 52.00 87.00
85.00 102.00 52.00 88.00
92.00 106.00 52.00 88.00
101.00 108.00 53.00 88.00
117.00 114.00 53.00 89.00
132.00 118.00 53.00 89.00
145.00 119.00 54.00 90.00
154.00 120.00 54.00 91.00
162.00 122.00 55.00 91.00
195.00 112.00 54.00 91.00
216.00 114.00 54.00 91.00
214.00 127.00 54.00 91.00
231.00 122.00 55.00 92.00
245.00 115.00 55.00 92.00
250.00 103.00 56.00 93.00
259.00 97.00 56.00 94.00
255.00 93.00 57.00 95.00
239.00 91.00 58.00 96.00
227.00 89.00 58.00 98.00
214.00 88.00 59.00 98.00
198.00 87.00 59.00 98.00
175.00 85.00 59.00 99.00
162.00 89.00 59.00 98.00
152.00 90.00 58.00 97.00
138.00 89.00 58.00 97.00
122.00 89.00 58.00 97.00
108.00 90.00 58.00 97.00
98.00 91.00 58.00 97.00
82.00 93.00 58.00 98.00
67.00 93.00 59.00 99.00
57.00 94.00 59.00 99.00
53.00 95.00 59.00 100.00
59.00 92.00 60.00 100.00
76.00 96.00 60.00 100.00
95.00 101.00 60.00 101.00
108.00 105.00 60.00 100.00
121.00 111.00 60.00 100.00
157.00 102.00 59.00 100.00
171.00 110.00 59.00 100.00
189.00 121.00 59.00 99.00
238.00 119.00 59.00 99.00
250.00 117.00 59.00 99.00
248.00 127.00 58.00 98.00
257.00 124.00 59.00 98.00
241.00 133.00 59.00 98.00
242.00 122.00 59.00 99.00
235.00 113.00 58.00 98.00
223.00 109.00 58.00 97.00
208.00 110.00 58.00 97.00
194.00 112.00 57.00 95.00
182.00 111.00 56.00 94.00
164.00 109.00 55.00 93.00
153.00 108.00 54.00 91.00
146.00 104.00 54.00 90.00
133.00 100.00 53.00 89.00
124.00 96.00 52.00 88.00
113.00 90.00 52.00 87.00
99.00 84.00 51.00 86.00
88.00 80.00 51.00 85.00
78.00 78.00 50.00 84.00
73.00 75.00 50.00 84.00
71.00 73.00 50.00 83.00
73.00 72.00 49.00 82.00
77.00 76.00 49.00 82.00
81.00 78.00 48.00 81.00
82.00 75.00 48.00 80.00
