125.00 162.00 74.00 55.00
125.00 162.00 74.00 55.00
125.00 162.00 74.00 55.00
125.00 162.00 74.00 55.00
125.00 162.00 74.00 55.00
125.00 162.00 72.00 54.00
125.00 162.00 73.00 54.00
125.00 162.00 73.00 55.00
125.00 162.00 73.00 55.00
125.00 162.00 73.00 55.00
125.00 162.00 73.00 55.00
125.00 162.00 73.00 55.00
125.00 162.00 73.00 55.00
125.00 162.00 73.00 55.00
125.00 162.00 73.00 54.00
125.00 162.00 73.00 55.00
125.00 162.00 74.00 55.00
125.00 162.00 73.00 55.00
125.00 162.00 73.00 55.00
125.00 162.00 73.00 55.00
125.00 162.00 74.00 55.00
125.00 162.00 74.00 55.00
125.00 161.00 74.00 55.00
125.00 161.00 73.00 55.00
125.00 162.00 73.00 55.00
125.00 162.00 73.00 55.00
125.00 162.00 74.00 55.00
125.00 161.00 74.00 55.00
125.00 161.00 74.00 55.00
125.00 161.00 74.00 55.00
125.00 161.00 73.00 55.00
125.00 162.00 73.00 55.00
125.00 162.00 73.00 55.00
125.00 162.00 73.00 55.00
125.00 162.00 73.00 55.00
125.00 162.00 73.00 55.00
125.00 162.00 74.00 55.00
125.00 161.00 73.00 55.00
125.00 162.00 74.00 55.00
125.00 162.00 74.00 55.00
125.00 161.00 72.00 54.00
125.00 161.00 72.00 54.00
125.00 161.00 73.00 54.00
125.00 161.00 73.00 54.00
124.00 160.00 73.00 54.00
124.00 160.00 73.00 54.00
124.00 160.00 73.00 54.00
124.00 159.00 73.00 54.00
124.00 158.00 73.00 54.00
125.00 158.00 73.00 54.00
125.00 159.00 73.00 54.00
125.00 159.00 73.00 54.00
125.00 158.00 73.00 54.00
125.00 159.00 73.00 54.00
125.00 158.00 73.00 54.00
125.00 158.00 73.00 55.00
126.00 159.00 73.00 55.00
126.00 159.00 74.00 55.00
125.00 158.00 74.00 55.00
125.00 158.00 74.00 55.00
126.00 159.00 74.00 55.00
126.00 158.00 73.00 54.00
126.00 158.00 73.00 54.00
126.00 159.00 73.00 54.00
126.00 158.00 73.00 54.00
126.00 159.00 73.00 54.00
126.00 158.00 73.00 54.00
126.00 158.00 72.00 54.00
126.00 158.00 73.00 54.00
126.00 158.00 73.00 54.00
127.00 158.00 72.00 54.00
126.00 157.00 73.00 54.00
127.00 156.00 73.00 54.00
128.00 155.00 72.00 54.00
128.00 154.00 72.00 54.00
129.00 153.00 72.00 54.00
130.00 153.00 72.00 54.00
131.00 153.00 72.00 53.00
132.00 152.00 71.00 53.00
133.00 151.00 70.00 52.00
135.00 151.00 69.00 51.00
135.00 149.00 69.00 51.00
136.00 148.00 68.00 51.00
138.00 147.00 67.00 50.00
139.00 146.00 66.00 49.00
140.00 146.00 65.00 48.00
141.00 145.00 64.00 47.00
142.00 144.00 62.00 46.00
143.00 143.00 61.00 46.00
144.00 142.00 60.00 45.00
144.00 141.00 59.00 44.00
144.00 139.00 59.00 44.00
145.00 139.00 57.00 43.00
146.00 138.00 56.00 42.00
146.00 137.00 56.00 41.00
147.00 136.00 55.00 41.00
147.00 136.00 54.00 40.00
147.00 135.00 53.00 39.00
148.00 135.00 52.00 39.00
148.00 134.00 52.00 39.00
149.00 134.00 51.00 38.00
149.00 133.00 51.00 38.00
149.00 132.00 50.00 37.00
149.00 132.00 49.00 37.00
149.00 132.00 49.00 36.00
149.00 131.00 48.00 36.00
149.00 131.00 48.00 36.00
150.00 131.00 47.00 35.00
150.00 131.00 47.00 35.00
150.00 130.00 47.00 35.00
150.00 130.00 46.00 34.00
150.00 130.00 46.00 34.00
150.00 129.00 45.00 34.00
150.00 129.00 45.00 33.00
151.00 129.00 45.00 33.00
151.00 129.00 45.00 33.00
151.00 129.00 44.00 33.00
152.00 129.00 44.00 33.00
152.00 128.00 44.00 33.00
152.00 128.00 44.00 32.00
152.00 128.00 43.00 32.00
153.00 128.00 43.00 32.00
153.00 128.00 43.00 32.00
154.00 128.00 43.00 32.00
154.00 128.00 43.00 32.00
154.00 128.00 43.00 32.00
155.00 128.00 43.00 32.00
154.00 127.00 43.00 32.00
155.00 128.00 42.00 32.00
155.00 127.00 42.00 31.00
155.00 127.00 42.00 31.00
156.00 128.00 42.00 31.00
155.00 127.00 42.00 31.00
155.00 127.00 42.00 31.00
156.00 128.00 43.00 32.00
156.00 128.00 43.00 32.00
156.00 128.00 43.00 32.00
156.00 129.00 43.00 32.00
155.00 129.00 43.00 32.00
155.00 129.00 43.00 32.00
154.00 129.00 43.00 32.00
154.00 129.00 43.00 32.00
154.00 130.00 44.00 32.00
153.00 130.00 44.00 32.00
153.00 130.00 44.00 32.00
153.00 130.00 44.00 32.00
153.00 130.00 44.00 33.00
153.00 130.00 44.00 33.00
153.00 131.00 45.00 34.00
152.00 131.00 46.00 34.00
152.00 131.00 46.00 34.00
152.00 131.00 47.00 35.00
152.00 132.00 47.00 35.00
151.00 132.00 48.00 36.00
150.00 132.00 48.00 36.00
149.00 133.00 49.00 36.00
148.00 133.00 50.00 38.00
147.00 133.00 51.00 38.00
147.00 134.00 52.00 39.00
146.00 135.00 53.00 39.00
145.00 135.00 54.00 40.00
143.00 135.00 55.00 41.00
143.00 136.00 55.00 41.00
142.00 136.00 57.00 42.00
141.00 136.00 58.00 43.00
141.00 137.00 59.00 44.00
141.00 138.00 60.00 45.00
141.00 138.00 62.00 46.00
141.00 138.00 63.00 47.00
141.00 139.00 63.00 47.00
140.00 139.00 65.00 48.00
140.00 140.00 66.00 49.00
140.00 140.00 68.00 50.00
140.00 140.00 69.00 51.00
139.00 140.00 70.00 52.00
139.00 141.00 71.00 53.00
139.00 141.00 73.00 54.00
138.00 141.00 73.00 55.00
139.00 142.00 75.00 55.00
138.00 142.00 76.00 56.00
138.00 142.00 77.00 57.00
138.00 142.00 78.00 58.00
138.00 142.00 78.00 58.00
138.00 142.00 78.00 58.00
139.00 143.00 79.00 59.00
139.00 142.00 79.00 58.00
140.00 143.00 78.00 58.00
141.00 143.00 78.00 58.00
142.00 144.00 78.00 58.00
142.00 144.00 78.00 58.00
142.00 145.00 78.00 58.00
144.00 133.00 79.00 58.00
144.00 130.00 79.00 59.00
144.00 128.00 79.00 59.00
144.00 127.00 79.00 59.00
144.00 112.00 77.00 57.00
144.00 112.00 76.00 57.00
145.00 111.00 76.00 56.00
147.00 111.00 74.00 55.00
145.00 111.00 73.00 54.00
147.00 112.00 72.00 54.00
148.00 112.00 72.00 53.00
147.00 113.00 71.00 53.00
148.00 114.00 71.00 53.00
147.00 115.00 70.00 52.00
148.00 116.00 71.00 52.00
148.00 117.00 71.00 52.00
151.00 117.00 70.00 52.00
148.00 117.00 70.00 52.00
149.00 117.00 70.00 52.00
149.00 117.00 71.00 52.00
148.00 116.00 71.00 53.00
148.00 116.00 71.00 53.00
148.00 116.00 70.00 52.00
148.00 116.00 70.00 52.00
148.00 115.00 69.00 52.00
148.00 116.00 69.00 52.00
148.00 117.00 69.00 52.00
148.00 117.00 70.00 52.00
148.00 117.00 70.00 52.00
148.00 117.00 70.00 52.00
148.00 118.00 70.00 52.00
147.00 119.00 70.00 52.00
148.00 119.00 70.00 52.00
147.00 119.00 70.00 52.00
147.00 119.00 70.00 52.00
147.00 119.00 70.00 52.00
147.00 119.00 70.00 52.00
147.00 119.00 71.00 53.00
148.00 119.00 72.00 53.00
147.00 119.00 73.00 54.00
147.00 118.00 73.00 54.00
146.00 113.00 74.00 55.00
145.00 112.00 75.00 56.00
144.00 112.00 76.00 56.00
144.00 113.00 76.00 56.00
144.00 109.00 77.00 57.00
144.00 111.00 76.00 57.00
144.00 110.00 76.00 56.00
144.00 110.00 75.00 56.00
144.00 108.00 75.00 56.00
145.00 108.00 74.00 55.00
146.00 110.00 74.00 55.00
146.00 110.00 74.00 55.00
146.00 110.00 74.00 55.00
146.00 110.00 73.00 55.00
147.00 111.00 73.00 54.00
146.00 112.00 73.00 54.00
147.00 112.00 72.00 54.00
146.00 112.00 72.00 54.00
146.00 112.00 73.00 54.00
147.00 114.00 72.00 54.00
147.00 114.00 73.00 54.00
146.00 114.00 72.00 54.00
147.00 115.00 72.00 53.00
146.00 115.00 72.00 53.00
146.00 116.00 72.00 54.00
146.00 116.00 72.00 53.00
146.00 116.00 72.00 53.00
147.00 117.00 71.00 53.00
148.00 117.00 72.00 53.00
147.00 116.00 71.00 53.00
147.00 116.00 71.00 53.00
147.00 116.00 71.00 53.00
147.00 116.00 71.00 53.00
147.00 116.00 70.00 52.00
147.00 117.00 70.00 52.00
148.00 117.00 70.00 52.00
147.00 117.00 70.00 52.00
147.00 118.00 70.00 52.00
148.00 119.00 70.00 52.00
148.00 119.00 69.00 51.00
148.00 120.00 69.00 51.00
148.00 121.00 68.00 51.00
149.00 122.00 68.00 50.00
149.00 122.00 67.00 50.00
149.00 122.00 66.00 49.00
150.00 122.00 66.00 49.00
150.00 122.00 65.00 48.00
151.00 123.00 64.00 48.00
152.00 123.00 63.00 47.00
152.00 123.00 62.00 46.00
152.00 123.00 61.00 45.00
153.00 123.00 61.00 45.00
153.00 123.00 59.00 44.00
154.00 123.00 58.00 43.00
154.00 123.00 57.00 43.00
154.00 123.00 56.00 42.00
155.00 124.00 56.00 41.00
155.00 123.00 55.00 41.00
155.00 123.00 54.00 40.00
155.00 124.00 54.00 40.00
155.00 124.00 53.00 40.00
155.00 124.00 53.00 39.00
155.00 124.00 52.00 39.00
155.00 125.00 51.00 38.00
155.00 125.00 51.00 38.00
155.00 125.00 50.00 37.00
155.00 125.00 49.00 37.00
155.00 125.00 49.00 36.00
156.00 125.00 48.00 36.00
156.00 125.00 48.00 36.00
156.00 125.00 47.00 35.00
157.00 125.00 47.00 35.00
157.00 125.00 47.00 35.00
157.00 125.00 46.00 34.00
157.00 125.00 46.00 34.00
157.00 125.00 46.00 34.00
158.00 125.00 45.00 34.00
157.00 125.00 45.00 33.00
158.00 125.00 44.00 33.00
158.00 125.00 44.00 32.00
158.00 125.00 43.00 32.00
158.00 125.00 43.00 32.00
159.00 126.00 43.00 32.00
159.00 126.00 43.00 32.00
160.00 127.00 43.00 32.00
160.00 127.00 43.00 32.00
160.00 127.00 43.00 32.00
161.00 128.00 43.00 32.00
161.00 129.00 43.00 32.00
161.00 129.00 43.00 32.00
161.00 130.00 42.00 32.00
160.00 130.00 42.00 31.00
160.00 131.00 42.00 31.00
161.00 133.00 43.00 32.00
160.00 135.00 43.00 32.00
159.00 136.00 43.00 32.00
159.00 140.00 43.00 32.00
157.00 142.00 43.00 32.00
155.00 145.00 43.00 32.00
154.00 147.00 44.00 32.00
153.00 149.00 44.00 32.00
151.00 151.00 44.00 32.00
150.00 154.00 44.00 32.00
150.00 157.00 43.00 32.00
148.00 159.00 43.00 32.00
147.00 161.00 43.00 32.00
145.00 163.00 43.00 32.00
143.00 163.00 44.00 32.00
141.00 163.00 43.00 32.00
139.00 162.00 43.00 32.00
137.00 162.00 43.00 32.00
134.00 162.00 43.00 32.00
132.00 162.00 43.00 32.00
129.00 161.00 44.00 32.00
127.00 160.00 44.00 32.00
124.00 160.00 43.00 32.00
122.00 159.00 43.00 32.00
120.00 158.00 43.00 32.00
118.00 157.00 43.00 32.00
116.00 156.00 43.00 32.00
114.00 156.00 43.00 32.00
112.00 155.00 43.00 32.00
110.00 154.00 43.00 32.00
108.00 152.00 43.00 32.00
106.00 151.00 43.00 32.00
104.00 149.00 42.00 32.00
102.00 147.00 42.00 31.00
100.00 145.00 42.00 31.00
99.00 143.00 42.00 32.00
98.00 140.00 42.00 31.00
97.00 139.00 42.00 31.00
97.00 137.00 42.00 31.00
96.00 135.00 42.00 31.00
96.00 134.00 43.00 32.00
97.00 133.00 43.00 32.00
97.00 133.00 43.00 32.00
96.00 131.00 43.00 32.00
96.00 130.00 44.00 33.00
96.00 129.00 44.00 33.00
95.00 128.00 45.00 33.00
95.00 127.00 45.00 33.00
95.00 126.00 46.00 34.00
95.00 124.00 46.00 34.00
95.00 123.00 46.00 34.00
95.00 123.00 47.00 35.00
95.00 121.00 48.00 35.00
95.00 120.00 49.00 36.00
95.00 119.00 49.00 37.00
95.00 118.00 50.00 38.00
95.00 117.00 51.00 38.00
95.00 116.00 52.00 39.00
96.00 116.00 53.00 39.00
96.00 114.00 54.00 40.00
98.00 114.00 55.00 41.00
98.00 113.00 56.00 42.00
98.00 112.00 57.00 43.00
99.00 112.00 59.00 44.00
100.00 112.00 61.00 45.00
101.00 113.00 61.00 46.00
102.00 113.00 62.00 46.00
103.00 114.00 62.00 46.00
105.00 114.00 63.00 47.00
106.00 114.00 63.00 47.00
108.00 114.00 64.00 48.00
109.00 114.00 65.00 48.00
110.00 114.00 65.00 49.00
111.00 114.00 66.00 49.00
111.00 114.00 66.00 49.00
112.00 114.00 66.00 49.00
114.00 114.00 66.00 49.00
114.00 113.00 67.00 50.00
114.00 113.00 67.00 50.00
114.00 113.00 67.00 50.00
115.00 114.00 68.00 50.00
116.00 116.00 68.00 50.00
115.00 117.00 68.00 51.00
116.00 117.00 69.00 51.00
116.00 116.00 69.00 51.00
116.00 115.00 69.00 51.00
116.00 115.00 68.00 51.00
116.00 115.00 68.00 51.00
117.00 115.00 68.00 51.00
116.00 115.00 68.00 50.00
117.00 115.00 68.00 50.00
118.00 116.00 67.00 50.00
114.00 106.00 67.00 50.00
113.00 107.00 68.00 50.00
113.00 109.00 68.00 51.00
114.00 110.00 68.00 51.00
114.00 110.00 68.00 50.00
115.00 109.00 68.00 51.00
115.00 109.00 69.00 51.00
116.00 108.00 68.00 50.00
117.00 105.00 67.00 50.00
117.00 104.00 67.00 50.00
118.00 105.00 68.00 50.00
118.00 106.00 68.00 50.00
119.00 107.00 68.00 50.00
119.00 107.00 68.00 50.00
121.00 107.00 68.00 50.00
121.00 107.00 68.00 51.00
121.00 107.00 68.00 51.00
121.00 107.00 68.00 51.00
121.00 107.00 68.00 50.00
121.00 107.00 68.00 50.00
121.00 108.00 68.00 51.00
123.00 108.00 69.00 51.00
123.00 108.00 69.00 51.00
123.00 107.00 69.00 51.00
123.00 107.00 68.00 51.00
123.00 107.00 68.00 51.00
123.00 108.00 68.00 51.00
123.00 108.00 68.00 51.00
123.00 108.00 68.00 51.00
123.00 107.00 67.00 50.00
124.00 108.00 68.00 50.00
123.00 108.00 68.00 50.00
124.00 108.00 68.00 50.00
124.00 108.00 68.00 50.00
123.00 107.00 68.00 50.00
124.00 107.00 68.00 50.00
123.00 106.00 68.00 50.00
122.00 106.00 67.00 50.00
122.00 105.00 67.00 50.00
123.00 106.00 67.00 50.00
123.00 106.00 67.00 50.00
123.00 107.00 67.00 50.00
123.00 107.00 67.00 50.00
122.00 106.00 67.00 50.00
123.00 107.00 67.00 50.00
123.00 108.00 68.00 50.00
123.00 108.00 68.00 50.00
123.00 108.00 68.00 50.00
123.00 109.00 68.00 50.00
124.00 109.00 68.00 51.00
124.00 110.00 68.00 51.00
124.00 109.00 69.00 51.00
124.00 109.00 69.00 51.00
124.00 109.00 69.00 51.00
125.00 109.00 69.00 51.00
