1
170.731995,66.485497,90.334999,65.974998
151.716476,100.812294,91.690025,66.964622
134.326996,117.141106,90.334999,65.974998
113.634499,124.128609,89.000000,65.000000
100.262573,133.574417,87.684731,64.039406
96.044937,151.294128,89.000000,65.000000
93.570740,160.043121,90.334999,65.974998
98.990837,161.362625,90.334999,65.974998
107.482330,151.492767,91.690025,66.964622
138.873734,155.946075,90.334999,65.974998
176.921234,139.533569,89.000000,65.000000
212.387741,137.726578,90.334999,65.974998
239.217239,142.588928,91.690025,66.964622
253.420013,131.211639,93.065376,67.969093
279.171204,133.461426,94.461357,68.988632
291.885712,132.944000,95.878273,70.023460
277.542328,142.369156,97.316452,71.073814
288.665588,130.293716,98.776199,72.139915
283.914459,140.003754,100.257843,73.222015
313.691040,142.427399,101.761711,74.320351
346.254791,151.345840,101.761711,74.320351
356.430939,157.291473,101.761711,74.320351
359.188049,165.162842,100.257843,73.222015
350.051239,164.261093,98.776199,72.139915
351.315582,160.791168,100.257843,73.222015
330.325623,144.018631,98.776199,72.139915
331.055511,130.336914,97.316452,71.073814
316.496979,134.132263,98.776199,72.139915
256.890656,144.615646,97.316452,71.073814
257.609741,131.136139,95.878273,70.023460
254.539734,138.552414,94.461357,68.988632
240.347260,147.218475,93.065376,67.969093
206.843735,124.108978,93.065376,67.969093
187.253464,116.700348,94.461357,68.988632
169.286911,111.981529,95.878273,70.023460
153.946396,114.782463,95.878273,70.023460
146.276138,117.583405,95.878273,70.023460
144.358566,116.182930,95.878273,70.023460
145.585815,111.393326,97.316452,71.073814
150.140030,104.916161,95.878273,70.023460
146.304901,107.717094,95.878273,70.023460
141.345673,117.892921,94.461357,68.988632
142.043671,127.918358,93.065376,67.969093
145.766281,126.558975,93.065376,67.969093
154.514420,128.808762,94.461357,68.988632
165.849792,132.948074,94.461357,68.988632
2
0
0
0
0
1
328.628601,144.513840,41.008854,40.070129
317.498810,155.601242,41.623985,40.671181
317.186615,161.075577,42.248348,41.281250
322.015594,160.765976,42.882072,41.900471
325.176025,162.152878,43.525303,42.528976
324.849579,161.833908,44.178185,43.166908
325.415070,158.005005,44.840855,43.814415
326.899292,158.565826,45.513470,44.471630
328.405792,156.426743,46.196171,45.138706
328.059326,155.171890,46.889114,45.815784
326.755798,157.618454,47.592449,46.503021
325.432739,157.269684,48.306335,47.200565
325.070435,158.832016,49.030933,47.908577
324.702698,160.417801,49.766396,48.627205
324.329437,160.053085,50.512894,49.356613
323.707367,160.417801,49.766396,48.627205
324.344391,159.065964,50.512894,49.356613
320.889282,159.697723,51.270584,50.096962
320.504761,163.389862,52.039642,50.848415
316.341583,159.321991,52.039642,50.848415
321.233307,156.876190,52.820236,51.611141
321.909424,156.489105,53.612541,52.385311
317.620422,158.584518,53.612541,52.385311
322.981659,158.584518,53.612541,52.385311
321.909424,159.632217,53.612541,52.385311
322.595673,163.493011,54.416729,53.171089
318.873566,164.173615,55.232983,53.968655
313.974396,163.768845,56.061478,54.778187
304.449554,164.470001,56.902397,55.599857
287.851105,166.310364,57.755936,56.433857
273.348602,163.595886,58.622272,57.280365
267.486389,160.159073,58.622272,57.280365
270.229797,158.324966,57.755936,56.433857
276.346802,155.405975,56.902397,55.599857
276.767242,135.001099,56.061478,54.778187
290.437408,139.723358,55.232983,53.968655
308.258881,155.010056,54.416729,53.171089
321.106689,155.690643,55.232983,53.968655
327.419800,155.285873,56.061478,54.778187
335.566681,151.373138,55.232983,53.968655
344.681488,145.391403,54.416729,53.171089
350.444824,152.070526,53.612541,52.385311
357.179413,149.360931,52.820236,51.611141
365.896057,154.827148,52.039642,50.848415
373.957001,158.574677,52.820236,51.611141
383.714417,158.956039,52.039642,50.848415
391.775360,159.606888,52.820236,51.611141
393.523712,163.410645,53.612541,52.385311
396.740479,165.506042,53.612541,52.385311
404.246216,163.410645,53.612541,52.385311
2
0
0
0
0
1
173.105743,192.581741,37.658791,58.071541
172.823303,198.040466,38.223671,58.942616
175.640381,204.777618,38.797028,59.826752
170.623932,197.042007,39.378983,60.724155
163.933441,192.888474,39.969666,61.635017
2
0
0
0
0
1
313.526642,214.158493,63.477585,63.773006
316.916351,212.385605,64.429749,64.729607
341.283691,214.528152,65.396194,65.700546
343.448303,200.698196,66.377136,66.686058
346.992828,200.198044,67.372795,67.686348
348.818207,208.700516,66.377136,66.686058
346.972931,208.200378,67.372795,67.686348
343.732300,211.814819,68.383385,68.701645
343.219421,211.299561,69.409134,69.732162
338.471832,210.776566,70.450272,70.778152
333.653046,214.556122,71.507027,71.839821
327.310364,212.558975,72.579636,72.917419
322.345917,209.051651,73.668327,74.011177
318.802460,200.984436,74.773354,75.121346
335.252625,205.491714,74.773354,75.121346
343.171967,203.086349,73.668327,74.011177
348.071075,203.633224,72.579636,72.917419
351.467651,202.735229,71.507027,71.839821
351.996033,206.097198,70.450272,70.778152
356.223053,217.421692,70.450272,70.778152
355.694672,215.454056,71.507027,71.839821
349.352020,210.540222,72.579636,72.917419
2
0
0
0
0
1
293.760864,154.910049,32.331505,50.674026
299.425354,153.501312,32.816475,51.434139
298.769043,155.558670,32.816475,51.434139
294.174713,155.558670,32.816475,51.434139
294.174713,152.472626,32.816475,51.434139
302.588867,153.130981,33.308723,52.205650
309.776886,150.619888,33.808353,52.988735
312.025238,148.923203,33.308723,52.205650
312.927673,128.735306,32.816475,51.434139
310.016846,144.011246,33.308723,52.205650
2
0
0
0
0
1
370.889343,183.186539,63.268368,50.092175
374.267883,179.760239,64.217392,50.843559
373.786255,176.282532,65.180656,51.606213
368.004730,177.990707,66.158363,52.380302
368.851563,180.787811,67.150742,53.166008
375.163727,180.389069,68.157997,53.963497
380.186951,178.888885,69.180367,54.772949
361.613922,171.738708,68.157997,53.963497
358.088501,175.327423,67.150742,53.166008
361.674347,190.038452,68.157997,53.963497
387.574371,197.593338,68.157997,53.963497
