1
428.091431,213.918884,56.902126,94.434830
428.091431,213.918884,56.902126,94.434830
428.511902,214.616684,56.061207,93.039238
428.091431,213.918884,56.902126,94.434830
427.664673,213.210632,57.755657,95.851349
428.819794,213.210632,57.755657,95.851349
428.819794,213.210632,57.755657,95.851349
430.384583,212.030197,56.902126,94.434830
431.926270,212.727982,56.061207,93.039238
431.505829,212.030197,56.902126,94.434830
431.926270,212.727982,56.061207,93.039238
433.047485,212.727982,56.061207,93.039238
433.765076,213.918884,56.902126,94.434830
435.306763,214.616684,56.061207,93.039238
435.721008,215.304169,55.232716,91.664276
435.306763,216.477463,56.061207,93.039238
433.748260,215.779678,56.902126,94.434830
434.168732,216.477463,56.061207,93.039238
433.748260,217.668365,56.902126,94.434830
434.476624,216.960114,57.755657,95.851349
437.179474,217.668365,56.902126,94.434830
436.041412,217.668365,56.902126,94.434830
437.583099,218.366165,56.061207,93.039238
436.461884,218.366165,56.061207,93.039238
437.583099,218.366165,56.061207,93.039238
436.892700,219.053650,55.232716,91.664276
437.997345,219.053650,55.232716,91.664276
436.892700,219.053650,55.232716,91.664276
437.997345,219.053650,55.232716,91.664276
437.997345,219.053650,55.232716,91.664276
437.583099,216.505386,56.061207,93.039238
438.704315,216.505386,56.061207,93.039238
438.704315,216.505386,56.061207,93.039238
438.704315,216.505386,56.061207,93.039238
439.825562,216.505386,56.061207,93.039238
439.825562,216.505386,56.061207,93.039238
439.405090,215.807587,56.902126,94.434830
440.946777,216.505386,56.061207,93.039238
440.946777,216.505386,56.061207,93.039238
442.465668,217.192856,55.232716,91.664276
442.465668,217.192856,55.232716,91.664276
442.465668,217.192856,55.232716,91.664276
442.465668,217.192856,55.232716,91.664276
442.465668,217.192856,55.232716,91.664276
443.570343,217.192856,55.232716,91.664276
443.156097,214.644592,56.061207,93.039238
443.156097,214.644592,56.061207,93.039238
443.156097,214.644592,56.061207,93.039238
444.674988,215.332077,55.232716,91.664276
444.260742,214.644592,56.061207,93.039238
444.260742,214.644592,56.061207,93.039238
443.840271,213.946808,56.902126,94.434830
444.978333,213.946808,56.902126,94.434830
444.551544,213.238541,57.755657,95.851349
446.116364,212.058105,56.902126,94.434830
446.844727,211.349838,57.755657,95.851349
446.844727,211.349838,57.755657,95.851349
446.844727,211.349838,57.755657,95.851349
447.583984,210.630966,58.621990,97.289116
447.583984,210.630966,58.621990,97.289116
449.172272,213.266876,57.755657,95.851349
453.013153,212.086441,56.902126,94.434830
456.797302,210.923447,56.061207,93.039238
459.420837,211.610931,55.232716,91.664276
464.182281,214.094437,54.416470,90.309631
467.447266,215.900635,54.416470,90.309631
470.353119,217.056595,55.232716,91.664276
465.453979,220.090683,56.061207,93.039238
438.858521,215.615494,56.902126,94.434830
437.276642,216.824265,57.755657,95.851349
435.671051,216.105377,58.621990,97.289116
434.041351,217.350677,59.501324,98.748459
434.481018,218.080353,58.621990,97.289116
434.481018,218.080353,58.621990,97.289116
436.069305,218.799240,57.755657,95.851349
437.634125,217.618805,56.902126,94.434830
441.418243,218.316589,56.061207,93.039238
446.251099,219.004074,55.232716,91.664276
446.659241,219.681396,54.416470,90.309631
479.390747,222.670639,55.232716,91.664276
480.097717,225.704727,56.061207,93.039238
479.407318,224.558929,55.232716,91.664276
479.407318,224.558929,55.232716,91.664276
480.511963,224.558929,55.232716,91.664276
480.097717,223.871445,56.061207,93.039238
480.815308,223.173660,56.902126,94.434830
480.815308,223.173660,56.902126,94.434830
482.356995,222.010666,56.061207,93.039238
482.771240,224.531433,55.232716,91.664276
484.267670,225.208755,54.416470,90.309631
484.964203,224.531433,55.232716,91.664276
483.428741,225.704727,56.061207,93.039238
484.947632,228.225494,55.232716,91.664276
484.267426,230.709015,54.416470,90.309631
485.741760,231.376328,53.612286,88.975006
486.137909,233.786987,52.819984,87.660103
487.569000,234.434708,52.039394,86.364632
487.953522,235.072876,51.270340,85.088310
488.978943,235.072876,51.270340,85.088310
490.004333,236.774643,51.270340,85.088310
493.782959,239.591064,52.039394,86.364632
496.561859,240.696533,52.819984,87.660103
498.310211,240.039078,53.612286,88.975006
501.526947,238.259583,53.612286,88.975006
504.389862,235.786072,54.416470,90.309631
508.400330,231.442184,55.232716,91.664276
510.228546,230.754700,56.061207,93.039238
510.946136,230.056915,56.902126,94.434830
498.968231,233.182693,57.755657,95.851349
502.052368,232.463821,58.621990,97.289116
505.569702,234.409592,58.621990,97.289116
507.157990,235.128479,57.755657,95.851349
510.623322,237.045517,57.755657,95.851349
515.243774,237.045517,57.755657,95.851349
517.554016,237.045517,57.755657,95.851349
517.554016,237.045517,57.755657,95.851349
517.554016,237.045517,57.755657,95.851349
517.554016,237.045517,57.755657,95.851349
517.554016,237.045517,57.755657,95.851349
517.554016,237.045517,57.755657,95.851349
517.554016,237.045517,57.755657,95.851349
517.554016,237.045517,57.755657,95.851349
517.980774,235.865082,56.902126,94.434830
516.842712,237.753769,56.902126,94.434830
515.704712,237.753769,56.902126,94.434830
514.566650,237.753769,56.902126,94.434830
513.428589,237.753769,56.902126,94.434830
513.428589,237.753769,56.902126,94.434830
513.428589,235.865082,56.902126,94.434830
513.849060,236.562866,56.061207,93.039238
515.367981,237.250351,55.232716,91.664276
516.472595,235.417068,55.232716,91.664276
517.179565,234.729584,56.061207,93.039238
517.897156,234.031784,56.902126,94.434830
519.035217,234.031784,56.902126,94.434830
519.763550,233.323532,57.755657,95.851349
520.918701,235.240555,57.755657,95.851349
521.345459,235.948822,56.902126,94.434830
522.073792,237.157578,57.755657,95.851349
523.228882,237.157578,57.755657,95.851349
525.539124,239.074615,57.755657,95.851349
526.694214,239.074615,57.755657,95.851349
527.433533,238.355728,58.621990,97.289116
529.021790,240.991638,57.755657,95.851349
534.450806,246.110092,58.621990,97.289116
538.771240,249.330368,59.501324,98.748459
540.740784,248.589752,60.393841,100.229683
542.739807,247.838028,61.299747,101.733131
546.013184,247.075027,62.219246,103.259125
550.598755,246.300583,63.152534,104.808014
551.407104,247.642136,64.099823,106.380135
552.227600,246.844284,65.061317,107.975838
553.528809,249.003799,65.061317,107.975838
555.291565,251.929245,64.099823,106.380135
558.291321,252.715317,63.152534,104.808014
559.099670,254.056854,64.099823,106.380135
556.016479,253.259003,65.061317,107.975838
551.566284,252.449188,66.037239,109.595474
548.389893,249.402435,67.027802,111.239403
545.165833,246.309982,68.033218,112.907997
543.274536,245.463165,69.053711,114.601616
542.756592,244.603653,70.089516,116.320641
543.274536,240.879105,69.053711,114.601616
539.702759,239.467758,68.033218,112.907997
536.183838,238.077255,67.027802,111.239403
532.716858,236.707321,66.037239,109.595474
529.301147,235.357620,65.061317,107.975838
524.850952,232.355896,66.037239,109.595474
522.209473,232.355896,66.037239,109.595474
521.714172,231.533920,67.027802,111.239403
520.888733,232.355896,66.037239,109.595474
520.075439,235.325226,65.061317,107.975838
517.992188,238.250671,64.099823,106.380135
515.939758,247.421371,63.152534,104.808014
507.774109,223.231689,64.099823,106.380135
507.293365,222.433838,65.061317,107.975838
510.767639,219.432114,66.037239,109.595474
489.134766,222.401443,65.061317,107.975838
484.487518,223.199295,64.099823,106.380135
479.359528,223.199295,64.099823,106.380135
474.231537,223.199295,64.099823,106.380135
469.103546,223.199295,64.099823,106.380135
463.975586,221.071701,64.099823,106.380135
460.129578,221.071701,64.099823,106.380135
458.077118,219.761597,63.152534,104.808014
455.039490,218.975540,64.099823,106.380135
454.250092,217.665436,63.152534,104.808014
453.472351,216.374695,62.219246,103.259125
452.706085,215.103027,61.299747,101.733131
451.480103,213.068375,61.299747,101.733131
453.140930,213.820084,60.393841,100.229683
453.140930,211.815491,60.393841,100.229683
453.140930,211.815491,60.393841,100.229683
453.587189,212.556107,59.501324,98.748459
453.587189,212.556107,59.501324,98.748459
454.026855,213.285782,58.621990,97.289116
452.397156,212.556107,59.501324,98.748459
451.207153,212.556107,59.501324,98.748459
451.207153,212.556107,59.501324,98.748459
450.474365,213.285782,58.621990,97.289116
450.907532,212.087631,57.755657,95.851349
451.334290,212.795898,56.902126,94.434830
451.754761,211.632904,56.061207,93.039238
452.875977,211.632904,56.061207,93.039238
453.997192,211.632904,56.061207,93.039238
455.118439,211.632904,56.061207,93.039238
457.741974,210.487106,55.232716,91.664276
461.415100,212.970627,54.416470,90.309631
462.889435,211.858429,53.612286,88.975006
463.285583,210.762680,52.819984,87.660103
462.635101,211.410416,52.039394,86.364632
463.019623,212.048584,51.270340,85.088310
462.388214,211.000687,50.512650,83.830849
463.756775,211.620132,49.766155,82.591965
463.383545,211.000687,50.512650,83.830849
461.979279,210.371964,51.270340,85.088310
460.553955,209.733795,52.039394,86.364632
459.513184,209.733795,52.039394,86.364632
458.066467,209.086060,52.819984,87.660103
459.122894,209.086060,52.819984,87.660103
458.066467,209.086060,52.819984,87.660103
457.670319,208.428619,53.612286,88.975006
456.598083,208.428619,53.612286,88.975006
454.019348,209.567490,54.416470,90.309631
451.401917,208.890167,55.232716,91.664276
448.745209,210.063477,56.061207,93.039238
446.048676,207.476990,56.902126,94.434830
444.910614,207.476990,56.902126,94.434830
442.173645,206.768723,57.755657,95.851349
441.018524,206.768723,57.755657,95.851349
439.863403,206.768723,57.755657,95.851349
438.708282,206.768723,57.755657,95.851349
439.863403,206.768723,57.755657,95.851349
439.863403,206.768723,57.755657,95.851349
442.566254,205.588287,56.902126,94.434830
441.865479,206.286087,56.061207,93.039238
424.374390,209.365677,56.902126,94.434830
422.792511,212.491470,57.755657,95.851349
404.310699,202.906342,57.755657,95.851349
402.461395,201.725906,56.902126,94.434830
400.639404,200.562912,56.061207,93.039238
397.739685,201.250397,55.232716,91.664276
393.794495,203.733902,54.416470,90.309631
390.979828,204.401215,53.612286,88.975006
389.263184,208.565079,52.819984,87.660103
387.794800,213.246124,53.612286,88.975006
388.481018,216.191193,54.416470,90.309631
388.072906,219.180450,55.232716,91.664276
389.177551,222.847015,55.232716,91.664276
390.282227,222.847015,55.232716,91.664276
390.282227,222.847015,55.232716,91.664276
389.867981,220.298752,56.061207,93.039238
388.309479,215.823563,56.902126,94.434830
387.171417,212.046173,56.902126,94.434830
385.589539,207.503860,57.755657,95.851349
385.156372,200.947617,58.621990,97.289116
383.526703,196.268021,59.501324,98.748459
381.872559,191.518219,60.393841,100.229683
378.967621,184.662506,61.299747,101.733131
377.004822,179.400452,60.393841,100.229683
375.071014,174.216156,59.501324,98.748459
372.690979,168.291245,59.501324,98.748459
370.785736,163.183563,58.621990,97.289116
372.726135,158.503967,59.501324,98.748459
371.536102,156.528992,59.501324,98.748459
369.156067,154.554016,59.501324,98.748459
367.250854,153.337906,58.621990,97.289116
364.218658,154.056793,57.755657,95.851349
361.231323,156.653748,56.902126,94.434830
358.494324,159.779541,57.755657,95.851349
354.543823,159.060654,58.621990,97.289116
351.724121,160.305954,59.501324,98.748459
346.301575,157.144058,58.621990,97.289116
343.269409,159.779968,57.755657,95.851349
338.648956,163.614029,57.755657,95.851349
328.833344,169.988373,56.902126,94.434830
324.281158,171.877075,56.902126,94.434830
318.078827,175.002869,57.755657,95.851349
313.953430,179.488525,56.902126,94.434830
309.401276,183.265915,56.902126,94.434830
305.336823,187.685287,56.061207,93.039238
303.541748,192.039337,55.232716,91.664276
300.684906,201.747620,54.416470,90.309631
297.870239,209.532928,53.612286,88.975006
295.097198,215.449982,52.819984,87.660103
292.556549,218.351532,53.612286,88.975006
291.896301,224.268600,52.819984,87.660103
300.078125,223.611145,53.612286,88.975006
296.248688,227.774994,52.819984,87.660103
293.079468,231.281403,52.819984,87.660103
296.972321,225.285446,53.612286,88.975006
308.988861,232.955704,52.819984,87.660103
304.175201,228.421570,52.039394,86.364632
300.458099,227.357956,51.270340,85.088310
294.775452,227.986694,50.512650,83.830849
293.158051,230.257980,49.766155,82.591965
276.855347,232.495682,49.030697,81.371391
277.217621,229.890198,48.306107,80.168861
280.430115,230.482574,47.592220,78.984100
284.532898,229.509872,46.888889,77.816849
286.727203,227.018204,46.195950,76.666847
287.978790,227.584702,45.513248,75.533836
286.521484,225.166122,44.840641,74.417572
285.969269,221.316940,44.177971,73.317810
284.554688,218.969330,43.525097,72.234291
282.303406,216.656403,42.881866,71.166794
279.730469,212.386398,42.881866,71.166794
278.357422,210.107666,42.248146,70.115067
277.004639,209.244171,41.623787,69.078880
275.671875,208.393448,41.008659,68.058014
274.358765,207.555298,40.402618,67.052231
273.861206,206.729538,39.805534,66.061310
273.065094,206.729538,39.805534,66.061310
272.268982,206.729538,39.805534,66.061310
272.268982,205.408310,39.805534,66.061310
273.586548,203.571808,40.402618,67.052231
274.923889,201.707748,41.008659,68.058014
275.448792,201.197311,41.623787,69.078880
275.136597,197.874619,42.248146,70.115067
273.962128,195.925415,42.881866,71.166794
274.278961,196.451279,42.248146,70.115067
273.434021,199.255890,42.248146,70.115067
271.248749,201.155563,41.623787,69.078880
269.915985,200.304825,41.008659,68.058014
267.455475,198.943665,41.008659,68.058014
266.142365,198.105515,40.402618,67.052231
265.019196,190.796829,41.008659,68.058014
261.381714,165.417999,41.623787,69.078880
262.759460,153.681488,42.248146,70.115067
264.157867,137.498932,42.881866,71.166794
265.015503,123.265572,42.881866,71.166794
266.730774,113.302223,42.881866,71.166794
269.891174,102.655670,43.525097,72.234291
269.891174,98.321617,43.525097,72.234291
268.497528,93.162025,42.881866,71.166794
261.636414,93.162025,42.881866,71.166794
256.883514,95.090187,42.248146,70.115067
254.698257,96.989853,41.623787,69.078880
254.185654,97.500290,41.008659,68.058014
254.185654,98.861450,41.008659,68.058014
253.045609,99.732597,41.623787,69.078880
253.578400,100.616806,42.248146,70.115067
254.119171,101.514275,42.881866,71.166794
255.834442,101.514275,42.881866,71.166794
257.549713,100.090942,42.881866,71.166794
260.122620,100.090942,42.881866,71.166794
260.980255,101.514275,42.881866,71.166794
261.529144,102.425209,43.525097,72.234291
262.086273,103.349808,44.177971,73.317810
262.412720,99.557510,43.525097,72.234291
261.019043,101.514595,42.881866,71.166794
261.876678,102.937935,42.881866,71.166794
262.734314,102.937935,42.881866,71.166794
263.283203,102.404182,43.525097,72.234291
262.412720,102.404182,43.525097,72.234291
261.876678,102.937935,42.881866,71.166794
261.876678,102.937935,42.881866,71.166794
261.876678,102.937935,42.881866,71.166794
261.555084,103.848869,43.525097,72.234291
261.019043,104.382622,42.881866,71.166794
261.019043,104.382622,42.881866,71.166794
261.019043,104.382622,42.881866,71.166794
260.161407,104.382622,42.881866,71.166794
260.161407,104.382622,42.881866,71.166794
260.161407,104.382622,42.881866,71.166794
260.161407,104.382622,42.881866,71.166794
260.161407,104.382622,42.881866,71.166794
259.303772,104.382622,42.881866,71.166794
259.303772,104.382622,42.881866,71.166794
259.303772,104.382622,42.881866,71.166794
259.303772,104.382622,42.881866,71.166794
258.446136,104.382622,42.881866,71.166794
258.446136,102.959282,42.881866,71.166794
258.446136,101.535950,42.881866,71.166794
260.452942,103.464111,42.248146,70.115067
259.278442,100.091576,42.881866,71.166794
258.420807,100.091576,42.881866,71.166794
260.993713,101.514915,42.881866,71.166794
262.155518,100.638474,42.248146,70.115067
262.696320,100.112610,42.881866,71.166794
263.553955,100.112610,42.881866,71.166794
264.973328,99.578857,43.525097,72.234291
266.414001,99.037102,44.177971,73.317810
271.092957,99.578857,43.525097,72.234291
273.417206,99.037102,44.177971,73.317810
277.569916,96.998871,44.840641,74.417572
282.950806,98.487221,44.840641,74.417572
292.117737,99.037102,44.177971,73.317810
300.953339,99.037102,44.177971,73.317810
309.590118,98.487221,44.840641,74.417572
318.558258,98.487221,44.840641,74.417572
324.835938,99.975571,44.840641,74.417572
331.352203,100.525452,44.177971,73.317810
335.504913,101.463921,44.840641,74.417572
338.195374,101.463921,44.840641,74.417572
339.988983,102.952271,44.840641,74.417572
342.383484,103.904816,45.513248,75.533836
345.410217,104.462952,44.840641,74.417572
347.508667,105.012833,44.177971,73.317810
348.970978,105.951302,44.840641,74.417572
351.661407,105.951302,44.840641,74.417572
353.455017,107.439651,44.840641,74.417572
356.437042,109.455894,44.177971,73.317810
358.204163,109.455894,44.177971,73.317810
358.769623,110.394363,44.840641,74.417572
359.984528,110.944244,44.177971,73.317810
361.181488,112.930687,43.525097,72.234291
360.855042,112.388931,44.177971,73.317810
359.971466,113.855286,44.177971,73.317810
358.204346,113.855286,44.177971,73.317810
357.660278,114.397041,43.525097,72.234291
355.919281,115.841728,43.525097,72.234291
354.525635,116.375481,42.881866,71.166794
351.592499,115.841728,43.525097,72.234291
349.851501,115.841728,43.525097,72.234291
348.457855,117.798820,42.881866,71.166794
348.457855,117.798820,42.881866,71.166794
348.457855,117.798820,42.881866,71.166794
348.457855,117.798820,42.881866,71.166794
348.457855,117.798820,42.881866,71.166794
347.600220,119.222153,42.881866,71.166794
345.537598,117.243713,43.525097,72.234291
345.001556,119.200806,42.881866,71.166794
343.809448,118.667053,43.525097,72.234291
343.483002,118.125298,44.177971,73.317810
342.254852,116.087059,44.840641,74.417572
341.358063,117.575409,44.840641,74.417572
340.805817,118.125298,44.177971,73.317810
339.038696,118.125298,44.177971,73.317810
337.624146,118.667053,43.525097,72.234291
335.883148,118.667053,43.525097,72.234291
334.673126,118.125298,44.177971,73.317810
333.789581,118.125298,44.177971,73.317810
333.789581,118.125298,44.177971,73.317810
333.458252,116.087059,44.840641,74.417572
333.789581,116.636940,44.177971,73.317810
333.458252,117.575409,44.840641,74.417572
333.458252,116.087059,44.840641,74.417572
334.673126,116.636940,44.177971,73.317810
334.673126,116.636940,44.177971,73.317810
335.556702,116.636940,44.177971,73.317810
335.225372,116.087059,44.840641,74.417572
336.122192,116.087059,44.840641,74.417572
337.018982,116.087059,44.840641,74.417572
336.682678,115.528931,45.513248,75.533836
337.592957,115.528931,45.513248,75.533836
338.175507,114.962425,46.195950,76.666847
338.175507,114.962425,46.195950,76.666847
339.099426,114.962425,46.195950,76.666847
338.752960,114.387421,46.888889,77.816849
339.690735,114.387421,46.888889,77.816849
340.628540,114.387421,46.888889,77.816849
341.898926,114.962425,46.195950,76.666847
342.822845,114.962425,46.195950,76.666847
342.822845,114.962425,46.195950,76.666847
342.822845,114.962425,46.195950,76.666847
342.822845,114.962425,46.195950,76.666847
343.746765,114.962425,46.195950,76.666847
344.998352,114.018250,45.513248,75.533836
345.334656,114.576385,44.840641,74.417572
346.231476,114.576385,44.840641,74.417572
348.025116,114.576385,44.840641,74.417572
348.599060,114.018250,45.513248,75.533836
349.181641,113.451744,46.195950,76.666847
