250.00 283.00 35.00 69.00
250.00 283.00 35.00 69.00
250.00 284.00 35.00 68.00
250.00 284.00 34.00 68.00
251.00 285.00 34.00 68.00
252.00 285.00 34.00 67.00
252.00 286.00 33.00 65.00
254.00 286.00 32.00 64.00
254.00 283.00 33.00 65.00
252.00 278.00 33.00 66.00
253.00 276.00 33.00 65.00
255.00 277.00 33.00 65.00
255.00 277.00 33.00 65.00
259.00 279.00 33.00 65.00
275.00 276.00 32.00 64.00
278.00 279.00 32.00 63.00
268.00 297.00 32.00 62.00
270.00 304.00 31.00 61.00
271.00 305.00 31.00 60.00
274.00 313.00 30.00 60.00
276.00 318.00 30.00 59.00
278.00 321.00 29.00 57.00
279.00 322.00 29.00 57.00
281.00 322.00 28.00 56.00
281.00 323.00 28.00 56.00
282.00 323.00 28.00 55.00
283.00 323.00 28.00 55.00
286.00 320.00 27.00 54.00
287.00 316.00 27.00 54.00
286.00 311.00 27.00 54.00
286.00 311.00 28.00 54.00
286.00 309.00 28.00 54.00
287.00 305.00 28.00 55.00
289.00 300.00 28.00 55.00
291.00 299.00 28.00 54.00
292.00 298.00 27.00 54.00
292.00 298.00 28.00 54.00
293.00 298.00 28.00 54.00
294.00 300.00 28.00 54.00
295.00 302.00 27.00 54.00
294.00 302.00 28.00 55.00
291.00 299.00 28.00 55.00
291.00 299.00 28.00 55.00
287.00 295.00 28.00 56.00
284.00 292.00 28.00 56.00
280.00 288.00 28.00 56.00
277.00 286.00 29.00 57.00
273.00 284.00 29.00 56.00
273.00 284.00 29.00 56.00
270.00 283.00 29.00 56.00
267.00 283.00 29.00 57.00
264.00 282.00 29.00 57.00
261.00 281.00 29.00 57.00
257.00 280.00 29.00 57.00
257.00 280.00 29.00 57.00
254.00 280.00 29.00 57.00
250.00 281.00 29.00 57.00
247.00 281.00 29.00 57.00
245.00 281.00 29.00 57.00
244.00 280.00 29.00 57.00
244.00 281.00 28.00 56.00
243.00 281.00 28.00 55.00
243.00 281.00 28.00 55.00
243.00 280.00 27.00 53.00
243.00 279.00 27.00 53.00
244.00 277.00 27.00 52.00
244.00 277.00 26.00 52.00
245.00 275.00 26.00 52.00
247.00 273.00 26.00 52.00
248.00 271.00 26.00 52.00
250.00 270.00 26.00 52.00
251.00 271.00 27.00 52.00
251.00 271.00 27.00 52.00
253.00 272.00 27.00 53.00
254.00 272.00 27.00 53.00
257.00 272.00 27.00 54.00
260.00 271.00 28.00 55.00
262.00 271.00 28.00 55.00
263.00 271.00 28.00 56.00
265.00 271.00 29.00 56.00
267.00 270.00 29.00 57.00
268.00 270.00 29.00 57.00
269.00 270.00 29.00 57.00
270.00 270.00 29.00 57.00
270.00 270.00 29.00 58.00
271.00 270.00 29.00 58.00
271.00 270.00 29.00 58.00
271.00 270.00 29.00 58.00
271.00 270.00 29.00 57.00
272.00 270.00 29.00 57.00
273.00 271.00 29.00 57.00
274.00 272.00 29.00 57.00
275.00 273.00 29.00 57.00
276.00 276.00 29.00 57.00
277.00 280.00 29.00 57.00
278.00 285.00 29.00 56.00
278.00 285.00 28.00 56.00
278.00 291.00 28.00 56.00
279.00 295.00 28.00 56.00
282.00 300.00 28.00 55.00
285.00 301.00 28.00 55.00
290.00 303.00 28.00 55.00
290.00 303.00 28.00 55.00
296.00 303.00 28.00 55.00
301.00 301.00 28.00 55.00
313.00 314.00 28.00 54.00
317.00 312.00 28.00 55.00
322.00 309.00 28.00 55.00
322.00 309.00 28.00 55.00
326.00 307.00 28.00 55.00
330.00 304.00 28.00 55.00
341.00 301.00 28.00 55.00
348.00 296.00 28.00 55.00
352.00 292.00 28.00 56.00
353.00 293.00 29.00 56.00
357.00 289.00 29.00 57.00
363.00 288.00 29.00 57.00
370.00 288.00 29.00 58.00
376.00 289.00 30.00 58.00
382.00 291.00 30.00 58.00
382.00 291.00 29.00 58.00
387.00 293.00 29.00 58.00
390.00 294.00 30.00 58.00
393.00 295.00 30.00 58.00
395.00 295.00 29.00 58.00
389.00 303.00 29.00 58.00
389.00 303.00 29.00 58.00
391.00 301.00 29.00 58.00
393.00 298.00 29.00 57.00
393.00 296.00 29.00 58.00
393.00 295.00 30.00 58.00
386.00 282.00 30.00 58.00
387.00 282.00 29.00 58.00
386.00 279.00 29.00 58.00
384.00 278.00 29.00 58.00
383.00 278.00 29.00 57.00
379.00 279.00 29.00 57.00
376.00 280.00 29.00 57.00
376.00 280.00 29.00 57.00
373.00 282.00 29.00 58.00
370.00 286.00 29.00 58.00
368.00 289.00 30.00 58.00
366.00 290.00 30.00 58.00
365.00 288.00 29.00 58.00
365.00 288.00 29.00 58.00
364.00 285.00 29.00 58.00
363.00 281.00 29.00 58.00
364.00 278.00 29.00 58.00
364.00 274.00 30.00 58.00
366.00 271.00 30.00 59.00
366.00 271.00 30.00 59.00
369.00 268.00 30.00 59.00
370.00 266.00 30.00 59.00
372.00 265.00 30.00 59.00
372.00 264.00 30.00 60.00
374.00 263.00 30.00 60.00
374.00 263.00 30.00 60.00
375.00 262.00 30.00 59.00
376.00 260.00 30.00 60.00
379.00 258.00 30.00 59.00
383.00 259.00 30.00 59.00
387.00 270.00 30.00 59.00
389.00 270.00 30.00 60.00
388.00 270.00 30.00 60.00
389.00 271.00 30.00 60.00
393.00 268.00 31.00 60.00
392.00 269.00 30.00 60.00
396.00 259.00 30.00 60.00
396.00 260.00 30.00 60.00
396.00 259.00 30.00 60.00
395.00 261.00 30.00 60.00
395.00 259.00 31.00 60.00
395.00 257.00 31.00 60.00
392.00 245.00 30.00 59.00
392.00 246.00 30.00 58.00
391.00 246.00 29.00 58.00
389.00 247.00 29.00 57.00
389.00 249.00 29.00 57.00
387.00 250.00 29.00 57.00
386.00 250.00 29.00 58.00
386.00 249.00 29.00 58.00
384.00 248.00 30.00 58.00
384.00 248.00 29.00 58.00
382.00 247.00 30.00 59.00
381.00 247.00 30.00 59.00
381.00 246.00 30.00 59.00
381.00 246.00 30.00 59.00
379.00 245.00 30.00 59.00
379.00 245.00 30.00 59.00
378.00 247.00 30.00 59.00
378.00 250.00 30.00 59.00
378.00 253.00 29.00 58.00
378.00 253.00 29.00 58.00
377.00 258.00 29.00 58.00
377.00 261.00 29.00 58.00
377.00 261.00 29.00 57.00
378.00 262.00 29.00 57.00
379.00 263.00 29.00 57.00
379.00 263.00 29.00 57.00
379.00 264.00 29.00 57.00
379.00 266.00 29.00 58.00
379.00 268.00 29.00 58.00
380.00 269.00 30.00 58.00
380.00 269.00 30.00 58.00
380.00 269.00 30.00 58.00
380.00 269.00 30.00 58.00
380.00 271.00 30.00 58.00
380.00 273.00 29.00 58.00
381.00 277.00 29.00 58.00
381.00 279.00 29.00 58.00
381.00 279.00 30.00 58.00
384.00 279.00 29.00 58.00
387.00 280.00 30.00 58.00
389.00 280.00 29.00 58.00
391.00 282.00 29.00 57.00
392.00 286.00 29.00 56.00
393.00 286.00 28.00 56.00
394.00 290.00 28.00 55.00
395.00 293.00 28.00 55.00
397.00 294.00 28.00 55.00
398.00 295.00 28.00 55.00
399.00 297.00 28.00 55.00
399.00 297.00 28.00 55.00
392.00 313.00 28.00 55.00
393.00 317.00 28.00 55.00
394.00 322.00 28.00 55.00
394.00 326.00 28.00 55.00
394.00 327.00 28.00 56.00
395.00 327.00 28.00 56.00
394.00 327.00 29.00 57.00
396.00 323.00 28.00 56.00
396.00 318.00 28.00 55.00
395.00 306.00 28.00 55.00
397.00 301.00 28.00 55.00
398.00 301.00 28.00 55.00
400.00 299.00 28.00 55.00
404.00 293.00 28.00 55.00
407.00 289.00 28.00 55.00
409.00 289.00 28.00 55.00
410.00 292.00 28.00 55.00
409.00 291.00 28.00 55.00
409.00 295.00 28.00 55.00
412.00 317.00 28.00 56.00
412.00 323.00 28.00 56.00
410.00 326.00 29.00 56.00
407.00 327.00 29.00 57.00
407.00 327.00 29.00 57.00
404.00 326.00 29.00 58.00
401.00 324.00 30.00 58.00
397.00 320.00 30.00 59.00
394.00 317.00 30.00 60.00
391.00 313.00 31.00 61.00
390.00 312.00 31.00 61.00
387.00 308.00 31.00 62.00
384.00 304.00 32.00 62.00
382.00 300.00 32.00 63.00
380.00 297.00 32.00 63.00
378.00 295.00 32.00 63.00
378.00 295.00 32.00 63.00
376.00 293.00 32.00 63.00
374.00 293.00 32.00 63.00
373.00 295.00 32.00 62.00
372.00 297.00 31.00 62.00
370.00 298.00 32.00 62.00
371.00 299.00 32.00 63.00
371.00 298.00 32.00 63.00
370.00 296.00 32.00 63.00
371.00 294.00 32.00 63.00
372.00 292.00 31.00 62.00
373.00 290.00 31.00 62.00
372.00 290.00 31.00 61.00
373.00 289.00 31.00 61.00
374.00 288.00 31.00 60.00
374.00 286.00 31.00 60.00
374.00 285.00 30.00 60.00
375.00 284.00 30.00 60.00
375.00 284.00 30.00 59.00
375.00 284.00 30.00 59.00
376.00 284.00 30.00 59.00
376.00 285.00 29.00 58.00
377.00 286.00 29.00 57.00
377.00 286.00 29.00 57.00
377.00 286.00 29.00 56.00
379.00 286.00 28.00 56.00
378.00 285.00 28.00 55.00
377.00 284.00 28.00 55.00
376.00 282.00 28.00 55.00
375.00 281.00 28.00 55.00
375.00 281.00 28.00 55.00
373.00 280.00 28.00 55.00
370.00 278.00 28.00 55.00
367.00 276.00 28.00 55.00
365.00 273.00 28.00 55.00
362.00 271.00 28.00 56.00
363.00 272.00 28.00 56.00
360.00 269.00 29.00 56.00
358.00 269.00 29.00 57.00
355.00 268.00 29.00 56.00
353.00 269.00 29.00 57.00
349.00 270.00 29.00 57.00
350.00 270.00 29.00 58.00
346.00 272.00 29.00 58.00
343.00 274.00 30.00 58.00
340.00 276.00 30.00 59.00
336.00 276.00 30.00 59.00
332.00 278.00 30.00 60.00
331.00 278.00 30.00 60.00
327.00 279.00 30.00 60.00
322.00 281.00 31.00 60.00
317.00 281.00 31.00 60.00
313.00 280.00 31.00 61.00
311.00 280.00 31.00 61.00
311.00 280.00 31.00 61.00
308.00 279.00 31.00 60.00
306.00 278.00 30.00 60.00
303.00 279.00 30.00 60.00
301.00 281.00 30.00 60.00
299.00 283.00 30.00 60.00
299.00 283.00 30.00 59.00
297.00 287.00 30.00 59.00
294.00 290.00 30.00 60.00
290.00 292.00 30.00 60.00
285.00 292.00 30.00 59.00
281.00 291.00 30.00 60.00
281.00 290.00 30.00 59.00
276.00 289.00 30.00 59.00
271.00 289.00 30.00 60.00
267.00 289.00 30.00 59.00
263.00 291.00 30.00 59.00
257.00 292.00 30.00 59.00
257.00 292.00 30.00 59.00
251.00 293.00 30.00 59.00
245.00 293.00 30.00 58.00
240.00 294.00 29.00 58.00
236.00 295.00 29.00 57.00
232.00 295.00 29.00 56.00
231.00 295.00 28.00 55.00
229.00 294.00 28.00 55.00
228.00 293.00 28.00 55.00
227.00 290.00 27.00 54.00
227.00 288.00 27.00 54.00
227.00 286.00 27.00 54.00
227.00 286.00 27.00 54.00
227.00 284.00 27.00 54.00
228.00 283.00 27.00 54.00
230.00 282.00 28.00 55.00
230.00 280.00 28.00 55.00
232.00 280.00 28.00 56.00
231.00 280.00 28.00 56.00
232.00 279.00 29.00 56.00
235.00 280.00 29.00 57.00
237.00 280.00 29.00 58.00
240.00 280.00 30.00 58.00
243.00 280.00 30.00 59.00
243.00 280.00 30.00 59.00
246.00 279.00 30.00 59.00
249.00 279.00 30.00 60.00
252.00 278.00 30.00 60.00
255.00 276.00 30.00 59.00
257.00 275.00 30.00 60.00
257.00 275.00 30.00 60.00
260.00 274.00 30.00 59.00
262.00 273.00 30.00 59.00
263.00 272.00 30.00 59.00
264.00 272.00 30.00 59.00
266.00 273.00 30.00 59.00
266.00 273.00 30.00 59.00
268.00 276.00 30.00 59.00
271.00 279.00 30.00 59.00
272.00 281.00 30.00 59.00
276.00 285.00 29.00 58.00
279.00 287.00 29.00 57.00
279.00 287.00 29.00 57.00
283.00 289.00 29.00 57.00
286.00 289.00 29.00 57.00
290.00 291.00 29.00 57.00
292.00 293.00 29.00 57.00
294.00 295.00 29.00 57.00
294.00 295.00 29.00 57.00
294.00 295.00 29.00 57.00
294.00 295.00 29.00 58.00
293.00 295.00 30.00 59.00
290.00 294.00 30.00 59.00
288.00 292.00 30.00 59.00
288.00 292.00 30.00 59.00
285.00 291.00 30.00 59.00
282.00 292.00 30.00 59.00
280.00 292.00 30.00 60.00
278.00 292.00 31.00 60.00
267.00 295.00 31.00 61.00
267.00 295.00 31.00 61.00
266.00 295.00 31.00 61.00
264.00 296.00 31.00 61.00
261.00 297.00 31.00 61.00
258.00 299.00 31.00 61.00
255.00 301.00 31.00 61.00
255.00 301.00 31.00 61.00
251.00 303.00 31.00 61.00
248.00 304.00 31.00 61.00
243.00 304.00 31.00 61.00
238.00 307.00 31.00 60.00
232.00 309.00 31.00 60.00
232.00 309.00 31.00 60.00
232.00 311.00 30.00 60.00
227.00 315.00 30.00 60.00
222.00 319.00 30.00 60.00
219.00 321.00 31.00 60.00
216.00 322.00 31.00 61.00
217.00 322.00 31.00 61.00
216.00 321.00 31.00 62.00
214.00 319.00 31.00 62.00
213.00 316.00 31.00 62.00
213.00 313.00 31.00 62.00
214.00 310.00 31.00 62.00
214.00 310.00 31.00 62.00
215.00 308.00 32.00 62.00
215.00 306.00 31.00 62.00
217.00 306.00 31.00 62.00
218.00 307.00 31.00 61.00
220.00 309.00 31.00 61.00
220.00 309.00 31.00 61.00
222.00 311.00 31.00 61.00
226.00 312.00 31.00 61.00
229.00 310.00 31.00 61.00
235.00 308.00 31.00 62.00
240.00 304.00 31.00 62.00
240.00 305.00 31.00 62.00
245.00 302.00 32.00 62.00
250.00 299.00 32.00 62.00
254.00 295.00 32.00 62.00
259.00 292.00 31.00 62.00
263.00 289.00 31.00 62.00
263.00 289.00 31.00 62.00
267.00 286.00 31.00 62.00
270.00 284.00 31.00 61.00
275.00 283.00 31.00 61.00
279.00 283.00 31.00 60.00
283.00 283.00 30.00 60.00
283.00 283.00 30.00 59.00
288.00 286.00 30.00 59.00
292.00 289.00 29.00 58.00
295.00 293.00 29.00 58.00
299.00 295.00 29.00 58.00
303.00 297.00 29.00 57.00
303.00 297.00 29.00 57.00
306.00 297.00 29.00 57.00
309.00 297.00 29.00 57.00
312.00 296.00 29.00 57.00
315.00 295.00 29.00 57.00
325.00 307.00 29.00 56.00
326.00 308.00 28.00 56.00
327.00 307.00 28.00 56.00
331.00 296.00 28.00 55.00
335.00 295.00 28.00 55.00
336.00 296.00 28.00 56.00
340.00 297.00 28.00 56.00
340.00 297.00 28.00 56.00
354.00 298.00 28.00 56.00
358.00 299.00 28.00 56.00
361.00 299.00 28.00 56.00
365.00 300.00 28.00 56.00
371.00 302.00 28.00 56.00
370.00 302.00 28.00 55.00
375.00 304.00 28.00 55.00
382.00 307.00 28.00 55.00
387.00 309.00 28.00 55.00
392.00 312.00 28.00 55.00
395.00 315.00 28.00 55.00
395.00 314.00 28.00 56.00
397.00 315.00 28.00 56.00
398.00 314.00 28.00 56.00
398.00 311.00 28.00 56.00
397.00 307.00 28.00 55.00
389.00 306.00 28.00 55.00
388.00 306.00 28.00 56.00
389.00 306.00 28.00 56.00
389.00 306.00 28.00 56.00
391.00 308.00 28.00 55.00
389.00 308.00 28.00 55.00
387.00 312.00 28.00 55.00
387.00 313.00 28.00 54.00
383.00 303.00 28.00 55.00
376.00 296.00 28.00 55.00
372.00 293.00 29.00 56.00
370.00 292.00 29.00 57.00
366.00 290.00 29.00 57.00
366.00 290.00 29.00 58.00
363.00 290.00 29.00 58.00
361.00 291.00 29.00 58.00
357.00 292.00 29.00 58.00
354.00 294.00 30.00 58.00
350.00 294.00 30.00 59.00
350.00 294.00 30.00 59.00
345.00 294.00 30.00 60.00
340.00 293.00 30.00 60.00
336.00 293.00 30.00 60.00
333.00 291.00 30.00 60.00
330.00 289.00 31.00 60.00
329.00 289.00 30.00 60.00
327.00 288.00 30.00 60.00
325.00 285.00 30.00 60.00
324.00 283.00 30.00 60.00
322.00 281.00 30.00 60.00
321.00 279.00 30.00 60.00
321.00 279.00 30.00 60.00
320.00 279.00 30.00 60.00
319.00 279.00 30.00 60.00
318.00 280.00 30.00 60.00
316.00 281.00 30.00 60.00
315.00 284.00 30.00 60.00
315.00 284.00 30.00 60.00
312.00 285.00 30.00 60.00
309.00 286.00 30.00 60.00
304.00 285.00 30.00 60.00
299.00 282.00 30.00 60.00
294.00 281.00 30.00 60.00
294.00 281.00 30.00 60.00
289.00 280.00 31.00 60.00
284.00 279.00 31.00 60.00
279.00 280.00 30.00 60.00
275.00 281.00 30.00 60.00
270.00 282.00 30.00 60.00
270.00 282.00 30.00 59.00
264.00 283.00 30.00 59.00
258.00 284.00 30.00 59.00
250.00 286.00 30.00 59.00
243.00 287.00 30.00 58.00
237.00 289.00 29.00 58.00
237.00 290.00 29.00 57.00
232.00 291.00 29.00 57.00
230.00 291.00 29.00 56.00
229.00 291.00 28.00 56.00
228.00 289.00 28.00 56.00
229.00 286.00 28.00 56.00
229.00 286.00 28.00 56.00
231.00 283.00 28.00 56.00
234.00 280.00 28.00 56.00
236.00 278.00 28.00 55.00
239.00 276.00 28.00 55.00
242.00 276.00 28.00 55.00
242.00 276.00 28.00 54.00
246.00 276.00 27.00 54.00
249.00 278.00 27.00 54.00
254.00 279.00 27.00 53.00
258.00 279.00 27.00 54.00
263.00 279.00 27.00 54.00
263.00 278.00 28.00 54.00
268.00 278.00 28.00 55.00
273.00 277.00 28.00 55.00
278.00 277.00 28.00 55.00
282.00 276.00 28.00 55.00
285.00 274.00 28.00 55.00
285.00 274.00 28.00 56.00
289.00 274.00 28.00 55.00
293.00 274.00 28.00 55.00
297.00 275.00 28.00 55.00
300.00 277.00 28.00 55.00
305.00 280.00 28.00 55.00
305.00 280.00 28.00 55.00
309.00 285.00 28.00 55.00
314.00 290.00 28.00 55.00
319.00 294.00 28.00 55.00
324.00 298.00 28.00 54.00
332.00 301.00 27.00 54.00
331.00 301.00 27.00 54.00
337.00 303.00 27.00 54.00
348.00 316.00 27.00 54.00
351.00 314.00 28.00 55.00
354.00 314.00 28.00 54.00
357.00 315.00 27.00 54.00
357.00 315.00 27.00 54.00
361.00 315.00 27.00 54.00
344.00 337.00 28.00 54.00
353.00 336.00 28.00 55.00
368.00 357.00 28.00 55.00
369.00 357.00 28.00 55.00
369.00 357.00 28.00 55.00
370.00 358.00 28.00 55.00
369.00 357.00 28.00 56.00
