336.00 356.00 33.00 34.00
336.00 356.00 33.00 34.00
352.00 353.00 33.00 34.00
359.00 349.00 32.00 33.00
367.00 353.00 31.00 32.00
367.00 354.00 32.00 33.00
366.00 351.00 31.00 32.00
369.00 326.00 31.00 32.00
366.00 314.00 31.00 32.00
366.00 314.00 31.00 32.00
375.00 309.00 31.00 32.00
379.00 300.00 31.00 32.00
375.00 290.00 31.00 32.00
375.00 289.00 31.00 32.00
374.00 289.00 32.00 33.00
357.00 304.00 32.00 33.00
357.00 308.00 32.00 33.00
357.00 313.00 32.00 33.00
350.00 302.00 32.00 33.00
339.00 294.00 32.00 33.00
338.00 262.00 32.00 33.00
334.00 260.00 32.00 33.00
329.00 258.00 32.00 33.00
332.00 251.00 33.00 34.00
318.00 253.00 33.00 34.00
322.00 256.00 33.00 34.00
322.00 256.00 33.00 34.00
308.00 282.00 33.00 34.00
305.00 266.00 33.00 34.00
308.00 252.00 33.00 34.00
303.00 241.00 33.00 34.00
324.00 236.00 34.00 35.00
323.00 235.00 34.00 35.00
323.00 234.00 33.00 34.00
323.00 234.00 34.00 35.00
323.00 235.00 33.00 34.00
323.00 252.00 33.00 34.00
323.00 263.00 33.00 34.00
323.00 263.00 33.00 34.00
336.00 247.00 33.00 34.00
346.00 222.00 33.00 34.00
346.00 211.00 33.00 34.00
343.00 216.00 33.00 34.00
339.00 219.00 33.00 34.00
335.00 219.00 33.00 34.00
334.00 237.00 33.00 34.00
332.00 236.00 33.00 34.00
331.00 235.00 33.00 34.00
338.00 232.00 33.00 34.00
336.00 232.00 33.00 34.00
336.00 232.00 33.00 34.00
336.00 231.00 33.00 34.00
337.00 232.00 33.00 34.00
334.00 231.00 33.00 34.00
323.00 231.00 33.00 34.00
325.00 231.00 33.00 34.00
330.00 231.00 32.00 33.00
327.00 231.00 32.00 33.00
327.00 231.00 32.00 33.00
326.00 231.00 32.00 33.00
328.00 232.00 33.00 34.00
325.00 231.00 33.00 34.00
325.00 230.00 33.00 34.00
325.00 230.00 33.00 34.00
325.00 230.00 33.00 34.00
323.00 229.00 32.00 33.00
324.00 229.00 32.00 33.00
330.00 235.00 32.00 33.00
334.00 236.00 32.00 33.00
325.00 233.00 32.00 33.00
329.00 234.00 32.00 33.00
333.00 233.00 31.00 32.00
333.00 233.00 31.00 32.00
336.00 237.00 31.00 32.00
338.00 240.00 31.00 32.00
341.00 242.00 31.00 32.00
343.00 244.00 32.00 32.00
342.00 243.00 31.00 32.00
346.00 249.00 31.00 32.00
347.00 249.00 31.00 32.00
348.00 248.00 32.00 32.00
348.00 249.00 32.00 33.00
361.00 238.00 31.00 32.00
368.00 236.00 31.00 32.00
370.00 236.00 31.00 32.00
372.00 237.00 31.00 32.00
377.00 236.00 31.00 32.00
379.00 237.00 31.00 32.00
381.00 237.00 31.00 32.00
380.00 237.00 31.00 32.00
379.00 236.00 31.00 32.00
378.00 236.00 31.00 32.00
377.00 238.00 31.00 32.00
375.00 238.00 31.00 32.00
372.00 240.00 31.00 32.00
371.00 240.00 31.00 32.00
372.00 239.00 31.00 31.00
371.00 239.00 30.00 31.00
361.00 246.00 31.00 31.00
361.00 246.00 31.00 32.00
361.00 245.00 31.00 32.00
362.00 243.00 31.00 32.00
362.00 243.00 31.00 32.00
362.00 236.00 31.00 32.00
361.00 235.00 31.00 32.00
359.00 234.00 30.00 31.00
359.00 235.00 30.00 31.00
352.00 235.00 30.00 31.00
346.00 239.00 30.00 31.00
341.00 239.00 30.00 31.00
342.00 240.00 30.00 31.00
336.00 241.00 30.00 31.00
334.00 241.00 30.00 31.00
334.00 241.00 30.00 31.00
334.00 241.00 30.00 31.00
336.00 241.00 30.00 31.00
339.00 242.00 30.00 31.00
342.00 240.00 30.00 31.00
339.00 246.00 30.00 31.00
349.00 240.00 29.00 30.00
350.00 241.00 29.00 30.00
350.00 242.00 29.00 30.00
349.00 241.00 30.00 30.00
348.00 241.00 30.00 31.00
348.00 241.00 30.00 31.00
347.00 241.00 30.00 31.00
347.00 241.00 30.00 31.00
347.00 241.00 30.00 31.00
350.00 241.00 30.00 31.00
361.00 230.00 30.00 31.00
363.00 229.00 30.00 31.00
363.00 229.00 30.00 31.00
366.00 227.00 31.00 32.00
368.00 225.00 31.00 32.00
366.00 222.00 31.00 32.00
367.00 220.00 31.00 32.00
368.00 220.00 31.00 32.00
367.00 219.00 31.00 32.00
369.00 222.00 31.00 32.00
369.00 221.00 31.00 32.00
369.00 222.00 30.00 31.00
359.00 230.00 30.00 31.00
360.00 230.00 30.00 31.00
359.00 229.00 30.00 31.00
360.00 229.00 30.00 31.00
361.00 228.00 30.00 31.00
361.00 229.00 30.00 31.00
356.00 230.00 29.00 30.00
356.00 232.00 29.00 30.00
356.00 232.00 29.00 29.00
353.00 235.00 28.00 29.00
352.00 236.00 28.00 29.00
351.00 236.00 28.00 29.00
340.00 243.00 28.00 28.00
337.00 242.00 27.00 28.00
337.00 243.00 27.00 28.00
337.00 243.00 27.00 28.00
339.00 244.00 27.00 28.00
344.00 245.00 27.00 28.00
345.00 245.00 27.00 28.00
345.00 245.00 27.00 28.00
349.00 243.00 27.00 28.00
350.00 245.00 28.00 29.00
353.00 248.00 28.00 29.00
354.00 248.00 28.00 29.00
358.00 245.00 28.00 29.00
360.00 244.00 28.00 29.00
363.00 242.00 28.00 29.00
364.00 239.00 28.00 29.00
362.00 239.00 28.00 29.00
359.00 239.00 28.00 29.00
355.00 240.00 28.00 28.00
352.00 240.00 28.00 28.00
350.00 242.00 27.00 28.00
349.00 243.00 27.00 28.00
348.00 243.00 27.00 28.00
348.00 243.00 28.00 28.00
348.00 243.00 28.00 29.00
357.00 245.00 28.00 29.00
361.00 244.00 29.00 30.00
366.00 243.00 29.00 30.00
365.00 243.00 30.00 31.00
373.00 241.00 30.00 31.00
375.00 236.00 30.00 31.00
376.00 234.00 30.00 31.00
376.00 234.00 30.00 31.00
376.00 233.00 30.00 31.00
375.00 232.00 30.00 31.00
374.00 230.00 30.00 31.00
374.00 230.00 30.00 31.00
371.00 232.00 30.00 31.00
371.00 234.00 30.00 31.00
370.00 235.00 30.00 31.00
369.00 235.00 30.00 31.00
368.00 235.00 30.00 31.00
368.00 236.00 30.00 31.00
368.00 237.00 30.00 31.00
376.00 227.00 31.00 32.00
373.00 231.00 31.00 32.00
369.00 232.00 31.00 32.00
366.00 234.00 31.00 32.00
361.00 234.00 32.00 33.00
361.00 234.00 32.00 33.00
345.00 242.00 32.00 33.00
344.00 240.00 31.00 32.00
345.00 239.00 31.00 32.00
344.00 239.00 31.00 32.00
347.00 236.00 31.00 32.00
349.00 234.00 30.00 31.00
351.00 231.00 30.00 31.00
351.00 231.00 29.00 30.00
351.00 229.00 29.00 30.00
351.00 230.00 28.00 29.00
349.00 231.00 28.00 29.00
346.00 232.00 28.00 29.00
340.00 233.00 28.00 29.00
337.00 233.00 28.00 29.00
335.00 233.00 28.00 29.00
333.00 234.00 28.00 29.00
329.00 238.00 28.00 29.00
327.00 242.00 29.00 29.00
325.00 241.00 29.00 30.00
325.00 241.00 29.00 30.00
325.00 241.00 29.00 30.00
323.00 240.00 29.00 29.00
322.00 238.00 28.00 29.00
323.00 237.00 28.00 29.00
323.00 237.00 28.00 29.00
323.00 235.00 28.00 29.00
320.00 235.00 28.00 29.00
319.00 237.00 28.00 29.00
319.00 237.00 28.00 29.00
316.00 239.00 28.00 29.00
314.00 240.00 28.00 29.00
311.00 240.00 28.00 29.00
312.00 241.00 28.00 29.00
311.00 240.00 29.00 29.00
311.00 239.00 29.00 30.00
312.00 238.00 29.00 30.00
312.00 237.00 29.00 30.00
323.00 223.00 29.00 30.00
324.00 224.00 30.00 30.00
324.00 225.00 30.00 31.00
316.00 237.00 30.00 31.00
320.00 237.00 30.00 31.00
321.00 236.00 30.00 31.00
323.00 236.00 30.00 31.00
326.00 237.00 30.00 31.00
326.00 237.00 30.00 30.00
334.00 236.00 29.00 30.00
337.00 237.00 29.00 30.00
337.00 236.00 29.00 30.00
337.00 236.00 30.00 30.00
334.00 236.00 29.00 30.00
333.00 238.00 29.00 30.00
333.00 239.00 30.00 30.00
333.00 239.00 30.00 30.00
331.00 238.00 30.00 30.00
337.00 229.00 30.00 31.00
335.00 229.00 30.00 31.00
336.00 229.00 31.00 32.00
332.00 225.00 31.00 32.00
333.00 223.00 31.00 32.00
335.00 223.00 31.00 32.00
336.00 223.00 31.00 32.00
337.00 224.00 31.00 32.00
330.00 233.00 31.00 32.00
331.00 233.00 31.00 32.00
331.00 234.00 31.00 32.00
332.00 233.00 31.00 32.00
330.00 231.00 31.00 32.00
329.00 230.00 31.00 32.00
330.00 229.00 30.00 31.00
329.00 229.00 30.00 31.00
334.00 227.00 30.00 31.00
335.00 228.00 30.00 31.00
338.00 230.00 29.00 30.00
338.00 230.00 29.00 30.00
340.00 233.00 29.00 29.00
341.00 238.00 28.00 29.00
341.00 240.00 28.00 29.00
340.00 240.00 28.00 29.00
339.00 242.00 28.00 29.00
333.00 245.00 27.00 28.00
324.00 248.00 27.00 28.00
320.00 248.00 27.00 28.00
320.00 248.00 27.00 28.00
316.00 252.00 27.00 28.00
315.00 253.00 27.00 28.00
314.00 254.00 27.00 28.00
314.00 253.00 27.00 28.00
312.00 253.00 27.00 28.00
311.00 252.00 28.00 28.00
310.00 250.00 28.00 29.00
309.00 248.00 28.00 29.00
307.00 245.00 28.00 29.00
306.00 243.00 28.00 29.00
307.00 241.00 28.00 29.00
307.00 240.00 28.00 29.00
308.00 235.00 28.00 29.00
310.00 234.00 28.00 29.00
311.00 233.00 28.00 29.00
312.00 234.00 28.00 29.00
313.00 234.00 28.00 29.00
311.00 235.00 28.00 29.00
311.00 237.00 28.00 29.00
310.00 238.00 28.00 29.00
309.00 238.00 28.00 29.00
305.00 242.00 27.00 28.00
299.00 243.00 27.00 28.00
297.00 244.00 27.00 28.00
297.00 244.00 27.00 28.00
294.00 245.00 27.00 28.00
293.00 245.00 28.00 29.00
294.00 245.00 28.00 29.00
294.00 245.00 28.00 29.00
298.00 242.00 28.00 29.00
301.00 239.00 29.00 29.00
305.00 236.00 28.00 29.00
309.00 234.00 28.00 29.00
314.00 231.00 28.00 29.00
315.00 230.00 28.00 29.00
317.00 231.00 28.00 29.00
315.00 232.00 28.00 29.00
311.00 236.00 28.00 29.00
307.00 239.00 28.00 29.00
303.00 241.00 28.00 29.00
298.00 242.00 28.00 28.00
298.00 242.00 28.00 28.00
289.00 248.00 27.00 28.00
286.00 252.00 27.00 28.00
282.00 253.00 28.00 28.00
281.00 252.00 28.00 28.00
275.00 253.00 28.00 29.00
274.00 253.00 28.00 29.00
275.00 252.00 28.00 29.00
274.00 253.00 28.00 29.00
275.00 249.00 28.00 28.00
274.00 247.00 27.00 28.00
274.00 243.00 27.00 28.00
273.00 243.00 27.00 28.00
267.00 243.00 27.00 27.00
262.00 244.00 26.00 27.00
259.00 245.00 26.00 27.00
254.00 245.00 26.00 27.00
248.00 245.00 26.00 27.00
246.00 243.00 26.00 27.00
245.00 243.00 26.00 27.00
244.00 244.00 27.00 28.00
245.00 244.00 27.00 28.00
247.00 242.00 28.00 28.00
253.00 239.00 28.00 29.00
253.00 240.00 28.00 29.00
253.00 240.00 28.00 29.00
269.00 235.00 28.00 29.00
274.00 235.00 28.00 29.00
280.00 236.00 28.00 29.00
280.00 236.00 28.00 29.00
289.00 243.00 28.00 29.00
288.00 252.00 28.00 29.00
292.00 252.00 28.00 28.00
291.00 252.00 27.00 28.00
297.00 248.00 27.00 28.00
306.00 242.00 27.00 28.00
303.00 236.00 27.00 28.00
303.00 237.00 27.00 28.00
301.00 231.00 27.00 28.00
301.00 233.00 27.00 28.00
300.00 237.00 27.00 28.00
297.00 241.00 27.00 28.00
290.00 248.00 27.00 28.00
287.00 247.00 27.00 28.00
284.00 247.00 27.00 28.00
280.00 246.00 28.00 29.00
279.00 246.00 28.00 29.00
271.00 240.00 28.00 29.00
269.00 239.00 28.00 29.00
267.00 239.00 28.00 29.00
267.00 238.00 28.00 29.00
265.00 235.00 28.00 29.00
261.00 229.00 28.00 29.00
260.00 229.00 28.00 29.00
260.00 230.00 28.00 29.00
257.00 232.00 28.00 29.00
255.00 233.00 28.00 29.00
251.00 234.00 28.00 29.00
251.00 234.00 28.00 29.00
253.00 236.00 28.00 29.00
254.00 237.00 28.00 29.00
256.00 239.00 28.00 29.00
258.00 243.00 28.00 29.00
261.00 245.00 28.00 29.00
263.00 245.00 28.00 29.00
266.00 246.00 28.00 29.00
272.00 246.00 28.00 29.00
283.00 245.00 28.00 29.00
286.00 242.00 28.00 29.00
289.00 239.00 28.00 29.00
291.00 236.00 28.00 29.00
291.00 236.00 28.00 29.00
296.00 236.00 28.00 29.00
299.00 238.00 28.00 29.00
302.00 238.00 28.00 29.00
302.00 238.00 28.00 29.00
309.00 240.00 28.00 29.00
311.00 239.00 28.00 29.00
309.00 238.00 29.00 29.00
309.00 238.00 28.00 29.00
308.00 240.00 28.00 29.00
308.00 241.00 29.00 29.00
307.00 243.00 29.00 29.00
307.00 243.00 29.00 29.00
303.00 240.00 29.00 30.00
303.00 239.00 29.00 30.00
303.00 237.00 29.00 30.00
302.00 237.00 29.00 30.00
301.00 238.00 29.00 30.00
301.00 238.00 29.00 30.00
301.00 239.00 29.00 30.00
301.00 238.00 30.00 31.00
298.00 234.00 30.00 31.00
297.00 232.00 30.00 31.00
295.00 232.00 30.00 31.00
294.00 234.00 30.00 30.00
294.00 233.00 29.00 30.00
288.00 239.00 29.00 30.00
284.00 236.00 29.00 30.00
282.00 235.00 29.00 30.00
282.00 235.00 29.00 30.00
279.00 235.00 29.00 29.00
275.00 234.00 28.00 29.00
274.00 233.00 28.00 29.00
274.00 234.00 28.00 29.00
269.00 235.00 28.00 29.00
267.00 236.00 28.00 29.00
261.00 239.00 27.00 28.00
261.00 239.00 27.00 28.00
257.00 242.00 27.00 28.00
255.00 243.00 27.00 28.00
255.00 245.00 27.00 28.00
254.00 247.00 27.00 28.00
252.00 249.00 27.00 28.00
253.00 249.00 28.00 28.00
253.00 248.00 28.00 29.00
254.00 248.00 28.00 29.00
258.00 247.00 28.00 28.00
258.00 248.00 27.00 28.00
262.00 246.00 27.00 28.00
266.00 245.00 27.00 28.00
267.00 246.00 27.00 28.00
277.00 245.00 27.00 28.00
279.00 244.00 27.00 28.00
280.00 245.00 27.00 28.00
280.00 245.00 27.00 28.00
281.00 245.00 28.00 28.00
275.00 246.00 28.00 29.00
272.00 244.00 28.00 29.00
272.00 244.00 28.00 29.00
268.00 242.00 28.00 29.00
268.00 242.00 29.00 30.00
267.00 241.00 29.00 30.00
267.00 241.00 30.00 31.00
265.00 240.00 30.00 31.00
265.00 241.00 30.00 31.00
263.00 240.00 30.00 31.00
264.00 242.00 30.00 31.00
264.00 245.00 31.00 32.00
265.00 248.00 31.00 32.00
265.00 251.00 31.00 32.00
265.00 253.00 31.00 32.00
264.00 255.00 31.00 32.00
264.00 255.00 31.00 32.00
264.00 254.00 31.00 32.00
264.00 254.00 31.00 32.00
264.00 254.00 31.00 32.00
261.00 254.00 31.00 32.00
260.00 254.00 31.00 32.00
260.00 253.00 31.00 32.00
260.00 253.00 31.00 32.00
260.00 251.00 31.00 32.00
262.00 249.00 31.00 32.00
263.00 247.00 30.00 31.00
263.00 247.00 30.00 31.00
266.00 245.00 30.00 31.00
269.00 244.00 29.00 30.00
277.00 243.00 29.00 30.00
277.00 243.00 29.00 30.00
285.00 242.00 28.00 29.00
291.00 243.00 28.00 29.00
295.00 243.00 28.00 29.00
296.00 242.00 29.00 29.00
292.00 239.00 29.00 30.00
290.00 241.00 29.00 30.00
289.00 243.00 29.00 30.00
287.00 245.00 29.00 30.00
282.00 247.00 29.00 30.00
280.00 248.00 29.00 30.00
279.00 247.00 29.00 30.00
278.00 246.00 29.00 30.00
277.00 245.00 29.00 30.00
277.00 245.00 28.00 29.00
277.00 244.00 28.00 29.00
280.00 244.00 28.00 29.00
280.00 245.00 28.00 29.00
302.00 245.00 28.00 28.00
299.00 246.00 28.00 29.00
313.00 239.00 28.00 29.00
312.00 239.00 28.00 29.00
312.00 239.00 28.00 29.00
312.00 239.00 28.00 29.00
313.00 239.00 28.00 29.00
313.00 239.00 28.00 29.00
313.00 240.00 28.00 29.00
312.00 239.00 28.00 29.00
312.00 239.00 28.00 29.00
312.00 239.00 28.00 29.00
312.00 239.00 28.00 29.00
312.00 239.00 28.00 29.00
313.00 239.00 28.00 29.00
313.00 240.00 28.00 29.00
313.00 240.00 28.00 29.00
313.00 240.00 28.00 29.00
313.00 240.00 28.00 29.00
313.00 240.00 28.00 29.00
313.00 240.00 28.00 29.00
313.00 240.00 28.00 29.00
313.00 240.00 28.00 29.00
313.00 240.00 28.00 29.00
313.00 240.00 28.00 29.00
313.00 240.00 28.00 29.00
313.00 240.00 28.00 29.00
313.00 240.00 28.00 29.00
313.00 240.00 28.00 29.00
313.00 240.00 28.00 29.00
313.00 241.00 28.00 29.00
312.00 239.00 28.00 29.00
312.00 239.00 29.00 29.00
312.00 239.00 29.00 29.00
