387.00 232.00 41.00 42.00
385.00 231.00 41.00 42.00
381.00 229.00 40.00 41.00
373.00 223.00 40.00 41.00
368.00 217.00 39.00 40.00
359.00 219.00 39.00 39.00
345.00 208.00 39.00 40.00
363.00 189.00 39.00 40.00
335.00 173.00 38.00 39.00
347.00 174.00 38.00 38.00
369.00 163.00 35.00 36.00
380.00 135.00 35.00 36.00
391.00 125.00 34.00 35.00
391.00 126.00 34.00 35.00
391.00 124.00 34.00 35.00
391.00 122.00 34.00 34.00
410.00 119.00 33.00 34.00
412.00 118.00 33.00 34.00
413.00 122.00 34.00 35.00
418.00 128.00 33.00 34.00
422.00 134.00 33.00 34.00
440.00 127.00 33.00 34.00
445.00 127.00 33.00 34.00
448.00 123.00 33.00 34.00
451.00 123.00 33.00 34.00
453.00 123.00 33.00 34.00
454.00 124.00 32.00 33.00
438.00 119.00 32.00 33.00
440.00 118.00 32.00 33.00
441.00 118.00 31.00 32.00
443.00 118.00 31.00 32.00
445.00 118.00 30.00 31.00
448.00 118.00 30.00 31.00
450.00 119.00 30.00 31.00
452.00 120.00 30.00 30.00
453.00 122.00 30.00 30.00
468.00 130.00 29.00 30.00
470.00 127.00 29.00 29.00
469.00 130.00 28.00 29.00
467.00 132.00 28.00 29.00
465.00 133.00 28.00 29.00
462.00 134.00 28.00 28.00
458.00 133.00 28.00 29.00
457.00 133.00 28.00 29.00
455.00 131.00 28.00 29.00
453.00 130.00 28.00 29.00
451.00 128.00 28.00 29.00
451.00 128.00 29.00 29.00
450.00 128.00 29.00 29.00
449.00 127.00 29.00 29.00
448.00 127.00 29.00 29.00
447.00 126.00 29.00 30.00
447.00 126.00 29.00 30.00
447.00 126.00 29.00 30.00
445.00 125.00 29.00 30.00
445.00 126.00 29.00 30.00
445.00 127.00 29.00 30.00
445.00 127.00 29.00 30.00
447.00 127.00 29.00 30.00
448.00 127.00 29.00 30.00
450.00 125.00 29.00 30.00
452.00 124.00 29.00 29.00
454.00 123.00 28.00 29.00
456.00 125.00 28.00 29.00
458.00 124.00 28.00 29.00
443.00 122.00 28.00 29.00
444.00 121.00 28.00 29.00
447.00 120.00 28.00 29.00
450.00 119.00 28.00 29.00
453.00 119.00 29.00 29.00
455.00 119.00 29.00 29.00
459.00 121.00 28.00 29.00
469.00 122.00 28.00 29.00
479.00 124.00 28.00 29.00
481.00 126.00 28.00 28.00
475.00 141.00 27.00 28.00
474.00 156.00 27.00 27.00
477.00 171.00 26.00 27.00
477.00 187.00 26.00 27.00
482.00 205.00 26.00 27.00
486.00 220.00 26.00 27.00
488.00 232.00 26.00 27.00
491.00 245.00 26.00 27.00
493.00 255.00 26.00 27.00
496.00 264.00 26.00 27.00
497.00 270.00 26.00 27.00
496.00 272.00 27.00 27.00
498.00 272.00 27.00 27.00
501.00 272.00 27.00 27.00
500.00 269.00 27.00 27.00
503.00 269.00 27.00 27.00
504.00 267.00 27.00 27.00
503.00 266.00 27.00 27.00
504.00 267.00 27.00 27.00
505.00 267.00 27.00 27.00
504.00 267.00 27.00 27.00
505.00 268.00 27.00 28.00
504.00 268.00 27.00 28.00
504.00 268.00 27.00 28.00
503.00 267.00 27.00 28.00
503.00 266.00 27.00 28.00
502.00 266.00 27.00 28.00
502.00 265.00 27.00 28.00
499.00 262.00 27.00 28.00
497.00 258.00 27.00 28.00
494.00 251.00 28.00 28.00
490.00 242.00 28.00 28.00
485.00 231.00 28.00 29.00
481.00 221.00 28.00 29.00
477.00 210.00 28.00 29.00
484.00 197.00 28.00 29.00
481.00 185.00 28.00 29.00
481.00 171.00 28.00 28.00
479.00 157.00 28.00 28.00
474.00 149.00 27.00 28.00
478.00 133.00 27.00 28.00
474.00 127.00 27.00 28.00
470.00 122.00 27.00 28.00
468.00 118.00 27.00 28.00
466.00 117.00 27.00 28.00
465.00 117.00 27.00 27.00
461.00 118.00 27.00 27.00
459.00 119.00 27.00 27.00
458.00 118.00 27.00 27.00
456.00 117.00 27.00 27.00
455.00 117.00 27.00 27.00
454.00 116.00 26.00 27.00
453.00 117.00 26.00 27.00
450.00 116.00 26.00 27.00
448.00 116.00 26.00 27.00
445.00 116.00 26.00 27.00
443.00 116.00 26.00 27.00
440.00 117.00 26.00 27.00
436.00 119.00 26.00 27.00
434.00 122.00 26.00 27.00
432.00 125.00 27.00 27.00
431.00 129.00 27.00 27.00
431.00 134.00 27.00 27.00
432.00 137.00 27.00 27.00
434.00 137.00 27.00 27.00
435.00 135.00 27.00 27.00
437.00 130.00 26.00 27.00
438.00 125.00 26.00 27.00
438.00 118.00 27.00 27.00
437.00 113.00 26.00 27.00
438.00 110.00 26.00 27.00
438.00 108.00 26.00 26.00
439.00 109.00 25.00 26.00
441.00 110.00 25.00 25.00
444.00 110.00 25.00 25.00
446.00 111.00 24.00 25.00
449.00 113.00 24.00 25.00
452.00 117.00 24.00 25.00
453.00 122.00 24.00 25.00
455.00 129.00 24.00 25.00
455.00 133.00 24.00 25.00
455.00 136.00 24.00 25.00
454.00 137.00 24.00 25.00
453.00 134.00 24.00 25.00
450.00 131.00 24.00 24.00
448.00 127.00 24.00 24.00
445.00 122.00 24.00 24.00
441.00 118.00 24.00 24.00
439.00 117.00 24.00 24.00
436.00 117.00 24.00 24.00
433.00 119.00 24.00 24.00
429.00 122.00 23.00 24.00
425.00 121.00 23.00 24.00
423.00 119.00 23.00 24.00
417.00 117.00 23.00 24.00
413.00 116.00 23.00 24.00
411.00 116.00 24.00 24.00
410.00 116.00 24.00 24.00
410.00 117.00 24.00 24.00
404.00 118.00 24.00 24.00
408.00 118.00 24.00 24.00
411.00 118.00 24.00 25.00
415.00 122.00 24.00 25.00
421.00 127.00 24.00 25.00
424.00 131.00 24.00 25.00
430.00 141.00 25.00 25.00
435.00 154.00 25.00 25.00
439.00 169.00 25.00 25.00
443.00 183.00 25.00 25.00
451.00 201.00 25.00 26.00
458.00 219.00 25.00 26.00
467.00 232.00 25.00 26.00
475.00 238.00 25.00 26.00
482.00 241.00 25.00 26.00
490.00 240.00 25.00 26.00
495.00 235.00 25.00 26.00
484.00 241.00 25.00 26.00
481.00 220.00 25.00 26.00
478.00 206.00 25.00 26.00
477.00 193.00 26.00 26.00
470.00 180.00 26.00 26.00
458.00 168.00 26.00 26.00
465.00 157.00 26.00 26.00
455.00 151.00 25.00 26.00
446.00 146.00 25.00 26.00
438.00 141.00 25.00 26.00
430.00 137.00 25.00 26.00
425.00 134.00 26.00 26.00
422.00 131.00 26.00 26.00
420.00 130.00 26.00 27.00
419.00 131.00 26.00 27.00
420.00 131.00 26.00 27.00
425.00 133.00 27.00 27.00
430.00 135.00 26.00 27.00
438.00 141.00 27.00 27.00
446.00 146.00 27.00 27.00
454.00 154.00 27.00 28.00
461.00 161.00 27.00 28.00
466.00 169.00 27.00 28.00
473.00 181.00 27.00 28.00
477.00 195.00 27.00 27.00
477.00 202.00 27.00 27.00
478.00 213.00 26.00 27.00
478.00 221.00 26.00 27.00
480.00 237.00 26.00 27.00
480.00 245.00 26.00 27.00
481.00 256.00 26.00 27.00
485.00 267.00 26.00 26.00
490.00 273.00 26.00 26.00
494.00 276.00 26.00 26.00
505.00 272.00 26.00 26.00
487.00 264.00 25.00 26.00
493.00 251.00 25.00 25.00
497.00 239.00 24.00 25.00
499.00 227.00 24.00 25.00
501.00 216.00 24.00 25.00
501.00 207.00 24.00 25.00
501.00 201.00 24.00 25.00
500.00 195.00 24.00 25.00
499.00 190.00 24.00 25.00
499.00 188.00 24.00 25.00
499.00 186.00 24.00 24.00
499.00 186.00 24.00 24.00
500.00 186.00 24.00 24.00
501.00 188.00 24.00 24.00
503.00 193.00 23.00 24.00
504.00 197.00 23.00 24.00
506.00 203.00 24.00 24.00
504.00 209.00 24.00 25.00
503.00 218.00 24.00 25.00
503.00 227.00 24.00 24.00
504.00 235.00 24.00 24.00
506.00 241.00 24.00 24.00
508.00 242.00 24.00 24.00
509.00 240.00 24.00 25.00
510.00 232.00 24.00 25.00
510.00 221.00 24.00 25.00
510.00 209.00 24.00 25.00
509.00 197.00 24.00 24.00
508.00 185.00 24.00 24.00
506.00 174.00 24.00 24.00
503.00 166.00 24.00 24.00
501.00 160.00 24.00 24.00
502.00 154.00 24.00 24.00
505.00 147.00 24.00 24.00
508.00 137.00 24.00 24.00
514.00 127.00 23.00 24.00
520.00 121.00 23.00 24.00
526.00 115.00 23.00 24.00
532.00 112.00 23.00 24.00
538.00 113.00 23.00 24.00
547.00 116.00 24.00 24.00
550.00 124.00 24.00 24.00
553.00 138.00 24.00 24.00
558.00 151.00 23.00 24.00
565.00 155.00 23.00 24.00
573.00 173.00 23.00 24.00
572.00 173.00 23.00 24.00
562.00 155.00 23.00 24.00
554.00 150.00 23.00 24.00
544.00 145.00 23.00 24.00
527.00 137.00 23.00 24.00
515.00 133.00 23.00 24.00
500.00 128.00 23.00 24.00
508.00 147.00 23.00 24.00
497.00 140.00 23.00 24.00
485.00 137.00 23.00 23.00
474.00 137.00 23.00 23.00
456.00 137.00 23.00 23.00
457.00 129.00 23.00 23.00
451.00 123.00 23.00 23.00
443.00 121.00 23.00 24.00
438.00 122.00 23.00 24.00
439.00 120.00 23.00 24.00
439.00 119.00 23.00 24.00
439.00 119.00 23.00 24.00
435.00 113.00 23.00 24.00
431.00 110.00 24.00 24.00
427.00 108.00 24.00 25.00
420.00 106.00 24.00 24.00
411.00 104.00 24.00 24.00
400.00 104.00 24.00 25.00
390.00 105.00 24.00 24.00
394.00 129.00 24.00 24.00
394.00 129.00 24.00 24.00
393.00 127.00 24.00 24.00
394.00 128.00 24.00 24.00
394.00 128.00 24.00 24.00
394.00 128.00 24.00 24.00
393.00 128.00 24.00 24.00
393.00 128.00 24.00 24.00
394.00 129.00 24.00 24.00
393.00 128.00 24.00 24.00
394.00 129.00 24.00 24.00
393.00 128.00 24.00 24.00
393.00 128.00 24.00 24.00
393.00 128.00 24.00 24.00
393.00 128.00 24.00 24.00
393.00 128.00 24.00 24.00
393.00 128.00 24.00 24.00
393.00 128.00 24.00 24.00
394.00 129.00 24.00 24.00
394.00 129.00 24.00 24.00
393.00 128.00 24.00 24.00
393.00 129.00 24.00 24.00
393.00 129.00 24.00 24.00
393.00 129.00 24.00 24.00
393.00 129.00 24.00 24.00
393.00 129.00 24.00 24.00
393.00 129.00 24.00 24.00
393.00 129.00 24.00 24.00
393.00 129.00 24.00 24.00
394.00 129.00 24.00 24.00
394.00 129.00 24.00 24.00
394.00 129.00 24.00 25.00
394.00 129.00 24.00 25.00
394.00 129.00 24.00 25.00
394.00 129.00 24.00 25.00
393.00 129.00 24.00 24.00
394.00 129.00 24.00 25.00
394.00 129.00 24.00 25.00
394.00 129.00 24.00 25.00
394.00 129.00 24.00 25.00
394.00 129.00 24.00 25.00
393.00 129.00 24.00 24.00
393.00 129.00 24.00 24.00
393.00 129.00 24.00 24.00
394.00 129.00 24.00 25.00
394.00 129.00 24.00 25.00
394.00 129.00 24.00 25.00
394.00 129.00 24.00 25.00
394.00 129.00 24.00 25.00
394.00 129.00 24.00 25.00
394.00 129.00 24.00 25.00
394.00 129.00 24.00 25.00
394.00 129.00 24.00 25.00
394.00 129.00 24.00 25.00
394.00 129.00 24.00 25.00
394.00 129.00 24.00 25.00
394.00 129.00 24.00 25.00
394.00 129.00 24.00 25.00
394.00 129.00 24.00 25.00
394.00 129.00 24.00 25.00
394.00 129.00 24.00 25.00
394.00 129.00 24.00 25.00
394.00 129.00 24.00 25.00
394.00 129.00 24.00 25.00
394.00 129.00 24.00 25.00
394.00 129.00 24.00 25.00
394.00 129.00 24.00 25.00
394.00 129.00 24.00 24.00
393.00 128.00 24.00 24.00
399.00 128.00 24.00 24.00
396.00 127.00 25.00 25.00
395.00 126.00 25.00 26.00
395.00 126.00 26.00 26.00
394.00 127.00 26.00 27.00
394.00 127.00 27.00 28.00
395.00 126.00 28.00 28.00
395.00 124.00 28.00 29.00
397.00 123.00 28.00 29.00
398.00 123.00 28.00 28.00
398.00 122.00 27.00 28.00
398.00 123.00 27.00 28.00
399.00 124.00 28.00 28.00
399.00 124.00 27.00 28.00
399.00 126.00 28.00 29.00
398.00 129.00 28.00 29.00
393.00 127.00 27.00 28.00
392.00 127.00 28.00 28.00
393.00 128.00 27.00 28.00
393.00 128.00 27.00 28.00
392.00 127.00 27.00 28.00
393.00 128.00 27.00 28.00
391.00 128.00 26.00 27.00
387.00 124.00 27.00 27.00
