483.00 186.00 36.00 108.00
481.00 187.00 36.00 108.00
479.00 187.00 36.00 109.00
478.00 189.00 36.00 109.00
476.00 189.00 37.00 111.00
475.00 190.00 36.00 109.00
474.00 190.00 36.00 109.00
473.00 189.00 37.00 111.00
473.00 189.00 37.00 110.00
473.00 187.00 36.00 109.00
474.00 187.00 36.00 109.00
474.00 186.00 37.00 110.00
474.00 186.00 37.00 111.00
475.00 188.00 37.00 112.00
475.00 190.00 37.00 112.00
475.00 192.00 37.00 112.00
477.00 193.00 37.00 112.00
478.00 194.00 37.00 111.00
480.00 194.00 37.00 110.00
482.00 193.00 36.00 109.00
483.00 191.00 37.00 111.00
486.00 191.00 37.00 111.00
489.00 189.00 37.00 111.00
490.00 189.00 37.00 110.00
493.00 191.00 36.00 107.00
496.00 193.00 36.00 107.00
498.00 197.00 35.00 106.00
500.00 198.00 36.00 107.00
502.00 199.00 36.00 108.00
504.00 198.00 36.00 109.00
505.00 197.00 37.00 110.00
507.00 197.00 37.00 111.00
510.00 197.00 37.00 110.00
512.00 197.00 36.00 109.00
513.00 197.00 36.00 108.00
515.00 198.00 36.00 108.00
516.00 198.00 37.00 110.00
516.00 199.00 37.00 110.00
518.00 199.00 37.00 112.00
518.00 200.00 38.00 114.00
520.00 200.00 38.00 114.00
521.00 201.00 38.00 113.00
521.00 200.00 38.00 113.00
523.00 202.00 38.00 113.00
523.00 200.00 38.00 113.00
526.00 200.00 38.00 113.00
527.00 200.00 37.00 112.00
527.00 200.00 37.00 111.00
528.00 201.00 37.00 110.00
528.00 201.00 37.00 111.00
529.00 204.00 37.00 110.00
530.00 206.00 37.00 110.00
531.00 207.00 36.00 109.00
532.00 208.00 36.00 108.00
531.00 208.00 36.00 108.00
535.00 206.00 36.00 108.00
537.00 206.00 36.00 108.00
537.00 206.00 36.00 108.00
537.00 204.00 36.00 107.00
540.00 204.00 35.00 106.00
541.00 205.00 35.00 105.00
541.00 206.00 35.00 105.00
540.00 208.00 35.00 104.00
540.00 208.00 34.00 103.00
540.00 209.00 34.00 102.00
540.00 210.00 34.00 102.00
541.00 211.00 34.00 103.00
541.00 211.00 34.00 103.00
542.00 212.00 35.00 104.00
542.00 213.00 35.00 105.00
542.00 212.00 35.00 106.00
542.00 212.00 35.00 106.00
542.00 212.00 35.00 106.00
542.00 213.00 35.00 106.00
542.00 213.00 35.00 106.00
542.00 214.00 35.00 106.00
541.00 215.00 35.00 106.00
542.00 215.00 35.00 106.00
542.00 215.00 35.00 106.00
542.00 216.00 35.00 106.00
542.00 218.00 36.00 107.00
541.00 215.00 35.00 106.00
541.00 216.00 35.00 106.00
541.00 217.00 35.00 106.00
541.00 216.00 35.00 105.00
542.00 216.00 35.00 105.00
544.00 215.00 34.00 103.00
545.00 217.00 34.00 102.00
546.00 218.00 34.00 101.00
547.00 220.00 34.00 101.00
547.00 219.00 33.00 100.00
548.00 220.00 33.00 100.00
548.00 220.00 33.00 100.00
549.00 221.00 33.00 99.00
549.00 221.00 33.00 99.00
549.00 220.00 33.00 99.00
549.00 221.00 33.00 98.00
550.00 222.00 33.00 99.00
549.00 222.00 33.00 98.00
550.00 223.00 33.00 99.00
550.00 223.00 33.00 99.00
551.00 223.00 33.00 100.00
550.00 223.00 33.00 100.00
551.00 223.00 33.00 100.00
551.00 223.00 33.00 98.00
552.00 224.00 33.00 98.00
552.00 224.00 33.00 98.00
552.00 224.00 33.00 98.00
552.00 226.00 33.00 99.00
553.00 225.00 33.00 99.00
553.00 223.00 32.00 97.00
554.00 225.00 32.00 97.00
554.00 224.00 32.00 95.00
554.00 226.00 32.00 97.00
554.00 226.00 33.00 98.00
554.00 225.00 33.00 99.00
555.00 226.00 33.00 99.00
555.00 226.00 33.00 98.00
556.00 226.00 33.00 99.00
555.00 229.00 34.00 101.00
555.00 228.00 34.00 102.00
555.00 227.00 34.00 101.00
556.00 227.00 34.00 101.00
556.00 227.00 34.00 102.00
557.00 227.00 34.00 102.00
557.00 228.00 34.00 101.00
558.00 228.00 34.00 101.00
558.00 227.00 34.00 101.00
559.00 228.00 34.00 101.00
558.00 228.00 33.00 100.00
559.00 228.00 33.00 99.00
560.00 229.00 33.00 99.00
560.00 229.00 33.00 100.00
560.00 228.00 33.00 100.00
560.00 227.00 33.00 99.00
560.00 227.00 33.00 98.00
560.00 227.00 32.00 97.00
560.00 227.00 32.00 96.00
560.00 227.00 32.00 96.00
560.00 228.00 32.00 96.00
560.00 228.00 32.00 96.00
560.00 228.00 32.00 95.00
560.00 228.00 32.00 96.00
560.00 229.00 32.00 97.00
559.00 228.00 32.00 97.00
559.00 228.00 32.00 96.00
560.00 229.00 32.00 97.00
559.00 229.00 32.00 97.00
559.00 229.00 33.00 98.00
558.00 228.00 32.00 97.00
559.00 228.00 32.00 97.00
558.00 228.00 32.00 96.00
558.00 228.00 32.00 95.00
558.00 228.00 31.00 93.00
558.00 228.00 31.00 93.00
557.00 228.00 31.00 92.00
556.00 227.00 30.00 91.00
555.00 228.00 30.00 90.00
554.00 228.00 30.00 90.00
553.00 228.00 30.00 89.00
553.00 227.00 29.00 88.00
553.00 227.00 29.00 87.00
552.00 227.00 29.00 87.00
552.00 228.00 29.00 87.00
551.00 227.00 29.00 87.00
550.00 227.00 29.00 86.00
548.00 227.00 29.00 86.00
548.00 228.00 28.00 85.00
548.00 228.00 29.00 86.00
547.00 228.00 29.00 86.00
547.00 228.00 29.00 88.00
546.00 227.00 29.00 88.00
545.00 227.00 29.00 88.00
544.00 227.00 29.00 88.00
543.00 228.00 29.00 88.00
542.00 227.00 29.00 87.00
543.00 228.00 29.00 87.00
542.00 228.00 29.00 87.00
542.00 228.00 29.00 87.00
543.00 226.00 29.00 87.00
542.00 226.00 29.00 87.00
541.00 227.00 29.00 87.00
540.00 225.00 29.00 87.00
539.00 226.00 29.00 87.00
537.00 226.00 29.00 88.00
535.00 226.00 29.00 88.00
533.00 227.00 30.00 90.00
532.00 228.00 31.00 92.00
529.00 228.00 31.00 93.00
522.00 226.00 32.00 95.00
518.00 225.00 32.00 97.00
514.00 223.00 32.00 97.00
511.00 222.00 32.00 96.00
509.00 222.00 32.00 96.00
506.00 222.00 32.00 96.00
503.00 222.00 32.00 95.00
455.00 207.00 32.00 95.00
455.00 208.00 31.00 94.00
454.00 207.00 31.00 93.00
455.00 208.00 31.00 93.00
453.00 208.00 31.00 92.00
450.00 209.00 30.00 91.00
468.00 199.00 30.00 90.00
462.00 206.00 30.00 90.00
463.00 206.00 30.00 89.00
462.00 205.00 30.00 89.00
464.00 205.00 30.00 89.00
464.00 204.00 30.00 89.00
463.00 203.00 30.00 89.00
461.00 202.00 29.00 88.00
461.00 203.00 29.00 87.00
461.00 204.00 29.00 87.00
460.00 204.00 29.00 86.00
461.00 206.00 29.00 87.00
477.00 200.00 29.00 87.00
476.00 199.00 29.00 87.00
477.00 199.00 29.00 87.00
476.00 198.00 29.00 86.00
477.00 198.00 29.00 86.00
477.00 197.00 29.00 86.00
476.00 197.00 29.00 86.00
475.00 197.00 29.00 86.00
475.00 196.00 29.00 86.00
475.00 195.00 29.00 86.00
475.00 194.00 29.00 86.00
474.00 193.00 28.00 85.00
474.00 193.00 28.00 85.00
473.00 193.00 28.00 85.00
472.00 193.00 28.00 84.00
471.00 194.00 28.00 84.00
470.00 193.00 28.00 84.00
470.00 193.00 28.00 85.00
470.00 193.00 28.00 85.00
469.00 192.00 28.00 85.00
469.00 190.00 28.00 85.00
468.00 189.00 28.00 84.00
468.00 188.00 28.00 84.00
468.00 188.00 28.00 83.00
469.00 188.00 28.00 83.00
467.00 186.00 27.00 81.00
466.00 185.00 27.00 81.00
465.00 185.00 27.00 80.00
465.00 186.00 27.00 80.00
465.00 185.00 27.00 80.00
463.00 185.00 27.00 80.00
464.00 184.00 27.00 80.00
464.00 183.00 27.00 80.00
463.00 182.00 27.00 80.00
464.00 184.00 27.00 80.00
464.00 184.00 27.00 81.00
464.00 184.00 27.00 82.00
464.00 183.00 27.00 82.00
464.00 182.00 27.00 82.00
463.00 182.00 27.00 82.00
463.00 181.00 27.00 82.00
463.00 181.00 27.00 82.00
463.00 180.00 27.00 82.00
462.00 181.00 28.00 83.00
461.00 182.00 28.00 84.00
461.00 180.00 28.00 85.00
462.00 179.00 28.00 85.00
462.00 179.00 28.00 84.00
462.00 180.00 28.00 85.00
462.00 179.00 28.00 85.00
461.00 177.00 28.00 83.00
460.00 178.00 28.00 83.00
459.00 178.00 28.00 83.00
459.00 178.00 27.00 82.00
458.00 178.00 27.00 82.00
458.00 178.00 27.00 82.00
457.00 181.00 27.00 82.00
457.00 183.00 27.00 82.00
457.00 183.00 27.00 82.00
455.00 183.00 28.00 83.00
456.00 185.00 28.00 84.00
455.00 185.00 28.00 85.00
454.00 187.00 28.00 85.00
454.00 189.00 29.00 86.00
453.00 190.00 29.00 88.00
451.00 191.00 30.00 89.00
450.00 190.00 30.00 90.00
449.00 189.00 30.00 91.00
448.00 188.00 30.00 91.00
448.00 187.00 31.00 92.00
447.00 188.00 31.00 92.00
446.00 189.00 31.00 92.00
444.00 199.00 31.00 93.00
443.00 199.00 31.00 94.00
441.00 197.00 32.00 95.00
441.00 197.00 32.00 96.00
440.00 197.00 32.00 97.00
439.00 196.00 33.00 98.00
439.00 197.00 33.00 99.00
438.00 197.00 33.00 100.00
437.00 200.00 34.00 101.00
436.00 202.00 34.00 101.00
436.00 204.00 34.00 102.00
436.00 205.00 34.00 102.00
434.00 206.00 34.00 102.00
434.00 209.00 34.00 102.00
435.00 212.00 34.00 102.00
434.00 209.00 34.00 101.00
434.00 208.00 34.00 101.00
434.00 207.00 34.00 101.00
432.00 206.00 33.00 100.00
431.00 208.00 33.00 100.00
430.00 209.00 33.00 100.00
430.00 208.00 33.00 100.00
438.00 227.00 34.00 101.00
438.00 227.00 34.00 101.00
437.00 225.00 34.00 103.00
437.00 225.00 34.00 103.00
436.00 226.00 34.00 103.00
436.00 228.00 35.00 104.00
451.00 213.00 35.00 104.00
451.00 211.00 35.00 104.00
453.00 212.00 34.00 103.00
457.00 210.00 34.00 103.00
460.00 209.00 34.00 101.00
456.00 219.00 34.00 102.00
456.00 222.00 34.00 102.00
455.00 224.00 34.00 103.00
459.00 226.00 34.00 103.00
462.00 224.00 34.00 103.00
465.00 225.00 35.00 104.00
467.00 233.00 35.00 105.00
470.00 232.00 35.00 105.00
474.00 235.00 35.00 105.00
478.00 234.00 35.00 105.00
482.00 233.00 35.00 105.00
484.00 228.00 35.00 105.00
488.00 223.00 35.00 104.00
492.00 221.00 35.00 104.00
494.00 219.00 35.00 104.00
499.00 220.00 35.00 104.00
502.00 220.00 35.00 104.00
505.00 221.00 35.00 104.00
508.00 222.00 35.00 104.00
510.00 224.00 35.00 105.00
511.00 220.00 35.00 104.00
510.00 222.00 35.00 105.00
524.00 210.00 35.00 106.00
521.00 230.00 35.00 106.00
524.00 228.00 35.00 106.00
525.00 227.00 35.00 106.00
527.00 227.00 35.00 105.00
529.00 227.00 35.00 105.00
532.00 225.00 35.00 104.00
532.00 225.00 34.00 103.00
532.00 211.00 35.00 104.00
532.00 213.00 35.00 105.00
532.00 213.00 35.00 106.00
531.00 212.00 35.00 106.00
532.00 211.00 35.00 106.00
533.00 210.00 35.00 106.00
533.00 209.00 35.00 105.00
533.00 210.00 35.00 105.00
534.00 209.00 35.00 105.00
536.00 209.00 35.00 104.00
538.00 209.00 35.00 104.00
540.00 209.00 34.00 103.00
541.00 211.00 34.00 103.00
541.00 213.00 34.00 103.00
542.00 215.00 34.00 103.00
542.00 216.00 34.00 103.00
542.00 216.00 34.00 103.00
541.00 216.00 34.00 103.00
540.00 216.00 34.00 103.00
540.00 216.00 34.00 103.00
539.00 216.00 34.00 103.00
539.00 216.00 34.00 103.00
539.00 217.00 34.00 103.00
539.00 217.00 34.00 103.00
539.00 218.00 34.00 102.00
538.00 218.00 34.00 102.00
539.00 217.00 34.00 101.00
539.00 218.00 33.00 100.00
537.00 217.00 33.00 99.00
536.00 217.00 33.00 99.00
535.00 218.00 33.00 98.00
535.00 219.00 33.00 98.00
534.00 218.00 32.00 97.00
535.00 219.00 33.00 98.00
535.00 220.00 32.00 97.00
535.00 221.00 33.00 98.00
534.00 221.00 33.00 98.00
533.00 220.00 33.00 98.00
532.00 220.00 33.00 98.00
531.00 219.00 32.00 97.00
531.00 221.00 32.00 97.00
531.00 221.00 32.00 97.00
530.00 219.00 32.00 97.00
528.00 219.00 32.00 96.00
528.00 219.00 32.00 96.00
526.00 218.00 32.00 95.00
524.00 217.00 32.00 95.00
523.00 217.00 31.00 94.00
521.00 216.00 31.00 93.00
520.00 216.00 31.00 92.00
519.00 217.00 31.00 92.00
518.00 216.00 30.00 91.00
517.00 216.00 30.00 91.00
516.00 215.00 30.00 91.00
515.00 214.00 30.00 91.00
514.00 213.00 30.00 90.00
512.00 212.00 30.00 90.00
510.00 213.00 30.00 90.00
509.00 214.00 30.00 89.00
508.00 215.00 30.00 89.00
505.00 213.00 29.00 88.00
502.00 213.00 29.00 87.00
499.00 208.00 29.00 86.00
495.00 204.00 29.00 86.00
492.00 202.00 29.00 86.00
490.00 202.00 28.00 85.00
489.00 202.00 28.00 85.00
486.00 203.00 29.00 86.00
482.00 203.00 29.00 86.00
480.00 203.00 28.00 85.00
478.00 203.00 28.00 85.00
475.00 202.00 28.00 85.00
473.00 200.00 28.00 85.00
470.00 200.00 28.00 85.00
468.00 202.00 28.00 85.00
465.00 202.00 28.00 85.00
462.00 205.00 28.00 85.00
460.00 207.00 29.00 86.00
458.00 207.00 29.00 86.00
457.00 208.00 29.00 86.00
455.00 207.00 28.00 85.00
455.00 206.00 28.00 85.00
454.00 206.00 28.00 85.00
452.00 205.00 28.00 84.00
451.00 205.00 28.00 84.00
448.00 205.00 28.00 83.00
446.00 206.00 28.00 83.00
444.00 206.00 28.00 84.00
441.00 205.00 28.00 83.00
438.00 202.00 27.00 82.00
434.00 201.00 27.00 81.00
431.00 202.00 27.00 81.00
428.00 207.00 27.00 81.00
425.00 208.00 27.00 82.00
424.00 211.00 27.00 82.00
422.00 213.00 27.00 82.00
416.00 211.00 28.00 83.00
412.00 210.00 28.00 83.00
408.00 210.00 28.00 83.00
403.00 211.00 28.00 84.00
399.00 214.00 28.00 84.00
395.00 215.00 28.00 85.00
390.00 217.00 29.00 86.00
385.00 217.00 29.00 86.00
381.00 215.00 29.00 86.00
378.00 215.00 29.00 86.00
374.00 215.00 29.00 86.00
371.00 213.00 29.00 86.00
365.00 214.00 28.00 85.00
362.00 217.00 28.00 85.00
356.00 219.00 29.00 86.00
352.00 219.00 29.00 87.00
347.00 221.00 29.00 87.00
343.00 221.00 29.00 88.00
341.00 220.00 29.00 88.00
330.00 208.00 30.00 89.00
330.00 211.00 30.00 90.00
317.00 204.00 30.00 90.00
313.00 207.00 30.00 90.00
310.00 208.00 30.00 91.00
308.00 206.00 31.00 92.00
305.00 203.00 31.00 93.00
303.00 201.00 31.00 94.00
300.00 201.00 31.00 94.00
297.00 199.00 32.00 95.00
293.00 198.00 32.00 95.00
289.00 195.00 32.00 95.00
285.00 192.00 32.00 95.00
277.00 181.00 32.00 95.00
272.00 176.00 32.00 96.00
228.00 203.00 32.00 96.00
227.00 204.00 32.00 97.00
228.00 206.00 32.00 97.00
227.00 207.00 32.00 97.00
228.00 209.00 33.00 98.00
228.00 210.00 33.00 98.00
227.00 211.00 33.00 98.00
228.00 214.00 33.00 98.00
228.00 217.00 33.00 98.00
227.00 219.00 33.00 99.00
226.00 221.00 33.00 99.00
226.00 220.00 33.00 99.00
226.00 225.00 33.00 99.00
226.00 228.00 33.00 99.00
226.00 230.00 33.00 99.00
225.00 234.00 33.00 99.00
216.00 222.00 33.00 99.00
