198.00 214.00 34.00 81.00
196.00 214.00 34.00 81.00
195.00 216.00 34.00 81.00
194.00 218.00 34.00 80.00
192.00 220.00 34.00 80.00
190.00 223.00 33.00 80.00
190.00 229.00 32.00 77.00
189.00 232.00 32.00 76.00
196.00 219.00 33.00 79.00
197.00 218.00 34.00 81.00
178.00 252.00 35.00 82.00
182.00 255.00 34.00 80.00
187.00 258.00 33.00 80.00
191.00 258.00 34.00 80.00
195.00 257.00 34.00 80.00
201.00 255.00 34.00 80.00
204.00 255.00 33.00 79.00
211.00 254.00 33.00 79.00
219.00 210.00 33.00 79.00
220.00 206.00 33.00 78.00
222.00 207.00 33.00 78.00
208.00 226.00 33.00 79.00
210.00 228.00 33.00 79.00
214.00 230.00 33.00 78.00
216.00 232.00 33.00 79.00
220.00 234.00 33.00 79.00
224.00 238.00 33.00 79.00
227.00 239.00 33.00 78.00
233.00 238.00 33.00 79.00
238.00 237.00 33.00 80.00
242.00 235.00 33.00 79.00
259.00 242.00 33.00 79.00
264.00 241.00 32.00 77.00
267.00 241.00 32.00 76.00
271.00 239.00 32.00 76.00
276.00 240.00 31.00 75.00
279.00 239.00 31.00 74.00
270.00 233.00 31.00 75.00
273.00 236.00 32.00 75.00
277.00 239.00 31.00 75.00
281.00 242.00 31.00 75.00
285.00 244.00 31.00 75.00
287.00 244.00 32.00 75.00
289.00 245.00 32.00 76.00
289.00 244.00 33.00 78.00
289.00 242.00 33.00 78.00
287.00 240.00 32.00 77.00
286.00 240.00 32.00 76.00
285.00 239.00 32.00 76.00
284.00 238.00 32.00 77.00
282.00 238.00 32.00 77.00
280.00 236.00 32.00 77.00
279.00 235.00 32.00 77.00
277.00 234.00 33.00 78.00
276.00 234.00 33.00 78.00
275.00 234.00 33.00 79.00
273.00 235.00 33.00 79.00
271.00 237.00 33.00 79.00
288.00 231.00 33.00 79.00
286.00 234.00 33.00 80.00
283.00 234.00 34.00 80.00
278.00 234.00 34.00 80.00
274.00 234.00 34.00 80.00
267.00 232.00 34.00 81.00
261.00 234.00 34.00 81.00
256.00 234.00 35.00 82.00
251.00 236.00 35.00 83.00
246.00 239.00 35.00 84.00
240.00 238.00 35.00 84.00
233.00 235.00 36.00 86.00
227.00 234.00 36.00 86.00
220.00 233.00 36.00 87.00
219.00 233.00 36.00 86.00
212.00 233.00 36.00 85.00
206.00 232.00 35.00 84.00
199.00 232.00 35.00 83.00
190.00 233.00 34.00 82.00
181.00 235.00 34.00 82.00
181.00 239.00 35.00 83.00
171.00 238.00 35.00 84.00
164.00 236.00 35.00 84.00
159.00 234.00 35.00 85.00
153.00 231.00 36.00 85.00
147.00 227.00 35.00 84.00
142.00 224.00 35.00 83.00
138.00 224.00 35.00 83.00
134.00 225.00 34.00 82.00
131.00 227.00 35.00 82.00
136.00 228.00 35.00 83.00
132.00 229.00 35.00 82.00
129.00 228.00 35.00 84.00
125.00 228.00 35.00 84.00
125.00 224.00 36.00 85.00
113.00 217.00 35.00 85.00
110.00 214.00 35.00 83.00
109.00 213.00 35.00 83.00
110.00 214.00 35.00 82.00
116.00 217.00 35.00 82.00
116.00 219.00 34.00 82.00
115.00 219.00 34.00 82.00
116.00 218.00 35.00 82.00
116.00 215.00 35.00 83.00
116.00 211.00 35.00 83.00
115.00 207.00 35.00 84.00
117.00 204.00 35.00 84.00
119.00 202.00 35.00 83.00
121.00 202.00 35.00 83.00
124.00 203.00 34.00 81.00
134.00 207.00 34.00 82.00
137.00 208.00 34.00 81.00
139.00 207.00 34.00 82.00
145.00 206.00 35.00 83.00
146.00 202.00 35.00 83.00
148.00 198.00 35.00 83.00
151.00 195.00 35.00 83.00
154.00 193.00 34.00 81.00
159.00 192.00 34.00 81.00
163.00 191.00 34.00 81.00
167.00 192.00 34.00 81.00
171.00 193.00 34.00 80.00
175.00 194.00 33.00 80.00
179.00 194.00 34.00 81.00
183.00 192.00 34.00 82.00
183.00 187.00 34.00 82.00
183.00 183.00 34.00 81.00
186.00 181.00 34.00 81.00
188.00 180.00 34.00 80.00
192.00 181.00 34.00 80.00
195.00 181.00 34.00 80.00
198.00 182.00 34.00 80.00
202.00 183.00 34.00 80.00
204.00 182.00 34.00 81.00
207.00 181.00 34.00 81.00
209.00 179.00 34.00 81.00
211.00 177.00 34.00 82.00
212.00 173.00 34.00 82.00
213.00 171.00 34.00 82.00
215.00 170.00 34.00 81.00
215.00 170.00 34.00 81.00
215.00 170.00 34.00 81.00
216.00 172.00 34.00 81.00
216.00 172.00 34.00 81.00
217.00 170.00 35.00 82.00
218.00 169.00 35.00 82.00
218.00 167.00 35.00 83.00
220.00 163.00 35.00 83.00
222.00 162.00 35.00 83.00
223.00 162.00 34.00 82.00
225.00 162.00 34.00 81.00
228.00 164.00 34.00 81.00
230.00 165.00 34.00 81.00
233.00 167.00 34.00 81.00
236.00 168.00 34.00 82.00
237.00 167.00 34.00 82.00
240.00 165.00 35.00 83.00
241.00 163.00 35.00 83.00
244.00 161.00 35.00 83.00
246.00 160.00 35.00 82.00
248.00 160.00 34.00 81.00
250.00 161.00 34.00 81.00
251.00 161.00 34.00 81.00
253.00 161.00 34.00 81.00
254.00 160.00 34.00 81.00
256.00 158.00 34.00 80.00
257.00 156.00 34.00 80.00
259.00 154.00 34.00 80.00
261.00 153.00 34.00 80.00
265.00 153.00 33.00 80.00
267.00 154.00 33.00 79.00
271.00 155.00 33.00 79.00
272.00 157.00 33.00 79.00
276.00 159.00 33.00 79.00
277.00 159.00 33.00 79.00
279.00 158.00 33.00 78.00
280.00 158.00 33.00 78.00
281.00 157.00 33.00 78.00
280.00 155.00 32.00 77.00
280.00 154.00 32.00 77.00
279.00 154.00 32.00 77.00
278.00 155.00 32.00 76.00
278.00 157.00 32.00 76.00
277.00 157.00 32.00 75.00
278.00 156.00 31.00 75.00
277.00 155.00 31.00 75.00
277.00 154.00 31.00 75.00
277.00 154.00 31.00 74.00
277.00 153.00 31.00 74.00
287.00 152.00 32.00 75.00
284.00 152.00 32.00 76.00
286.00 153.00 32.00 76.00
287.00 156.00 32.00 76.00
286.00 157.00 32.00 76.00
286.00 159.00 32.00 76.00
287.00 162.00 32.00 77.00
287.00 162.00 32.00 77.00
286.00 161.00 32.00 77.00
285.00 160.00 32.00 77.00
285.00 161.00 32.00 76.00
285.00 161.00 32.00 76.00
284.00 160.00 31.00 75.00
285.00 159.00 31.00 74.00
286.00 160.00 31.00 74.00
286.00 159.00 31.00 74.00
287.00 160.00 31.00 74.00
287.00 160.00 31.00 75.00
287.00 162.00 32.00 75.00
289.00 165.00 32.00 76.00
291.00 168.00 32.00 75.00
292.00 171.00 32.00 75.00
292.00 171.00 32.00 75.00
290.00 172.00 31.00 75.00
288.00 172.00 31.00 75.00
287.00 172.00 31.00 75.00
285.00 172.00 32.00 75.00
284.00 171.00 32.00 76.00
283.00 170.00 32.00 76.00
283.00 168.00 32.00 76.00
283.00 168.00 32.00 77.00
283.00 168.00 32.00 77.00
282.00 169.00 33.00 78.00
280.00 171.00 33.00 78.00
278.00 173.00 33.00 78.00
278.00 176.00 33.00 78.00
277.00 179.00 33.00 78.00
276.00 180.00 33.00 78.00
275.00 181.00 33.00 78.00
274.00 182.00 33.00 79.00
272.00 182.00 33.00 79.00
270.00 183.00 33.00 79.00
268.00 183.00 33.00 79.00
266.00 181.00 33.00 79.00
263.00 180.00 33.00 79.00
262.00 179.00 33.00 79.00
261.00 179.00 33.00 79.00
258.00 179.00 33.00 79.00
257.00 181.00 33.00 79.00
254.00 182.00 33.00 79.00
252.00 185.00 33.00 78.00
251.00 190.00 33.00 78.00
250.00 194.00 32.00 77.00
247.00 195.00 32.00 77.00
245.00 197.00 32.00 77.00
244.00 193.00 32.00 77.00
241.00 193.00 32.00 77.00
240.00 192.00 32.00 77.00
237.00 192.00 32.00 76.00
235.00 192.00 32.00 76.00
233.00 192.00 32.00 76.00
231.00 193.00 32.00 77.00
229.00 190.00 33.00 78.00
227.00 188.00 33.00 79.00
224.00 186.00 33.00 79.00
223.00 187.00 33.00 79.00
220.00 188.00 33.00 80.00
219.00 189.00 34.00 80.00
217.00 191.00 34.00 80.00
215.00 193.00 34.00 80.00
211.00 196.00 33.00 80.00
208.00 197.00 33.00 80.00
205.00 197.00 34.00 80.00
202.00 197.00 33.00 80.00
200.00 199.00 33.00 80.00
197.00 200.00 33.00 79.00
194.00 199.00 33.00 79.00
193.00 199.00 34.00 80.00
192.00 197.00 34.00 81.00
191.00 194.00 34.00 82.00
191.00 193.00 35.00 83.00
191.00 192.00 35.00 83.00
190.00 190.00 35.00 84.00
190.00 190.00 35.00 84.00
189.00 190.00 35.00 84.00
189.00 191.00 35.00 84.00
189.00 193.00 35.00 84.00
188.00 195.00 35.00 84.00
187.00 195.00 35.00 84.00
187.00 194.00 36.00 85.00
186.00 194.00 36.00 85.00
186.00 192.00 36.00 86.00
185.00 191.00 36.00 85.00
185.00 190.00 36.00 85.00
184.00 190.00 35.00 85.00
184.00 190.00 36.00 85.00
183.00 191.00 36.00 85.00
183.00 194.00 36.00 85.00
183.00 194.00 36.00 85.00
183.00 195.00 35.00 84.00
184.00 194.00 36.00 85.00
185.00 193.00 36.00 85.00
186.00 192.00 36.00 87.00
187.00 190.00 37.00 88.00
187.00 189.00 37.00 89.00
187.00 188.00 37.00 89.00
187.00 189.00 37.00 88.00
187.00 192.00 37.00 88.00
187.00 193.00 37.00 89.00
186.00 195.00 37.00 89.00
184.00 196.00 37.00 88.00
183.00 197.00 37.00 88.00
181.00 198.00 37.00 88.00
180.00 199.00 36.00 87.00
179.00 200.00 36.00 86.00
177.00 202.00 36.00 86.00
175.00 203.00 36.00 85.00
172.00 205.00 36.00 85.00
170.00 206.00 36.00 86.00
167.00 206.00 36.00 85.00
165.00 206.00 36.00 85.00
164.00 207.00 36.00 85.00
162.00 207.00 36.00 85.00
160.00 206.00 35.00 85.00
159.00 207.00 35.00 84.00
154.00 217.00 35.00 84.00
151.00 220.00 35.00 83.00
150.00 222.00 34.00 81.00
148.00 223.00 34.00 80.00
142.00 225.00 33.00 79.00
140.00 227.00 33.00 78.00
136.00 230.00 32.00 77.00
136.00 218.00 33.00 78.00
136.00 219.00 33.00 78.00
135.00 218.00 33.00 78.00
134.00 219.00 33.00 79.00
133.00 218.00 34.00 80.00
132.00 217.00 34.00 82.00
132.00 217.00 35.00 83.00
132.00 217.00 35.00 83.00
133.00 216.00 35.00 84.00
133.00 216.00 36.00 85.00
133.00 216.00 36.00 86.00
134.00 216.00 36.00 86.00
135.00 217.00 36.00 87.00
136.00 217.00 36.00 87.00
137.00 218.00 37.00 88.00
138.00 218.00 37.00 88.00
139.00 218.00 37.00 88.00
140.00 218.00 37.00 88.00
141.00 219.00 37.00 89.00
143.00 219.00 37.00 89.00
143.00 219.00 37.00 89.00
133.00 218.00 37.00 88.00
134.00 218.00 37.00 88.00
134.00 218.00 37.00 87.00
146.00 220.00 37.00 88.00
147.00 220.00 37.00 88.00
147.00 220.00 37.00 88.00
147.00 220.00 37.00 89.00
147.00 220.00 37.00 88.00
147.00 221.00 37.00 88.00
146.00 221.00 37.00 88.00
145.00 221.00 37.00 88.00
145.00 222.00 37.00 88.00
143.00 222.00 37.00 88.00
142.00 222.00 37.00 89.00
141.00 222.00 37.00 89.00
140.00 221.00 37.00 88.00
140.00 221.00 37.00 88.00
139.00 220.00 37.00 88.00
138.00 220.00 37.00 87.00
138.00 219.00 36.00 87.00
139.00 220.00 37.00 87.00
140.00 220.00 37.00 87.00
140.00 220.00 37.00 88.00
141.00 220.00 37.00 88.00
140.00 220.00 37.00 88.00
141.00 220.00 37.00 89.00
141.00 220.00 37.00 89.00
142.00 220.00 37.00 88.00
143.00 221.00 37.00 89.00
143.00 221.00 37.00 89.00
144.00 222.00 37.00 89.00
145.00 222.00 37.00 89.00
145.00 223.00 38.00 90.00
146.00 222.00 38.00 90.00
147.00 223.00 38.00 90.00
147.00 223.00 38.00 90.00
148.00 223.00 38.00 91.00
149.00 224.00 38.00 91.00
149.00 224.00 38.00 90.00
149.00 224.00 38.00 90.00
150.00 225.00 38.00 90.00
150.00 225.00 38.00 90.00
151.00 225.00 38.00 90.00
152.00 226.00 38.00 90.00
152.00 226.00 38.00 90.00
153.00 227.00 38.00 90.00
153.00 227.00 38.00 90.00
153.00 228.00 38.00 90.00
154.00 229.00 38.00 90.00
154.00 229.00 38.00 91.00
155.00 230.00 38.00 91.00
155.00 230.00 38.00 91.00
155.00 231.00 38.00 91.00
155.00 231.00 38.00 90.00
154.00 231.00 38.00 90.00
155.00 232.00 38.00 90.00
155.00 232.00 38.00 90.00
154.00 232.00 38.00 90.00
155.00 234.00 37.00 89.00
154.00 234.00 37.00 89.00
154.00 233.00 37.00 89.00
155.00 232.00 37.00 89.00
155.00 231.00 37.00 89.00
155.00 231.00 37.00 89.00
156.00 229.00 37.00 88.00
158.00 230.00 37.00 87.00
158.00 229.00 37.00 87.00
159.00 229.00 37.00 87.00
160.00 229.00 37.00 87.00
161.00 229.00 37.00 88.00
162.00 229.00 37.00 88.00
162.00 229.00 37.00 88.00
163.00 228.00 37.00 88.00
164.00 229.00 37.00 88.00
166.00 229.00 37.00 87.00
166.00 229.00 37.00 87.00
167.00 229.00 37.00 87.00
167.00 229.00 37.00 87.00
168.00 229.00 37.00 87.00
168.00 229.00 37.00 87.00
168.00 229.00 37.00 87.00
168.00 229.00 37.00 88.00
169.00 229.00 37.00 88.00
169.00 229.00 37.00 88.00
170.00 229.00 37.00 88.00
170.00 229.00 37.00 88.00
172.00 230.00 37.00 88.00
173.00 230.00 37.00 87.00
173.00 230.00 37.00 87.00
174.00 230.00 36.00 87.00
176.00 231.00 36.00 87.00
177.00 231.00 36.00 86.00
178.00 231.00 36.00 86.00
180.00 231.00 36.00 85.00
182.00 232.00 36.00 85.00
183.00 231.00 36.00 85.00
186.00 231.00 36.00 85.00
187.00 231.00 36.00 85.00
189.00 231.00 36.00 85.00
191.00 232.00 36.00 85.00
193.00 232.00 35.00 84.00
195.00 232.00 35.00 84.00
197.00 233.00 35.00 84.00
199.00 233.00 35.00 84.00
201.00 233.00 35.00 84.00
203.00 232.00 35.00 84.00
205.00 231.00 35.00 85.00
207.00 231.00 36.00 85.00
210.00 230.00 36.00 85.00
212.00 229.00 36.00 85.00
214.00 228.00 36.00 85.00
217.00 228.00 36.00 85.00
220.00 228.00 36.00 85.00
221.00 228.00 36.00 85.00
224.00 230.00 36.00 85.00
227.00 231.00 36.00 86.00
230.00 232.00 36.00 86.00
232.00 234.00 36.00 86.00
235.00 236.00 36.00 86.00
239.00 237.00 36.00 86.00
243.00 238.00 36.00 86.00
248.00 236.00 36.00 85.00
255.00 236.00 35.00 84.00
261.00 234.00 35.00 83.00
268.00 234.00 35.00 82.00
274.00 234.00 34.00 82.00
281.00 234.00 35.00 83.00
286.00 234.00 35.00 82.00
291.00 234.00 35.00 83.00
297.00 233.00 35.00 83.00
304.00 232.00 35.00 84.00
312.00 231.00 35.00 84.00
319.00 230.00 35.00 84.00
325.00 230.00 35.00 84.00
330.00 231.00 35.00 83.00
336.00 233.00 35.00 83.00
341.00 235.00 35.00 83.00
344.00 234.00 35.00 82.00
351.00 234.00 34.00 82.00
359.00 234.00 34.00 82.00
365.00 233.00 34.00 81.00
380.00 233.00 34.00 80.00
388.00 232.00 33.00 79.00
393.00 233.00 33.00 79.00
401.00 236.00 33.00 79.00
406.00 237.00 33.00 78.00
413.00 237.00 33.00 78.00
417.00 238.00 32.00 77.00
417.00 237.00 32.00 77.00
420.00 236.00 32.00 77.00
422.00 234.00 33.00 78.00
423.00 231.00 33.00 78.00
424.00 229.00 33.00 78.00
422.00 224.00 33.00 78.00
421.00 221.00 33.00 78.00
419.00 217.00 33.00 78.00
417.00 214.00 33.00 79.00
414.00 212.00 33.00 79.00
411.00 211.00 33.00 79.00
407.00 210.00 33.00 79.00
403.00 207.00 34.00 80.00
400.00 204.00 34.00 80.00
396.00 201.00 34.00 81.00
392.00 198.00 34.00 81.00
389.00 195.00 34.00 81.00
386.00 193.00 34.00 81.00
383.00 193.00 34.00 81.00
381.00 193.00 34.00 81.00
378.00 193.00 34.00 80.00
376.00 193.00 34.00 81.00
374.00 194.00 34.00 81.00
372.00 194.00 34.00 82.00
371.00 193.00 34.00 82.00
370.00 194.00 34.00 81.00
369.00 193.00 34.00 81.00
368.00 192.00 34.00 82.00
366.00 191.00 34.00 81.00
365.00 189.00 34.00 82.00
363.00 187.00 35.00 83.00
360.00 185.00 34.00 82.00
358.00 184.00 34.00 81.00
357.00 184.00 34.00 81.00
355.00 183.00 34.00 81.00
353.00 182.00 34.00 80.00
352.00 182.00 34.00 80.00
351.00 182.00 33.00 80.00
350.00 183.00 33.00 79.00
350.00 184.00 33.00 78.00
349.00 185.00 33.00 79.00
348.00 185.00 33.00 78.00
348.00 185.00 33.00 78.00
347.00 184.00 32.00 77.00
346.00 183.00 33.00 77.00
345.00 183.00 32.00 77.00
344.00 183.00 32.00 77.00
343.00 183.00 32.00 76.00
341.00 182.00 32.00 76.00
340.00 182.00 32.00 76.00
338.00 182.00 32.00 76.00
337.00 182.00 32.00 76.00
335.00 183.00 32.00 75.00
334.00 183.00 32.00 76.00
333.00 184.00 32.00 76.00
331.00 185.00 32.00 76.00
330.00 187.00 32.00 75.00
330.00 189.00 31.00 74.00
339.00 212.00 31.00 73.00
339.00 213.00 30.00 72.00
335.00 198.00 30.00 71.00
334.00 198.00 29.00 70.00
332.00 198.00 29.00 68.00
331.00 199.00 28.00 68.00
327.00 196.00 28.00 68.00
322.00 191.00 28.00 68.00
321.00 190.00 28.00 67.00
320.00 188.00 28.00 67.00
318.00 187.00 28.00 67.00
318.00 187.00 28.00 68.00
317.00 187.00 28.00 68.00
317.00 187.00 28.00 67.00
315.00 187.00 28.00 67.00
319.00 185.00 28.00 66.00
320.00 191.00 28.00 66.00
319.00 194.00 28.00 66.00
317.00 194.00 28.00 67.00
315.00 194.00 28.00 66.00
310.00 194.00 27.00 65.00
305.00 192.00 27.00 64.00
298.00 195.00 27.00 65.00
295.00 196.00 27.00 65.00
292.00 196.00 27.00 65.00
304.00 198.00 27.00 65.00
303.00 197.00 27.00 65.00
302.00 196.00 27.00 65.00
292.00 186.00 27.00 65.00
293.00 182.00 27.00 64.00
293.00 183.00 27.00 64.00
294.00 181.00 27.00 63.00
294.00 180.00 26.00 63.00
295.00 181.00 26.00 62.00
292.00 193.00 26.00 62.00
292.00 196.00 26.00 62.00
294.00 195.00 26.00 62.00
309.00 196.00 26.00 62.00
309.00 196.00 26.00 62.00
308.00 196.00 26.00 62.00
308.00 196.00 26.00 63.00
306.00 195.00 26.00 62.00
305.00 194.00 26.00 62.00
303.00 192.00 26.00 63.00
304.00 187.00 26.00 62.00
304.00 183.00 26.00 63.00
305.00 181.00 26.00 63.00
306.00 181.00 26.00 63.00
306.00 180.00 26.00 63.00
307.00 180.00 26.00 63.00
308.00 181.00 26.00 63.00
309.00 182.00 26.00 63.00
310.00 184.00 27.00 64.00
311.00 185.00 27.00 64.00
299.00 182.00 27.00 64.00
301.00 182.00 27.00 65.00
301.00 181.00 27.00 64.00
304.00 180.00 27.00 64.00
304.00 177.00 27.00 64.00
307.00 174.00 27.00 64.00
310.00 174.00 27.00 64.00
311.00 175.00 27.00 64.00
313.00 177.00 27.00 64.00
316.00 176.00 27.00 64.00
317.00 178.00 27.00 65.00
320.00 178.00 27.00 65.00
326.00 175.00 27.00 65.00
330.00 174.00 27.00 65.00
327.00 174.00 27.00 64.00
333.00 172.00 27.00 64.00
329.00 174.00 27.00 64.00
330.00 172.00 27.00 64.00
330.00 177.00 27.00 65.00
334.00 176.00 27.00 65.00
342.00 180.00 27.00 65.00
344.00 168.00 28.00 66.00
343.00 163.00 27.00 65.00
341.00 161.00 28.00 66.00
338.00 158.00 28.00 66.00
337.00 155.00 28.00 66.00
336.00 153.00 28.00 67.00
335.00 152.00 28.00 68.00
335.00 151.00 29.00 69.00
335.00 152.00 29.00 69.00
335.00 153.00 30.00 70.00
334.00 155.00 30.00 71.00
335.00 158.00 30.00 72.00
336.00 162.00 30.00 72.00
336.00 166.00 30.00 72.00
336.00 170.00 30.00 72.00
335.00 171.00 30.00 72.00
331.00 173.00 30.00 72.00
335.00 173.00 31.00 73.00
338.00 173.00 31.00 73.00
339.00 173.00 31.00 73.00
339.00 173.00 30.00 72.00
339.00 173.00 30.00 73.00
340.00 173.00 30.00 72.00
341.00 173.00 30.00 73.00
341.00 174.00 30.00 72.00
342.00 175.00 30.00 72.00
341.00 178.00 30.00 72.00
341.00 179.00 30.00 72.00
342.00 183.00 30.00 72.00
344.00 184.00 30.00 71.00
345.00 186.00 30.00 70.00
345.00 188.00 29.00 70.00
346.00 190.00 29.00 70.00
346.00 193.00 29.00 70.00
345.00 195.00 29.00 70.00
345.00 199.00 30.00 71.00
345.00 202.00 30.00 71.00
345.00 206.00 30.00 71.00
349.00 209.00 30.00 71.00
348.00 212.00 30.00 71.00
348.00 216.00 30.00 71.00
350.00 217.00 30.00 71.00
351.00 218.00 30.00 71.00
351.00 220.00 30.00 71.00
350.00 222.00 30.00 71.00
351.00 223.00 30.00 71.00
351.00 224.00 30.00 71.00
350.00 226.00 30.00 71.00
350.00 228.00 30.00 71.00
351.00 228.00 30.00 72.00
350.00 229.00 30.00 72.00
351.00 229.00 30.00 72.00
351.00 229.00 30.00 72.00
353.00 227.00 30.00 72.00
354.00 225.00 30.00 72.00
354.00 225.00 31.00 73.00
353.00 226.00 31.00 73.00
353.00 222.00 30.00 73.00
354.00 222.00 30.00 72.00
354.00 222.00 31.00 73.00
353.00 222.00 31.00 73.00
354.00 222.00 30.00 72.00
354.00 222.00 30.00 72.00
354.00 222.00 30.00 72.00
354.00 222.00 30.00 71.00
354.00 222.00 30.00 72.00
353.00 221.00 30.00 72.00
353.00 220.00 30.00 72.00
354.00 219.00 30.00 72.00
353.00 216.00 30.00 72.00
354.00 216.00 30.00 72.00
353.00 215.00 30.00 72.00
352.00 214.00 30.00 71.00
352.00 214.00 30.00 71.00
351.00 214.00 30.00 71.00
351.00 215.00 30.00 71.00
350.00 215.00 30.00 70.00
349.00 215.00 29.00 70.00
348.00 216.00 30.00 70.00
349.00 215.00 30.00 70.00
348.00 216.00 29.00 70.00
348.00 216.00 29.00 70.00
348.00 216.00 29.00 70.00
348.00 215.00 29.00 70.00
348.00 214.00 29.00 70.00
348.00 213.00 30.00 70.00
348.00 213.00 30.00 71.00
349.00 213.00 30.00 71.00
350.00 214.00 30.00 71.00
350.00 216.00 30.00 72.00
350.00 218.00 30.00 72.00
349.00 219.00 30.00 72.00
348.00 220.00 30.00 72.00
346.00 220.00 30.00 71.00
344.00 218.00 29.00 70.00
341.00 217.00 29.00 69.00
338.00 214.00 29.00 70.00
335.00 213.00 29.00 69.00
333.00 211.00 29.00 70.00
331.00 209.00 30.00 71.00
329.00 207.00 30.00 71.00
328.00 205.00 30.00 71.00
326.00 202.00 30.00 71.00
324.00 200.00 30.00 71.00
