370.00 188.00 24.00 85.00
370.00 188.00 24.00 85.00
370.00 189.00 23.00 83.00
370.00 188.00 24.00 85.00
370.00 189.00 23.00 83.00
370.00 188.00 24.00 85.00
370.00 189.00 23.00 83.00
370.00 189.00 24.00 84.00
370.00 188.00 24.00 84.00
371.00 189.00 24.00 84.00
371.00 188.00 24.00 85.00
371.00 188.00 24.00 85.00
371.00 188.00 24.00 85.00
371.00 188.00 24.00 86.00
371.00 189.00 24.00 86.00
371.00 189.00 24.00 86.00
371.00 189.00 24.00 87.00
370.00 189.00 24.00 86.00
370.00 190.00 24.00 85.00
367.00 189.00 24.00 85.00
365.00 187.00 24.00 85.00
364.00 187.00 24.00 84.00
363.00 187.00 24.00 84.00
363.00 187.00 24.00 84.00
362.00 188.00 23.00 83.00
361.00 187.00 24.00 83.00
360.00 186.00 24.00 84.00
360.00 187.00 24.00 84.00
358.00 186.00 24.00 84.00
357.00 185.00 24.00 85.00
357.00 185.00 24.00 86.00
356.00 185.00 24.00 86.00
355.00 185.00 24.00 87.00
354.00 185.00 24.00 87.00
353.00 186.00 25.00 87.00
352.00 185.00 25.00 88.00
350.00 185.00 25.00 88.00
350.00 185.00 25.00 88.00
348.00 185.00 25.00 88.00
348.00 185.00 25.00 88.00
347.00 185.00 25.00 88.00
346.00 184.00 25.00 88.00
345.00 184.00 25.00 88.00
344.00 183.00 25.00 88.00
342.00 183.00 25.00 87.00
341.00 182.00 25.00 87.00
340.00 182.00 25.00 88.00
341.00 182.00 25.00 88.00
341.00 182.00 25.00 88.00
340.00 183.00 25.00 88.00
341.00 184.00 25.00 88.00
339.00 183.00 25.00 89.00
339.00 186.00 25.00 88.00
337.00 186.00 25.00 87.00
338.00 185.00 25.00 88.00
337.00 185.00 25.00 87.00
335.00 188.00 24.00 86.00
334.00 189.00 24.00 85.00
333.00 187.00 24.00 85.00
332.00 187.00 24.00 85.00
332.00 188.00 24.00 85.00
333.00 187.00 24.00 84.00
334.00 188.00 24.00 84.00
334.00 188.00 24.00 84.00
333.00 187.00 24.00 84.00
334.00 188.00 24.00 84.00
333.00 187.00 24.00 84.00
333.00 186.00 23.00 83.00
335.00 187.00 23.00 83.00
335.00 188.00 23.00 82.00
328.00 211.00 23.00 82.00
328.00 213.00 23.00 82.00
329.00 188.00 23.00 82.00
328.00 188.00 23.00 82.00
328.00 189.00 23.00 83.00
326.00 188.00 23.00 83.00
325.00 188.00 23.00 82.00
323.00 187.00 23.00 81.00
323.00 188.00 23.00 81.00
321.00 187.00 23.00 80.00
321.00 188.00 23.00 80.00
319.00 187.00 23.00 80.00
317.00 187.00 23.00 81.00
318.00 190.00 23.00 81.00
319.00 191.00 23.00 81.00
318.00 191.00 23.00 81.00
317.00 192.00 23.00 80.00
317.00 192.00 23.00 81.00
316.00 191.00 23.00 81.00
315.00 191.00 23.00 81.00
313.00 192.00 23.00 81.00
315.00 197.00 23.00 81.00
315.00 198.00 23.00 81.00
315.00 197.00 23.00 81.00
315.00 196.00 23.00 81.00
315.00 196.00 23.00 80.00
315.00 198.00 23.00 80.00
314.00 199.00 22.00 80.00
312.00 199.00 23.00 80.00
321.00 202.00 22.00 80.00
321.00 204.00 22.00 80.00
323.00 206.00 22.00 79.00
325.00 206.00 22.00 78.00
326.00 207.00 22.00 78.00
329.00 207.00 22.00 78.00
332.00 208.00 22.00 78.00
334.00 209.00 22.00 78.00
336.00 210.00 22.00 78.00
338.00 210.00 22.00 78.00
341.00 210.00 22.00 79.00
342.00 210.00 22.00 79.00
345.00 210.00 22.00 78.00
348.00 211.00 22.00 78.00
350.00 212.00 22.00 77.00
354.00 215.00 22.00 77.00
357.00 216.00 22.00 77.00
359.00 217.00 22.00 77.00
361.00 218.00 22.00 78.00
363.00 219.00 22.00 78.00
366.00 219.00 22.00 79.00
367.00 220.00 23.00 80.00
369.00 220.00 23.00 81.00
370.00 222.00 23.00 82.00
371.00 222.00 23.00 83.00
372.00 223.00 24.00 84.00
373.00 222.00 24.00 84.00
374.00 223.00 24.00 85.00
374.00 223.00 24.00 85.00
375.00 223.00 24.00 86.00
376.00 223.00 24.00 86.00
377.00 225.00 24.00 86.00
376.00 225.00 24.00 87.00
376.00 225.00 25.00 87.00
378.00 226.00 25.00 87.00
377.00 225.00 25.00 87.00
378.00 225.00 24.00 87.00
378.00 225.00 24.00 87.00
378.00 226.00 24.00 87.00
376.00 226.00 25.00 87.00
377.00 227.00 25.00 87.00
376.00 227.00 24.00 87.00
375.00 227.00 24.00 86.00
375.00 227.00 24.00 86.00
376.00 228.00 24.00 86.00
375.00 229.00 24.00 86.00
373.00 230.00 24.00 86.00
373.00 230.00 24.00 85.00
374.00 232.00 24.00 85.00
371.00 232.00 24.00 86.00
366.00 233.00 24.00 86.00
364.00 230.00 24.00 85.00
364.00 230.00 24.00 84.00
364.00 232.00 23.00 83.00
362.00 233.00 23.00 82.00
361.00 234.00 23.00 81.00
359.00 233.00 23.00 81.00
357.00 234.00 23.00 80.00
356.00 235.00 22.00 80.00
355.00 236.00 22.00 80.00
354.00 236.00 22.00 79.00
353.00 238.00 22.00 79.00
353.00 238.00 22.00 79.00
352.00 239.00 22.00 80.00
351.00 240.00 23.00 80.00
349.00 241.00 23.00 81.00
348.00 242.00 23.00 81.00
347.00 242.00 23.00 82.00
345.00 241.00 23.00 81.00
343.00 241.00 23.00 81.00
341.00 240.00 23.00 80.00
338.00 240.00 22.00 79.00
335.00 240.00 22.00 78.00
333.00 240.00 22.00 78.00
331.00 240.00 22.00 79.00
329.00 239.00 22.00 79.00
327.00 238.00 22.00 79.00
324.00 237.00 22.00 79.00
321.00 236.00 22.00 79.00
319.00 236.00 22.00 79.00
317.00 235.00 22.00 79.00
314.00 236.00 22.00 80.00
311.00 236.00 22.00 79.00
309.00 237.00 22.00 80.00
305.00 238.00 22.00 79.00
303.00 239.00 22.00 79.00
299.00 240.00 22.00 79.00
294.00 241.00 22.00 79.00
290.00 240.00 22.00 80.00
285.00 240.00 22.00 80.00
282.00 240.00 22.00 79.00
279.00 240.00 23.00 80.00
276.00 239.00 22.00 79.00
274.00 239.00 22.00 79.00
272.00 239.00 22.00 79.00
269.00 239.00 22.00 78.00
267.00 240.00 22.00 78.00
264.00 241.00 22.00 77.00
261.00 242.00 22.00 76.00
258.00 245.00 22.00 77.00
256.00 244.00 22.00 77.00
254.00 244.00 21.00 76.00
253.00 244.00 21.00 76.00
252.00 244.00 22.00 76.00
251.00 243.00 22.00 77.00
250.00 242.00 22.00 77.00
250.00 241.00 22.00 77.00
250.00 240.00 22.00 78.00
251.00 241.00 22.00 78.00
250.00 240.00 22.00 78.00
251.00 240.00 22.00 78.00
252.00 238.00 22.00 78.00
255.00 236.00 22.00 78.00
248.00 240.00 22.00 79.00
250.00 238.00 22.00 79.00
251.00 235.00 22.00 79.00
245.00 258.00 22.00 79.00
248.00 258.00 23.00 80.00
252.00 257.00 23.00 80.00
255.00 254.00 23.00 80.00
257.00 254.00 23.00 80.00
257.00 253.00 23.00 81.00
263.00 249.00 23.00 81.00
263.00 251.00 23.00 81.00
267.00 247.00 23.00 81.00
256.00 222.00 23.00 81.00
256.00 221.00 23.00 81.00
258.00 220.00 23.00 80.00
260.00 218.00 23.00 80.00
260.00 217.00 22.00 80.00
262.00 214.00 23.00 80.00
263.00 212.00 23.00 80.00
264.00 209.00 23.00 80.00
265.00 207.00 22.00 80.00
291.00 224.00 23.00 80.00
294.00 224.00 23.00 81.00
295.00 223.00 23.00 82.00
297.00 220.00 23.00 82.00
300.00 221.00 23.00 83.00
303.00 219.00 23.00 83.00
307.00 217.00 23.00 83.00
311.00 215.00 24.00 83.00
314.00 213.00 24.00 83.00
318.00 212.00 23.00 83.00
321.00 210.00 23.00 82.00
324.00 208.00 23.00 83.00
327.00 205.00 23.00 83.00
330.00 204.00 23.00 82.00
333.00 203.00 23.00 82.00
336.00 203.00 23.00 82.00
337.00 204.00 23.00 82.00
339.00 204.00 23.00 82.00
341.00 204.00 23.00 82.00
344.00 204.00 23.00 83.00
346.00 203.00 23.00 82.00
346.00 204.00 23.00 82.00
347.00 202.00 23.00 82.00
347.00 202.00 23.00 82.00
348.00 200.00 23.00 82.00
348.00 201.00 23.00 82.00
347.00 201.00 23.00 82.00
346.00 200.00 23.00 83.00
344.00 198.00 23.00 83.00
343.00 198.00 23.00 83.00
343.00 197.00 23.00 83.00
344.00 192.00 23.00 83.00
344.00 193.00 23.00 82.00
353.00 176.00 23.00 82.00
355.00 177.00 23.00 82.00
357.00 177.00 23.00 82.00
359.00 176.00 23.00 82.00
361.00 176.00 23.00 82.00
362.00 176.00 23.00 81.00
365.00 177.00 23.00 81.00
366.00 178.00 23.00 80.00
359.00 219.00 23.00 80.00
362.00 221.00 23.00 81.00
365.00 222.00 23.00 81.00
369.00 225.00 23.00 81.00
373.00 225.00 23.00 82.00
376.00 225.00 23.00 82.00
380.00 223.00 23.00 82.00
382.00 223.00 23.00 82.00
384.00 221.00 23.00 82.00
386.00 221.00 24.00 84.00
389.00 220.00 24.00 84.00
392.00 220.00 24.00 85.00
394.00 220.00 24.00 86.00
397.00 221.00 24.00 87.00
400.00 223.00 25.00 87.00
404.00 226.00 25.00 87.00
408.00 228.00 24.00 86.00
410.00 230.00 24.00 86.00
414.00 232.00 24.00 86.00
417.00 233.00 24.00 86.00
417.00 232.00 24.00 86.00
418.00 231.00 24.00 85.00
419.00 230.00 24.00 85.00
420.00 229.00 24.00 85.00
421.00 228.00 24.00 85.00
422.00 227.00 24.00 84.00
422.00 227.00 24.00 84.00
422.00 227.00 23.00 83.00
422.00 228.00 23.00 83.00
422.00 228.00 23.00 82.00
422.00 230.00 23.00 82.00
422.00 232.00 23.00 81.00
422.00 234.00 23.00 81.00
420.00 236.00 23.00 80.00
419.00 237.00 23.00 80.00
420.00 238.00 22.00 80.00
421.00 239.00 23.00 80.00
421.00 238.00 23.00 80.00
423.00 239.00 23.00 81.00
424.00 239.00 23.00 81.00
425.00 239.00 23.00 81.00
425.00 239.00 23.00 81.00
425.00 239.00 23.00 80.00
426.00 240.00 23.00 80.00
425.00 241.00 23.00 80.00
425.00 243.00 23.00 81.00
424.00 244.00 23.00 81.00
424.00 245.00 23.00 81.00
424.00 246.00 23.00 82.00
424.00 246.00 23.00 82.00
425.00 246.00 23.00 82.00
427.00 246.00 23.00 82.00
428.00 245.00 23.00 83.00
428.00 244.00 24.00 83.00
429.00 243.00 24.00 84.00
429.00 241.00 24.00 84.00
429.00 240.00 24.00 84.00
429.00 240.00 24.00 84.00
430.00 239.00 23.00 83.00
430.00 240.00 23.00 82.00
430.00 241.00 23.00 81.00
430.00 242.00 23.00 81.00
429.00 243.00 23.00 80.00
429.00 245.00 23.00 81.00
428.00 247.00 23.00 83.00
426.00 246.00 23.00 83.00
425.00 244.00 24.00 84.00
422.00 241.00 24.00 84.00
420.00 237.00 24.00 83.00
419.00 231.00 24.00 83.00
416.00 226.00 24.00 84.00
414.00 220.00 24.00 84.00
411.00 214.00 24.00 84.00
409.00 209.00 24.00 84.00
407.00 205.00 24.00 85.00
405.00 202.00 24.00 85.00
404.00 200.00 24.00 86.00
402.00 198.00 24.00 86.00
404.00 211.00 24.00 86.00
403.00 210.00 24.00 87.00
404.00 208.00 25.00 87.00
404.00 206.00 25.00 87.00
403.00 206.00 25.00 87.00
403.00 207.00 25.00 87.00
402.00 208.00 25.00 87.00
401.00 211.00 25.00 87.00
400.00 214.00 25.00 88.00
401.00 217.00 25.00 88.00
401.00 221.00 25.00 87.00
401.00 224.00 25.00 87.00
400.00 229.00 25.00 88.00
401.00 225.00 25.00 87.00
403.00 221.00 25.00 87.00
403.00 222.00 25.00 87.00
402.00 223.00 25.00 87.00
402.00 222.00 25.00 87.00
397.00 224.00 25.00 87.00
397.00 224.00 25.00 87.00
398.00 222.00 25.00 87.00
394.00 229.00 24.00 87.00
395.00 226.00 25.00 87.00
396.00 240.00 25.00 87.00
397.00 241.00 25.00 87.00
388.00 195.00 25.00 89.00
387.00 195.00 25.00 89.00
386.00 194.00 25.00 90.00
382.00 227.00 25.00 89.00
381.00 228.00 25.00 89.00
381.00 229.00 25.00 89.00
381.00 231.00 25.00 88.00
375.00 218.00 25.00 87.00
374.00 223.00 24.00 87.00
374.00 232.00 24.00 86.00
375.00 236.00 25.00 87.00
373.00 237.00 25.00 87.00
372.00 238.00 24.00 87.00
372.00 236.00 24.00 86.00
374.00 235.00 24.00 86.00
373.00 234.00 24.00 85.00
373.00 233.00 24.00 85.00
369.00 234.00 24.00 84.00
368.00 236.00 24.00 84.00
367.00 238.00 24.00 84.00
367.00 238.00 24.00 84.00
368.00 237.00 24.00 84.00
368.00 236.00 24.00 84.00
368.00 236.00 24.00 84.00
370.00 235.00 24.00 84.00
371.00 238.00 24.00 85.00
371.00 242.00 24.00 84.00
371.00 245.00 24.00 85.00
375.00 249.00 24.00 85.00
373.00 249.00 24.00 85.00
374.00 247.00 24.00 84.00
378.00 247.00 24.00 84.00
381.00 245.00 23.00 83.00
384.00 246.00 23.00 83.00
385.00 247.00 23.00 83.00
389.00 249.00 23.00 82.00
392.00 249.00 23.00 83.00
388.00 246.00 23.00 82.00
398.00 239.00 23.00 81.00
398.00 234.00 23.00 81.00
397.00 231.00 23.00 81.00
417.00 243.00 23.00 81.00
419.00 244.00 23.00 82.00
406.00 224.00 23.00 83.00
422.00 267.00 23.00 83.00
432.00 318.00 23.00 83.00
438.00 319.00 24.00 83.00
444.00 320.00 24.00 84.00
449.00 320.00 24.00 84.00
456.00 321.00 24.00 84.00
463.00 322.00 24.00 84.00
472.00 323.00 23.00 83.00
481.00 325.00 23.00 82.00
491.00 327.00 23.00 81.00
499.00 329.00 23.00 81.00
507.00 328.00 23.00 81.00
516.00 329.00 23.00 81.00
524.00 331.00 23.00 81.00
532.00 331.00 23.00 81.00
539.00 332.00 23.00 81.00
546.00 333.00 23.00 81.00
553.00 335.00 23.00 80.00
559.00 336.00 22.00 80.00
563.00 336.00 22.00 79.00
569.00 337.00 22.00 79.00
574.00 338.00 22.00 78.00
577.00 338.00 22.00 78.00
581.00 339.00 22.00 78.00
584.00 339.00 22.00 77.00
587.00 339.00 22.00 77.00
589.00 338.00 22.00 77.00
592.00 339.00 22.00 77.00
593.00 338.00 22.00 77.00
595.00 338.00 22.00 77.00
597.00 339.00 22.00 77.00
600.00 339.00 22.00 77.00
602.00 340.00 21.00 75.00
603.00 339.00 21.00 75.00
