154.00 94.00 18.00 48.00
152.00 94.00 18.00 48.00
152.00 94.00 18.00 48.00
151.00 91.00 18.00 49.00
150.00 89.00 18.00 49.00
150.00 88.00 18.00 49.00
151.00 86.00 18.00 49.00
152.00 85.00 18.00 49.00
153.00 84.00 19.00 49.00
155.00 84.00 19.00 50.00
157.00 84.00 19.00 51.00
157.00 83.00 19.00 51.00
156.00 82.00 19.00 52.00
155.00 83.00 20.00 52.00
153.00 82.00 20.00 52.00
152.00 82.00 20.00 52.00
148.00 82.00 20.00 52.00
143.00 82.00 20.00 52.00
139.00 82.00 20.00 52.00
134.00 82.00 20.00 53.00
132.00 82.00 20.00 53.00
131.00 81.00 20.00 54.00
131.00 80.00 21.00 55.00
132.00 80.00 21.00 55.00
132.00 79.00 21.00 55.00
133.00 79.00 21.00 55.00
135.00 78.00 21.00 56.00
136.00 77.00 21.00 56.00
138.00 77.00 22.00 58.00
140.00 76.00 22.00 58.00
142.00 76.00 22.00 59.00
144.00 75.00 22.00 59.00
147.00 76.00 22.00 60.00
148.00 75.00 22.00 60.00
151.00 75.00 22.00 60.00
150.00 75.00 22.00 60.00
151.00 75.00 23.00 60.00
151.00 74.00 23.00 61.00
152.00 75.00 23.00 61.00
153.00 74.00 23.00 62.00
154.00 74.00 23.00 62.00
155.00 74.00 23.00 63.00
156.00 75.00 23.00 62.00
157.00 75.00 23.00 63.00
157.00 75.00 24.00 63.00
158.00 74.00 24.00 63.00
160.00 75.00 24.00 64.00
161.00 75.00 24.00 64.00
163.00 74.00 24.00 65.00
164.00 74.00 24.00 65.00
165.00 74.00 24.00 65.00
164.00 74.00 25.00 66.00
164.00 74.00 25.00 66.00
163.00 74.00 25.00 67.00
161.00 74.00 25.00 67.00
159.00 74.00 25.00 67.00
156.00 74.00 25.00 68.00
150.00 74.00 25.00 68.00
143.00 74.00 26.00 68.00
136.00 73.00 26.00 69.00
131.00 72.00 26.00 69.00
127.00 71.00 26.00 70.00
127.00 69.00 26.00 70.00
128.00 69.00 26.00 70.00
130.00 68.00 26.00 70.00
133.00 67.00 26.00 70.00
139.00 66.00 27.00 71.00
143.00 65.00 27.00 72.00
150.00 65.00 27.00 72.00
156.00 64.00 27.00 73.00
161.00 64.00 28.00 73.00
166.00 64.00 27.00 73.00
171.00 65.00 27.00 73.00
174.00 65.00 27.00 73.00
177.00 65.00 28.00 74.00
178.00 65.00 28.00 75.00
178.00 65.00 28.00 75.00
176.00 66.00 28.00 75.00
177.00 67.00 28.00 75.00
177.00 69.00 28.00 75.00
177.00 70.00 28.00 75.00
178.00 70.00 28.00 75.00
180.00 71.00 28.00 75.00
185.00 72.00 28.00 76.00
183.00 72.00 29.00 76.00
185.00 73.00 29.00 77.00
186.00 72.00 29.00 77.00
190.00 74.00 29.00 76.00
193.00 74.00 29.00 76.00
195.00 74.00 29.00 76.00
197.00 74.00 29.00 77.00
198.00 73.00 29.00 77.00
197.00 71.00 29.00 77.00
196.00 70.00 29.00 77.00
196.00 68.00 29.00 77.00
195.00 65.00 29.00 77.00
192.00 64.00 29.00 77.00
188.00 63.00 29.00 77.00
185.00 61.00 29.00 77.00
184.00 60.00 29.00 77.00
185.00 60.00 29.00 77.00
183.00 59.00 29.00 77.00
183.00 59.00 29.00 77.00
183.00 59.00 29.00 76.00
184.00 58.00 29.00 77.00
184.00 57.00 29.00 77.00
186.00 57.00 29.00 77.00
185.00 57.00 29.00 77.00
182.00 57.00 29.00 77.00
179.00 58.00 29.00 77.00
177.00 58.00 29.00 77.00
175.00 58.00 29.00 76.00
174.00 57.00 29.00 76.00
172.00 57.00 29.00 77.00
168.00 57.00 29.00 77.00
165.00 58.00 29.00 77.00
163.00 60.00 28.00 76.00
160.00 60.00 28.00 76.00
159.00 60.00 28.00 76.00
158.00 61.00 28.00 75.00
158.00 64.00 28.00 75.00
155.00 66.00 28.00 75.00
153.00 67.00 28.00 75.00
155.00 69.00 28.00 75.00
152.00 71.00 28.00 74.00
155.00 72.00 28.00 74.00
163.00 74.00 28.00 74.00
168.00 74.00 28.00 74.00
177.00 72.00 28.00 74.00
181.00 71.00 28.00 74.00
184.00 70.00 28.00 74.00
188.00 69.00 28.00 73.00
191.00 67.00 27.00 73.00
198.00 66.00 27.00 72.00
200.00 65.00 27.00 72.00
203.00 63.00 27.00 72.00
207.00 64.00 27.00 71.00
210.00 63.00 26.00 71.00
210.00 62.00 26.00 70.00
210.00 63.00 26.00 70.00
206.00 65.00 26.00 69.00
201.00 67.00 26.00 69.00
191.00 70.00 26.00 70.00
184.00 72.00 26.00 70.00
176.00 77.00 26.00 69.00
171.00 80.00 26.00 69.00
166.00 81.00 26.00 68.00
162.00 84.00 25.00 67.00
159.00 86.00 25.00 67.00
155.00 85.00 25.00 66.00
156.00 86.00 24.00 65.00
158.00 84.00 24.00 65.00
161.00 81.00 24.00 64.00
163.00 78.00 24.00 64.00
163.00 77.00 24.00 63.00
166.00 77.00 24.00 63.00
164.00 73.00 24.00 63.00
161.00 72.00 23.00 62.00
161.00 71.00 23.00 61.00
162.00 74.00 23.00 61.00
159.00 72.00 23.00 61.00
158.00 71.00 23.00 60.00
154.00 71.00 22.00 60.00
148.00 72.00 22.00 59.00
144.00 72.00 22.00 59.00
140.00 72.00 22.00 59.00
138.00 74.00 22.00 59.00
141.00 74.00 22.00 59.00
142.00 74.00 22.00 59.00
141.00 74.00 22.00 59.00
137.00 75.00 22.00 59.00
145.00 74.00 22.00 58.00
141.00 71.00 22.00 58.00
138.00 70.00 22.00 58.00
135.00 68.00 21.00 57.00
136.00 67.00 22.00 57.00
140.00 67.00 21.00 57.00
140.00 69.00 21.00 56.00
138.00 69.00 21.00 56.00
135.00 72.00 21.00 55.00
132.00 75.00 20.00 54.00
128.00 79.00 20.00 54.00
125.00 82.00 20.00 54.00
120.00 84.00 20.00 53.00
122.00 85.00 20.00 53.00
126.00 85.00 20.00 53.00
130.00 86.00 20.00 53.00
134.00 87.00 20.00 52.00
137.00 87.00 19.00 52.00
140.00 87.00 19.00 52.00
143.00 88.00 19.00 51.00
146.00 87.00 19.00 51.00
147.00 88.00 19.00 50.00
151.00 88.00 19.00 50.00
152.00 89.00 19.00 49.00
154.00 88.00 19.00 49.00
152.00 87.00 19.00 49.00
153.00 88.00 18.00 49.00
152.00 87.00 18.00 48.00
152.00 87.00 18.00 48.00
152.00 87.00 18.00 48.00
153.00 88.00 18.00 48.00
151.00 88.00 18.00 48.00
149.00 88.00 18.00 48.00
145.00 87.00 18.00 48.00
146.00 88.00 18.00 47.00
148.00 87.00 17.00 47.00
151.00 86.00 17.00 46.00
151.00 85.00 17.00 46.00
151.00 84.00 17.00 45.00
150.00 85.00 17.00 45.00
148.00 85.00 17.00 45.00
146.00 86.00 17.00 46.00
147.00 85.00 17.00 45.00
147.00 85.00 17.00 45.00
145.00 84.00 17.00 45.00
144.00 84.00 17.00 44.00
142.00 84.00 16.00 44.00
141.00 85.00 16.00 44.00
139.00 85.00 16.00 44.00
137.00 86.00 16.00 43.00
137.00 86.00 16.00 43.00
142.00 87.00 16.00 43.00
148.00 87.00 16.00 42.00
151.00 88.00 16.00 42.00
153.00 88.00 15.00 41.00
155.00 88.00 15.00 41.00
156.00 88.00 15.00 41.00
160.00 87.00 15.00 41.00
164.00 87.00 15.00 41.00
167.00 87.00 15.00 40.00
169.00 87.00 15.00 40.00
170.00 87.00 15.00 40.00
170.00 87.00 15.00 39.00
172.00 87.00 15.00 39.00
172.00 87.00 15.00 39.00
173.00 87.00 15.00 39.00
174.00 87.00 15.00 39.00
174.00 87.00 15.00 39.00
173.00 87.00 15.00 39.00
173.00 87.00 15.00 39.00
173.00 87.00 15.00 39.00
176.00 88.00 14.00 39.00
179.00 87.00 15.00 39.00
180.00 87.00 15.00 39.00
181.00 87.00 15.00 39.00
183.00 86.00 14.00 38.00
184.00 86.00 14.00 38.00
185.00 86.00 14.00 38.00
187.00 86.00 14.00 38.00
187.00 87.00 14.00 38.00
187.00 87.00 14.00 38.00
187.00 88.00 14.00 38.00
187.00 89.00 14.00 38.00
187.00 90.00 14.00 38.00
186.00 92.00 14.00 37.00
186.00 93.00 14.00 37.00
185.00 94.00 14.00 37.00
184.00 95.00 14.00 36.00
184.00 96.00 13.00 36.00
182.00 96.00 13.00 36.00
182.00 96.00 13.00 36.00
181.00 97.00 13.00 36.00
180.00 98.00 13.00 35.00
179.00 98.00 13.00 35.00
178.00 98.00 13.00 35.00
178.00 99.00 13.00 35.00
179.00 99.00 13.00 35.00
180.00 99.00 13.00 35.00
181.00 98.00 13.00 35.00
182.00 99.00 13.00 35.00
