242.00 94.00 57.00 119.00
241.00 93.00 57.00 119.00
240.00 92.00 57.00 120.00
239.00 92.00 57.00 119.00
239.00 92.00 57.00 118.00
238.00 90.00 58.00 121.00
237.00 89.00 58.00 121.00
237.00 89.00 58.00 121.00
235.00 88.00 59.00 122.00
235.00 87.00 60.00 125.00
234.00 87.00 60.00 124.00
232.00 84.00 61.00 127.00
232.00 83.00 61.00 128.00
231.00 82.00 61.00 128.00
230.00 81.00 62.00 130.00
230.00 80.00 63.00 131.00
228.00 78.00 63.00 131.00
227.00 77.00 64.00 133.00
225.00 76.00 64.00 134.00
225.00 75.00 65.00 136.00
224.00 74.00 66.00 137.00
223.00 72.00 66.00 138.00
221.00 71.00 67.00 140.00
220.00 70.00 67.00 140.00
220.00 70.00 67.00 140.00
219.00 69.00 68.00 142.00
216.00 68.00 68.00 142.00
216.00 67.00 69.00 144.00
213.00 65.00 69.00 144.00
213.00 65.00 69.00 145.00
212.00 65.00 70.00 146.00
210.00 63.00 71.00 148.00
210.00 61.00 72.00 151.00
208.00 59.00 73.00 153.00
207.00 58.00 73.00 152.00
207.00 57.00 74.00 155.00
204.00 54.00 75.00 156.00
203.00 53.00 76.00 158.00
202.00 51.00 77.00 160.00
201.00 51.00 77.00 161.00
200.00 50.00 78.00 163.00
198.00 48.00 79.00 164.00
197.00 47.00 79.00 165.00
195.00 45.00 80.00 167.00
194.00 45.00 80.00 167.00
193.00 42.00 82.00 172.00
191.00 40.00 83.00 173.00
189.00 38.00 84.00 176.00
188.00 37.00 84.00 176.00
188.00 37.00 84.00 174.00
186.00 36.00 85.00 177.00
185.00 35.00 86.00 180.00
183.00 34.00 87.00 182.00
181.00 32.00 88.00 184.00
180.00 30.00 89.00 186.00
179.00 29.00 89.00 186.00
177.00 27.00 89.00 187.00
176.00 26.00 90.00 189.00
175.00 25.00 91.00 191.00
174.00 24.00 92.00 191.00
174.00 24.00 92.00 192.00
173.00 22.00 93.00 194.00
172.00 21.00 93.00 194.00
173.00 22.00 93.00 193.00
172.00 21.00 93.00 193.00
174.00 21.00 92.00 193.00
174.00 20.00 93.00 194.00
172.00 19.00 93.00 195.00
172.00 18.00 94.00 196.00
173.00 18.00 94.00 197.00
172.00 18.00 94.00 197.00
172.00 17.00 94.00 197.00
173.00 16.00 95.00 199.00
173.00 16.00 95.00 199.00
173.00 14.00 96.00 200.00
174.00 14.00 96.00 201.00
177.00 13.00 96.00 201.00
176.00 13.00 96.00 201.00
179.00 14.00 96.00 200.00
185.00 19.00 95.00 198.00
183.00 19.00 94.00 196.00
191.00 35.00 92.00 193.00
191.00 35.00 91.00 191.00
198.00 46.00 90.00 189.00
196.00 48.00 91.00 190.00
195.00 49.00 91.00 190.00
185.00 55.00 91.00 190.00
185.00 55.00 91.00 189.00
190.00 45.00 91.00 190.00
195.00 36.00 91.00 190.00
196.00 37.00 91.00 190.00
215.00 8.00 91.00 189.00
216.00 6.00 90.00 187.00
233.00 -15.00 89.00 186.00
242.00 -27.00 89.00 185.00
253.00 -35.00 88.00 185.00
270.00 -46.00 89.00 186.00
276.00 -47.00 90.00 187.00
283.00 -47.00 90.00 189.00
290.00 -45.00 91.00 190.00
300.00 -41.00 92.00 191.00
320.00 -24.00 92.00 192.00
330.00 -10.00 92.00 192.00
329.00 -7.00 92.00 192.00
329.00 -6.00 92.00 193.00
356.00 36.00 92.00 193.00
351.00 45.00 92.00 192.00
321.00 50.00 92.00 193.00
325.00 44.00 92.00 192.00
325.00 50.00 92.00 192.00
330.00 46.00 92.00 191.00
332.00 48.00 91.00 191.00
335.00 43.00 92.00 191.00
335.00 43.00 92.00 191.00
337.00 42.00 92.00 192.00
367.00 35.00 92.00 193.00
369.00 34.00 93.00 193.00
369.00 33.00 93.00 194.00
369.00 31.00 94.00 195.00
369.00 31.00 93.00 194.00
369.00 32.00 92.00 193.00
369.00 34.00 92.00 193.00
369.00 35.00 92.00 193.00
370.00 35.00 92.00 193.00
370.00 36.00 92.00 193.00
371.00 37.00 92.00 192.00
370.00 37.00 92.00 192.00
370.00 41.00 91.00 191.00
370.00 37.00 91.00 191.00
370.00 40.00 91.00 191.00
370.00 39.00 92.00 192.00
370.00 41.00 92.00 191.00
370.00 37.00 92.00 193.00
369.00 37.00 93.00 194.00
369.00 39.00 93.00 193.00
367.00 38.00 92.00 192.00
368.00 39.00 92.00 191.00
367.00 41.00 91.00 190.00
367.00 42.00 90.00 189.00
366.00 42.00 90.00 188.00
365.00 43.00 90.00 188.00
364.00 43.00 90.00 188.00
363.00 46.00 90.00 187.00
364.00 47.00 89.00 186.00
364.00 49.00 88.00 185.00
363.00 47.00 88.00 184.00
363.00 51.00 88.00 184.00
361.00 50.00 87.00 182.00
360.00 51.00 87.00 181.00
360.00 52.00 86.00 180.00
360.00 52.00 86.00 179.00
359.00 54.00 85.00 178.00
359.00 54.00 85.00 177.00
359.00 56.00 84.00 176.00
359.00 55.00 84.00 175.00
357.00 55.00 83.00 174.00
357.00 56.00 82.00 172.00
357.00 57.00 82.00 172.00
356.00 58.00 82.00 172.00
358.00 59.00 82.00 171.00
357.00 60.00 82.00 171.00
356.00 62.00 82.00 171.00
355.00 62.00 81.00 170.00
355.00 63.00 81.00 170.00
355.00 63.00 81.00 170.00
355.00 63.00 81.00 169.00
354.00 64.00 80.00 167.00
354.00 65.00 80.00 166.00
353.00 64.00 79.00 164.00
353.00 66.00 78.00 164.00
353.00 66.00 78.00 163.00
352.00 66.00 77.00 161.00
352.00 68.00 77.00 160.00
351.00 67.00 76.00 159.00
351.00 68.00 76.00 159.00
350.00 68.00 76.00 159.00
350.00 69.00 76.00 158.00
349.00 69.00 75.00 157.00
348.00 70.00 75.00 157.00
349.00 71.00 75.00 156.00
