82.00 218.00 68.00 72.00
83.00 220.00 67.00 71.00
87.00 222.00 67.00 70.00
89.00 222.00 67.00 70.00
91.00 222.00 67.00 71.00
96.00 224.00 68.00 72.00
99.00 223.00 69.00 73.00
107.00 221.00 71.00 76.00
112.00 220.00 71.00 75.00
117.00 222.00 72.00 76.00
121.00 222.00 70.00 75.00
127.00 224.00 70.00 74.00
129.00 227.00 70.00 74.00
136.00 230.00 71.00 76.00
139.00 231.00 73.00 77.00
144.00 232.00 72.00 76.00
151.00 230.00 73.00 77.00
155.00 232.00 72.00 76.00
159.00 233.00 73.00 77.00
163.00 233.00 73.00 78.00
167.00 232.00 74.00 79.00
170.00 232.00 75.00 80.00
174.00 234.00 75.00 79.00
179.00 236.00 74.00 78.00
184.00 237.00 72.00 76.00
188.00 238.00 72.00 77.00
191.00 239.00 72.00 76.00
195.00 240.00 72.00 76.00
199.00 241.00 71.00 75.00
201.00 240.00 71.00 75.00
204.00 239.00 71.00 76.00
208.00 238.00 73.00 77.00
211.00 237.00 74.00 78.00
216.00 235.00 76.00 80.00
219.00 235.00 77.00 81.00
223.00 236.00 77.00 81.00
229.00 236.00 78.00 82.00
231.00 236.00 78.00 82.00
235.00 237.00 77.00 82.00
234.00 237.00 77.00 82.00
237.00 237.00 77.00 82.00
240.00 238.00 78.00 82.00
239.00 237.00 78.00 83.00
251.00 238.00 80.00 85.00
254.00 240.00 81.00 85.00
261.00 239.00 81.00 86.00
242.00 237.00 81.00 86.00
250.00 233.00 82.00 87.00
266.00 256.00 81.00 86.00
272.00 261.00 81.00 85.00
263.00 228.00 82.00 87.00
262.00 226.00 82.00 87.00
259.00 224.00 83.00 87.00
255.00 220.00 83.00 88.00
253.00 224.00 82.00 87.00
244.00 223.00 82.00 87.00
237.00 223.00 83.00 88.00
232.00 222.00 83.00 88.00
232.00 222.00 83.00 88.00
225.00 220.00 84.00 89.00
220.00 219.00 85.00 90.00
215.00 220.00 85.00 90.00
216.00 220.00 85.00 90.00
219.00 221.00 85.00 90.00
218.00 221.00 84.00 89.00
209.00 222.00 84.00 89.00
190.00 218.00 82.00 87.00
186.00 219.00 82.00 87.00
187.00 220.00 82.00 86.00
184.00 221.00 81.00 85.00
172.00 214.00 81.00 86.00
166.00 210.00 81.00 86.00
163.00 209.00 83.00 87.00
156.00 208.00 83.00 88.00
150.00 208.00 84.00 89.00
145.00 208.00 84.00 89.00
139.00 208.00 85.00 90.00
135.00 209.00 85.00 90.00
132.00 209.00 85.00 90.00
128.00 210.00 85.00 90.00
126.00 211.00 85.00 90.00
121.00 211.00 84.00 89.00
121.00 211.00 84.00 89.00
117.00 211.00 84.00 89.00
114.00 212.00 85.00 90.00
113.00 212.00 85.00 90.00
110.00 213.00 85.00 90.00
107.00 213.00 85.00 90.00
104.00 213.00 85.00 90.00
103.00 212.00 85.00 90.00
90.00 213.00 86.00 91.00
100.00 218.00 86.00 91.00
103.00 215.00 86.00 91.00
113.00 209.00 85.00 90.00
102.00 204.00 84.00 89.00
81.00 206.00 84.00 89.00
79.00 204.00 84.00 88.00
100.00 197.00 83.00 88.00
101.00 167.00 83.00 87.00
