772.00 429.00 25.00 91.00
771.00 429.00 25.00 90.00
768.00 428.00 25.00 91.00
766.00 428.00 25.00 91.00
765.00 429.00 25.00 90.00
763.00 429.00 24.00 89.00
762.00 430.00 24.00 87.00
759.00 429.00 24.00 88.00
757.00 427.00 24.00 89.00
756.00 427.00 25.00 90.00
754.00 426.00 25.00 89.00
753.00 425.00 24.00 89.00
753.00 425.00 24.00 89.00
752.00 425.00 24.00 89.00
750.00 425.00 24.00 88.00
749.00 426.00 24.00 87.00
748.00 426.00 24.00 86.00
747.00 426.00 24.00 86.00
746.00 426.00 24.00 86.00
746.00 426.00 23.00 85.00
745.00 425.00 24.00 86.00
744.00 424.00 24.00 86.00
743.00 423.00 24.00 86.00
742.00 422.00 23.00 85.00
742.00 422.00 23.00 84.00
741.00 422.00 23.00 83.00
740.00 422.00 23.00 84.00
739.00 422.00 23.00 83.00
738.00 423.00 23.00 83.00
736.00 423.00 23.00 83.00
735.00 423.00 23.00 84.00
733.00 422.00 23.00 83.00
732.00 422.00 23.00 83.00
729.00 420.00 23.00 83.00
729.00 420.00 23.00 85.00
727.00 419.00 23.00 85.00
726.00 418.00 23.00 85.00
724.00 418.00 23.00 84.00
723.00 419.00 23.00 83.00
722.00 419.00 23.00 83.00
721.00 419.00 23.00 84.00
719.00 419.00 23.00 83.00
718.00 419.00 23.00 83.00
718.00 419.00 23.00 82.00
717.00 419.00 23.00 83.00
716.00 418.00 23.00 83.00
715.00 417.00 23.00 82.00
714.00 417.00 23.00 82.00
714.00 416.00 23.00 83.00
712.00 415.00 23.00 83.00
711.00 415.00 23.00 83.00
710.00 415.00 23.00 82.00
709.00 416.00 23.00 83.00
707.00 415.00 23.00 83.00
706.00 416.00 23.00 83.00
704.00 415.00 23.00 82.00
703.00 415.00 22.00 82.00
701.00 414.00 23.00 82.00
699.00 413.00 22.00 82.00
698.00 412.00 23.00 82.00
697.00 412.00 23.00 83.00
696.00 412.00 23.00 82.00
695.00 412.00 23.00 82.00
694.00 412.00 22.00 82.00
693.00 412.00 22.00 82.00
692.00 413.00 22.00 81.00
691.00 413.00 22.00 81.00
689.00 412.00 22.00 81.00
689.00 412.00 22.00 81.00
688.00 411.00 22.00 81.00
687.00 410.00 22.00 81.00
686.00 410.00 22.00 82.00
685.00 409.00 23.00 82.00
684.00 408.00 23.00 82.00
683.00 408.00 23.00 82.00
682.00 408.00 23.00 83.00
680.00 408.00 23.00 82.00
678.00 409.00 23.00 83.00
677.00 409.00 23.00 82.00
675.00 409.00 22.00 82.00
673.00 408.00 22.00 81.00
671.00 408.00 22.00 81.00
669.00 407.00 22.00 80.00
669.00 407.00 22.00 80.00
667.00 406.00 22.00 81.00
666.00 405.00 22.00 81.00
664.00 405.00 22.00 81.00
664.00 406.00 22.00 80.00
662.00 407.00 22.00 80.00
661.00 407.00 22.00 79.00
661.00 406.00 22.00 79.00
660.00 407.00 21.00 78.00
660.00 407.00 21.00 77.00
661.00 406.00 21.00 77.00
664.00 405.00 21.00 77.00
667.00 375.00 21.00 77.00
657.00 385.00 21.00 75.00
650.00 405.00 21.00 76.00
650.00 405.00 21.00 76.00
650.00 404.00 21.00 76.00
649.00 404.00 21.00 77.00
648.00 404.00 21.00 78.00
647.00 404.00 22.00 79.00
645.00 404.00 22.00 79.00
643.00 403.00 22.00 79.00
641.00 402.00 22.00 79.00
640.00 402.00 22.00 80.00
639.00 401.00 22.00 80.00
637.00 400.00 22.00 80.00
636.00 400.00 22.00 80.00
635.00 400.00 22.00 79.00
634.00 400.00 21.00 78.00
633.00 400.00 21.00 78.00
632.00 400.00 21.00 78.00
631.00 400.00 21.00 77.00
630.00 400.00 21.00 77.00
630.00 401.00 21.00 77.00
629.00 400.00 21.00 78.00
628.00 399.00 21.00 78.00
627.00 398.00 21.00 77.00
626.00 398.00 21.00 77.00
626.00 398.00 21.00 77.00
625.00 397.00 21.00 77.00
624.00 397.00 21.00 77.00
624.00 397.00 21.00 77.00
622.00 397.00 21.00 77.00
621.00 397.00 21.00 77.00
620.00 397.00 21.00 78.00
619.00 397.00 21.00 78.00
619.00 397.00 21.00 77.00
617.00 396.00 21.00 77.00
615.00 395.00 21.00 77.00
615.00 394.00 21.00 77.00
615.00 394.00 21.00 76.00
614.00 394.00 21.00 76.00
614.00 393.00 21.00 76.00
614.00 394.00 21.00 75.00
613.00 394.00 21.00 75.00
613.00 394.00 21.00 75.00
613.00 394.00 21.00 75.00
614.00 394.00 21.00 76.00
615.00 394.00 21.00 78.00
614.00 393.00 21.00 78.00
614.00 393.00 21.00 78.00
614.00 392.00 21.00 78.00
613.00 391.00 21.00 77.00
612.00 390.00 21.00 77.00
612.00 390.00 21.00 76.00
612.00 390.00 21.00 75.00
611.00 390.00 21.00 75.00
611.00 391.00 20.00 74.00
610.00 392.00 20.00 73.00
609.00 391.00 20.00 73.00
609.00 391.00 20.00 72.00
615.00 391.00 20.00 74.00
616.00 391.00 21.00 75.00
610.00 390.00 21.00 75.00
609.00 389.00 21.00 75.00
609.00 388.00 21.00 75.00
609.00 389.00 20.00 75.00
609.00 389.00 21.00 75.00
609.00 389.00 21.00 75.00
609.00 389.00 20.00 75.00
609.00 389.00 20.00 73.00
610.00 389.00 20.00 73.00
610.00 389.00 20.00 73.00
611.00 389.00 20.00 72.00
611.00 388.00 20.00 72.00
611.00 388.00 20.00 72.00
611.00 388.00 19.00 71.00
612.00 388.00 19.00 71.00
612.00 388.00 19.00 71.00
612.00 388.00 19.00 71.00
612.00 388.00 20.00 71.00
612.00 387.00 20.00 71.00
611.00 387.00 20.00 72.00
611.00 387.00 20.00 72.00
611.00 387.00 20.00 72.00
611.00 387.00 20.00 73.00
610.00 386.00 20.00 73.00
609.00 385.00 20.00 73.00
609.00 384.00 20.00 73.00
609.00 384.00 20.00 73.00
609.00 384.00 20.00 72.00
610.00 385.00 20.00 71.00
610.00 384.00 20.00 71.00
609.00 384.00 20.00 71.00
610.00 384.00 20.00 72.00
610.00 384.00 20.00 72.00
610.00 383.00 20.00 72.00
611.00 383.00 20.00 72.00
612.00 383.00 20.00 72.00
613.00 383.00 20.00 71.00
613.00 383.00 20.00 71.00
614.00 382.00 20.00 71.00
615.00 382.00 20.00 71.00
615.00 381.00 20.00 71.00
616.00 381.00 20.00 71.00
616.00 381.00 19.00 71.00
617.00 381.00 19.00 71.00
617.00 381.00 19.00 71.00
617.00 380.00 19.00 71.00
617.00 381.00 19.00 71.00
618.00 381.00 19.00 71.00
618.00 381.00 19.00 71.00
618.00 380.00 19.00 71.00
619.00 380.00 20.00 71.00
620.00 380.00 19.00 70.00
619.00 379.00 19.00 70.00
620.00 379.00 19.00 70.00
621.00 379.00 19.00 70.00
621.00 378.00 19.00 70.00
622.00 378.00 19.00 70.00
621.00 378.00 19.00 70.00
622.00 378.00 19.00 69.00
623.00 378.00 19.00 69.00
624.00 378.00 19.00 69.00
626.00 378.00 19.00 70.00
626.00 377.00 19.00 69.00
627.00 377.00 19.00 69.00
628.00 376.00 19.00 69.00
629.00 376.00 19.00 70.00
629.00 375.00 19.00 70.00
630.00 375.00 19.00 69.00
630.00 374.00 19.00 69.00
631.00 375.00 19.00 69.00
632.00 375.00 19.00 69.00
632.00 375.00 19.00 69.00
632.00 374.00 19.00 69.00
633.00 375.00 19.00 69.00
633.00 375.00 19.00 69.00
634.00 375.00 19.00 69.00
635.00 374.00 19.00 69.00
634.00 374.00 19.00 69.00
635.00 373.00 19.00 70.00
635.00 372.00 19.00 70.00
635.00 371.00 19.00 70.00
635.00 371.00 19.00 70.00
636.00 371.00 19.00 70.00
636.00 370.00 19.00 70.00
636.00 371.00 19.00 70.00
636.00 371.00 19.00 70.00
637.00 371.00 19.00 71.00
637.00 371.00 19.00 71.00
637.00 370.00 19.00 70.00
638.00 370.00 19.00 70.00
638.00 369.00 19.00 70.00
638.00 369.00 19.00 70.00
638.00 369.00 19.00 71.00
638.00 368.00 20.00 72.00
637.00 367.00 20.00 71.00
637.00 367.00 20.00 71.00
637.00 368.00 20.00 71.00
637.00 368.00 19.00 71.00
636.00 368.00 19.00 70.00
635.00 368.00 19.00 70.00
635.00 368.00 19.00 71.00
633.00 368.00 20.00 71.00
631.00 368.00 19.00 71.00
631.00 368.00 19.00 71.00
629.00 367.00 19.00 70.00
628.00 367.00 19.00 70.00
627.00 367.00 19.00 69.00
626.00 367.00 19.00 69.00
625.00 367.00 19.00 69.00
624.00 368.00 19.00 68.00
622.00 368.00 18.00 67.00
621.00 368.00 18.00 66.00
621.00 369.00 18.00 66.00
619.00 369.00 18.00 67.00
617.00 368.00 18.00 67.00
616.00 368.00 19.00 68.00
614.00 367.00 19.00 67.00
613.00 367.00 19.00 68.00
611.00 367.00 19.00 68.00
609.00 366.00 18.00 67.00
608.00 367.00 19.00 67.00
606.00 366.00 19.00 67.00
605.00 366.00 18.00 67.00
603.00 367.00 19.00 67.00
601.00 367.00 19.00 67.00
599.00 368.00 19.00 68.00
597.00 367.00 19.00 69.00
595.00 367.00 19.00 69.00
593.00 367.00 19.00 69.00
591.00 366.00 19.00 68.00
589.00 366.00 19.00 67.00
588.00 366.00 18.00 67.00
586.00 365.00 18.00 67.00
585.00 365.00 18.00 66.00
583.00 365.00 18.00 65.00
582.00 365.00 18.00 66.00
580.00 365.00 18.00 65.00
578.00 366.00 18.00 66.00
576.00 366.00 18.00 65.00
574.00 366.00 18.00 66.00
573.00 365.00 18.00 66.00
572.00 364.00 18.00 67.00
569.00 364.00 18.00 67.00
567.00 364.00 19.00 68.00
567.00 364.00 19.00 68.00
566.00 363.00 19.00 68.00
564.00 362.00 19.00 68.00
561.00 362.00 18.00 67.00
559.00 364.00 19.00 68.00
557.00 364.00 19.00 69.00
552.00 364.00 19.00 71.00
550.00 364.00 20.00 71.00
548.00 364.00 20.00 71.00
548.00 361.00 19.00 69.00
547.00 362.00 19.00 69.00
544.00 361.00 19.00 68.00
543.00 361.00 19.00 68.00
541.00 360.00 18.00 67.00
540.00 361.00 18.00 67.00
538.00 361.00 18.00 67.00
536.00 361.00 18.00 67.00
534.00 361.00 19.00 67.00
532.00 361.00 18.00 66.00
530.00 362.00 18.00 67.00
528.00 361.00 18.00 67.00
526.00 360.00 18.00 67.00
525.00 360.00 19.00 68.00
523.00 359.00 19.00 68.00
522.00 359.00 19.00 68.00
520.00 358.00 19.00 69.00
518.00 357.00 19.00 68.00
517.00 358.00 19.00 68.00
515.00 358.00 19.00 68.00
513.00 359.00 19.00 68.00
512.00 359.00 19.00 68.00
510.00 360.00 19.00 68.00
508.00 360.00 19.00 68.00
505.00 360.00 19.00 68.00
503.00 360.00 19.00 68.00
500.00 360.00 18.00 67.00
499.00 360.00 18.00 67.00
497.00 359.00 18.00 66.00
495.00 359.00 18.00 67.00
493.00 358.00 18.00 66.00
492.00 358.00 18.00 66.00
490.00 358.00 18.00 67.00
488.00 357.00 18.00 66.00
487.00 358.00 18.00 66.00
485.00 358.00 18.00 66.00
484.00 359.00 18.00 65.00
482.00 360.00 18.00 65.00
479.00 361.00 18.00 64.00
477.00 361.00 18.00 64.00
475.00 360.00 18.00 64.00
474.00 360.00 18.00 65.00
473.00 359.00 17.00 64.00
472.00 359.00 17.00 64.00
470.00 359.00 17.00 63.00
469.00 359.00 17.00 64.00
467.00 359.00 17.00 63.00
465.00 359.00 17.00 63.00
463.00 360.00 17.00 63.00
459.00 361.00 17.00 63.00
457.00 361.00 18.00 64.00
454.00 362.00 18.00 65.00
453.00 361.00 18.00 66.00
451.00 358.00 18.00 65.00
449.00 358.00 18.00 65.00
446.00 357.00 18.00 65.00
444.00 356.00 18.00 65.00
443.00 356.00 18.00 65.00
441.00 356.00 18.00 65.00
441.00 357.00 18.00 66.00
439.00 356.00 18.00 67.00
438.00 357.00 18.00 67.00
436.00 357.00 18.00 66.00
435.00 358.00 18.00 66.00
433.00 357.00 18.00 67.00
432.00 357.00 18.00 67.00
431.00 356.00 19.00 68.00
430.00 355.00 19.00 68.00
428.00 354.00 19.00 68.00
427.00 354.00 19.00 68.00
425.00 353.00 19.00 68.00
425.00 354.00 19.00 68.00
424.00 354.00 19.00 68.00
422.00 354.00 19.00 67.00
421.00 355.00 18.00 67.00
420.00 355.00 19.00 68.00
418.00 354.00 19.00 68.00
417.00 354.00 19.00 68.00
416.00 353.00 19.00 68.00
416.00 352.00 19.00 68.00
415.00 352.00 19.00 68.00
414.00 352.00 19.00 68.00
414.00 351.00 19.00 68.00
413.00 351.00 18.00 67.00
413.00 352.00 18.00 67.00
412.00 351.00 18.00 66.00
