304.00 150.00 77.00 72.00
304.00 150.00 77.00 72.00
304.00 150.00 77.00 72.00
305.00 151.00 77.00 72.00
305.00 151.00 77.00 72.00
305.00 151.00 77.00 72.00
305.00 151.00 77.00 72.00
305.00 152.00 76.00 71.00
306.00 152.00 77.00 72.00
306.00 152.00 77.00 72.00
307.00 153.00 77.00 72.00
307.00 153.00 77.00 72.00
307.00 153.00 77.00 72.00
307.00 154.00 77.00 72.00
308.00 155.00 77.00 72.00
307.00 155.00 76.00 71.00
308.00 156.00 76.00 71.00
307.00 156.00 76.00 71.00
306.00 158.00 73.00 68.00
305.00 159.00 72.00 68.00
305.00 160.00 70.00 65.00
305.00 162.00 67.00 63.00
304.00 163.00 65.00 61.00
304.00 165.00 63.00 59.00
304.00 166.00 61.00 57.00
303.00 167.00 60.00 56.00
303.00 168.00 57.00 54.00
303.00 169.00 55.00 51.00
303.00 170.00 53.00 50.00
303.00 171.00 52.00 49.00
302.00 172.00 51.00 47.00
303.00 173.00 48.00 45.00
303.00 174.00 47.00 44.00
303.00 175.00 46.00 43.00
304.00 176.00 45.00 42.00
305.00 177.00 43.00 41.00
304.00 177.00 43.00 40.00
304.00 178.00 43.00 40.00
306.00 179.00 41.00 38.00
306.00 180.00 41.00 38.00
306.00 180.00 40.00 37.00
308.00 182.00 38.00 36.00
308.00 183.00 37.00 35.00
309.00 184.00 36.00 34.00
309.00 185.00 36.00 33.00
310.00 186.00 35.00 33.00
311.00 188.00 34.00 32.00
311.00 188.00 34.00 32.00
311.00 189.00 33.00 31.00
312.00 190.00 33.00 31.00
313.00 191.00 32.00 30.00
313.00 192.00 32.00 30.00
314.00 193.00 32.00 30.00
315.00 194.00 31.00 29.00
316.00 195.00 31.00 29.00
317.00 196.00 30.00 28.00
318.00 196.00 30.00 28.00
318.00 196.00 29.00 27.00
319.00 198.00 29.00 27.00
319.00 198.00 28.00 26.00
319.00 198.00 28.00 26.00
319.00 198.00 27.00 26.00
319.00 199.00 27.00 25.00
319.00 200.00 26.00 25.00
318.00 200.00 26.00 24.00
319.00 201.00 26.00 24.00
318.00 201.00 25.00 24.00
319.00 202.00 25.00 23.00
318.00 202.00 25.00 23.00
318.00 202.00 25.00 23.00
318.00 203.00 25.00 23.00
317.00 203.00 25.00 23.00
317.00 203.00 25.00 23.00
317.00 204.00 25.00 23.00
316.00 204.00 25.00 23.00
315.00 204.00 24.00 23.00
314.00 204.00 24.00 23.00
314.00 204.00 24.00 22.00
314.00 205.00 24.00 22.00
313.00 205.00 24.00 22.00
313.00 205.00 24.00 22.00
313.00 206.00 24.00 23.00
312.00 206.00 24.00 22.00
312.00 206.00 24.00 22.00
312.00 206.00 24.00 23.00
311.00 206.00 24.00 23.00
312.00 207.00 24.00 23.00
312.00 206.00 24.00 23.00
312.00 207.00 24.00 23.00
313.00 207.00 24.00 23.00
313.00 207.00 24.00 23.00
313.00 207.00 24.00 22.00
313.00 207.00 24.00 23.00
313.00 207.00 24.00 23.00
312.00 207.00 24.00 23.00
312.00 207.00 24.00 23.00
312.00 207.00 24.00 23.00
312.00 207.00 24.00 22.00
312.00 207.00 24.00 23.00
312.00 208.00 24.00 23.00
312.00 208.00 24.00 23.00
312.00 207.00 24.00 23.00
312.00 207.00 24.00 23.00
312.00 207.00 24.00 23.00
312.00 207.00 24.00 22.00
313.00 206.00 24.00 23.00
312.00 206.00 24.00 22.00
313.00 205.00 24.00 23.00
314.00 204.00 24.00 23.00
314.00 204.00 24.00 22.00
315.00 203.00 24.00 22.00
317.00 202.00 24.00 22.00
318.00 201.00 24.00 22.00
319.00 200.00 24.00 22.00
320.00 199.00 24.00 23.00
321.00 198.00 24.00 22.00
322.00 197.00 24.00 23.00
323.00 196.00 24.00 22.00
323.00 195.00 24.00 23.00
324.00 194.00 24.00 23.00
324.00 194.00 24.00 23.00
324.00 193.00 24.00 23.00
324.00 192.00 24.00 23.00
324.00 192.00 24.00 23.00
325.00 191.00 24.00 23.00
325.00 190.00 24.00 23.00
325.00 190.00 24.00 23.00
325.00 188.00 24.00 23.00
326.00 188.00 24.00 23.00
326.00 188.00 24.00 23.00
326.00 187.00 24.00 23.00
326.00 185.00 24.00 23.00
326.00 185.00 24.00 22.00
326.00 184.00 24.00 23.00
326.00 183.00 24.00 23.00
327.00 182.00 24.00 23.00
326.00 181.00 24.00 23.00
326.00 181.00 24.00 23.00
327.00 181.00 24.00 23.00
326.00 179.00 24.00 23.00
326.00 179.00 24.00 23.00
326.00 178.00 24.00 23.00
326.00 177.00 24.00 23.00
326.00 177.00 24.00 23.00
326.00 176.00 24.00 23.00
325.00 175.00 24.00 23.00
326.00 174.00 24.00 23.00
325.00 173.00 24.00 23.00
325.00 172.00 24.00 23.00
325.00 171.00 24.00 23.00
325.00 171.00 24.00 23.00
325.00 169.00 24.00 23.00
325.00 168.00 24.00 23.00
325.00 167.00 24.00 23.00
325.00 166.00 24.00 23.00
324.00 165.00 24.00 23.00
324.00 164.00 24.00 23.00
324.00 163.00 24.00 23.00
324.00 162.00 24.00 23.00
324.00 161.00 24.00 23.00
323.00 160.00 24.00 23.00
323.00 159.00 24.00 23.00
323.00 158.00 24.00 23.00
322.00 157.00 24.00 23.00
322.00 156.00 24.00 23.00
322.00 155.00 24.00 23.00
322.00 155.00 24.00 23.00
320.00 153.00 24.00 23.00
320.00 153.00 24.00 23.00
319.00 152.00 24.00 23.00
319.00 151.00 24.00 23.00
317.00 149.00 24.00 23.00
317.00 149.00 25.00 23.00
317.00 148.00 25.00 23.00
316.00 147.00 25.00 23.00
315.00 145.00 25.00 23.00
316.00 145.00 25.00 23.00
316.00 145.00 24.00 23.00
316.00 144.00 25.00 23.00
316.00 143.00 25.00 23.00
315.00 143.00 25.00 23.00
316.00 143.00 25.00 23.00
315.00 143.00 25.00 23.00
316.00 144.00 25.00 23.00
316.00 144.00 25.00 23.00
317.00 145.00 25.00 23.00
317.00 145.00 25.00 23.00
318.00 146.00 25.00 23.00
318.00 146.00 25.00 23.00
319.00 147.00 25.00 23.00
319.00 147.00 25.00 23.00
320.00 148.00 25.00 23.00
320.00 149.00 25.00 23.00
320.00 150.00 25.00 23.00
321.00 150.00 25.00 23.00
321.00 152.00 25.00 23.00
321.00 153.00 25.00 23.00
321.00 154.00 25.00 23.00
321.00 155.00 25.00 23.00
320.00 157.00 25.00 23.00
320.00 158.00 25.00 23.00
319.00 159.00 25.00 23.00
319.00 160.00 25.00 23.00
318.00 162.00 25.00 23.00
318.00 162.00 25.00 23.00
317.00 162.00 25.00 24.00
316.00 163.00 25.00 24.00
315.00 164.00 25.00 24.00
314.00 164.00 25.00 23.00
314.00 165.00 25.00 24.00
313.00 166.00 25.00 23.00
312.00 167.00 25.00 23.00
311.00 168.00 25.00 23.00
310.00 169.00 25.00 23.00
310.00 169.00 25.00 23.00
308.00 171.00 25.00 23.00
307.00 171.00 25.00 23.00
306.00 172.00 25.00 23.00
305.00 172.00 25.00 23.00
304.00 174.00 25.00 23.00
303.00 174.00 25.00 23.00
302.00 175.00 25.00 23.00
300.00 175.00 25.00 23.00
298.00 175.00 25.00 23.00
297.00 176.00 25.00 23.00
297.00 177.00 25.00 23.00
296.00 177.00 25.00 23.00
294.00 178.00 25.00 23.00
293.00 178.00 25.00 23.00
293.00 178.00 25.00 24.00
292.00 179.00 25.00 24.00
290.00 179.00 25.00 24.00
289.00 179.00 25.00 24.00
289.00 180.00 25.00 24.00
288.00 180.00 25.00 24.00
287.00 180.00 25.00 24.00
286.00 180.00 25.00 23.00
286.00 181.00 25.00 24.00
285.00 181.00 25.00 23.00
285.00 182.00 25.00 24.00
284.00 182.00 25.00 23.00
284.00 182.00 25.00 23.00
284.00 183.00 25.00 23.00
282.00 183.00 25.00 23.00
282.00 183.00 25.00 23.00
282.00 184.00 25.00 24.00
281.00 184.00 25.00 24.00
281.00 183.00 25.00 24.00
281.00 184.00 25.00 24.00
280.00 183.00 25.00 24.00
280.00 183.00 25.00 24.00
279.00 183.00 25.00 24.00
279.00 183.00 25.00 23.00
279.00 183.00 25.00 23.00
278.00 182.00 25.00 23.00
278.00 183.00 25.00 23.00
278.00 182.00 25.00 23.00
278.00 182.00 25.00 23.00
278.00 183.00 25.00 24.00
278.00 183.00 25.00 23.00
278.00 183.00 25.00 24.00
278.00 183.00 25.00 24.00
278.00 183.00 25.00 24.00
279.00 183.00 25.00 24.00
279.00 183.00 25.00 24.00
279.00 183.00 25.00 24.00
280.00 183.00 25.00 24.00
280.00 183.00 25.00 24.00
281.00 183.00 25.00 23.00
282.00 184.00 25.00 23.00
282.00 184.00 25.00 24.00
283.00 184.00 25.00 24.00
284.00 184.00 25.00 23.00
285.00 184.00 25.00 23.00
286.00 185.00 25.00 23.00
287.00 185.00 25.00 23.00
288.00 185.00 25.00 24.00
289.00 184.00 25.00 23.00
290.00 185.00 25.00 24.00
292.00 184.00 25.00 24.00
293.00 184.00 25.00 24.00
294.00 184.00 25.00 23.00
294.00 184.00 25.00 23.00
296.00 184.00 25.00 23.00
297.00 184.00 25.00 24.00
298.00 184.00 25.00 24.00
299.00 183.00 25.00 24.00
301.00 183.00 25.00 24.00
302.00 182.00 25.00 23.00
303.00 182.00 25.00 23.00
304.00 182.00 25.00 23.00
307.00 182.00 25.00 23.00
308.00 182.00 25.00 23.00
309.00 182.00 25.00 23.00
310.00 182.00 25.00 23.00
312.00 181.00 25.00 24.00
313.00 181.00 25.00 24.00
314.00 181.00 25.00 24.00
315.00 181.00 25.00 24.00
317.00 181.00 25.00 24.00
318.00 181.00 25.00 24.00
319.00 181.00 25.00 24.00
320.00 180.00 25.00 23.00
321.00 181.00 25.00 23.00
322.00 181.00 25.00 23.00
323.00 181.00 25.00 23.00
324.00 181.00 25.00 23.00
324.00 180.00 25.00 23.00
324.00 179.00 25.00 23.00
325.00 179.00 25.00 23.00
325.00 179.00 25.00 23.00
326.00 179.00 25.00 23.00
325.00 178.00 25.00 23.00
325.00 178.00 25.00 23.00
325.00 178.00 25.00 23.00
325.00 178.00 25.00 23.00
324.00 177.00 25.00 23.00
323.00 176.00 25.00 23.00
323.00 176.00 25.00 23.00
323.00 176.00 25.00 23.00
322.00 175.00 25.00 23.00
322.00 175.00 25.00 23.00
322.00 175.00 25.00 23.00
321.00 175.00 25.00 24.00
320.00 174.00 25.00 23.00
320.00 173.00 25.00 23.00
319.00 173.00 25.00 23.00
319.00 173.00 25.00 23.00
318.00 173.00 25.00 23.00
318.00 172.00 25.00 23.00
317.00 172.00 25.00 23.00
317.00 172.00 25.00 23.00
316.00 172.00 25.00 23.00
316.00 172.00 25.00 23.00
316.00 172.00 25.00 23.00
315.00 171.00 25.00 23.00
315.00 170.00 25.00 23.00
315.00 171.00 25.00 23.00
314.00 170.00 25.00 23.00
314.00 170.00 25.00 23.00
313.00 169.00 24.00 23.00
313.00 169.00 25.00 23.00
312.00 168.00 25.00 23.00
312.00 168.00 25.00 23.00
311.00 167.00 25.00 23.00
311.00 166.00 25.00 23.00
311.00 167.00 25.00 23.00
311.00 166.00 25.00 23.00
310.00 165.00 25.00 23.00
310.00 165.00 25.00 23.00
310.00 164.00 25.00 23.00
310.00 164.00 25.00 23.00
309.00 163.00 25.00 23.00
309.00 162.00 25.00 23.00
308.00 161.00 25.00 23.00
308.00 161.00 25.00 23.00
307.00 160.00 25.00 23.00
307.00 159.00 25.00 23.00
307.00 159.00 25.00 23.00
307.00 158.00 25.00 23.00
306.00 157.00 25.00 23.00
306.00 157.00 25.00 23.00
306.00 157.00 25.00 23.00
305.00 155.00 25.00 23.00
304.00 155.00 25.00 23.00
303.00 153.00 25.00 23.00
303.00 153.00 25.00 23.00
302.00 152.00 25.00 23.00
301.00 151.00 25.00 23.00
301.00 150.00 25.00 23.00
301.00 150.00 25.00 23.00
300.00 149.00 25.00 23.00
299.00 148.00 25.00 23.00
298.00 147.00 25.00 23.00
298.00 147.00 25.00 24.00
298.00 146.00 25.00 24.00
296.00 145.00 25.00 24.00
295.00 144.00 25.00 23.00
295.00 143.00 25.00 23.00
295.00 143.00 25.00 23.00
294.00 142.00 25.00 23.00
292.00 140.00 25.00 23.00
292.00 140.00 25.00 23.00
292.00 140.00 25.00 23.00
290.00 138.00 25.00 23.00
289.00 138.00 25.00 23.00
288.00 138.00 25.00 23.00
288.00 138.00 25.00 23.00
287.00 138.00 25.00 23.00
285.00 137.00 25.00 23.00
285.00 137.00 25.00 23.00
285.00 137.00 25.00 23.00
283.00 136.00 25.00 23.00
283.00 136.00 25.00 23.00
282.00 135.00 25.00 23.00
282.00 135.00 25.00 23.00
281.00 135.00 25.00 23.00
280.00 135.00 25.00 23.00
279.00 135.00 25.00 23.00
279.00 135.00 24.00 23.00
278.00 135.00 25.00 23.00
277.00 135.00 25.00 23.00
277.00 135.00 25.00 23.00
277.00 135.00 25.00 23.00
276.00 135.00 25.00 23.00
276.00 135.00 25.00 23.00
276.00 135.00 25.00 23.00
276.00 135.00 25.00 23.00
277.00 136.00 25.00 23.00
278.00 137.00 25.00 23.00
278.00 137.00 25.00 23.00
278.00 138.00 25.00 23.00
279.00 138.00 25.00 23.00
279.00 139.00 25.00 23.00
280.00 139.00 25.00 23.00
281.00 140.00 25.00 23.00
282.00 140.00 25.00 23.00
283.00 140.00 25.00 23.00
284.00 141.00 25.00 23.00
285.00 141.00 25.00 23.00
287.00 141.00 25.00 23.00
288.00 141.00 25.00 23.00
288.00 141.00 25.00 23.00
290.00 142.00 25.00 23.00
291.00 142.00 25.00 23.00
292.00 141.00 25.00 23.00
292.00 141.00 25.00 23.00
293.00 141.00 25.00 23.00
295.00 141.00 25.00 23.00
295.00 141.00 25.00 23.00
296.00 141.00 25.00 23.00
296.00 140.00 25.00 23.00
297.00 140.00 25.00 23.00
298.00 140.00 25.00 23.00
298.00 139.00 25.00 23.00
299.00 139.00 25.00 23.00
300.00 138.00 25.00 23.00
299.00 137.00 25.00 23.00
300.00 137.00 25.00 23.00
300.00 136.00 25.00 23.00
301.00 136.00 25.00 23.00
301.00 135.00 25.00 23.00
