659.00 366.00 201.00 195.00
659.00 367.00 200.00 194.00
659.00 367.00 199.00 193.00
659.00 367.00 200.00 194.00
659.00 368.00 197.00 191.00
658.00 369.00 197.00 191.00
658.00 370.00 196.00 190.00
658.00 370.00 196.00 190.00
658.00 371.00 193.00 187.00
658.00 372.00 191.00 185.00
656.00 371.00 188.00 182.00
657.00 372.00 188.00 182.00
656.00 371.00 185.00 179.00
658.00 371.00 183.00 178.00
658.00 371.00 181.00 176.00
649.00 365.00 185.00 179.00
638.00 360.00 188.00 183.00
618.00 360.00 189.00 184.00
601.00 368.00 190.00 184.00
577.00 376.00 191.00 186.00
557.00 393.00 188.00 182.00
543.00 417.00 185.00 179.00
530.00 439.00 184.00 178.00
519.00 459.00 180.00 174.00
526.00 445.00 180.00 174.00
514.00 454.00 179.00 173.00
504.00 466.00 180.00 174.00
494.00 475.00 180.00 174.00
489.00 476.00 178.00 173.00
489.00 475.00 177.00 172.00
494.00 477.00 176.00 170.00
499.00 476.00 175.00 170.00
505.00 476.00 172.00 167.00
487.00 477.00 165.00 160.00
497.00 477.00 160.00 156.00
500.00 478.00 159.00 154.00
501.00 479.00 153.00 149.00
498.00 482.00 150.00 146.00
495.00 495.00 146.00 141.00
489.00 508.00 141.00 136.00
475.00 519.00 138.00 134.00
455.00 525.00 136.00 132.00
437.00 535.00 137.00 133.00
421.00 548.00 137.00 133.00
402.00 560.00 135.00 131.00
390.00 570.00 135.00 131.00
383.00 578.00 134.00 130.00
378.00 589.00 135.00 131.00
373.00 601.00 134.00 130.00
371.00 611.00 134.00 130.00
374.00 612.00 134.00 130.00
374.00 613.00 134.00 130.00
372.00 615.00 134.00 130.00
370.00 616.00 134.00 130.00
367.00 619.00 135.00 131.00
364.00 623.00 135.00 131.00
363.00 623.00 136.00 132.00
361.00 623.00 138.00 134.00
364.00 624.00 138.00 133.00
364.00 621.00 139.00 135.00
366.00 615.00 142.00 138.00
367.00 612.00 144.00 140.00
368.00 609.00 148.00 144.00
370.00 608.00 153.00 149.00
369.00 604.00 158.00 153.00
369.00 604.00 160.00 156.00
368.00 603.00 164.00 159.00
367.00 605.00 164.00 159.00
365.00 604.00 164.00 159.00
365.00 607.00 165.00 160.00
364.00 613.00 165.00 160.00
362.00 621.00 165.00 160.00
359.00 628.00 164.00 159.00
356.00 631.00 163.00 158.00
355.00 634.00 162.00 157.00
354.00 627.00 161.00 156.00
327.00 608.00 161.00 156.00
360.00 526.00 163.00 158.00
362.00 538.00 162.00 157.00
370.00 535.00 161.00 156.00
417.00 502.00 162.00 157.00
430.00 500.00 164.00 159.00
449.00 491.00 165.00 160.00
466.00 481.00 167.00 162.00
482.00 472.00 168.00 163.00
490.00 473.00 170.00 165.00
484.00 481.00 172.00 167.00
473.00 494.00 173.00 167.00
461.00 520.00 173.00 168.00
444.00 550.00 176.00 170.00
439.00 572.00 176.00 170.00
437.00 572.00 176.00 171.00
440.00 558.00 176.00 171.00
445.00 535.00 175.00 170.00
452.00 507.00 174.00 169.00
457.00 475.00 176.00 171.00
463.00 431.00 177.00 171.00
470.00 387.00 179.00 174.00
484.00 352.00 180.00 174.00
493.00 319.00 179.00 174.00
505.00 291.00 181.00 176.00
513.00 271.00 181.00 176.00
530.00 249.00 182.00 177.00
544.00 239.00 183.00 178.00
554.00 233.00 185.00 180.00
560.00 233.00 188.00 183.00
562.00 241.00 190.00 184.00
564.00 254.00 190.00 185.00
566.00 266.00 189.00 184.00
570.00 274.00 189.00 184.00
576.00 283.00 190.00 184.00
581.00 287.00 190.00 184.00
586.00 295.00 190.00 184.00
586.00 307.00 191.00 185.00
584.00 324.00 191.00 186.00
572.00 342.00 189.00 183.00
554.00 358.00 188.00 182.00
539.00 379.00 187.00 181.00
524.00 399.00 184.00 179.00
506.00 421.00 181.00 175.00
490.00 438.00 177.00 172.00
481.00 452.00 175.00 170.00
473.00 459.00 173.00 168.00
468.00 465.00 170.00 165.00
464.00 462.00 168.00 163.00
465.00 453.00 166.00 161.00
465.00 446.00 162.00 157.00
463.00 440.00 161.00 156.00
460.00 432.00 160.00 155.00
456.00 422.00 159.00 154.00
451.00 415.00 159.00 154.00
442.00 407.00 158.00 154.00
431.00 396.00 158.00 153.00
427.00 390.00 158.00 153.00
428.00 380.00 156.00 152.00
435.00 372.00 156.00 152.00
447.00 365.00 157.00 153.00
466.00 365.00 159.00 155.00
478.00 371.00 161.00 156.00
486.00 373.00 161.00 157.00
491.00 372.00 161.00 157.00
502.00 371.00 163.00 158.00
518.00 370.00 164.00 159.00
537.00 368.00 164.00 159.00
559.00 358.00 164.00 159.00
587.00 343.00 166.00 161.00
613.00 328.00 167.00 162.00
641.00 311.00 169.00 164.00
669.00 291.00 169.00 164.00
693.00 274.00 169.00 164.00
712.00 263.00 169.00 164.00
728.00 256.00 170.00 165.00
745.00 254.00 171.00 166.00
760.00 248.00 173.00 168.00
774.00 240.00 174.00 169.00
785.00 228.00 175.00 170.00
789.00 213.00 174.00 169.00
783.00 202.00 175.00 170.00
764.00 189.00 175.00 170.00
737.00 179.00 175.00 170.00
703.00 171.00 174.00 169.00
665.00 169.00 173.00 167.00
622.00 168.00 171.00 166.00
578.00 167.00 170.00 165.00
540.00 171.00 171.00 165.00
511.00 169.00 171.00 165.00
485.00 174.00 170.00 165.00
467.00 181.00 169.00 164.00
447.00 188.00 169.00 164.00
437.00 192.00 168.00 163.00
432.00 196.00 169.00 164.00
428.00 200.00 168.00 163.00
425.00 204.00 168.00 163.00
420.00 203.00 168.00 163.00
416.00 203.00 168.00 163.00
413.00 200.00 167.00 162.00
408.00 199.00 168.00 163.00
401.00 198.00 169.00 164.00
394.00 195.00 168.00 163.00
389.00 194.00 169.00 164.00
385.00 192.00 170.00 165.00
382.00 190.00 169.00 164.00
379.00 187.00 168.00 163.00
378.00 186.00 167.00 162.00
378.00 187.00 167.00 162.00
378.00 187.00 166.00 161.00
379.00 188.00 166.00 161.00
382.00 189.00 164.00 159.00
384.00 189.00 164.00 159.00
386.00 188.00 164.00 159.00
388.00 187.00 164.00 159.00
388.00 186.00 164.00 159.00
389.00 185.00 163.00 158.00
387.00 184.00 162.00 157.00
387.00 184.00 162.00 157.00
387.00 184.00 161.00 157.00
385.00 183.00 160.00 155.00
386.00 184.00 158.00 153.00
387.00 185.00 158.00 154.00
387.00 185.00 158.00 153.00
390.00 187.00 158.00 153.00
390.00 187.00 158.00 154.00
391.00 187.00 157.00 152.00
395.00 186.00 155.00 151.00
399.00 181.00 153.00 148.00
405.00 176.00 152.00 147.00
415.00 163.00 152.00 148.00
425.00 152.00 152.00 148.00
433.00 148.00 153.00 148.00
441.00 146.00 154.00 150.00
447.00 146.00 153.00 149.00
450.00 146.00 154.00 149.00
454.00 149.00 155.00 150.00
458.00 152.00 157.00 152.00
463.00 158.00 159.00 154.00
469.00 165.00 159.00 155.00
477.00 172.00 161.00 157.00
484.00 177.00 162.00 157.00
491.00 184.00 163.00 158.00
492.00 191.00 164.00 159.00
491.00 201.00 166.00 161.00
483.00 213.00 166.00 161.00
476.00 219.00 165.00 160.00
467.00 225.00 167.00 162.00
456.00 232.00 170.00 165.00
443.00 248.00 172.00 167.00
426.00 262.00 173.00 168.00
415.00 272.00 176.00 170.00
406.00 281.00 177.00 172.00
396.00 286.00 178.00 173.00
390.00 290.00 178.00 173.00
383.00 289.00 180.00 175.00
380.00 289.00 184.00 178.00
374.00 286.00 186.00 180.00
368.00 284.00 188.00 182.00
365.00 282.00 191.00 185.00
360.00 278.00 191.00 185.00
357.00 276.00 192.00 186.00
356.00 275.00 195.00 189.00
354.00 275.00 196.00 191.00
355.00 275.00 196.00 190.00
355.00 273.00 196.00 190.00
354.00 271.00 198.00 192.00
355.00 269.00 197.00 191.00
357.00 267.00 197.00 191.00
358.00 262.00 197.00 191.00
361.00 258.00 198.00 192.00
365.00 254.00 197.00 191.00
372.00 249.00 195.00 190.00
383.00 242.00 197.00 191.00
392.00 236.00 198.00 192.00
402.00 228.00 199.00 193.00
409.00 225.00 200.00 194.00
412.00 223.00 200.00 194.00
415.00 223.00 201.00 195.00
414.00 223.00 201.00 195.00
413.00 223.00 203.00 197.00
411.00 222.00 203.00 197.00
413.00 219.00 201.00 195.00
418.00 216.00 197.00 192.00
427.00 216.00 198.00 192.00
439.00 218.00 196.00 190.00
450.00 219.00 196.00 190.00
462.00 221.00 196.00 190.00
473.00 224.00 197.00 192.00
482.00 228.00 197.00 191.00
491.00 232.00 198.00 192.00
498.00 235.00 196.00 190.00
503.00 239.00 195.00 190.00
507.00 242.00 195.00 189.00
509.00 245.00 192.00 186.00
511.00 249.00 188.00 183.00
512.00 253.00 187.00 182.00
512.00 257.00 184.00 179.00
513.00 260.00 181.00 175.00
516.00 263.00 179.00 173.00
518.00 267.00 177.00 172.00
518.00 269.00 174.00 168.00
520.00 274.00 170.00 165.00
521.00 279.00 168.00 163.00
522.00 284.00 165.00 160.00
524.00 287.00 164.00 159.00
524.00 289.00 162.00 157.00
524.00 289.00 159.00 154.00
527.00 291.00 158.00 153.00
530.00 291.00 156.00 151.00
536.00 293.00 155.00 151.00
540.00 296.00 154.00 149.00
544.00 300.00 153.00 149.00
545.00 304.00 152.00 148.00
548.00 309.00 151.00 146.00
552.00 312.00 150.00 146.00
555.00 312.00 148.00 144.00
560.00 311.00 148.00 143.00
567.00 310.00 148.00 144.00
570.00 309.00 148.00 144.00
571.00 310.00 149.00 144.00
573.00 311.00 149.00 145.00
