51.00 47.00 25.00 62.00
48.00 41.00 25.00 61.00
35.00 37.00 24.00 60.00
33.00 42.00 25.00 61.00
40.00 37.00 25.00 62.00
31.00 37.00 25.00 62.00
32.00 38.00 25.00 62.00
36.00 40.00 25.00 61.00
41.00 38.00 25.00 63.00
41.00 33.00 26.00 63.00
44.00 30.00 26.00 64.00
46.00 31.00 26.00 65.00
61.00 35.00 26.00 65.00
66.00 31.00 26.00 65.00
65.00 30.00 26.00 65.00
86.00 30.00 26.00 65.00
100.00 33.00 26.00 64.00
91.00 26.00 26.00 64.00
83.00 25.00 26.00 64.00
88.00 22.00 26.00 65.00
86.00 23.00 26.00 65.00
82.00 26.00 26.00 64.00
85.00 32.00 26.00 65.00
92.00 37.00 26.00 65.00
77.00 42.00 26.00 64.00
76.00 40.00 26.00 65.00
81.00 27.00 26.00 65.00
79.00 21.00 26.00 65.00
72.00 14.00 27.00 66.00
62.00 13.00 27.00 66.00
65.00 16.00 27.00 66.00
76.00 21.00 27.00 67.00
83.00 23.00 27.00 66.00
90.00 23.00 27.00 67.00
106.00 20.00 27.00 67.00
118.00 24.00 27.00 67.00
114.00 21.00 27.00 67.00
113.00 19.00 27.00 67.00
132.00 23.00 27.00 67.00
141.00 27.00 27.00 66.00
148.00 29.00 27.00 67.00
152.00 30.00 27.00 66.00
153.00 31.00 27.00 66.00
151.00 27.00 27.00 66.00
155.00 25.00 27.00 67.00
153.00 30.00 27.00 67.00
125.00 33.00 27.00 68.00
106.00 32.00 27.00 68.00
103.00 29.00 27.00 68.00
103.00 31.00 27.00 68.00
108.00 21.00 28.00 69.00
109.00 10.00 28.00 70.00
110.00 10.00 28.00 70.00
118.00 17.00 29.00 71.00
121.00 17.00 29.00 71.00
122.00 26.00 29.00 71.00
111.00 27.00 29.00 72.00
112.00 30.00 29.00 72.00
103.00 25.00 29.00 71.00
103.00 19.00 29.00 72.00
126.00 15.00 29.00 73.00
137.00 15.00 29.00 72.00
129.00 19.00 29.00 73.00
132.00 28.00 29.00 73.00
130.00 33.00 30.00 73.00
129.00 35.00 30.00 74.00
133.00 41.00 29.00 73.00
144.00 52.00 30.00 74.00
141.00 56.00 30.00 75.00
123.00 55.00 30.00 74.00
129.00 44.00 30.00 74.00
123.00 45.00 30.00 74.00
111.00 50.00 30.00 73.00
101.00 39.00 30.00 74.00
97.00 45.00 30.00 74.00
109.00 52.00 30.00 74.00
119.00 64.00 30.00 74.00
127.00 68.00 30.00 74.00
138.00 65.00 30.00 73.00
151.00 69.00 30.00 74.00
138.00 60.00 30.00 74.00
147.00 55.00 30.00 74.00
161.00 52.00 30.00 74.00
169.00 49.00 30.00 74.00
174.00 49.00 30.00 73.00
185.00 52.00 30.00 73.00
183.00 57.00 30.00 74.00
180.00 54.00 30.00 75.00
180.00 56.00 30.00 75.00
178.00 50.00 30.00 75.00
136.00 56.00 30.00 75.00
124.00 40.00 30.00 75.00
135.00 37.00 30.00 75.00
137.00 36.00 30.00 75.00
142.00 33.00 31.00 76.00
137.00 26.00 31.00 76.00
146.00 41.00 31.00 77.00
156.00 40.00 31.00 77.00
157.00 43.00 31.00 77.00
148.00 42.00 31.00 77.00
146.00 33.00 31.00 77.00
151.00 35.00 31.00 76.00
148.00 26.00 31.00 77.00
142.00 15.00 31.00 78.00
176.00 19.00 31.00 78.00
186.00 25.00 31.00 78.00
186.00 25.00 31.00 78.00
191.00 28.00 31.00 78.00
197.00 33.00 31.00 78.00
186.00 43.00 31.00 77.00
188.00 41.00 31.00 78.00
182.00 40.00 31.00 78.00
176.00 41.00 32.00 78.00
149.00 40.00 32.00 78.00
146.00 43.00 32.00 79.00
133.00 48.00 32.00 79.00
135.00 48.00 32.00 80.00
132.00 47.00 33.00 81.00
129.00 51.00 33.00 81.00
136.00 48.00 33.00 81.00
154.00 48.00 33.00 82.00
162.00 51.00 33.00 82.00
159.00 45.00 33.00 82.00
157.00 45.00 33.00 83.00
161.00 28.00 34.00 83.00
158.00 20.00 34.00 83.00
183.00 21.00 33.00 82.00
196.00 22.00 33.00 83.00
194.00 30.00 33.00 83.00
188.00 35.00 33.00 82.00
182.00 33.00 33.00 82.00
178.00 36.00 33.00 82.00
180.00 38.00 33.00 81.00
168.00 33.00 33.00 81.00
151.00 34.00 32.00 80.00
144.00 29.00 32.00 80.00
158.00 16.00 32.00 80.00
149.00 18.00 32.00 79.00
160.00 18.00 32.00 79.00
159.00 28.00 32.00 79.00
