245.00 146.00 81.00 55.00
250.00 148.00 81.00 55.00
253.00 151.00 81.00 55.00
258.00 153.00 80.00 54.00
262.00 155.00 79.00 54.00
267.00 158.00 79.00 53.00
273.00 159.00 77.00 52.00
278.00 161.00 77.00 52.00
283.00 162.00 78.00 53.00
288.00 163.00 78.00 53.00
293.00 166.00 78.00 53.00
296.00 167.00 79.00 53.00
300.00 169.00 80.00 54.00
304.00 170.00 80.00 55.00
308.00 172.00 80.00 55.00
313.00 173.00 81.00 55.00
318.00 174.00 81.00 55.00
322.00 175.00 81.00 55.00
327.00 176.00 80.00 54.00
331.00 177.00 80.00 54.00
335.00 179.00 79.00 53.00
339.00 180.00 79.00 53.00
343.00 181.00 78.00 53.00
347.00 182.00 78.00 53.00
350.00 183.00 78.00 53.00
355.00 183.00 78.00 53.00
358.00 183.00 78.00 53.00
363.00 184.00 79.00 53.00
366.00 184.00 80.00 54.00
369.00 184.00 80.00 54.00
372.00 184.00 79.00 54.00
375.00 185.00 79.00 54.00
378.00 185.00 79.00 54.00
382.00 186.00 79.00 54.00
385.00 186.00 79.00 54.00
388.00 186.00 79.00 54.00
393.00 186.00 79.00 54.00
396.00 185.00 79.00 54.00
400.00 185.00 79.00 54.00
403.00 186.00 79.00 54.00
405.00 186.00 79.00 54.00
408.00 187.00 79.00 53.00
411.00 187.00 79.00 54.00
414.00 187.00 79.00 54.00
418.00 187.00 78.00 53.00
422.00 187.00 78.00 53.00
427.00 187.00 78.00 53.00
430.00 188.00 78.00 53.00
434.00 188.00 78.00 53.00
437.00 189.00 79.00 54.00
440.00 189.00 78.00 53.00
443.00 190.00 78.00 53.00
447.00 190.00 78.00 53.00
450.00 190.00 77.00 52.00
454.00 191.00 78.00 53.00
458.00 191.00 78.00 53.00
462.00 191.00 78.00 53.00
466.00 192.00 78.00 53.00
469.00 194.00 78.00 53.00
473.00 195.00 77.00 52.00
475.00 195.00 76.00 52.00
478.00 197.00 76.00 51.00
481.00 196.00 75.00 51.00
483.00 197.00 75.00 51.00
487.00 197.00 75.00 51.00
491.00 199.00 74.00 50.00
496.00 201.00 75.00 51.00
500.00 202.00 75.00 51.00
504.00 203.00 75.00 51.00
507.00 204.00 75.00 51.00
509.00 207.00 75.00 51.00
510.00 207.00 74.00 50.00
511.00 209.00 73.00 50.00
514.00 210.00 73.00 50.00
517.00 211.00 73.00 50.00
522.00 212.00 74.00 50.00
527.00 214.00 75.00 51.00
531.00 216.00 75.00 51.00
535.00 218.00 75.00 51.00
538.00 219.00 75.00 51.00
540.00 221.00 74.00 50.00
541.00 221.00 74.00 50.00
542.00 223.00 73.00 50.00
542.00 224.00 72.00 49.00
544.00 225.00 73.00 49.00
546.00 225.00 73.00 50.00
551.00 226.00 73.00 50.00
556.00 228.00 73.00 50.00
560.00 229.00 74.00 50.00
562.00 231.00 74.00 50.00
564.00 232.00 74.00 50.00
564.00 233.00 74.00 51.00
565.00 235.00 74.00 50.00
564.00 235.00 74.00 50.00
564.00 236.00 74.00 50.00
563.00 236.00 75.00 51.00
563.00 236.00 75.00 51.00
564.00 236.00 75.00 51.00
564.00 236.00 75.00 51.00
565.00 236.00 75.00 51.00
566.00 237.00 75.00 51.00
567.00 237.00 76.00 51.00
567.00 237.00 76.00 52.00
567.00 238.00 77.00 52.00
568.00 239.00 78.00 53.00
568.00 239.00 78.00 53.00
567.00 240.00 79.00 53.00
567.00 240.00 80.00 54.00
566.00 240.00 80.00 55.00
565.00 241.00 80.00 54.00
564.00 242.00 80.00 54.00
563.00 243.00 80.00 54.00
563.00 243.00 80.00 55.00
562.00 243.00 80.00 54.00
562.00 244.00 80.00 54.00
561.00 243.00 80.00 55.00
560.00 244.00 80.00 54.00
559.00 244.00 80.00 54.00
558.00 244.00 80.00 55.00
559.00 245.00 81.00 55.00
561.00 246.00 81.00 55.00
562.00 248.00 82.00 56.00
563.00 250.00 82.00 56.00
562.00 252.00 81.00 55.00
561.00 254.00 81.00 55.00
550.00 248.00 81.00 55.00
538.00 232.00 81.00 55.00
539.00 233.00 82.00 56.00
539.00 234.00 82.00 56.00
538.00 235.00 82.00 56.00
538.00 236.00 82.00 56.00
537.00 236.00 83.00 56.00
537.00 237.00 83.00 57.00
537.00 239.00 84.00 57.00
538.00 238.00 84.00 57.00
527.00 279.00 83.00 57.00
526.00 256.00 84.00 57.00
539.00 266.00 84.00 57.00
532.00 260.00 85.00 58.00
530.00 260.00 86.00 58.00
531.00 263.00 86.00 58.00
530.00 266.00 87.00 59.00
528.00 268.00 89.00 60.00
524.00 271.00 89.00 61.00
523.00 270.00 90.00 61.00
519.00 270.00 90.00 61.00
517.00 270.00 90.00 61.00
517.00 272.00 89.00 61.00
507.00 261.00 89.00 61.00
506.00 261.00 89.00 60.00
504.00 261.00 89.00 60.00
503.00 263.00 88.00 60.00
502.00 264.00 89.00 60.00
500.00 265.00 88.00 60.00
499.00 264.00 88.00 60.00
495.00 261.00 88.00 60.00
493.00 260.00 87.00 59.00
492.00 261.00 87.00 59.00
492.00 262.00 88.00 60.00
490.00 262.00 88.00 60.00
488.00 263.00 89.00 61.00
487.00 264.00 90.00 61.00
486.00 264.00 91.00 62.00
485.00 264.00 92.00 62.00
483.00 264.00 93.00 63.00
480.00 263.00 93.00 63.00
478.00 264.00 93.00 63.00
476.00 263.00 93.00 63.00
474.00 263.00 93.00 63.00
472.00 264.00 92.00 63.00
471.00 264.00 92.00 62.00
469.00 264.00 91.00 62.00
468.00 265.00 91.00 62.00
467.00 265.00 91.00 62.00
465.00 266.00 92.00 62.00
463.00 265.00 93.00 63.00
462.00 265.00 93.00 63.00
460.00 265.00 93.00 63.00
457.00 266.00 92.00 62.00
452.00 267.00 91.00 62.00
448.00 267.00 91.00 62.00
446.00 268.00 90.00 61.00
443.00 267.00 88.00 60.00
442.00 267.00 87.00 59.00
439.00 266.00 86.00 58.00
438.00 265.00 85.00 57.00
437.00 265.00 83.00 57.00
436.00 265.00 82.00 56.00
435.00 264.00 81.00 55.00
434.00 264.00 80.00 54.00
432.00 263.00 79.00 54.00
431.00 263.00 79.00 53.00
430.00 263.00 79.00 53.00
429.00 263.00 78.00 53.00
428.00 263.00 78.00 53.00
427.00 263.00 78.00 53.00
426.00 263.00 78.00 53.00
424.00 263.00 78.00 53.00
422.00 263.00 78.00 53.00
422.00 264.00 78.00 53.00
420.00 265.00 78.00 53.00
418.00 264.00 77.00 53.00
418.00 263.00 77.00 53.00
417.00 262.00 77.00 52.00
418.00 261.00 77.00 52.00
418.00 261.00 77.00 52.00
426.00 262.00 79.00 53.00
426.00 262.00 80.00 55.00
425.00 267.00 81.00 55.00
422.00 272.00 82.00 56.00
408.00 260.00 82.00 55.00
407.00 261.00 81.00 55.00
405.00 262.00 81.00 55.00
404.00 262.00 82.00 55.00
403.00 262.00 82.00 55.00
401.00 262.00 82.00 56.00
399.00 261.00 82.00 55.00
398.00 262.00 82.00 55.00
396.00 262.00 82.00 56.00
394.00 262.00 82.00 56.00
393.00 262.00 83.00 56.00
391.00 263.00 83.00 56.00
390.00 263.00 83.00 56.00
389.00 262.00 82.00 56.00
388.00 263.00 81.00 55.00
386.00 263.00 81.00 55.00
385.00 263.00 81.00 55.00
382.00 263.00 81.00 55.00
381.00 264.00 82.00 55.00
380.00 264.00 82.00 56.00
379.00 264.00 82.00 56.00
378.00 263.00 82.00 56.00
376.00 263.00 82.00 55.00
375.00 264.00 81.00 55.00
374.00 263.00 81.00 55.00
374.00 263.00 81.00 55.00
376.00 262.00 81.00 55.00
379.00 264.00 81.00 55.00
383.00 265.00 82.00 55.00
384.00 268.00 82.00 56.00
383.00 269.00 82.00 56.00
377.00 268.00 82.00 56.00
374.00 267.00 82.00 56.00
368.00 266.00 83.00 56.00
364.00 265.00 83.00 56.00
366.00 266.00 83.00 56.00
366.00 267.00 83.00 56.00
366.00 267.00 83.00 57.00
367.00 269.00 83.00 56.00
364.00 270.00 83.00 56.00
352.00 266.00 82.00 56.00
350.00 266.00 82.00 56.00
349.00 267.00 82.00 56.00
347.00 268.00 82.00 55.00
345.00 269.00 81.00 55.00
344.00 270.00 81.00 55.00
343.00 270.00 80.00 55.00
341.00 270.00 80.00 54.00
340.00 270.00 80.00 54.00
338.00 270.00 79.00 54.00
334.00 271.00 78.00 53.00
329.00 268.00 77.00 52.00
324.00 268.00 77.00 52.00
326.00 266.00 77.00 52.00
320.00 268.00 77.00 52.00
319.00 268.00 77.00 52.00
317.00 269.00 77.00 53.00
313.00 270.00 78.00 53.00
303.00 270.00 77.00 52.00
300.00 270.00 77.00 52.00
298.00 270.00 76.00 51.00
297.00 269.00 76.00 51.00
298.00 270.00 75.00 51.00
297.00 270.00 75.00 51.00
296.00 269.00 76.00 51.00
295.00 270.00 76.00 52.00
294.00 270.00 77.00 52.00
292.00 269.00 77.00 52.00
291.00 268.00 76.00 52.00
290.00 267.00 77.00 52.00
290.00 267.00 77.00 52.00
291.00 268.00 77.00 52.00
289.00 266.00 76.00 52.00
289.00 266.00 75.00 51.00
288.00 266.00 75.00 51.00
288.00 267.00 76.00 51.00
287.00 267.00 77.00 52.00
287.00 270.00 78.00 53.00
286.00 270.00 78.00 53.00
287.00 270.00 77.00 52.00
287.00 272.00 77.00 52.00
287.00 271.00 77.00 52.00
285.00 268.00 77.00 52.00
284.00 267.00 76.00 51.00
284.00 267.00 76.00 51.00
284.00 268.00 76.00 52.00
282.00 269.00 76.00 51.00
282.00 269.00 75.00 51.00
282.00 269.00 76.00 51.00
283.00 269.00 76.00 52.00
282.00 284.00 77.00 52.00
280.00 285.00 78.00 53.00
279.00 285.00 79.00 54.00
278.00 286.00 80.00 54.00
277.00 286.00 81.00 55.00
277.00 286.00 81.00 55.00
277.00 280.00 82.00 56.00
275.00 281.00 82.00 56.00
276.00 281.00 82.00 56.00
276.00 281.00 82.00 56.00
275.00 280.00 82.00 56.00
276.00 281.00 82.00 56.00
276.00 280.00 82.00 55.00
275.00 278.00 81.00 55.00
274.00 277.00 82.00 55.00
272.00 276.00 82.00 55.00
271.00 274.00 82.00 56.00
270.00 274.00 82.00 56.00
269.00 272.00 82.00 56.00
268.00 271.00 82.00 56.00
266.00 269.00 82.00 56.00
265.00 269.00 83.00 56.00
264.00 267.00 83.00 56.00
262.00 266.00 83.00 56.00
261.00 264.00 83.00 56.00
259.00 263.00 84.00 57.00
258.00 262.00 85.00 58.00
257.00 261.00 85.00 58.00
256.00 262.00 85.00 58.00
255.00 262.00 85.00 58.00
254.00 262.00 85.00 58.00
253.00 261.00 85.00 58.00
252.00 261.00 85.00 58.00
251.00 261.00 85.00 58.00
250.00 261.00 85.00 58.00
247.00 260.00 85.00 58.00
245.00 260.00 86.00 58.00
244.00 260.00 87.00 59.00
242.00 260.00 87.00 59.00
240.00 260.00 87.00 59.00
238.00 260.00 87.00 59.00
236.00 260.00 87.00 59.00
233.00 259.00 88.00 60.00
231.00 260.00 88.00 60.00
229.00 259.00 88.00 60.00
227.00 260.00 89.00 60.00
225.00 260.00 90.00 61.00
222.00 261.00 91.00 62.00
219.00 259.00 90.00 61.00
217.00 258.00 91.00 62.00
215.00 257.00 91.00 62.00
213.00 254.00 93.00 63.00
211.00 251.00 94.00 64.00
209.00 249.00 96.00 65.00
207.00 246.00 98.00 67.00
205.00 244.00 99.00 68.00
203.00 242.00 99.00 67.00
201.00 240.00 100.00 68.00
199.00 237.00 99.00 67.00
198.00 236.00 99.00 67.00
196.00 233.00 98.00 66.00
195.00 231.00 96.00 65.00
193.00 228.00 97.00 66.00
193.00 225.00 98.00 67.00
200.00 227.00 98.00 67.00
199.00 226.00 99.00 67.00
179.00 212.00 100.00 68.00
175.00 209.00 101.00 68.00
172.00 206.00 102.00 70.00
177.00 208.00 103.00 70.00
178.00 209.00 104.00 71.00
174.00 206.00 105.00 71.00
169.00 205.00 106.00 72.00
164.00 204.00 106.00 72.00
159.00 200.00 107.00 72.00
144.00 187.00 108.00 73.00
144.00 186.00 109.00 74.00
138.00 182.00 110.00 75.00
145.00 192.00 110.00 75.00
140.00 185.00 110.00 75.00
136.00 181.00 112.00 76.00
131.00 178.00 114.00 78.00
126.00 177.00 115.00 78.00
123.00 178.00 115.00 78.00
120.00 178.00 115.00 78.00
111.00 169.00 114.00 77.00
106.00 167.00 113.00 77.00
103.00 164.00 112.00 76.00
101.00 161.00 110.00 74.00
99.00 158.00 109.00 74.00
97.00 154.00 109.00 74.00
95.00 152.00 110.00 74.00
92.00 150.00 110.00 75.00
89.00 147.00 111.00 75.00
89.00 145.00 112.00 76.00
88.00 143.00 113.00 77.00
87.00 142.00 114.00 78.00
85.00 140.00 115.00 78.00
84.00 140.00 116.00 79.00
81.00 138.00 117.00 79.00
79.00 137.00 117.00 80.00
77.00 136.00 118.00 80.00
73.00 134.00 117.00 79.00
70.00 132.00 115.00 78.00
67.00 130.00 114.00 77.00
65.00 127.00 111.00 76.00
65.00 125.00 110.00 75.00
64.00 123.00 109.00 74.00
64.00 121.00 108.00 73.00
65.00 121.00 107.00 73.00
64.00 119.00 107.00 72.00
63.00 117.00 106.00 72.00
62.00 115.00 106.00 72.00
61.00 114.00 106.00 72.00
60.00 112.00 105.00 71.00
60.00 111.00 105.00 71.00
61.00 110.00 105.00 72.00
59.00 109.00 105.00 71.00
57.00 108.00 104.00 71.00
56.00 107.00 103.00 70.00
56.00 106.00 102.00 69.00
56.00 105.00 101.00 68.00
55.00 104.00 101.00 69.00
55.00 103.00 101.00 69.00
55.00 101.00 102.00 69.00
56.00 101.00 103.00 70.00
55.00 101.00 103.00 70.00
52.00 100.00 101.00 69.00
51.00 99.00 99.00 67.00
52.00 98.00 98.00 67.00
53.00 96.00 97.00 66.00
55.00 95.00 97.00 66.00
55.00 93.00 95.00 65.00
56.00 92.00 95.00 64.00
57.00 90.00 94.00 64.00
57.00 89.00 93.00 63.00
57.00 88.00 93.00 63.00
58.00 87.00 93.00 63.00
57.00 86.00 93.00 63.00
57.00 86.00 93.00 63.00
57.00 85.00 92.00 63.00
57.00 84.00 92.00 62.00
58.00 84.00 91.00 62.00
58.00 83.00 91.00 62.00
58.00 83.00 92.00 62.00
58.00 82.00 92.00 62.00
58.00 82.00 92.00 62.00
60.00 81.00 92.00 63.00
61.00 81.00 93.00 63.00
64.00 82.00 93.00 63.00
65.00 82.00 92.00 63.00
66.00 81.00 91.00 62.00
68.00 82.00 91.00 62.00
68.00 81.00 91.00 62.00
71.00 81.00 91.00 62.00
75.00 82.00 90.00 61.00
76.00 82.00 90.00 61.00
78.00 82.00 90.00 61.00
80.00 83.00 90.00 61.00
82.00 82.00 90.00 61.00
86.00 83.00 90.00 61.00
90.00 85.00 90.00 61.00
94.00 87.00 90.00 61.00
98.00 88.00 90.00 61.00
102.00 90.00 89.00 60.00
106.00 90.00 89.00 60.00
109.00 91.00 89.00 60.00
112.00 93.00 89.00 60.00
116.00 94.00 89.00 60.00
119.00 95.00 89.00 60.00
121.00 94.00 89.00 60.00
123.00 95.00 88.00 60.00
126.00 96.00 88.00 60.00
130.00 96.00 88.00 60.00
134.00 96.00 88.00 60.00
138.00 97.00 88.00 59.00
143.00 97.00 88.00 60.00
146.00 97.00 88.00 59.00
148.00 97.00 88.00 60.00
150.00 97.00 87.00 59.00
154.00 97.00 87.00 59.00
158.00 97.00 87.00 59.00
163.00 97.00 88.00 59.00
168.00 98.00 88.00 60.00
171.00 98.00 89.00 60.00
174.00 99.00 89.00 61.00
177.00 99.00 89.00 60.00
181.00 99.00 89.00 61.00
185.00 100.00 90.00 61.00
190.00 101.00 90.00 61.00
192.00 101.00 89.00 61.00
196.00 101.00 89.00 61.00
200.00 102.00 89.00 60.00
205.00 103.00 89.00 60.00
208.00 104.00 89.00 60.00
212.00 105.00 89.00 60.00
217.00 106.00 88.00 60.00
222.00 108.00 87.00 59.00
227.00 109.00 88.00 59.00
231.00 111.00 88.00 60.00
236.00 113.00 88.00 60.00
239.00 114.00 89.00 60.00
243.00 116.00 89.00 60.00
248.00 118.00 88.00 60.00
254.00 120.00 87.00 59.00
259.00 121.00 87.00 59.00
264.00 122.00 88.00 60.00
269.00 123.00 88.00 60.00
273.00 124.00 89.00 60.00
279.00 124.00 88.00 60.00
285.00 125.00 88.00 60.00
290.00 124.00 88.00 60.00
294.00 122.00 89.00 60.00
300.00 120.00 88.00 60.00
306.00 119.00 88.00 60.00
311.00 116.00 88.00 60.00
316.00 114.00 89.00 60.00
319.00 111.00 88.00 60.00
324.00 109.00 88.00 60.00
329.00 106.00 87.00 59.00
334.00 103.00 86.00 59.00
340.00 98.00 86.00 59.00
343.00 95.00 86.00 59.00
348.00 92.00 86.00 58.00
351.00 89.00 86.00 58.00
355.00 87.00 86.00 58.00
357.00 84.00 86.00 58.00
359.00 81.00 86.00 58.00
362.00 79.00 86.00 58.00
365.00 77.00 86.00 58.00
368.00 74.00 85.00 58.00
371.00 73.00 85.00 58.00
373.00 71.00 85.00 58.00
374.00 69.00 86.00 58.00
375.00 67.00 86.00 58.00
377.00 65.00 86.00 58.00
378.00 64.00 86.00 58.00
378.00 63.00 86.00 58.00
378.00 63.00 86.00 58.00
378.00 63.00 87.00 59.00
377.00 62.00 87.00 59.00
377.00 62.00 87.00 59.00
378.00 62.00 87.00 59.00
379.00 62.00 87.00 59.00
380.00 63.00 88.00 60.00
379.00 63.00 89.00 60.00
378.00 63.00 89.00 60.00
377.00 63.00 89.00 60.00
379.00 63.00 89.00 61.00
379.00 62.00 89.00 60.00
381.00 62.00 89.00 60.00
382.00 61.00 89.00 60.00
384.00 61.00 88.00 59.00
386.00 62.00 87.00 59.00
386.00 62.00 85.00 58.00
387.00 62.00 85.00 58.00
389.00 62.00 85.00 57.00
391.00 61.00 85.00 58.00
391.00 62.00 85.00 58.00
391.00 64.00 85.00 58.00
391.00 65.00 85.00 58.00
392.00 64.00 86.00 58.00
391.00 64.00 87.00 59.00
391.00 65.00 88.00 60.00
390.00 66.00 88.00 60.00
390.00 67.00 88.00 60.00
389.00 68.00 88.00 60.00
390.00 68.00 87.00 59.00
391.00 66.00 88.00 60.00
391.00 66.00 88.00 60.00
391.00 65.00 88.00 60.00
391.00 65.00 88.00 60.00
389.00 65.00 89.00 60.00
