606.00 407.00 204.00 185.00
605.00 408.00 205.00 186.00
603.00 408.00 204.00 185.00
601.00 411.00 207.00 187.00
595.00 408.00 212.00 192.00
591.00 410.00 215.00 195.00
581.00 410.00 214.00 194.00
575.00 412.00 212.00 192.00
566.00 410.00 210.00 191.00
558.00 405.00 214.00 194.00
549.00 400.00 216.00 196.00
540.00 395.00 213.00 193.00
535.00 394.00 212.00 192.00
528.00 392.00 212.00 192.00
522.00 390.00 212.00 192.00
517.00 389.00 209.00 190.00
512.00 387.00 208.00 189.00
509.00 388.00 207.00 188.00
509.00 391.00 204.00 185.00
507.00 394.00 201.00 183.00
501.00 396.00 199.00 181.00
499.00 400.00 196.00 178.00
493.00 404.00 195.00 177.00
488.00 409.00 192.00 174.00
480.00 412.00 191.00 173.00
478.00 419.00 189.00 172.00
473.00 424.00 186.00 169.00
472.00 431.00 185.00 168.00
471.00 435.00 185.00 168.00
470.00 438.00 185.00 168.00
472.00 439.00 184.00 167.00
472.00 435.00 185.00 168.00
475.00 433.00 183.00 166.00
474.00 426.00 184.00 166.00
476.00 420.00 183.00 166.00
475.00 410.00 183.00 166.00
473.00 404.00 185.00 168.00
472.00 399.00 185.00 168.00
472.00 391.00 186.00 168.00
473.00 385.00 184.00 166.00
477.00 381.00 184.00 167.00
477.00 377.00 185.00 168.00
481.00 378.00 186.00 169.00
482.00 377.00 187.00 170.00
484.00 374.00 186.00 169.00
485.00 370.00 187.00 170.00
486.00 366.00 187.00 169.00
489.00 368.00 187.00 169.00
491.00 369.00 187.00 170.00
493.00 371.00 187.00 170.00
497.00 369.00 189.00 171.00
507.00 366.00 190.00 172.00
519.00 362.00 192.00 174.00
530.00 355.00 192.00 174.00
537.00 347.00 193.00 175.00
545.00 341.00 194.00 176.00
550.00 336.00 195.00 177.00
555.00 318.00 196.00 178.00
560.00 311.00 195.00 177.00
562.00 312.00 194.00 176.00
574.00 328.00 194.00 176.00
573.00 330.00 195.00 176.00
577.00 340.00 196.00 177.00
582.00 353.00 196.00 178.00
587.00 364.00 198.00 179.00
591.00 371.00 201.00 182.00
594.00 373.00 203.00 184.00
595.00 369.00 205.00 186.00
594.00 361.00 208.00 189.00
593.00 354.00 209.00 189.00
595.00 344.00 210.00 191.00
595.00 334.00 211.00 191.00
595.00 324.00 210.00 190.00
595.00 319.00 209.00 190.00
597.00 316.00 209.00 189.00
597.00 314.00 208.00 189.00
596.00 315.00 206.00 187.00
596.00 321.00 204.00 185.00
599.00 331.00 202.00 183.00
601.00 339.00 201.00 182.00
603.00 346.00 199.00 181.00
607.00 352.00 197.00 179.00
601.00 365.00 196.00 177.00
602.00 366.00 194.00 176.00
603.00 366.00 193.00 175.00
600.00 372.00 193.00 175.00
597.00 368.00 192.00 174.00
596.00 363.00 192.00 174.00
595.00 362.00 191.00 173.00
594.00 362.00 191.00 173.00
593.00 361.00 191.00 173.00
591.00 361.00 189.00 172.00
589.00 363.00 188.00 171.00
584.00 365.00 188.00 170.00
580.00 368.00 187.00 170.00
577.00 371.00 186.00 168.00
574.00 374.00 183.00 166.00
573.00 380.00 181.00 165.00
569.00 384.00 180.00 164.00
568.00 389.00 180.00 164.00
566.00 394.00 180.00 164.00
564.00 397.00 180.00 163.00
562.00 400.00 180.00 163.00
560.00 400.00 179.00 162.00
560.00 405.00 179.00 162.00
561.00 408.00 179.00 162.00
562.00 410.00 179.00 162.00
563.00 412.00 179.00 162.00
563.00 416.00 179.00 162.00
564.00 418.00 179.00 163.00
564.00 418.00 180.00 163.00
567.00 422.00 181.00 164.00
567.00 422.00 182.00 165.00
566.00 426.00 182.00 165.00
568.00 426.00 182.00 165.00
568.00 425.00 182.00 165.00
567.00 421.00 183.00 166.00
567.00 418.00 183.00 166.00
567.00 410.00 183.00 166.00
569.00 399.00 183.00 166.00
570.00 386.00 184.00 167.00
571.00 371.00 185.00 168.00
574.00 356.00 187.00 169.00
576.00 343.00 187.00 170.00
577.00 334.00 187.00 170.00
578.00 332.00 187.00 170.00
579.00 333.00 187.00 170.00
584.00 337.00 186.00 168.00
585.00 345.00 185.00 168.00
584.00 356.00 186.00 169.00
579.00 361.00 186.00 169.00
579.00 366.00 187.00 170.00
576.00 368.00 187.00 170.00
574.00 370.00 187.00 170.00
573.00 371.00 187.00 169.00
573.00 375.00 186.00 169.00
573.00 375.00 186.00 169.00
571.00 375.00 186.00 169.00
569.00 379.00 186.00 169.00
568.00 384.00 188.00 170.00
565.00 385.00 189.00 171.00
565.00 390.00 189.00 171.00
564.00 396.00 189.00 172.00
563.00 399.00 190.00 172.00
565.00 402.00 191.00 173.00
566.00 400.00 191.00 173.00
571.00 401.00 192.00 174.00
575.00 396.00 194.00 176.00
580.00 390.00 196.00 178.00
589.00 382.00 198.00 179.00
596.00 371.00 199.00 180.00
606.00 358.00 198.00 180.00
617.00 345.00 200.00 181.00
632.00 332.00 200.00 182.00
647.00 323.00 201.00 182.00
662.00 321.00 203.00 184.00
676.00 321.00 203.00 184.00
689.00 325.00 204.00 185.00
714.00 333.00 204.00 185.00
735.00 340.00 205.00 186.00
751.00 345.00 204.00 185.00
759.00 349.00 205.00 186.00
796.00 360.00 206.00 186.00
806.00 362.00 206.00 187.00
811.00 360.00 206.00 187.00
783.00 333.00 205.00 186.00
737.00 377.00 205.00 186.00
736.00 372.00 205.00 186.00
733.00 366.00 204.00 185.00
720.00 356.00 203.00 184.00
688.00 336.00 206.00 187.00
679.00 322.00 207.00 188.00
665.00 308.00 207.00 188.00
647.00 306.00 205.00 186.00
626.00 304.00 206.00 187.00
622.00 304.00 205.00 186.00
615.00 312.00 204.00 185.00
611.00 321.00 203.00 184.00
602.00 330.00 202.00 183.00
592.00 339.00 199.00 180.00
597.00 345.00 196.00 178.00
597.00 347.00 195.00 177.00
592.00 349.00 193.00 175.00
574.00 361.00 194.00 176.00
579.00 353.00 193.00 175.00
573.00 355.00 191.00 173.00
566.00 356.00 190.00 172.00
555.00 358.00 190.00 172.00
546.00 352.00 190.00 172.00
538.00 349.00 190.00 172.00
533.00 345.00 189.00 171.00
581.00 319.00 188.00 171.00
582.00 320.00 188.00 170.00
574.00 314.00 186.00 169.00
573.00 313.00 184.00 167.00
572.00 317.00 184.00 167.00
571.00 316.00 184.00 167.00
574.00 317.00 183.00 166.00
572.00 316.00 183.00 166.00
576.00 318.00 183.00 166.00
577.00 319.00 184.00 167.00
520.00 348.00 184.00 167.00
516.00 353.00 185.00 168.00
591.00 340.00 184.00 167.00
598.00 348.00 184.00 167.00
600.00 359.00 185.00 167.00
600.00 363.00 185.00 168.00
605.00 372.00 186.00 168.00
612.00 373.00 187.00 169.00
611.00 377.00 187.00 169.00
611.00 375.00 186.00 169.00
613.00 368.00 186.00 169.00
614.00 359.00 186.00 169.00
613.00 348.00 186.00 169.00
611.00 338.00 186.00 169.00
610.00 331.00 186.00 169.00
607.00 321.00 187.00 169.00
603.00 314.00 188.00 170.00
598.00 308.00 189.00 171.00
595.00 305.00 189.00 171.00
591.00 304.00 189.00 171.00
586.00 303.00 189.00 171.00
581.00 305.00 189.00 171.00
577.00 311.00 189.00 171.00
575.00 316.00 189.00 171.00
573.00 323.00 189.00 171.00
573.00 331.00 189.00 171.00
571.00 341.00 188.00 171.00
575.00 349.00 188.00 170.00
574.00 357.00 187.00 169.00
569.00 365.00 187.00 170.00
563.00 367.00 185.00 168.00
558.00 374.00 183.00 166.00
550.00 376.00 182.00 165.00
546.00 381.00 181.00 164.00
539.00 381.00 180.00 163.00
536.00 379.00 180.00 163.00
533.00 373.00 180.00 163.00
531.00 371.00 180.00 164.00
530.00 365.00 181.00 164.00
528.00 359.00 181.00 164.00
529.00 352.00 180.00 163.00
530.00 344.00 180.00 163.00
530.00 338.00 179.00 162.00
532.00 338.00 179.00 162.00
530.00 336.00 179.00 162.00
529.00 337.00 179.00 162.00
526.00 341.00 178.00 161.00
523.00 346.00 177.00 160.00
526.00 356.00 178.00 161.00
525.00 358.00 178.00 162.00
527.00 359.00 179.00 162.00
530.00 357.00 180.00 163.00
529.00 350.00 181.00 164.00
533.00 346.00 181.00 164.00
534.00 335.00 182.00 165.00
537.00 328.00 183.00 166.00
537.00 320.00 183.00 166.00
549.00 319.00 185.00 167.00
542.00 307.00 186.00 168.00
549.00 311.00 186.00 169.00
556.00 310.00 187.00 169.00
557.00 308.00 185.00 168.00
560.00 313.00 187.00 169.00
560.00 315.00 187.00 170.00
558.00 315.00 186.00 169.00
554.00 318.00 186.00 169.00
551.00 319.00 185.00 167.00
548.00 320.00 185.00 168.00
550.00 323.00 185.00 168.00
555.00 330.00 185.00 168.00
557.00 336.00 185.00 167.00
561.00 337.00 184.00 167.00
566.00 340.00 184.00 167.00
569.00 342.00 185.00 167.00
571.00 344.00 184.00 167.00
574.00 346.00 184.00 167.00
579.00 350.00 184.00 167.00
584.00 354.00 182.00 165.00
596.00 358.00 180.00 164.00
644.00 425.00 183.00 166.00
610.00 354.00 182.00 165.00
621.00 354.00 182.00 165.00
627.00 352.00 184.00 167.00
631.00 347.00 186.00 168.00
636.00 346.00 187.00 169.00
642.00 344.00 188.00 170.00
644.00 342.00 188.00 170.00
648.00 341.00 187.00 170.00
649.00 341.00 187.00 170.00
652.00 343.00 188.00 170.00
654.00 343.00 188.00 171.00
659.00 350.00 188.00 171.00
660.00 359.00 187.00 170.00
660.00 366.00 187.00 170.00
660.00 366.00 187.00 170.00
660.00 369.00 188.00 170.00
660.00 370.00 187.00 169.00
664.00 371.00 186.00 168.00
664.00 369.00 184.00 167.00
666.00 368.00 184.00 167.00
669.00 371.00 183.00 166.00
672.00 373.00 183.00 166.00
670.00 371.00 181.00 164.00
668.00 371.00 181.00 164.00
666.00 372.00 181.00 165.00
664.00 373.00 182.00 165.00
663.00 374.00 183.00 166.00
662.00 373.00 185.00 168.00
659.00 374.00 186.00 168.00
653.00 375.00 187.00 170.00
648.00 378.00 188.00 170.00
644.00 382.00 189.00 172.00
