571.00 291.00 34.00 81.00
571.00 293.00 34.00 81.00
571.00 292.00 34.00 81.00
571.00 290.00 34.00 81.00
571.00 289.00 34.00 82.00
570.00 288.00 35.00 83.00
569.00 288.00 35.00 83.00
568.00 287.00 35.00 83.00
567.00 283.00 35.00 83.00
566.00 280.00 35.00 84.00
564.00 279.00 35.00 83.00
564.00 279.00 35.00 83.00
569.00 279.00 34.00 82.00
566.00 281.00 34.00 81.00
565.00 283.00 33.00 79.00
564.00 284.00 33.00 78.00
564.00 285.00 32.00 77.00
558.00 286.00 32.00 76.00
555.00 289.00 32.00 76.00
550.00 292.00 32.00 75.00
548.00 294.00 32.00 76.00
544.00 293.00 32.00 76.00
542.00 294.00 32.00 77.00
541.00 297.00 32.00 77.00
539.00 300.00 33.00 78.00
539.00 302.00 33.00 80.00
539.00 301.00 34.00 81.00
538.00 300.00 34.00 81.00
536.00 299.00 34.00 82.00
534.00 298.00 35.00 83.00
534.00 300.00 35.00 83.00
532.00 301.00 35.00 84.00
531.00 301.00 35.00 84.00
531.00 299.00 36.00 85.00
531.00 298.00 36.00 85.00
532.00 297.00 35.00 84.00
533.00 298.00 35.00 84.00
533.00 298.00 36.00 85.00
534.00 296.00 36.00 85.00
536.00 294.00 36.00 85.00
538.00 292.00 36.00 85.00
538.00 291.00 36.00 85.00
541.00 291.00 35.00 84.00
545.00 291.00 35.00 83.00
546.00 293.00 34.00 81.00
535.00 306.00 35.00 82.00
533.00 306.00 34.00 81.00
549.00 293.00 34.00 80.00
549.00 295.00 33.00 79.00
546.00 298.00 33.00 79.00
546.00 300.00 33.00 79.00
545.00 302.00 33.00 79.00
545.00 302.00 33.00 79.00
546.00 301.00 34.00 80.00
549.00 305.00 34.00 81.00
549.00 308.00 34.00 82.00
553.00 308.00 34.00 82.00
556.00 307.00 35.00 83.00
556.00 307.00 35.00 83.00
555.00 306.00 35.00 84.00
556.00 309.00 35.00 84.00
555.00 310.00 35.00 85.00
554.00 311.00 36.00 85.00
553.00 308.00 36.00 85.00
553.00 306.00 36.00 85.00
552.00 305.00 36.00 86.00
551.00 305.00 36.00 86.00
548.00 304.00 36.00 86.00
547.00 299.00 36.00 86.00
547.00 296.00 36.00 86.00
546.00 294.00 36.00 86.00
543.00 292.00 36.00 86.00
548.00 292.00 36.00 85.00
548.00 298.00 35.00 84.00
545.00 297.00 35.00 83.00
533.00 310.00 35.00 83.00
545.00 299.00 35.00 82.00
545.00 302.00 34.00 82.00
544.00 304.00 34.00 82.00
543.00 308.00 34.00 82.00
539.00 311.00 34.00 82.00
539.00 312.00 35.00 82.00
539.00 312.00 35.00 82.00
543.00 315.00 35.00 83.00
544.00 319.00 35.00 83.00
545.00 321.00 35.00 84.00
549.00 321.00 35.00 84.00
549.00 322.00 36.00 85.00
550.00 324.00 35.00 84.00
550.00 327.00 35.00 85.00
551.00 331.00 35.00 85.00
551.00 333.00 36.00 85.00
551.00 332.00 36.00 85.00
551.00 331.00 36.00 86.00
552.00 330.00 36.00 86.00
552.00 330.00 36.00 85.00
552.00 331.00 36.00 85.00
553.00 330.00 36.00 85.00
555.00 327.00 36.00 85.00
556.00 326.00 35.00 84.00
556.00 326.00 35.00 83.00
555.00 326.00 34.00 82.00
563.00 326.00 34.00 81.00
564.00 328.00 34.00 80.00
564.00 329.00 33.00 79.00
565.00 330.00 33.00 79.00
566.00 331.00 33.00 78.00
566.00 333.00 33.00 78.00
566.00 336.00 33.00 79.00
564.00 337.00 33.00 80.00
565.00 338.00 34.00 80.00
567.00 338.00 34.00 80.00
571.00 339.00 34.00 81.00
574.00 342.00 34.00 82.00
575.00 343.00 35.00 83.00
582.00 343.00 35.00 84.00
584.00 341.00 36.00 85.00
587.00 340.00 36.00 86.00
588.00 340.00 36.00 85.00
590.00 342.00 36.00 85.00
593.00 343.00 36.00 85.00
594.00 341.00 36.00 85.00
596.00 338.00 36.00 85.00
598.00 335.00 36.00 85.00
599.00 333.00 36.00 85.00
599.00 331.00 36.00 86.00
598.00 327.00 36.00 86.00
599.00 322.00 36.00 86.00
601.00 318.00 36.00 85.00
601.00 316.00 35.00 84.00
601.00 314.00 35.00 83.00
593.00 331.00 35.00 83.00
610.00 313.00 34.00 80.00
607.00 312.00 33.00 80.00
605.00 310.00 33.00 79.00
607.00 309.00 33.00 78.00
605.00 309.00 33.00 78.00
603.00 311.00 33.00 78.00
600.00 311.00 33.00 78.00
599.00 312.00 33.00 79.00
597.00 311.00 33.00 79.00
597.00 310.00 33.00 79.00
598.00 310.00 34.00 80.00
597.00 312.00 34.00 81.00
597.00 311.00 35.00 82.00
599.00 311.00 35.00 84.00
600.00 310.00 35.00 84.00
599.00 309.00 35.00 84.00
600.00 310.00 35.00 84.00
600.00 313.00 35.00 84.00
599.00 314.00 35.00 84.00
598.00 311.00 35.00 84.00
600.00 310.00 35.00 84.00
599.00 308.00 35.00 84.00
599.00 308.00 35.00 84.00
598.00 307.00 35.00 84.00
597.00 303.00 35.00 83.00
597.00 299.00 35.00 82.00
597.00 296.00 34.00 81.00
594.00 295.00 33.00 80.00
592.00 293.00 33.00 79.00
604.00 290.00 33.00 78.00
601.00 292.00 32.00 76.00
600.00 292.00 31.00 75.00
598.00 291.00 31.00 74.00
596.00 292.00 31.00 74.00
595.00 293.00 31.00 74.00
593.00 295.00 31.00 74.00
591.00 297.00 31.00 74.00
590.00 299.00 31.00 75.00
591.00 298.00 32.00 75.00
595.00 300.00 32.00 76.00
596.00 302.00 32.00 76.00
599.00 305.00 32.00 77.00
605.00 306.00 33.00 78.00
610.00 307.00 33.00 78.00
613.00 309.00 32.00 77.00
617.00 311.00 32.00 76.00
621.00 315.00 32.00 76.00
625.00 318.00 32.00 76.00
627.00 318.00 32.00 77.00
631.00 319.00 32.00 77.00
634.00 319.00 32.00 77.00
637.00 320.00 32.00 77.00
638.00 321.00 32.00 77.00
640.00 322.00 32.00 77.00
643.00 321.00 32.00 76.00
646.00 321.00 31.00 74.00
646.00 322.00 31.00 73.00
647.00 323.00 30.00 71.00
647.00 324.00 29.00 70.00
641.00 342.00 29.00 69.00
633.00 346.00 29.00 70.00
654.00 344.00 29.00 69.00
660.00 331.00 29.00 69.00
656.00 333.00 29.00 70.00
656.00 336.00 29.00 70.00
653.00 337.00 29.00 70.00
653.00 339.00 30.00 70.00
652.00 337.00 30.00 71.00
654.00 337.00 30.00 71.00
654.00 338.00 30.00 71.00
655.00 339.00 30.00 72.00
657.00 338.00 31.00 73.00
658.00 337.00 31.00 73.00
657.00 335.00 31.00 73.00
656.00 334.00 30.00 73.00
656.00 334.00 30.00 73.00
655.00 335.00 30.00 72.00
654.00 333.00 30.00 73.00
655.00 330.00 31.00 73.00
656.00 328.00 31.00 73.00
656.00 326.00 31.00 73.00
657.00 325.00 31.00 73.00
656.00 325.00 31.00 73.00
658.00 324.00 31.00 73.00
661.00 322.00 30.00 72.00
662.00 322.00 30.00 72.00
664.00 322.00 30.00 72.00
665.00 323.00 30.00 72.00
667.00 323.00 30.00 71.00
669.00 324.00 30.00 71.00
684.00 327.00 30.00 71.00
685.00 328.00 29.00 70.00
685.00 331.00 29.00 69.00
687.00 335.00 28.00 68.00
689.00 338.00 28.00 68.00
691.00 343.00 28.00 67.00
692.00 345.00 28.00 67.00
694.00 346.00 28.00 68.00
698.00 348.00 29.00 68.00
701.00 352.00 29.00 69.00
701.00 354.00 29.00 69.00
704.00 354.00 29.00 69.00
707.00 355.00 29.00 69.00
706.00 355.00 29.00 68.00
706.00 356.00 29.00 68.00
705.00 356.00 29.00 68.00
705.00 358.00 29.00 68.00
704.00 358.00 29.00 69.00
702.00 357.00 29.00 69.00
702.00 356.00 29.00 68.00
701.00 356.00 29.00 68.00
700.00 357.00 29.00 68.00
699.00 357.00 29.00 68.00
698.00 356.00 28.00 67.00
698.00 355.00 28.00 67.00
696.00 355.00 28.00 66.00
694.00 356.00 27.00 65.00
693.00 357.00 27.00 64.00
692.00 358.00 27.00 64.00
691.00 361.00 27.00 64.00
689.00 363.00 27.00 63.00
700.00 365.00 27.00 63.00
698.00 373.00 27.00 63.00
690.00 372.00 26.00 63.00
691.00 375.00 26.00 63.00
688.00 379.00 26.00 62.00
686.00 381.00 26.00 62.00
686.00 383.00 26.00 62.00
686.00 385.00 26.00 62.00
686.00 387.00 26.00 63.00
685.00 390.00 27.00 64.00
688.00 390.00 27.00 64.00
689.00 390.00 27.00 64.00
690.00 392.00 27.00 64.00
688.00 394.00 27.00 64.00
688.00 395.00 27.00 64.00
689.00 397.00 27.00 64.00
689.00 398.00 27.00 65.00
689.00 397.00 27.00 65.00
690.00 397.00 27.00 64.00
691.00 398.00 27.00 65.00
691.00 399.00 27.00 65.00
691.00 400.00 27.00 65.00
691.00 399.00 27.00 64.00
691.00 397.00 26.00 63.00
692.00 396.00 26.00 62.00
691.00 396.00 26.00 61.00
689.00 394.00 25.00 60.00
689.00 394.00 25.00 60.00
688.00 394.00 24.00 58.00
688.00 394.00 24.00 57.00
687.00 394.00 24.00 57.00
697.00 404.00 24.00 57.00
690.00 397.00 24.00 57.00
690.00 397.00 24.00 57.00
695.00 397.00 24.00 57.00
695.00 398.00 24.00 57.00
695.00 398.00 24.00 57.00
696.00 398.00 24.00 58.00
699.00 397.00 25.00 59.00
702.00 398.00 25.00 59.00
705.00 399.00 25.00 59.00
708.00 397.00 25.00 59.00
715.00 403.00 25.00 60.00
717.00 402.00 26.00 61.00
713.00 417.00 26.00 62.00
715.00 418.00 26.00 62.00
712.00 408.00 26.00 62.00
