244.00 49.00 79.00 176.00
245.00 48.00 79.00 175.00
245.00 48.00 78.00 175.00
242.00 45.00 79.00 175.00
240.00 44.00 79.00 176.00
239.00 45.00 79.00 175.00
234.00 45.00 81.00 180.00
231.00 45.00 82.00 183.00
229.00 46.00 83.00 184.00
227.00 47.00 84.00 187.00
223.00 49.00 84.00 187.00
222.00 49.00 84.00 188.00
220.00 49.00 86.00 191.00
203.00 45.00 83.00 185.00
199.00 47.00 80.00 178.00
199.00 48.00 79.00 175.00
198.00 49.00 77.00 172.00
197.00 49.00 76.00 169.00
196.00 44.00 77.00 172.00
197.00 45.00 76.00 170.00
190.00 45.00 77.00 170.00
191.00 42.00 76.00 169.00
192.00 34.00 75.00 168.00
194.00 28.00 74.00 165.00
195.00 24.00 75.00 167.00
196.00 34.00 74.00 164.00
192.00 53.00 72.00 160.00
193.00 56.00 70.00 156.00
200.00 59.00 69.00 154.00
203.00 62.00 69.00 153.00
201.00 68.00 70.00 156.00
199.00 103.00 70.00 156.00
197.00 102.00 70.00 155.00
194.00 103.00 68.00 151.00
189.00 97.00 68.00 152.00
188.00 95.00 67.00 150.00
188.00 93.00 67.00 148.00
188.00 90.00 67.00 149.00
189.00 87.00 67.00 150.00
191.00 82.00 69.00 154.00
191.00 80.00 70.00 157.00
192.00 76.00 71.00 159.00
197.00 73.00 72.00 162.00
199.00 71.00 73.00 162.00
202.00 70.00 73.00 164.00
204.00 68.00 73.00 163.00
209.00 62.00 72.00 161.00
213.00 60.00 71.00 159.00
219.00 60.00 70.00 156.00
221.00 58.00 70.00 155.00
227.00 54.00 69.00 155.00
230.00 54.00 70.00 155.00
232.00 53.00 69.00 155.00
234.00 53.00 69.00 153.00
239.00 52.00 68.00 152.00
239.00 51.00 68.00 152.00
240.00 52.00 69.00 153.00
240.00 52.00 69.00 154.00
241.00 54.00 69.00 153.00
241.00 56.00 69.00 153.00
241.00 59.00 69.00 153.00
240.00 61.00 69.00 154.00
238.00 64.00 69.00 155.00
237.00 64.00 70.00 155.00
238.00 65.00 70.00 157.00
238.00 64.00 71.00 159.00
241.00 66.00 72.00 160.00
241.00 67.00 71.00 159.00
244.00 71.00 71.00 158.00
245.00 74.00 69.00 155.00
248.00 79.00 68.00 153.00
251.00 83.00 68.00 151.00
253.00 86.00 67.00 149.00
256.00 88.00 66.00 146.00
258.00 92.00 65.00 145.00
258.00 92.00 65.00 145.00
259.00 92.00 64.00 143.00
259.00 92.00 64.00 142.00
272.00 86.00 64.00 142.00
260.00 84.00 64.00 142.00
258.00 83.00 63.00 140.00
257.00 79.00 62.00 139.00
251.00 73.00 62.00 139.00
251.00 66.00 62.00 139.00
244.00 68.00 62.00 138.00
241.00 67.00 61.00 137.00
234.00 67.00 61.00 136.00
231.00 68.00 60.00 134.00
228.00 69.00 60.00 133.00
227.00 70.00 59.00 132.00
224.00 71.00 60.00 133.00
224.00 72.00 59.00 131.00
224.00 72.00 59.00 131.00
224.00 73.00 59.00 131.00
225.00 74.00 59.00 131.00
227.00 74.00 59.00 131.00
229.00 74.00 59.00 132.00
229.00 73.00 60.00 133.00
228.00 72.00 60.00 133.00
227.00 70.00 60.00 134.00
227.00 69.00 61.00 135.00
226.00 67.00 61.00 137.00
224.00 67.00 62.00 137.00
221.00 68.00 62.00 138.00
219.00 69.00 62.00 138.00
217.00 67.00 62.00 138.00
214.00 67.00 62.00 137.00
213.00 69.00 61.00 136.00
212.00 70.00 61.00 136.00
210.00 69.00 61.00 136.00
213.00 75.00 61.00 135.00
215.00 78.00 61.00 136.00
220.00 81.00 61.00 136.00
221.00 80.00 61.00 135.00
221.00 82.00 61.00 137.00
223.00 80.00 61.00 137.00
230.00 80.00 62.00 138.00
229.00 77.00 62.00 137.00
236.00 76.00 61.00 136.00
238.00 78.00 61.00 135.00
239.00 79.00 60.00 135.00
239.00 78.00 60.00 134.00
237.00 82.00 61.00 135.00
236.00 80.00 61.00 135.00
234.00 79.00 61.00 135.00
232.00 77.00 61.00 135.00
228.00 60.00 61.00 135.00
228.00 68.00 61.00 136.00
228.00 71.00 61.00 137.00
227.00 74.00 62.00 137.00
225.00 77.00 62.00 138.00
223.00 74.00 63.00 140.00
223.00 73.00 63.00 141.00
222.00 72.00 64.00 142.00
219.00 70.00 64.00 142.00
219.00 71.00 64.00 143.00
219.00 72.00 64.00 143.00
218.00 71.00 64.00 143.00
217.00 73.00 64.00 142.00
216.00 73.00 64.00 142.00
216.00 73.00 63.00 141.00
216.00 74.00 63.00 140.00
215.00 74.00 63.00 140.00
214.00 75.00 63.00 140.00
213.00 75.00 63.00 140.00
213.00 75.00 63.00 140.00
213.00 76.00 63.00 140.00
214.00 79.00 63.00 140.00
213.00 80.00 63.00 140.00
212.00 81.00 63.00 140.00
211.00 82.00 63.00 140.00
211.00 81.00 62.00 139.00
211.00 82.00 62.00 138.00
212.00 82.00 62.00 139.00
212.00 83.00 62.00 138.00
211.00 86.00 62.00 138.00
208.00 87.00 62.00 138.00
203.00 83.00 62.00 138.00
197.00 84.00 61.00 136.00
192.00 85.00 60.00 134.00
188.00 87.00 59.00 132.00
185.00 88.00 59.00 132.00
179.00 90.00 59.00 131.00
178.00 89.00 59.00 131.00
180.00 88.00 58.00 129.00
185.00 88.00 57.00 127.00
191.00 85.00 57.00 126.00
192.00 83.00 56.00 125.00
177.00 76.00 55.00 122.00
178.00 74.00 53.00 119.00
178.00 71.00 53.00 119.00
177.00 70.00 53.00 119.00
175.00 68.00 53.00 118.00
174.00 68.00 52.00 117.00
175.00 71.00 52.00 115.00
174.00 75.00 52.00 116.00
173.00 80.00 53.00 118.00
171.00 87.00 53.00 119.00
170.00 92.00 53.00 119.00
173.00 98.00 53.00 119.00
174.00 99.00 53.00 119.00
176.00 100.00 53.00 118.00
179.00 99.00 53.00 118.00
185.00 98.00 53.00 118.00
187.00 98.00 54.00 121.00
192.00 97.00 55.00 122.00
198.00 97.00 55.00 123.00
203.00 97.00 55.00 123.00
209.00 96.00 56.00 124.00
214.00 95.00 56.00 124.00
216.00 93.00 55.00 124.00
222.00 90.00 56.00 125.00
225.00 88.00 57.00 126.00
225.00 87.00 57.00 126.00
225.00 85.00 57.00 126.00
222.00 81.00 57.00 126.00
224.00 82.00 56.00 126.00
225.00 84.00 56.00 125.00
226.00 85.00 56.00 125.00
229.00 87.00 56.00 125.00
230.00 88.00 56.00 124.00
231.00 89.00 56.00 124.00
232.00 89.00 55.00 123.00
233.00 89.00 56.00 124.00
233.00 89.00 55.00 123.00
233.00 89.00 55.00 123.00
233.00 89.00 55.00 123.00
232.00 87.00 56.00 124.00
231.00 87.00 56.00 124.00
231.00 86.00 56.00 124.00
229.00 85.00 56.00 125.00
225.00 86.00 56.00 125.00
223.00 87.00 56.00 124.00
222.00 88.00 55.00 123.00
222.00 89.00 55.00 123.00
222.00 90.00 55.00 122.00
224.00 91.00 54.00 121.00
227.00 92.00 54.00 120.00
230.00 94.00 54.00 120.00
238.00 95.00 54.00 121.00
242.00 94.00 54.00 121.00
244.00 95.00 54.00 120.00
246.00 96.00 54.00 120.00
247.00 98.00 54.00 121.00
246.00 97.00 54.00 121.00
248.00 98.00 54.00 121.00
247.00 98.00 54.00 120.00
247.00 99.00 53.00 119.00
246.00 100.00 53.00 118.00
245.00 99.00 52.00 117.00
244.00 101.00 53.00 118.00
242.00 102.00 52.00 116.00
242.00 103.00 52.00 116.00
240.00 103.00 51.00 114.00
241.00 104.00 51.00 113.00
241.00 104.00 50.00 112.00
242.00 103.00 50.00 110.00
243.00 104.00 49.00 110.00
245.00 102.00 49.00 110.00
248.00 105.00 49.00 110.00
248.00 105.00 49.00 109.00
249.00 106.00 49.00 110.00
249.00 106.00 50.00 111.00
253.00 106.00 49.00 109.00
254.00 105.00 49.00 108.00
253.00 100.00 49.00 108.00
257.00 99.00 49.00 109.00
253.00 95.00 50.00 110.00
247.00 95.00 50.00 111.00
248.00 94.00 50.00 112.00
248.00 91.00 50.00 112.00
252.00 84.00 50.00 111.00
253.00 83.00 49.00 110.00
255.00 83.00 49.00 109.00
255.00 82.00 48.00 108.00
246.00 79.00 48.00 106.00
250.00 80.00 47.00 105.00
251.00 81.00 47.00 105.00
252.00 81.00 47.00 105.00
258.00 82.00 48.00 107.00
260.00 83.00 48.00 107.00
257.00 82.00 48.00 108.00
262.00 82.00 48.00 107.00
266.00 85.00 48.00 106.00
268.00 86.00 47.00 105.00
270.00 85.00 48.00 106.00
274.00 84.00 48.00 106.00
274.00 82.00 48.00 106.00
275.00 79.00 48.00 107.00
277.00 77.00 47.00 105.00
279.00 74.00 47.00 104.00
283.00 68.00 47.00 104.00
283.00 66.00 47.00 104.00
284.00 63.00 47.00 104.00
283.00 60.00 47.00 104.00
284.00 58.00 46.00 103.00
285.00 58.00 46.00 103.00
285.00 58.00 46.00 103.00
285.00 58.00 47.00 104.00
285.00 58.00 47.00 104.00
285.00 58.00 46.00 103.00
285.00 59.00 46.00 103.00
285.00 60.00 47.00 104.00
287.00 63.00 47.00 105.00
289.00 67.00 47.00 104.00
290.00 68.00 46.00 103.00
291.00 69.00 46.00 103.00
291.00 71.00 46.00 103.00
291.00 72.00 46.00 103.00
290.00 72.00 46.00 103.00
289.00 70.00 46.00 104.00
288.00 67.00 47.00 104.00
288.00 66.00 47.00 104.00
287.00 65.00 47.00 104.00
287.00 63.00 47.00 105.00
286.00 61.00 48.00 106.00
286.00 59.00 48.00 107.00
285.00 58.00 48.00 106.00
284.00 58.00 48.00 106.00
283.00 57.00 49.00 109.00
282.00 57.00 50.00 111.00
280.00 56.00 51.00 113.00
279.00 56.00 52.00 116.00
276.00 56.00 53.00 118.00
275.00 56.00 54.00 120.00
275.00 55.00 56.00 124.00
274.00 55.00 57.00 126.00
273.00 57.00 57.00 128.00
273.00 59.00 58.00 129.00
272.00 59.00 58.00 129.00
270.00 60.00 58.00 130.00
267.00 62.00 59.00 132.00
264.00 63.00 60.00 134.00
261.00 64.00 60.00 134.00
258.00 65.00 61.00 135.00
251.00 68.00 61.00 136.00
247.00 69.00 62.00 137.00
244.00 70.00 63.00 140.00
240.00 70.00 64.00 142.00
235.00 71.00 65.00 145.00
232.00 71.00 66.00 147.00
231.00 71.00 66.00 148.00
229.00 71.00 66.00 147.00
227.00 71.00 67.00 148.00
227.00 70.00 67.00 149.00
226.00 68.00 68.00 151.00
225.00 66.00 69.00 154.00
224.00 62.00 70.00 157.00
223.00 59.00 71.00 159.00
224.00 58.00 72.00 161.00
224.00 56.00 72.00 161.00
223.00 52.00 73.00 163.00
224.00 50.00 74.00 164.00
225.00 48.00 74.00 165.00
244.00 57.00 74.00 165.00
242.00 55.00 74.00 165.00
240.00 54.00 74.00 165.00
237.00 51.00 75.00 167.00
235.00 48.00 76.00 170.00
229.00 44.00 78.00 174.00
225.00 41.00 80.00 178.00
221.00 39.00 81.00 180.00
217.00 37.00 82.00 182.00
209.00 33.00 83.00 184.00
206.00 33.00 84.00 187.00
201.00 32.00 85.00 189.00
198.00 32.00 86.00 190.00
191.00 34.00 86.00 191.00
187.00 34.00 86.00 192.00
186.00 36.00 86.00 192.00
184.00 37.00 86.00 192.00
179.00 37.00 87.00 193.00
178.00 39.00 87.00 193.00
176.00 40.00 86.00 192.00
174.00 40.00 86.00 192.00
173.00 42.00 86.00 192.00
172.00 43.00 86.00 191.00
171.00 43.00 86.00 191.00
171.00 44.00 85.00 190.00
169.00 46.00 85.00 189.00
167.00 46.00 85.00 188.00
167.00 46.00 84.00 187.00
167.00 47.00 84.00 186.00
165.00 48.00 82.00 183.00
167.00 50.00 81.00 180.00
168.00 50.00 80.00 179.00
171.00 50.00 80.00 178.00
179.00 52.00 78.00 174.00
185.00 55.00 77.00 171.00
190.00 55.00 76.00 168.00
196.00 57.00 74.00 165.00
210.00 60.00 72.00 160.00
219.00 63.00 70.00 157.00
226.00 65.00 69.00 154.00
235.00 69.00 68.00 152.00
247.00 73.00 67.00 150.00
252.00 76.00 67.00 148.00
256.00 79.00 65.00 146.00
258.00 82.00 64.00 143.00
259.00 84.00 63.00 141.00
258.00 91.00 61.00 137.00
256.00 93.00 60.00 134.00
253.00 97.00 60.00 133.00
250.00 100.00 59.00 132.00
245.00 107.00 59.00 132.00
241.00 110.00 59.00 132.00
237.00 112.00 60.00 133.00
234.00 115.00 60.00 133.00
231.00 118.00 59.00 131.00
228.00 121.00 58.00 130.00
225.00 123.00 57.00 128.00
224.00 122.00 56.00 125.00
221.00 111.00 56.00 124.00
215.00 100.00 56.00 125.00
211.00 93.00 56.00 125.00
207.00 85.00 57.00 126.00
202.00 82.00 56.00 124.00
202.00 77.00 55.00 122.00
200.00 75.00 55.00 123.00
200.00 77.00 55.00 123.00
199.00 70.00 56.00 124.00
195.00 70.00 55.00 123.00
193.00 67.00 55.00 123.00
192.00 67.00 56.00 125.00
198.00 71.00 56.00 125.00
203.00 72.00 56.00 125.00
202.00 77.00 56.00 126.00
199.00 82.00 57.00 127.00
196.00 87.00 57.00 127.00
189.00 88.00 57.00 128.00
186.00 90.00 56.00 125.00
184.00 90.00 56.00 124.00
181.00 94.00 55.00 123.00
180.00 96.00 55.00 122.00
180.00 99.00 55.00 122.00
181.00 101.00 54.00 121.00
182.00 104.00 54.00 120.00
185.00 107.00 53.00 119.00
184.00 108.00 53.00 118.00
185.00 109.00 53.00 118.00
182.00 109.00 53.00 118.00
181.00 109.00 53.00 118.00
179.00 109.00 53.00 118.00
177.00 108.00 53.00 118.00
173.00 109.00 53.00 119.00
171.00 109.00 54.00 121.00
170.00 109.00 55.00 122.00
172.00 108.00 55.00 123.00
177.00 107.00 55.00 123.00
181.00 106.00 55.00 123.00
188.00 105.00 55.00 122.00
194.00 103.00 55.00 122.00
205.00 97.00 55.00 122.00
211.00 94.00 55.00 122.00
216.00 90.00 55.00 122.00
219.00 86.00 55.00 123.00
224.00 79.00 56.00 124.00
226.00 74.00 56.00 125.00
226.00 71.00 56.00 125.00
225.00 69.00 56.00 125.00
220.00 67.00 56.00 125.00
219.00 66.00 56.00 125.00
219.00 64.00 56.00 125.00
220.00 63.00 56.00 125.00
221.00 62.00 56.00 125.00
220.00 62.00 56.00 124.00
219.00 62.00 55.00 122.00
218.00 62.00 54.00 121.00
219.00 67.00 55.00 122.00
218.00 67.00 55.00 122.00
217.00 67.00 55.00 123.00
217.00 66.00 55.00 123.00
217.00 65.00 54.00 121.00
218.00 64.00 55.00 122.00
219.00 64.00 55.00 122.00
219.00 62.00 55.00 123.00
218.00 59.00 56.00 124.00
217.00 57.00 56.00 125.00
217.00 56.00 57.00 127.00
216.00 54.00 58.00 129.00
213.00 55.00 58.00 130.00
212.00 55.00 58.00 130.00
210.00 57.00 59.00 132.00
209.00 58.00 60.00 133.00
206.00 64.00 60.00 133.00
206.00 67.00 60.00 134.00
206.00 70.00 60.00 134.00
206.00 71.00 60.00 134.00
204.00 73.00 61.00 135.00
204.00 73.00 61.00 135.00
204.00 73.00 61.00 136.00
202.00 72.00 62.00 137.00
200.00 71.00 62.00 138.00
200.00 70.00 62.00 139.00
199.00 68.00 63.00 140.00
199.00 67.00 63.00 141.00
201.00 66.00 64.00 142.00
201.00 64.00 63.00 141.00
203.00 65.00 63.00 141.00
204.00 64.00 64.00 142.00
205.00 66.00 63.00 141.00
206.00 66.00 63.00 141.00
207.00 68.00 63.00 140.00
209.00 69.00 63.00 140.00
211.00 71.00 62.00 139.00
212.00 73.00 62.00 138.00
213.00 74.00 61.00 137.00
213.00 74.00 62.00 137.00
212.00 74.00 62.00 137.00
211.00 74.00 61.00 137.00
211.00 75.00 61.00 137.00
210.00 75.00 62.00 137.00
207.00 75.00 62.00 138.00
206.00 76.00 62.00 139.00
206.00 77.00 62.00 138.00
205.00 77.00 62.00 138.00
204.00 78.00 62.00 137.00
204.00 79.00 62.00 137.00
203.00 79.00 61.00 137.00
203.00 79.00 61.00 137.00
