180.00 79.00 37.00 114.00
180.00 85.00 36.00 110.00
179.00 90.00 36.00 112.00
179.00 93.00 37.00 114.00
178.00 93.00 37.00 113.00
177.00 93.00 37.00 114.00
174.00 93.00 37.00 115.00
173.00 92.00 38.00 116.00
170.00 91.00 38.00 117.00
169.00 92.00 38.00 118.00
166.00 99.00 38.00 117.00
163.00 101.00 38.00 118.00
162.00 104.00 38.00 117.00
159.00 103.00 38.00 116.00
159.00 102.00 37.00 115.00
160.00 98.00 38.00 116.00
158.00 94.00 39.00 119.00
158.00 90.00 39.00 120.00
158.00 90.00 39.00 121.00
160.00 93.00 39.00 120.00
162.00 95.00 39.00 119.00
164.00 97.00 38.00 117.00
165.00 97.00 38.00 116.00
164.00 94.00 38.00 117.00
165.00 93.00 38.00 117.00
166.00 91.00 38.00 118.00
167.00 91.00 38.00 118.00
168.00 90.00 39.00 119.00
170.00 89.00 39.00 119.00
172.00 90.00 38.00 118.00
172.00 90.00 39.00 119.00
170.00 91.00 39.00 120.00
169.00 90.00 39.00 121.00
170.00 88.00 39.00 120.00
170.00 86.00 39.00 120.00
170.00 83.00 39.00 121.00
168.00 84.00 39.00 120.00
168.00 83.00 39.00 119.00
166.00 85.00 38.00 118.00
167.00 88.00 38.00 117.00
165.00 88.00 38.00 118.00
162.00 85.00 38.00 118.00
160.00 84.00 39.00 119.00
160.00 83.00 39.00 120.00
155.00 79.00 39.00 120.00
152.00 78.00 39.00 121.00
147.00 78.00 40.00 122.00
144.00 81.00 39.00 121.00
144.00 80.00 40.00 122.00
145.00 86.00 39.00 121.00
143.00 90.00 39.00 119.00
141.00 91.00 39.00 119.00
139.00 90.00 39.00 121.00
138.00 90.00 40.00 123.00
145.00 86.00 40.00 123.00
148.00 85.00 40.00 122.00
151.00 87.00 40.00 122.00
159.00 89.00 39.00 121.00
162.00 89.00 39.00 120.00
165.00 86.00 39.00 120.00
167.00 85.00 39.00 120.00
166.00 82.00 39.00 119.00
165.00 78.00 39.00 119.00
167.00 76.00 38.00 118.00
170.00 77.00 38.00 118.00
173.00 78.00 39.00 119.00
174.00 80.00 39.00 120.00
174.00 82.00 39.00 121.00
174.00 84.00 40.00 122.00
176.00 84.00 40.00 123.00
177.00 83.00 40.00 124.00
177.00 80.00 40.00 124.00
176.00 79.00 40.00 124.00
177.00 79.00 40.00 124.00
177.00 81.00 40.00 123.00
178.00 84.00 40.00 123.00
177.00 86.00 40.00 123.00
174.00 88.00 40.00 123.00
161.00 90.00 40.00 124.00
158.00 89.00 40.00 123.00
159.00 85.00 40.00 123.00
157.00 80.00 40.00 122.00
157.00 77.00 39.00 122.00
159.00 76.00 40.00 123.00
160.00 77.00 40.00 123.00
163.00 78.00 40.00 123.00
166.00 79.00 40.00 123.00
168.00 79.00 40.00 123.00
172.00 80.00 40.00 124.00
173.00 77.00 40.00 124.00
176.00 75.00 40.00 124.00
179.00 73.00 40.00 124.00
181.00 73.00 40.00 124.00
183.00 75.00 40.00 124.00
184.00 79.00 40.00 125.00
185.00 81.00 40.00 124.00
184.00 83.00 40.00 124.00
181.00 82.00 40.00 124.00
181.00 80.00 40.00 124.00
179.00 77.00 41.00 125.00
178.00 74.00 41.00 125.00
177.00 72.00 41.00 125.00
177.00 72.00 41.00 126.00
176.00 72.00 41.00 126.00
177.00 74.00 41.00 127.00
177.00 75.00 41.00 127.00
178.00 74.00 41.00 127.00
175.00 70.00 41.00 127.00
172.00 65.00 41.00 128.00
171.00 60.00 41.00 128.00
169.00 58.00 41.00 128.00
165.00 55.00 42.00 128.00
162.00 54.00 41.00 128.00
159.00 56.00 42.00 128.00
154.00 60.00 42.00 128.00
152.00 64.00 41.00 127.00
151.00 65.00 41.00 127.00
149.00 65.00 41.00 127.00
146.00 67.00 41.00 126.00
145.00 69.00 41.00 126.00
149.00 70.00 41.00 126.00
154.00 73.00 41.00 126.00
155.00 74.00 41.00 127.00
158.00 76.00 41.00 127.00
161.00 77.00 41.00 127.00
164.00 77.00 42.00 128.00
168.00 78.00 42.00 130.00
169.00 79.00 42.00 130.00
170.00 76.00 42.00 129.00
172.00 75.00 42.00 129.00
174.00 78.00 42.00 128.00
176.00 83.00 41.00 128.00
177.00 86.00 41.00 128.00
178.00 88.00 42.00 128.00
178.00 90.00 42.00 128.00
178.00 94.00 42.00 129.00
180.00 95.00 42.00 128.00
179.00 94.00 42.00 128.00
179.00 94.00 41.00 128.00
179.00 97.00 42.00 128.00
178.00 101.00 42.00 129.00
178.00 102.00 42.00 130.00
179.00 103.00 43.00 131.00
179.00 100.00 43.00 132.00
180.00 98.00 43.00 133.00
179.00 96.00 43.00 133.00
177.00 94.00 43.00 133.00
178.00 90.00 43.00 133.00
179.00 90.00 43.00 133.00
180.00 92.00 43.00 133.00
179.00 92.00 43.00 132.00
180.00 87.00 43.00 133.00
180.00 84.00 43.00 132.00
179.00 82.00 43.00 132.00
177.00 79.00 43.00 132.00
175.00 76.00 42.00 131.00
175.00 73.00 43.00 131.00
175.00 72.00 43.00 131.00
173.00 74.00 43.00 131.00
172.00 77.00 43.00 132.00
175.00 78.00 43.00 133.00
179.00 77.00 43.00 133.00
183.00 77.00 43.00 132.00
183.00 75.00 43.00 131.00
184.00 74.00 43.00 131.00
185.00 76.00 43.00 131.00
185.00 77.00 43.00 132.00
185.00 79.00 43.00 131.00
186.00 81.00 43.00 131.00
186.00 83.00 43.00 131.00
184.00 84.00 43.00 132.00
184.00 83.00 43.00 132.00
184.00 81.00 43.00 132.00
182.00 80.00 43.00 132.00
180.00 81.00 43.00 133.00
177.00 84.00 43.00 133.00
181.00 87.00 43.00 133.00
180.00 88.00 43.00 134.00
178.00 87.00 44.00 134.00
178.00 85.00 44.00 135.00
179.00 85.00 44.00 135.00
180.00 82.00 44.00 134.00
181.00 82.00 43.00 134.00
179.00 85.00 43.00 134.00
171.00 88.00 43.00 133.00
171.00 88.00 43.00 133.00
165.00 83.00 43.00 133.00
163.00 79.00 43.00 133.00
162.00 77.00 43.00 133.00
161.00 75.00 43.00 133.00
164.00 73.00 43.00 133.00
168.00 70.00 43.00 133.00
173.00 72.00 43.00 134.00
173.00 75.00 44.00 134.00
175.00 77.00 44.00 135.00
182.00 79.00 44.00 136.00
185.00 76.00 44.00 136.00
187.00 73.00 44.00 136.00
186.00 71.00 44.00 136.00
185.00 71.00 44.00 135.00
183.00 74.00 44.00 135.00
184.00 77.00 44.00 135.00
188.00 81.00 44.00 136.00
192.00 83.00 44.00 136.00
191.00 82.00 44.00 137.00
193.00 80.00 45.00 137.00
194.00 80.00 45.00 137.00
193.00 80.00 45.00 137.00
195.00 83.00 45.00 137.00
196.00 88.00 44.00 137.00
198.00 90.00 44.00 137.00
201.00 92.00 44.00 137.00
198.00 97.00 44.00 137.00
197.00 97.00 45.00 138.00
195.00 98.00 45.00 138.00
191.00 100.00 45.00 139.00
187.00 103.00 45.00 138.00
186.00 104.00 45.00 139.00
180.00 106.00 45.00 139.00
181.00 110.00 45.00 138.00
180.00 113.00 45.00 138.00
180.00 111.00 45.00 138.00
178.00 107.00 45.00 139.00
177.00 102.00 45.00 139.00
175.00 96.00 45.00 140.00
175.00 92.00 45.00 139.00
173.00 88.00 45.00 138.00
168.00 85.00 45.00 139.00
169.00 87.00 46.00 140.00
168.00 89.00 46.00 140.00
167.00 89.00 46.00 141.00
164.00 88.00 46.00 141.00
163.00 87.00 46.00 141.00
163.00 82.00 46.00 140.00
164.00 79.00 45.00 140.00
160.00 76.00 45.00 140.00
155.00 71.00 45.00 140.00
153.00 67.00 45.00 140.00
155.00 66.00 46.00 141.00
162.00 70.00 46.00 141.00
165.00 72.00 46.00 141.00
170.00 73.00 46.00 141.00
174.00 71.00 46.00 142.00
174.00 69.00 46.00 142.00
173.00 69.00 46.00 142.00
173.00 69.00 46.00 142.00
173.00 71.00 46.00 143.00
174.00 74.00 47.00 144.00
174.00 77.00 47.00 144.00
178.00 81.00 47.00 146.00
179.00 81.00 48.00 146.00
180.00 80.00 47.00 146.00
184.00 81.00 47.00 145.00
186.00 81.00 47.00 145.00
185.00 84.00 47.00 145.00
183.00 86.00 47.00 144.00
185.00 89.00 47.00 144.00
185.00 91.00 47.00 144.00
187.00 92.00 47.00 145.00
189.00 93.00 47.00 145.00
189.00 93.00 47.00 144.00
190.00 94.00 46.00 143.00
190.00 94.00 46.00 143.00
186.00 96.00 46.00 143.00
175.00 103.00 46.00 143.00
171.00 108.00 47.00 144.00
171.00 110.00 47.00 144.00
170.00 108.00 47.00 144.00
172.00 105.00 47.00 144.00
170.00 101.00 47.00 143.00
167.00 99.00 46.00 142.00
165.00 95.00 46.00 142.00
165.00 94.00 46.00 142.00
165.00 95.00 46.00 142.00
162.00 97.00 46.00 143.00
156.00 97.00 47.00 144.00
155.00 97.00 47.00 144.00
154.00 95.00 47.00 144.00
154.00 93.00 46.00 143.00
152.00 89.00 46.00 143.00
150.00 90.00 46.00 142.00
148.00 92.00 46.00 142.00
151.00 97.00 46.00 140.00
153.00 101.00 45.00 140.00
156.00 104.00 45.00 140.00
161.00 108.00 46.00 141.00
163.00 105.00 46.00 141.00
159.00 102.00 46.00 142.00
151.00 98.00 46.00 142.00
151.00 96.00 46.00 142.00
152.00 99.00 46.00 143.00
154.00 102.00 46.00 143.00
155.00 105.00 47.00 143.00
153.00 109.00 46.00 143.00
154.00 110.00 47.00 143.00
151.00 110.00 47.00 144.00
151.00 108.00 47.00 143.00
154.00 106.00 46.00 142.00
155.00 102.00 46.00 142.00
153.00 103.00 46.00 142.00
151.00 107.00 46.00 141.00
151.00 107.00 46.00 141.00
150.00 107.00 46.00 141.00
148.00 108.00 46.00 141.00
147.00 106.00 46.00 142.00
143.00 100.00 46.00 143.00
137.00 95.00 46.00 143.00
