177.00 128.00 29.00 18.00
177.00 126.00 29.00 18.00
175.00 124.00 29.00 18.00
175.00 123.00 29.00 18.00
175.00 121.00 29.00 18.00
176.00 120.00 29.00 18.00
177.00 120.00 29.00 18.00
178.00 118.00 29.00 18.00
179.00 116.00 29.00 18.00
179.00 113.00 30.00 18.00
181.00 113.00 30.00 18.00
184.00 112.00 30.00 19.00
187.00 111.00 30.00 19.00
191.00 110.00 30.00 19.00
199.00 110.00 29.00 18.00
202.00 108.00 30.00 18.00
202.00 108.00 30.00 18.00
201.00 107.00 29.00 18.00
197.00 105.00 30.00 18.00
193.00 104.00 30.00 19.00
193.00 104.00 30.00 19.00
190.00 102.00 29.00 18.00
197.00 107.00 30.00 18.00
201.00 110.00 30.00 18.00
199.00 110.00 30.00 18.00
198.00 111.00 30.00 19.00
196.00 112.00 30.00 19.00
196.00 112.00 30.00 19.00
195.00 113.00 30.00 19.00
194.00 112.00 30.00 19.00
194.00 112.00 31.00 19.00
195.00 112.00 31.00 19.00
197.00 114.00 31.00 19.00
200.00 114.00 31.00 19.00
202.00 115.00 30.00 19.00
205.00 115.00 30.00 19.00
208.00 116.00 30.00 19.00
210.00 118.00 30.00 19.00
212.00 121.00 30.00 19.00
212.00 123.00 30.00 18.00
212.00 126.00 30.00 19.00
210.00 128.00 30.00 19.00
208.00 129.00 30.00 19.00
207.00 131.00 30.00 19.00
209.00 134.00 30.00 19.00
220.00 136.00 30.00 19.00
230.00 138.00 30.00 18.00
236.00 139.00 30.00 19.00
236.00 139.00 30.00 19.00
227.00 141.00 30.00 19.00
222.00 141.00 30.00 18.00
220.00 142.00 30.00 18.00
222.00 142.00 30.00 18.00
228.00 144.00 29.00 18.00
228.00 144.00 29.00 18.00
227.00 145.00 29.00 18.00
225.00 147.00 29.00 18.00
227.00 151.00 29.00 18.00
229.00 158.00 29.00 18.00
231.00 164.00 29.00 18.00
224.00 164.00 29.00 18.00
211.00 163.00 29.00 18.00
203.00 162.00 30.00 18.00
204.00 161.00 30.00 18.00
208.00 159.00 30.00 18.00
209.00 158.00 30.00 18.00
220.00 160.00 30.00 18.00
230.00 159.00 29.00 18.00
231.00 157.00 30.00 18.00
230.00 156.00 29.00 18.00
224.00 155.00 29.00 18.00
220.00 152.00 29.00 18.00
216.00 148.00 29.00 18.00
216.00 147.00 29.00 18.00
216.00 147.00 29.00 18.00
220.00 148.00 29.00 18.00
223.00 150.00 29.00 18.00
222.00 151.00 29.00 18.00
220.00 152.00 29.00 18.00
219.00 152.00 29.00 18.00
219.00 152.00 29.00 18.00
221.00 152.00 29.00 18.00
222.00 150.00 29.00 18.00
224.00 150.00 29.00 18.00
226.00 150.00 28.00 18.00
230.00 150.00 28.00 18.00
239.00 150.00 29.00 18.00
248.00 150.00 29.00 18.00
254.00 151.00 29.00 18.00
254.00 151.00 29.00 18.00
250.00 150.00 29.00 18.00
248.00 149.00 29.00 18.00
249.00 150.00 29.00 18.00
250.00 151.00 29.00 18.00
249.00 152.00 29.00 18.00
247.00 151.00 29.00 18.00
247.00 151.00 29.00 18.00
246.00 151.00 29.00 18.00
244.00 153.00 29.00 18.00
244.00 153.00 29.00 18.00
243.00 155.00 29.00 18.00
243.00 159.00 29.00 18.00
243.00 164.00 29.00 18.00
238.00 168.00 29.00 18.00
228.00 172.00 29.00 18.00
217.00 176.00 29.00 18.00
211.00 177.00 29.00 18.00
210.00 179.00 29.00 18.00
215.00 179.00 30.00 18.00
219.00 178.00 29.00 18.00
216.00 177.00 30.00 18.00
211.00 178.00 30.00 18.00
207.00 179.00 30.00 18.00
207.00 177.00 30.00 18.00
209.00 174.00 30.00 18.00
209.00 171.00 29.00 18.00
207.00 169.00 29.00 18.00
207.00 168.00 29.00 18.00
210.00 171.00 29.00 18.00
215.00 171.00 28.00 18.00
223.00 172.00 28.00 18.00
224.00 172.00 28.00 18.00
224.00 172.00 29.00 18.00
232.00 171.00 29.00 18.00
237.00 172.00 29.00 18.00
242.00 174.00 29.00 18.00
247.00 174.00 29.00 18.00
235.00 167.00 29.00 18.00
242.00 169.00 29.00 18.00
249.00 170.00 30.00 18.00
254.00 171.00 30.00 18.00
257.00 170.00 30.00 19.00
256.00 170.00 30.00 19.00
254.00 170.00 30.00 19.00
257.00 170.00 30.00 19.00
262.00 170.00 30.00 19.00
265.00 171.00 30.00 19.00
266.00 171.00 30.00 19.00
267.00 170.00 30.00 19.00
268.00 169.00 30.00 19.00
272.00 169.00 30.00 19.00
274.00 167.00 30.00 19.00
274.00 167.00 30.00 19.00
272.00 166.00 30.00 19.00
271.00 165.00 30.00 19.00
269.00 164.00 30.00 19.00
266.00 163.00 30.00 19.00
264.00 162.00 30.00 19.00
263.00 161.00 30.00 19.00
262.00 162.00 30.00 19.00
260.00 162.00 30.00 19.00
256.00 163.00 30.00 19.00
252.00 164.00 30.00 19.00
247.00 165.00 30.00 19.00
241.00 166.00 30.00 19.00
234.00 167.00 30.00 19.00
228.00 166.00 30.00 19.00
225.00 168.00 30.00 19.00
224.00 167.00 30.00 19.00
225.00 168.00 30.00 19.00
225.00 169.00 30.00 19.00
224.00 169.00 30.00 19.00
222.00 169.00 30.00 19.00
220.00 169.00 30.00 19.00
218.00 169.00 30.00 19.00
217.00 169.00 30.00 19.00
215.00 169.00 30.00 19.00
213.00 168.00 30.00 19.00
212.00 168.00 30.00 19.00
212.00 168.00 30.00 19.00
212.00 169.00 30.00 19.00
210.00 170.00 30.00 19.00
208.00 170.00 30.00 19.00
206.00 172.00 30.00 19.00
204.00 172.00 30.00 19.00
201.00 172.00 30.00 19.00
201.00 172.00 30.00 19.00
200.00 171.00 30.00 19.00
200.00 171.00 30.00 18.00
199.00 171.00 30.00 19.00
200.00 170.00 30.00 18.00
199.00 170.00 30.00 18.00
198.00 169.00 30.00 18.00
197.00 168.00 30.00 18.00
196.00 167.00 29.00 18.00
195.00 166.00 30.00 18.00
195.00 165.00 30.00 18.00
197.00 164.00 29.00 18.00
198.00 163.00 29.00 18.00
197.00 161.00 29.00 18.00
196.00 160.00 29.00 18.00
196.00 158.00 29.00 18.00
197.00 156.00 29.00 18.00
198.00 155.00 29.00 18.00
200.00 153.00 29.00 18.00
202.00 151.00 29.00 18.00
203.00 148.00 29.00 18.00
204.00 145.00 29.00 18.00
205.00 143.00 29.00 18.00
206.00 140.00 29.00 18.00
208.00 138.00 29.00 18.00
209.00 136.00 29.00 18.00
210.00 134.00 29.00 18.00
211.00 132.00 29.00 18.00
213.00 130.00 29.00 18.00
215.00 128.00 29.00 18.00
218.00 127.00 29.00 18.00
220.00 126.00 29.00 18.00
221.00 124.00 29.00 18.00
223.00 122.00 29.00 18.00
226.00 122.00 29.00 18.00
230.00 120.00 29.00 18.00
234.00 117.00 29.00 18.00
237.00 116.00 30.00 18.00
240.00 114.00 30.00 18.00
241.00 113.00 30.00 18.00
243.00 111.00 30.00 18.00
244.00 109.00 30.00 18.00
246.00 107.00 30.00 18.00
247.00 107.00 29.00 18.00
254.00 101.00 30.00 18.00
254.00 101.00 29.00 18.00
256.00 103.00 29.00 18.00
256.00 101.00 30.00 18.00
258.00 100.00 30.00 18.00
258.00 98.00 30.00 19.00
261.00 96.00 30.00 19.00
262.00 96.00 30.00 19.00
263.00 96.00 30.00 19.00
264.00 95.00 30.00 19.00
266.00 94.00 30.00 19.00
266.00 92.00 30.00 19.00
266.00 91.00 30.00 19.00
267.00 89.00 30.00 19.00
267.00 88.00 30.00 19.00
268.00 87.00 30.00 19.00
268.00 86.00 30.00 19.00
269.00 84.00 30.00 19.00
269.00 83.00 30.00 19.00
270.00 82.00 30.00 19.00
271.00 81.00 30.00 19.00
270.00 79.00 30.00 19.00
271.00 78.00 30.00 19.00
271.00 77.00 30.00 19.00
270.00 75.00 30.00 19.00
271.00 74.00 30.00 19.00
271.00 73.00 30.00 19.00
272.00 72.00 30.00 19.00
272.00 71.00 30.00 19.00
272.00 71.00 30.00 19.00
272.00 70.00 30.00 19.00
272.00 69.00 30.00 19.00
273.00 69.00 30.00 19.00
273.00 69.00 31.00 19.00
274.00 69.00 31.00 19.00
274.00 68.00 31.00 19.00
274.00 68.00 31.00 19.00
274.00 67.00 31.00 19.00
274.00 66.00 31.00 19.00
275.00 65.00 31.00 19.00
277.00 65.00 31.00 19.00
278.00 65.00 31.00 19.00
278.00 65.00 31.00 20.00
279.00 65.00 32.00 20.00
278.00 65.00 32.00 20.00
278.00 66.00 32.00 20.00
278.00 66.00 33.00 20.00
278.00 67.00 33.00 20.00
277.00 66.00 33.00 20.00
277.00 65.00 33.00 21.00
277.00 65.00 33.00 21.00
276.00 63.00 33.00 21.00
276.00 63.00 33.00 21.00
276.00 62.00 33.00 21.00
275.00 61.00 33.00 21.00
275.00 61.00 33.00 21.00
275.00 61.00 33.00 21.00
275.00 60.00 33.00 21.00
275.00 60.00 33.00 21.00
275.00 61.00 33.00 21.00
274.00 62.00 33.00 21.00
275.00 63.00 33.00 21.00
275.00 65.00 34.00 21.00
276.00 66.00 33.00 21.00
278.00 68.00 33.00 21.00
279.00 69.00 33.00 20.00
279.00 69.00 33.00 20.00
280.00 70.00 33.00 20.00
281.00 71.00 33.00 20.00
282.00 71.00 33.00 20.00
282.00 73.00 33.00 21.00
282.00 73.00 33.00 21.00
283.00 74.00 33.00 21.00
284.00 75.00 33.00 21.00
284.00 76.00 33.00 21.00
284.00 77.00 33.00 21.00
285.00 78.00 33.00 20.00
284.00 78.00 33.00 20.00
285.00 80.00 33.00 20.00
286.00 81.00 32.00 20.00
285.00 80.00 32.00 20.00
284.00 82.00 32.00 20.00
283.00 83.00 32.00 20.00
282.00 83.00 32.00 20.00
281.00 84.00 32.00 20.00
280.00 84.00 32.00 20.00
278.00 84.00 32.00 20.00
276.00 84.00 32.00 20.00
274.00 83.00 32.00 20.00
273.00 83.00 32.00 20.00
271.00 82.00 32.00 20.00
268.00 80.00 32.00 20.00
267.00 80.00 32.00 20.00
266.00 79.00 32.00 20.00
265.00 77.00 32.00 20.00
263.00 76.00 32.00 20.00
262.00 75.00 32.00 20.00
260.00 74.00 32.00 20.00
259.00 73.00 32.00 20.00
258.00 72.00 32.00 20.00
258.00 71.00 32.00 20.00
258.00 69.00 32.00 20.00
258.00 69.00 32.00 20.00
258.00 68.00 32.00 20.00
257.00 67.00 32.00 20.00
257.00 66.00 32.00 20.00
257.00 66.00 33.00 20.00
257.00 66.00 33.00 20.00
257.00 65.00 33.00 20.00
256.00 65.00 33.00 20.00
255.00 64.00 32.00 20.00
255.00 63.00 32.00 20.00
254.00 62.00 32.00 20.00
255.00 61.00 32.00 20.00
256.00 61.00 32.00 20.00
257.00 60.00 32.00 20.00
258.00 59.00 32.00 20.00
258.00 58.00 32.00 20.00
257.00 58.00 32.00 20.00
258.00 58.00 32.00 20.00
257.00 58.00 32.00 20.00
257.00 58.00 32.00 20.00
257.00 58.00 32.00 20.00
256.00 58.00 32.00 20.00
256.00 58.00 32.00 20.00
256.00 58.00 32.00 20.00
256.00 58.00 32.00 20.00
256.00 57.00 32.00 20.00
255.00 57.00 32.00 20.00
255.00 58.00 32.00 20.00
254.00 57.00 32.00 20.00
253.00 57.00 32.00 20.00
252.00 57.00 32.00 20.00
252.00 57.00 32.00 20.00
251.00 57.00 32.00 20.00
250.00 57.00 32.00 20.00
249.00 57.00 32.00 20.00
248.00 57.00 32.00 20.00
247.00 57.00 32.00 20.00
246.00 56.00 32.00 20.00
245.00 56.00 32.00 20.00
245.00 56.00 32.00 20.00
244.00 56.00 31.00 19.00
242.00 55.00 31.00 19.00
242.00 56.00 31.00 19.00
240.00 56.00 31.00 19.00
238.00 56.00 31.00 19.00
237.00 56.00 31.00 19.00
235.00 56.00 31.00 20.00
235.00 56.00 31.00 19.00
234.00 55.00 32.00 20.00
233.00 56.00 31.00 19.00
231.00 56.00 31.00 19.00
231.00 57.00 31.00 19.00
230.00 56.00 31.00 20.00
228.00 57.00 32.00 20.00
227.00 57.00 31.00 19.00
227.00 57.00 31.00 19.00
224.00 56.00 32.00 20.00
223.00 56.00 32.00 20.00
222.00 56.00 32.00 20.00
221.00 56.00 32.00 20.00
220.00 56.00 31.00 19.00
219.00 57.00 31.00 19.00
218.00 56.00 31.00 19.00
217.00 57.00 31.00 19.00
215.00 57.00 31.00 20.00
215.00 58.00 31.00 19.00
214.00 58.00 32.00 20.00
214.00 59.00 31.00 19.00
213.00 59.00 31.00 19.00
212.00 59.00 31.00 19.00
211.00 60.00 31.00 19.00
211.00 60.00 32.00 20.00
210.00 61.00 32.00 20.00
210.00 61.00 32.00 20.00
210.00 62.00 31.00 20.00
210.00 63.00 31.00 20.00
209.00 64.00 31.00 19.00
208.00 63.00 31.00 19.00
208.00 64.00 32.00 20.00
207.00 65.00 31.00 19.00
208.00 66.00 31.00 19.00
206.00 66.00 31.00 20.00
207.00 67.00 31.00 19.00
207.00 67.00 31.00 19.00
206.00 68.00 31.00 19.00
206.00 68.00 31.00 19.00
206.00 69.00 31.00 19.00
206.00 70.00 31.00 19.00
207.00 70.00 31.00 19.00
207.00 71.00 30.00 19.00
207.00 71.00 30.00 19.00
207.00 72.00 30.00 19.00
207.00 72.00 30.00 19.00
208.00 72.00 30.00 19.00
209.00 73.00 30.00 19.00
209.00 72.00 30.00 19.00
210.00 73.00 30.00 19.00
209.00 72.00 30.00 19.00
210.00 72.00 30.00 19.00
211.00 72.00 30.00 19.00
212.00 72.00 30.00 19.00
213.00 72.00 30.00 19.00
214.00 72.00 30.00 19.00
215.00 72.00 30.00 19.00
216.00 73.00 30.00 19.00
216.00 73.00 30.00 19.00
216.00 72.00 30.00 19.00
218.00 73.00 30.00 18.00
218.00 71.00 30.00 19.00
219.00 71.00 30.00 18.00
220.00 70.00 30.00 18.00
221.00 69.00 30.00 19.00
222.00 69.00 30.00 19.00
224.00 68.00 30.00 18.00
225.00 68.00 30.00 18.00
227.00 67.00 30.00 18.00
228.00 67.00 30.00 18.00
229.00 67.00 29.00 18.00
230.00 66.00 29.00 18.00
231.00 65.00 29.00 18.00
232.00 65.00 29.00 18.00
231.00 64.00 29.00 18.00
233.00 64.00 29.00 18.00
233.00 63.00 29.00 18.00
233.00 62.00 29.00 18.00
234.00 62.00 29.00 18.00
234.00 61.00 29.00 18.00
234.00 60.00 29.00 18.00
234.00 60.00 29.00 18.00
231.00 59.00 29.00 18.00
230.00 59.00 29.00 18.00
229.00 59.00 29.00 18.00
228.00 58.00 29.00 18.00
228.00 57.00 29.00 18.00
230.00 57.00 29.00 18.00
232.00 57.00 29.00 18.00
234.00 56.00 29.00 18.00
235.00 54.00 29.00 18.00
236.00 54.00 29.00 18.00
237.00 53.00 29.00 18.00
238.00 52.00 28.00 18.00
241.00 51.00 28.00 18.00
243.00 50.00 28.00 18.00
244.00 49.00 29.00 18.00
246.00 49.00 28.00 18.00
248.00 48.00 28.00 18.00
250.00 47.00 28.00 18.00
251.00 47.00 28.00 18.00
253.00 46.00 28.00 18.00
255.00 46.00 28.00 18.00
257.00 46.00 28.00 18.00
258.00 45.00 28.00 18.00
260.00 44.00 28.00 18.00
261.00 43.00 28.00 18.00
264.00 42.00 29.00 18.00
266.00 41.00 29.00 18.00
268.00 40.00 29.00 18.00
270.00 39.00 29.00 18.00
272.00 37.00 28.00 18.00
275.00 36.00 28.00 18.00
278.00 36.00 28.00 18.00
280.00 35.00 28.00 18.00
