441.00 170.00 32.00 35.00
443.00 168.00 32.00 35.00
446.00 166.00 33.00 36.00
449.00 164.00 32.00 35.00
450.00 163.00 32.00 35.00
452.00 161.00 32.00 35.00
452.00 159.00 32.00 35.00
452.00 158.00 32.00 35.00
450.00 157.00 32.00 36.00
449.00 155.00 33.00 36.00
450.00 154.00 33.00 36.00
455.00 153.00 32.00 35.00
461.00 153.00 32.00 36.00
464.00 151.00 33.00 36.00
464.00 150.00 33.00 36.00
464.00 149.00 34.00 37.00
464.00 147.00 34.00 37.00
466.00 147.00 34.00 37.00
468.00 146.00 34.00 37.00
468.00 144.00 35.00 38.00
467.00 144.00 35.00 38.00
464.00 143.00 35.00 38.00
462.00 143.00 34.00 38.00
462.00 142.00 35.00 38.00
463.00 142.00 35.00 39.00
463.00 141.00 35.00 38.00
462.00 140.00 35.00 38.00
459.00 139.00 34.00 37.00
457.00 139.00 34.00 37.00
455.00 139.00 34.00 37.00
452.00 139.00 34.00 37.00
450.00 139.00 34.00 37.00
447.00 139.00 33.00 37.00
445.00 138.00 33.00 36.00
443.00 139.00 33.00 36.00
440.00 139.00 33.00 36.00
437.00 139.00 33.00 36.00
433.00 139.00 34.00 37.00
429.00 139.00 34.00 37.00
428.00 139.00 34.00 37.00
426.00 140.00 34.00 37.00
424.00 140.00 34.00 37.00
421.00 140.00 34.00 37.00
419.00 140.00 34.00 37.00
418.00 140.00 34.00 37.00
418.00 140.00 34.00 37.00
419.00 141.00 34.00 37.00
419.00 140.00 33.00 37.00
419.00 142.00 33.00 37.00
419.00 143.00 33.00 36.00
419.00 143.00 33.00 36.00
421.00 145.00 33.00 36.00
421.00 146.00 33.00 36.00
422.00 148.00 33.00 36.00
422.00 150.00 33.00 36.00
422.00 152.00 33.00 36.00
422.00 154.00 33.00 36.00
422.00 156.00 33.00 36.00
422.00 157.00 33.00 36.00
423.00 159.00 33.00 36.00
424.00 161.00 33.00 36.00
424.00 162.00 33.00 36.00
424.00 163.00 33.00 36.00
423.00 163.00 33.00 36.00
424.00 163.00 33.00 36.00
425.00 164.00 33.00 36.00
426.00 165.00 33.00 36.00
427.00 166.00 33.00 36.00
427.00 166.00 33.00 36.00
427.00 166.00 33.00 36.00
427.00 166.00 33.00 36.00
427.00 166.00 33.00 36.00
426.00 166.00 33.00 36.00
426.00 167.00 33.00 36.00
426.00 167.00 33.00 36.00
426.00 167.00 33.00 36.00
426.00 168.00 33.00 36.00
425.00 168.00 33.00 36.00
425.00 169.00 33.00 36.00
425.00 169.00 33.00 36.00
425.00 169.00 33.00 36.00
424.00 170.00 33.00 36.00
424.00 171.00 33.00 36.00
423.00 171.00 33.00 36.00
423.00 172.00 33.00 36.00
423.00 173.00 33.00 36.00
423.00 173.00 33.00 36.00
422.00 172.00 33.00 36.00
422.00 172.00 33.00 36.00
422.00 172.00 33.00 36.00
421.00 171.00 33.00 36.00
421.00 171.00 33.00 36.00
421.00 171.00 33.00 36.00
421.00 170.00 33.00 36.00
421.00 169.00 33.00 36.00
421.00 169.00 33.00 36.00
420.00 168.00 33.00 36.00
419.00 166.00 33.00 36.00
419.00 166.00 33.00 36.00
419.00 165.00 33.00 36.00
419.00 164.00 33.00 36.00
418.00 164.00 33.00 36.00
418.00 163.00 33.00 36.00
418.00 162.00 33.00 36.00
417.00 162.00 33.00 36.00
417.00 161.00 33.00 36.00
416.00 160.00 33.00 36.00
415.00 158.00 32.00 35.00
413.00 157.00 32.00 35.00
412.00 156.00 32.00 35.00
410.00 154.00 32.00 35.00
409.00 153.00 32.00 35.00
407.00 152.00 32.00 35.00
405.00 150.00 32.00 35.00
404.00 149.00 32.00 35.00
404.00 148.00 32.00 35.00
404.00 146.00 32.00 35.00
403.00 145.00 32.00 35.00
402.00 144.00 32.00 35.00
402.00 143.00 32.00 35.00
400.00 142.00 32.00 35.00
399.00 141.00 32.00 35.00
400.00 141.00 32.00 35.00
399.00 140.00 32.00 35.00
399.00 141.00 32.00 35.00
399.00 141.00 32.00 35.00
398.00 142.00 32.00 35.00
397.00 142.00 32.00 35.00
398.00 143.00 32.00 35.00
398.00 144.00 32.00 35.00
398.00 144.00 32.00 35.00
398.00 145.00 32.00 35.00
397.00 146.00 32.00 35.00
396.00 146.00 32.00 35.00
396.00 146.00 32.00 35.00
396.00 147.00 33.00 36.00
396.00 148.00 33.00 36.00
397.00 149.00 33.00 36.00
396.00 150.00 33.00 36.00
396.00 151.00 33.00 36.00
396.00 152.00 33.00 36.00
396.00 153.00 33.00 36.00
396.00 154.00 33.00 36.00
397.00 155.00 33.00 36.00
396.00 155.00 33.00 36.00
396.00 155.00 33.00 37.00
395.00 154.00 34.00 37.00
394.00 154.00 33.00 37.00
393.00 154.00 33.00 37.00
393.00 153.00 34.00 37.00
392.00 153.00 34.00 37.00
392.00 152.00 33.00 37.00
392.00 152.00 33.00 36.00
392.00 152.00 33.00 36.00
391.00 152.00 33.00 36.00
390.00 151.00 33.00 36.00
389.00 150.00 33.00 36.00
389.00 149.00 33.00 36.00
389.00 148.00 33.00 36.00
388.00 147.00 33.00 36.00
388.00 148.00 33.00 36.00
388.00 147.00 33.00 36.00
388.00 146.00 33.00 37.00
387.00 145.00 33.00 37.00
387.00 144.00 34.00 37.00
389.00 144.00 34.00 37.00
389.00 143.00 34.00 37.00
390.00 143.00 34.00 37.00
390.00 143.00 34.00 37.00
390.00 142.00 34.00 37.00
391.00 143.00 34.00 37.00
392.00 144.00 34.00 37.00
392.00 145.00 34.00 38.00
391.00 145.00 35.00 38.00
392.00 146.00 35.00 38.00
392.00 147.00 35.00 38.00
391.00 147.00 35.00 38.00
391.00 147.00 35.00 38.00
391.00 148.00 35.00 38.00
391.00 149.00 35.00 38.00
391.00 150.00 35.00 38.00
392.00 151.00 35.00 38.00
391.00 153.00 35.00 38.00
392.00 154.00 35.00 38.00
392.00 156.00 35.00 38.00
392.00 157.00 35.00 38.00
392.00 159.00 35.00 38.00
392.00 160.00 35.00 39.00
392.00 161.00 35.00 39.00
392.00 163.00 35.00 39.00
392.00 164.00 35.00 39.00
392.00 166.00 35.00 39.00
392.00 168.00 35.00 39.00
394.00 170.00 35.00 39.00
395.00 170.00 35.00 39.00
397.00 173.00 35.00 39.00
397.00 174.00 35.00 38.00
397.00 178.00 35.00 38.00
401.00 178.00 35.00 38.00
403.00 180.00 35.00 38.00
404.00 181.00 34.00 38.00
406.00 183.00 34.00 37.00
408.00 185.00 34.00 37.00
409.00 186.00 34.00 37.00
410.00 187.00 34.00 37.00
412.00 188.00 34.00 37.00
414.00 189.00 34.00 37.00
415.00 189.00 34.00 37.00
418.00 190.00 34.00 37.00
419.00 189.00 33.00 37.00
422.00 189.00 33.00 36.00
425.00 189.00 33.00 36.00
427.00 189.00 33.00 36.00
430.00 188.00 33.00 36.00
432.00 187.00 33.00 36.00
435.00 186.00 33.00 36.00
438.00 185.00 33.00 36.00
442.00 184.00 33.00 36.00
446.00 181.00 33.00 36.00
451.00 179.00 33.00 36.00
456.00 175.00 33.00 36.00
460.00 172.00 33.00 36.00
463.00 169.00 33.00 36.00
466.00 166.00 33.00 36.00
468.00 163.00 33.00 36.00
470.00 161.00 33.00 36.00
471.00 158.00 33.00 36.00
470.00 156.00 33.00 36.00
468.00 152.00 33.00 36.00
465.00 148.00 33.00 36.00
464.00 144.00 33.00 36.00
464.00 140.00 33.00 36.00
466.00 137.00 33.00 36.00
467.00 136.00 33.00 36.00
470.00 136.00 33.00 36.00
473.00 136.00 33.00 36.00
477.00 136.00 32.00 36.00
479.00 138.00 32.00 35.00
480.00 139.00 32.00 35.00
479.00 138.00 32.00 35.00
479.00 139.00 32.00 35.00
478.00 138.00 32.00 35.00
478.00 139.00 32.00 35.00
476.00 138.00 32.00 35.00
473.00 139.00 32.00 35.00
472.00 140.00 32.00 35.00
470.00 139.00 32.00 35.00
470.00 140.00 32.00 35.00
472.00 140.00 32.00 35.00
475.00 140.00 32.00 35.00
478.00 140.00 32.00 35.00
481.00 140.00 32.00 35.00
482.00 140.00 32.00 35.00
482.00 140.00 32.00 35.00
481.00 140.00 32.00 35.00
480.00 141.00 32.00 35.00
479.00 142.00 32.00 35.00
479.00 144.00 32.00 35.00
480.00 145.00 32.00 35.00
481.00 147.00 32.00 35.00
484.00 148.00 32.00 35.00
487.00 148.00 32.00 35.00
489.00 149.00 32.00 35.00
491.00 150.00 32.00 35.00
492.00 151.00 32.00 35.00
491.00 152.00 32.00 35.00
489.00 153.00 32.00 34.00
487.00 153.00 31.00 34.00
486.00 153.00 31.00 34.00
485.00 153.00 31.00 34.00
486.00 153.00 31.00 34.00
486.00 152.00 31.00 34.00
489.00 152.00 31.00 33.00
490.00 151.00 31.00 33.00
491.00 151.00 31.00 33.00
490.00 152.00 31.00 33.00
488.00 152.00 31.00 33.00
486.00 152.00 31.00 34.00
484.00 152.00 31.00 34.00
483.00 153.00 31.00 34.00
483.00 153.00 31.00 34.00
484.00 153.00 31.00 34.00
485.00 153.00 31.00 34.00
485.00 153.00 31.00 34.00
487.00 153.00 31.00 34.00
491.00 153.00 31.00 33.00
494.00 153.00 30.00 33.00
496.00 154.00 30.00 33.00
498.00 155.00 30.00 33.00
499.00 154.00 30.00 33.00
500.00 154.00 30.00 33.00
502.00 155.00 30.00 33.00
500.00 154.00 30.00 33.00
498.00 153.00 30.00 33.00
495.00 153.00 30.00 33.00
490.00 152.00 30.00 32.00
478.00 153.00 29.00 32.00
473.00 152.00 29.00 32.00
468.00 149.00 29.00 32.00
466.00 143.00 29.00 32.00
458.00 137.00 29.00 32.00
446.00 135.00 29.00 32.00
438.00 132.00 29.00 32.00
439.00 131.00 29.00 32.00
456.00 131.00 29.00 32.00
478.00 137.00 29.00 32.00
489.00 140.00 29.00 32.00
488.00 139.00 29.00 32.00
485.00 140.00 29.00 32.00
487.00 142.00 29.00 32.00
489.00 145.00 29.00 32.00
491.00 146.00 29.00 32.00
489.00 148.00 29.00 32.00
488.00 151.00 29.00 32.00
486.00 153.00 29.00 32.00
485.00 155.00 29.00 32.00
485.00 157.00 29.00 32.00
487.00 159.00 29.00 32.00
490.00 161.00 29.00 32.00
492.00 164.00 29.00 32.00
491.00 167.00 30.00 32.00
492.00 170.00 30.00 32.00
493.00 172.00 30.00 32.00
492.00 173.00 30.00 32.00
488.00 174.00 30.00 32.00
484.00 174.00 29.00 32.00
484.00 176.00 29.00 32.00
488.00 179.00 29.00 32.00
499.00 180.00 29.00 32.00
509.00 178.00 29.00 32.00
511.00 177.00 29.00 32.00
508.00 177.00 29.00 32.00
506.00 178.00 29.00 32.00
502.00 178.00 29.00 32.00
500.00 178.00 29.00 32.00
500.00 178.00 29.00 32.00
499.00 177.00 29.00 32.00
498.00 177.00 29.00 32.00
496.00 178.00 29.00 32.00
488.00 177.00 29.00 32.00
481.00 176.00 29.00 32.00
475.00 175.00 29.00 32.00
472.00 173.00 29.00 32.00
472.00 172.00 29.00 32.00
473.00 171.00 29.00 32.00
476.00 169.00 29.00 32.00
483.00 168.00 30.00 32.00
486.00 166.00 30.00 32.00
486.00 164.00 30.00 32.00
483.00 162.00 30.00 33.00
481.00 160.00 30.00 33.00
480.00 158.00 30.00 33.00
480.00 157.00 30.00 33.00
479.00 156.00 30.00 33.00
476.00 156.00 30.00 33.00
472.00 156.00 30.00 33.00
470.00 156.00 30.00 33.00
468.00 156.00 30.00 33.00
463.00 155.00 30.00 33.00
457.00 153.00 30.00 33.00
455.00 152.00 30.00 33.00
453.00 151.00 30.00 33.00
450.00 150.00 30.00 33.00
447.00 149.00 30.00 33.00
444.00 148.00 30.00 33.00
442.00 146.00 30.00 33.00
439.00 145.00 30.00 33.00
435.00 145.00 30.00 33.00
430.00 144.00 30.00 33.00
428.00 143.00 30.00 32.00
428.00 142.00 30.00 32.00
429.00 141.00 29.00 32.00
430.00 139.00 29.00 32.00
431.00 137.00 29.00 32.00
431.00 134.00 29.00 32.00
432.00 132.00 29.00 32.00
431.00 130.00 29.00 32.00
429.00 128.00 29.00 32.00
425.00 127.00 29.00 32.00
421.00 126.00 29.00 32.00
419.00 125.00 29.00 32.00
417.00 124.00 29.00 32.00
416.00 124.00 29.00 32.00
412.00 123.00 29.00 32.00
409.00 123.00 29.00 31.00
405.00 122.00 29.00 31.00
400.00 122.00 29.00 31.00
396.00 122.00 29.00 32.00
392.00 122.00 29.00 32.00
387.00 122.00 29.00 31.00
381.00 122.00 29.00 32.00
377.00 121.00 29.00 32.00
374.00 121.00 29.00 32.00
372.00 120.00 29.00 32.00
371.00 119.00 29.00 32.00
372.00 118.00 29.00 32.00
372.00 117.00 29.00 32.00
371.00 117.00 29.00 32.00
368.00 116.00 29.00 32.00
366.00 116.00 29.00 32.00
364.00 116.00 29.00 32.00
361.00 117.00 29.00 32.00
359.00 117.00 29.00 32.00
356.00 118.00 29.00 32.00
355.00 118.00 29.00 32.00
353.00 119.00 29.00 32.00
352.00 119.00 29.00 32.00
351.00 120.00 29.00 32.00
349.00 122.00 29.00 32.00
349.00 123.00 29.00 32.00
348.00 124.00 29.00 32.00
348.00 126.00 29.00 32.00
349.00 128.00 29.00 32.00
348.00 129.00 29.00 32.00
346.00 130.00 29.00 32.00
345.00 131.00 29.00 32.00
344.00 132.00 29.00 32.00
344.00 133.00 29.00 32.00
342.00 134.00 29.00 32.00
341.00 134.00 29.00 32.00
340.00 134.00 29.00 32.00
339.00 134.00 29.00 32.00
340.00 134.00 29.00 32.00
342.00 134.00 29.00 32.00
342.00 134.00 30.00 32.00
341.00 133.00 30.00 33.00
341.00 133.00 30.00 33.00
340.00 133.00 30.00 33.00
339.00 132.00 30.00 33.00
339.00 133.00 31.00 33.00
338.00 133.00 31.00 33.00
339.00 133.00 31.00 33.00
340.00 134.00 30.00 33.00
340.00 135.00 30.00 33.00
341.00 136.00 30.00 33.00
341.00 137.00 30.00 33.00
341.00 138.00 30.00 33.00
341.00 139.00 30.00 33.00
342.00 140.00 30.00 33.00
342.00 140.00 30.00 33.00
343.00 141.00 30.00 33.00
344.00 142.00 30.00 33.00
344.00 143.00 30.00 33.00
344.00 143.00 30.00 33.00
344.00 144.00 30.00 33.00
345.00 145.00 30.00 33.00
345.00 146.00 30.00 33.00
346.00 148.00 30.00 33.00
346.00 148.00 30.00 33.00
346.00 150.00 30.00 33.00
347.00 151.00 30.00 33.00
347.00 151.00 30.00 33.00
347.00 152.00 30.00 33.00
348.00 153.00 30.00 33.00
348.00 153.00 30.00 33.00
349.00 153.00 30.00 33.00
351.00 153.00 30.00 33.00
351.00 153.00 30.00 33.00
352.00 153.00 30.00 33.00
354.00 152.00 30.00 33.00
354.00 151.00 30.00 33.00
354.00 150.00 30.00 33.00
354.00 149.00 30.00 33.00
354.00 147.00 30.00 33.00
353.00 146.00 30.00 33.00
353.00 146.00 30.00 33.00
354.00 145.00 30.00 32.00
353.00 144.00 30.00 32.00
354.00 144.00 30.00 32.00
354.00 144.00 30.00 33.00
355.00 145.00 30.00 33.00
355.00 144.00 30.00 33.00
356.00 145.00 30.00 33.00
356.00 145.00 30.00 33.00
357.00 145.00 30.00 33.00
358.00 144.00 30.00 33.00
360.00 146.00 30.00 33.00
362.00 146.00 30.00 33.00
363.00 146.00 30.00 33.00
364.00 146.00 30.00 33.00
365.00 146.00 30.00 33.00
365.00 146.00 30.00 33.00
364.00 145.00 30.00 33.00
365.00 144.00 30.00 33.00
364.00 143.00 30.00 33.00
363.00 142.00 30.00 32.00
361.00 140.00 30.00 32.00
361.00 139.00 29.00 32.00
360.00 138.00 29.00 32.00
358.00 136.00 29.00 32.00
356.00 133.00 29.00 32.00
355.00 131.00 29.00 32.00
353.00 129.00 29.00 32.00
351.00 127.00 29.00 32.00
349.00 126.00 29.00 32.00
347.00 124.00 30.00 33.00
345.00 123.00 30.00 33.00
344.00 121.00 30.00 33.00
345.00 121.00 30.00 33.00
349.00 121.00 30.00 33.00
352.00 121.00 30.00 33.00
353.00 121.00 30.00 33.00
354.00 122.00 30.00 33.00
354.00 123.00 30.00 33.00
354.00 124.00 30.00 33.00
356.00 125.00 30.00 33.00
359.00 126.00 30.00 33.00
361.00 127.00 30.00 33.00
366.00 129.00 31.00 33.00
372.00 130.00 31.00 34.00
379.00 132.00 31.00 34.00
384.00 133.00 31.00 34.00
389.00 134.00 31.00 34.00
393.00 135.00 31.00 34.00
396.00 136.00 31.00 34.00
400.00 137.00 31.00 34.00
396.00 146.00 31.00 34.00
401.00 139.00 31.00 34.00
419.00 146.00 31.00 34.00
424.00 148.00 31.00 34.00
413.00 142.00 31.00 34.00
418.00 144.00 31.00 34.00
424.00 145.00 31.00 34.00
448.00 142.00 32.00 34.00
433.00 150.00 32.00 34.00
439.00 153.00 32.00 35.00
444.00 157.00 31.00 34.00
448.00 159.00 32.00 35.00
