40.00 199.00 61.00 103.00
40.00 198.00 62.00 104.00
39.00 198.00 62.00 104.00
39.00 197.00 62.00 104.00
39.00 196.00 62.00 104.00
38.00 195.00 62.00 104.00
39.00 195.00 61.00 104.00
38.00 194.00 62.00 104.00
37.00 193.00 62.00 104.00
37.00 191.00 62.00 104.00
37.00 190.00 62.00 105.00
36.00 187.00 62.00 104.00
36.00 183.00 62.00 104.00
36.00 179.00 61.00 103.00
36.00 174.00 61.00 104.00
36.00 169.00 62.00 104.00
36.00 163.00 62.00 104.00
37.00 156.00 62.00 104.00
38.00 149.00 62.00 105.00
39.00 141.00 63.00 106.00
41.00 134.00 64.00 108.00
42.00 126.00 64.00 109.00
45.00 121.00 65.00 109.00
48.00 113.00 65.00 110.00
52.00 107.00 66.00 111.00
56.00 101.00 66.00 111.00
61.00 96.00 66.00 112.00
67.00 91.00 67.00 112.00
73.00 86.00 66.00 112.00
79.00 81.00 67.00 114.00
87.00 76.00 68.00 115.00
95.00 71.00 69.00 116.00
104.00 65.00 69.00 116.00
112.00 59.00 69.00 117.00
121.00 56.00 70.00 118.00
130.00 53.00 70.00 119.00
141.00 50.00 71.00 120.00
150.00 46.00 72.00 121.00
160.00 44.00 72.00 122.00
170.00 41.00 73.00 123.00
179.00 37.00 73.00 124.00
189.00 37.00 72.00 122.00
198.00 35.00 73.00 122.00
207.00 34.00 72.00 122.00
216.00 35.00 72.00 121.00
223.00 36.00 72.00 122.00
230.00 37.00 72.00 121.00
237.00 39.00 72.00 121.00
243.00 40.00 72.00 121.00
249.00 42.00 71.00 120.00
254.00 43.00 71.00 119.00
259.00 45.00 70.00 119.00
263.00 48.00 70.00 119.00
268.00 51.00 70.00 119.00
271.00 54.00 70.00 118.00
275.00 58.00 70.00 118.00
278.00 60.00 69.00 117.00
282.00 64.00 69.00 116.00
285.00 67.00 69.00 116.00
289.00 72.00 69.00 116.00
293.00 77.00 69.00 116.00
297.00 82.00 69.00 117.00
302.00 86.00 69.00 117.00
305.00 90.00 69.00 116.00
310.00 95.00 69.00 116.00
315.00 100.00 69.00 117.00
320.00 105.00 69.00 117.00
324.00 111.00 69.00 116.00
329.00 116.00 69.00 116.00
334.00 123.00 69.00 116.00
338.00 128.00 69.00 116.00
343.00 134.00 69.00 116.00
347.00 141.00 68.00 115.00
351.00 148.00 68.00 115.00
354.00 155.00 68.00 114.00
358.00 162.00 68.00 114.00
360.00 168.00 67.00 114.00
362.00 174.00 67.00 113.00
364.00 181.00 66.00 112.00
366.00 188.00 66.00 112.00
366.00 193.00 65.00 111.00
367.00 197.00 65.00 110.00
367.00 202.00 64.00 109.00
367.00 205.00 64.00 108.00
366.00 207.00 64.00 107.00
365.00 208.00 63.00 107.00
364.00 209.00 62.00 105.00
364.00 210.00 62.00 104.00
364.00 209.00 61.00 104.00
363.00 208.00 61.00 103.00
363.00 205.00 61.00 103.00
363.00 203.00 61.00 103.00
363.00 200.00 61.00 103.00
365.00 197.00 61.00 103.00
365.00 193.00 61.00 104.00
366.00 189.00 62.00 105.00
367.00 184.00 63.00 106.00
368.00 180.00 63.00 107.00
369.00 175.00 64.00 108.00
369.00 170.00 65.00 109.00
369.00 164.00 65.00 110.00
369.00 158.00 66.00 111.00
368.00 151.00 67.00 113.00
367.00 146.00 67.00 113.00
366.00 141.00 68.00 114.00
362.00 135.00 68.00 115.00
360.00 131.00 69.00 116.00
355.00 127.00 70.00 118.00
351.00 123.00 71.00 119.00
346.00 120.00 71.00 120.00
341.00 118.00 72.00 121.00
334.00 117.00 72.00 121.00
328.00 117.00 72.00 122.00
321.00 115.00 72.00 122.00
314.00 114.00 73.00 123.00
306.00 114.00 74.00 124.00
299.00 113.00 74.00 125.00
291.00 113.00 74.00 126.00
284.00 113.00 75.00 126.00
277.00 114.00 75.00 127.00
270.00 114.00 75.00 127.00
264.00 114.00 76.00 128.00
258.00 115.00 77.00 129.00
251.00 114.00 78.00 131.00
246.00 116.00 79.00 133.00
240.00 117.00 79.00 134.00
235.00 119.00 80.00 135.00
231.00 121.00 81.00 137.00
226.00 122.00 82.00 138.00
223.00 124.00 82.00 138.00
221.00 126.00 83.00 140.00
218.00 127.00 83.00 140.00
217.00 130.00 83.00 140.00
217.00 133.00 83.00 140.00
217.00 137.00 83.00 140.00
217.00 141.00 83.00 140.00
219.00 144.00 83.00 140.00
222.00 148.00 83.00 140.00
226.00 152.00 83.00 140.00
230.00 154.00 82.00 139.00
233.00 155.00 81.00 137.00
240.00 156.00 80.00 136.00
245.00 156.00 79.00 134.00
251.00 156.00 78.00 132.00
258.00 156.00 77.00 130.00
264.00 157.00 76.00 127.00
271.00 157.00 75.00 126.00
277.00 157.00 74.00 125.00
283.00 158.00 73.00 123.00
290.00 160.00 71.00 121.00
296.00 161.00 71.00 120.00
301.00 163.00 70.00 119.00
306.00 164.00 69.00 117.00
311.00 166.00 68.00 115.00
316.00 167.00 67.00 114.00
319.00 169.00 67.00 113.00
322.00 171.00 66.00 111.00
325.00 173.00 65.00 110.00
328.00 176.00 64.00 109.00
330.00 178.00 64.00 108.00
332.00 180.00 63.00 107.00
334.00 181.00 63.00 106.00
335.00 181.00 62.00 105.00
337.00 180.00 62.00 105.00
339.00 180.00 61.00 104.00
342.00 180.00 61.00 103.00
344.00 178.00 61.00 103.00
346.00 177.00 61.00 104.00
350.00 176.00 62.00 104.00
352.00 174.00 62.00 104.00
356.00 172.00 62.00 104.00
360.00 171.00 62.00 105.00
363.00 169.00 62.00 105.00
367.00 168.00 63.00 106.00
372.00 168.00 63.00 107.00
376.00 168.00 64.00 107.00
379.00 167.00 64.00 107.00
384.00 166.00 64.00 108.00
387.00 166.00 64.00 109.00
391.00 164.00 64.00 108.00
395.00 163.00 64.00 108.00
399.00 162.00 64.00 108.00
403.00 161.00 64.00 108.00
406.00 159.00 63.00 107.00
410.00 157.00 63.00 107.00
414.00 156.00 63.00 107.00
417.00 154.00 63.00 106.00
421.00 152.00 62.00 105.00
425.00 149.00 62.00 105.00
428.00 146.00 62.00 105.00
431.00 145.00 62.00 105.00
433.00 144.00 61.00 103.00
436.00 142.00 61.00 103.00
439.00 142.00 61.00 102.00
442.00 142.00 61.00 102.00
444.00 142.00 60.00 102.00
446.00 142.00 61.00 102.00
447.00 142.00 61.00 102.00
449.00 144.00 61.00 102.00
451.00 145.00 60.00 102.00
453.00 147.00 60.00 101.00
455.00 148.00 59.00 100.00
457.00 149.00 59.00 100.00
458.00 148.00 59.00 100.00
459.00 146.00 59.00 100.00
461.00 142.00 59.00 100.00
462.00 138.00 59.00 100.00
462.00 132.00 59.00 100.00
461.00 127.00 59.00 100.00
460.00 122.00 59.00 100.00
459.00 118.00 60.00 101.00
456.00 111.00 60.00 101.00
453.00 105.00 60.00 102.00
449.00 97.00 61.00 103.00
442.00 88.00 62.00 105.00
436.00 82.00 63.00 106.00
428.00 77.00 63.00 107.00
419.00 72.00 64.00 108.00
408.00 67.00 65.00 109.00
396.00 62.00 65.00 110.00
383.00 56.00 66.00 112.00
367.00 48.00 67.00 113.00
350.00 43.00 67.00 114.00
334.00 39.00 68.00 115.00
317.00 36.00 69.00 116.00
298.00 32.00 69.00 117.00
280.00 30.00 70.00 118.00
264.00 27.00 70.00 118.00
247.00 23.00 70.00 119.00
229.00 21.00 71.00 119.00
211.00 20.00 70.00 118.00
192.00 17.00 70.00 118.00
177.00 15.00 70.00 118.00
161.00 12.00 70.00 118.00
147.00 10.00 70.00 118.00
133.00 7.00 70.00 118.00
121.00 7.00 70.00 118.00
108.00 6.00 70.00 118.00
96.00 7.00 70.00 118.00
85.00 9.00 70.00 118.00
75.00 11.00 70.00 117.00
66.00 14.00 70.00 117.00
58.00 18.00 70.00 118.00
51.00 23.00 70.00 118.00
45.00 30.00 70.00 118.00
39.00 35.00 70.00 118.00
34.00 42.00 70.00 118.00
30.00 49.00 70.00 118.00
26.00 57.00 70.00 118.00
23.00 64.00 69.00 117.00
21.00 71.00 69.00 117.00
18.00 80.00 69.00 116.00
15.00 87.00 68.00 116.00
13.00 93.00 68.00 115.00
12.00 100.00 67.00 114.00
11.00 108.00 67.00 112.00
9.00 114.00 66.00 111.00
9.00 121.00 65.00 110.00
9.00 127.00 64.00 108.00
8.00 131.00 64.00 107.00
7.00 134.00 63.00 106.00
7.00 137.00 63.00 106.00
8.00 141.00 62.00 105.00
9.00 145.00 61.00 104.00
10.00 150.00 61.00 103.00
11.00 153.00 60.00 102.00
13.00 157.00 60.00 102.00
15.00 161.00 60.00 101.00
17.00 165.00 60.00 101.00
19.00 169.00 59.00 100.00
21.00 173.00 59.00 100.00
24.00 178.00 59.00 100.00
26.00 181.00 59.00 100.00
28.00 186.00 59.00 100.00
31.00 191.00 59.00 100.00
33.00 195.00 59.00 100.00
35.00 199.00 59.00 100.00
38.00 203.00 59.00 99.00
40.00 206.00 59.00 99.00
42.00 209.00 59.00 99.00
45.00 212.00 59.00 99.00
47.00 216.00 58.00 99.00
49.00 218.00 58.00 98.00
51.00 221.00 58.00 98.00
53.00 223.00 58.00 98.00
54.00 225.00 58.00 97.00
56.00 228.00 58.00 97.00
57.00 230.00 57.00 97.00
58.00 232.00 57.00 96.00
59.00 234.00 57.00 96.00
60.00 236.00 57.00 96.00
61.00 237.00 57.00 96.00
61.00 237.00 57.00 96.00
62.00 238.00 57.00 96.00
63.00 239.00 56.00 95.00
64.00 239.00 56.00 94.00
65.00 240.00 56.00 94.00
66.00 241.00 56.00 94.00
67.00 241.00 56.00 94.00
68.00 241.00 56.00 94.00
69.00 243.00 56.00 94.00
70.00 244.00 56.00 95.00
70.00 245.00 56.00 95.00
71.00 246.00 56.00 94.00
71.00 247.00 56.00 95.00
72.00 248.00 56.00 95.00
72.00 250.00 56.00 95.00
72.00 250.00 56.00 95.00
72.00 252.00 56.00 94.00
72.00 254.00 56.00 94.00
72.00 255.00 56.00 95.00
72.00 258.00 56.00 95.00
72.00 260.00 56.00 95.00
72.00 262.00 56.00 95.00
72.00 265.00 56.00 95.00
71.00 266.00 56.00 95.00
71.00 268.00 56.00 95.00
71.00 269.00 56.00 94.00
71.00 271.00 55.00 93.00
71.00 271.00 55.00 93.00
71.00 271.00 55.00 93.00
71.00 271.00 55.00 93.00
71.00 271.00 55.00 92.00
72.00 273.00 54.00 91.00
73.00 275.00 54.00 91.00
73.00 277.00 53.00 90.00
75.00 278.00 53.00 89.00
77.00 279.00 52.00 89.00
79.00 279.00 52.00 88.00
82.00 281.00 52.00 88.00
84.00 282.00 52.00 89.00
86.00 284.00 52.00 88.00
88.00 285.00 52.00 87.00
88.00 285.00 51.00 86.00
90.00 285.00 50.00 85.00
90.00 285.00 50.00 84.00
90.00 285.00 49.00 83.00
91.00 287.00 49.00 82.00
92.00 288.00 48.00 82.00
92.00 288.00 48.00 81.00
92.00 287.00 47.00 80.00
93.00 286.00 47.00 79.00
93.00 286.00 46.00 78.00
92.00 287.00 46.00 78.00
91.00 288.00 46.00 77.00
91.00 288.00 46.00 77.00
91.00 287.00 46.00 77.00
91.00 288.00 46.00 77.00
91.00 288.00 46.00 77.00
92.00 288.00 46.00 77.00
92.00 288.00 46.00 77.00
92.00 288.00 46.00 77.00
92.00 288.00 46.00 78.00
93.00 288.00 46.00 77.00
92.00 287.00 46.00 77.00
91.00 287.00 46.00 77.00
91.00 287.00 46.00 77.00
90.00 287.00 46.00 78.00
89.00 287.00 46.00 78.00
87.00 286.00 47.00 79.00
86.00 285.00 47.00 79.00
85.00 285.00 47.00 80.00
80.00 284.00 47.00 80.00
75.00 283.00 48.00 80.00
73.00 281.00 48.00 81.00
72.00 279.00 49.00 82.00
70.00 277.00 49.00 84.00
68.00 274.00 50.00 85.00
65.00 270.00 51.00 87.00
63.00 267.00 52.00 87.00
61.00 262.00 52.00 88.00
60.00 256.00 52.00 89.00
60.00 251.00 52.00 89.00
59.00 244.00 53.00 89.00
58.00 238.00 53.00 89.00
57.00 230.00 53.00 90.00
56.00 221.00 53.00 90.00
55.00 211.00 54.00 91.00
55.00 201.00 54.00 92.00
54.00 191.00 54.00 92.00
54.00 182.00 55.00 93.00
55.00 174.00 56.00 94.00
55.00 166.00 56.00 95.00
55.00 159.00 56.00 95.00
57.00 153.00 56.00 95.00
60.00 147.00 56.00 95.00
63.00 141.00 57.00 96.00
66.00 135.00 57.00 96.00
71.00 131.00 57.00 97.00
76.00 125.00 57.00 97.00
82.00 121.00 58.00 98.00
88.00 116.00 58.00 98.00
97.00 111.00 58.00 98.00
106.00 107.00 59.00 99.00
115.00 103.00 59.00 100.00
126.00 102.00 59.00 100.00
138.00 101.00 60.00 101.00
150.00 101.00 60.00 101.00
162.00 102.00 60.00 102.00
174.00 102.00 61.00 102.00
187.00 103.00 61.00 102.00
200.00 104.00 61.00 103.00
213.00 105.00 61.00 103.00
226.00 107.00 61.00 103.00
239.00 108.00 61.00 104.00
250.00 110.00 62.00 104.00
261.00 113.00 62.00 105.00
271.00 116.00 63.00 106.00
281.00 119.00 63.00 107.00
289.00 124.00 64.00 108.00
296.00 129.00 64.00 108.00
302.00 134.00 65.00 109.00
306.00 141.00 64.00 109.00
310.00 148.00 64.00 108.00
312.00 155.00 64.00 108.00
313.00 160.00 64.00 107.00
313.00 166.00 63.00 107.00
311.00 170.00 63.00 107.00
310.00 174.00 63.00 106.00
307.00 177.00 62.00 106.00
304.00 180.00 62.00 104.00
302.00 183.00 61.00 103.00
298.00 184.00 61.00 103.00
294.00 186.00 60.00 102.00
291.00 188.00 60.00 101.00
288.00 188.00 60.00 101.00
285.00 189.00 59.00 100.00
283.00 191.00 59.00 99.00
280.00 191.00 59.00 99.00
278.00 192.00 58.00 98.00
276.00 194.00 58.00 98.00
274.00 196.00 58.00 97.00
273.00 198.00 57.00 97.00
271.00 200.00 57.00 96.00
270.00 202.00 57.00 96.00
268.00 204.00 57.00 96.00
268.00 206.00 57.00 96.00
266.00 208.00 57.00 96.00
266.00 210.00 56.00 95.00
264.00 211.00 56.00 95.00
263.00 213.00 56.00 95.00
262.00 214.00 56.00 94.00
261.00 216.00 56.00 94.00
260.00 218.00 56.00 94.00
258.00 220.00 55.00 93.00
257.00 222.00 55.00 93.00
257.00 224.00 55.00 93.00
255.00 225.00 55.00 92.00
254.00 227.00 55.00 92.00
253.00 228.00 54.00 92.00
252.00 229.00 55.00 92.00
250.00 229.00 54.00 92.00
249.00 228.00 54.00 92.00
248.00 226.00 54.00 92.00
247.00 223.00 54.00 92.00
246.00 218.00 54.00 92.00
246.00 213.00 54.00 91.00
245.00 206.00 54.00 92.00
244.00 197.00 55.00 92.00
244.00 188.00 55.00 93.00
244.00 178.00 55.00 93.00
244.00 167.00 55.00 93.00
245.00 158.00 55.00 94.00
245.00 148.00 56.00 94.00
246.00 139.00 56.00 95.00
248.00 132.00 57.00 96.00
250.00 126.00 57.00 96.00
252.00 120.00 57.00 97.00
255.00 116.00 58.00 98.00
258.00 114.00 59.00 100.00
262.00 112.00 60.00 101.00
265.00 109.00 60.00 102.00
269.00 108.00 62.00 104.00
274.00 106.00 63.00 106.00
278.00 106.00 64.00 109.00
282.00 105.00 65.00 110.00
286.00 105.00 67.00 113.00
290.00 106.00 68.00 115.00
293.00 109.00 70.00 118.00
294.00 112.00 72.00 121.00
295.00 117.00 73.00 123.00
294.00 121.00 75.00 126.00
292.00 127.00 76.00 129.00
288.00 134.00 78.00 132.00
281.00 143.00 80.00 135.00
276.00 155.00 81.00 137.00
268.00 169.00 82.00 139.00
258.00 181.00 83.00 140.00
248.00 193.00 84.00 141.00
238.00 205.00 83.00 141.00
228.00 214.00 84.00 142.00
218.00 222.00 84.00 142.00
209.00 228.00 83.00 140.00
202.00 232.00 82.00 138.00
196.00 235.00 81.00 137.00
190.00 233.00 80.00 135.00
186.00 228.00 80.00 135.00
184.00 221.00 79.00 134.00
183.00 213.00 79.00 133.00
181.00 203.00 78.00 132.00
182.00 194.00 78.00 131.00
183.00 184.00 77.00 131.00
186.00 174.00 77.00 131.00
188.00 166.00 78.00 131.00
192.00 159.00 78.00 131.00
197.00 153.00 77.00 131.00
202.00 147.00 78.00 132.00
209.00 141.00 78.00 132.00
217.00 137.00 78.00 132.00
224.00 135.00 79.00 133.00
233.00 133.00 80.00 134.00
244.00 132.00 80.00 136.00
254.00 133.00 81.00 136.00
266.00 135.00 81.00 137.00
278.00 138.00 81.00 137.00
291.00 142.00 81.00 137.00
305.00 149.00 81.00 136.00
318.00 154.00 80.00 135.00
333.00 160.00 80.00 134.00
347.00 166.00 79.00 134.00
361.00 169.00 78.00 132.00
374.00 170.00 78.00 131.00
387.00 170.00 77.00 130.00
400.00 171.00 76.00 129.00
410.00 171.00 75.00 127.00
420.00 170.00 75.00 126.00
428.00 168.00 74.00 125.00
435.00 166.00 74.00 124.00
438.00 161.00 73.00 124.00
440.00 157.00 73.00 123.00
439.00 152.00 73.00 123.00
436.00 147.00 73.00 123.00
430.00 142.00 73.00 123.00
421.00 138.00 73.00 123.00
411.00 135.00 73.00 123.00
397.00 131.00 73.00 124.00
380.00 126.00 74.00 124.00
362.00 123.00 74.00 125.00
341.00 120.00 75.00 126.00
319.00 118.00 76.00 128.00
294.00 115.00 77.00 130.00
268.00 113.00 78.00 132.00
238.00 113.00 80.00 135.00
204.00 114.00 81.00 137.00
172.00 117.00 83.00 139.00
139.00 118.00 84.00 142.00
110.00 121.00 86.00 145.00
80.00 122.00 87.00 147.00
52.00 121.00 88.00 149.00
24.00 119.00 89.00 151.00
-0.00 116.00 89.00 150.00
-20.00 114.00 89.00 150.00
-36.00 109.00 89.00 150.00
-44.00 106.00 89.00 150.00
-46.00 100.00 88.00 148.00
-48.00 92.00 87.00 147.00
-45.00 86.00 87.00 146.00
-40.00 76.00 86.00 146.00
-29.00 67.00 85.00 144.00
-14.00 58.00 85.00 143.00
0.00 50.00 84.00 141.00
17.00 44.00 83.00 139.00
33.00 36.00 81.00 137.00
51.00 29.00 80.00 134.00
66.00 24.00 79.00 133.00
84.00 20.00 78.00 131.00
101.00 14.00 77.00 130.00
119.00 13.00 76.00 129.00
135.00 12.00 76.00 128.00
150.00 11.00 75.00 126.00
166.00 11.00 74.00 125.00
182.00 12.00 74.00 125.00
197.00 13.00 73.00 124.00
213.00 15.00 72.00 122.00
227.00 17.00 72.00 122.00
239.00 20.00 72.00 122.00
251.00 23.00 73.00 122.00
261.00 28.00 73.00 123.00
270.00 35.00 72.00 122.00
278.00 42.00 72.00 122.00
284.00 51.00 72.00 122.00
289.00 59.00 72.00 122.00
292.00 69.00 72.00 122.00
295.00 80.00 72.00 122.00
295.00 90.00 72.00 122.00
296.00 100.00 72.00 121.00
295.00 111.00 72.00 121.00
294.00 121.00 71.00 121.00
293.00 130.00 71.00 121.00
292.00 139.00 71.00 120.00
290.00 146.00 70.00 119.00
288.00 154.00 70.00 118.00
287.00 162.00 70.00 117.00
287.00 170.00 69.00 117.00
286.00 178.00 69.00 116.00
286.00 185.00 68.00 116.00
287.00 192.00 68.00 115.00
288.00 199.00 68.00 115.00
290.00 203.00 68.00 115.00
292.00 205.00 68.00 114.00
294.00 207.00 67.00 114.00
297.00 208.00 68.00 114.00
299.00 206.00 68.00 114.00
302.00 203.00 68.00 114.00
305.00 200.00 68.00 114.00
307.00 196.00 68.00 114.00
310.00 193.00 68.00 115.00
312.00 189.00 69.00 116.00
314.00 186.00 70.00 118.00
316.00 183.00 71.00 119.00
317.00 181.00 72.00 121.00
318.00 180.00 73.00 123.00
318.00 179.00 74.00 125.00
317.00 179.00 75.00 127.00
315.00 180.00 76.00 129.00
314.00 182.00 78.00 131.00
310.00 183.00 79.00 133.00
306.00 184.00 81.00 137.00
300.00 184.00 83.00 139.00
293.00 185.00 84.00 141.00
285.00 186.00 85.00 143.00
276.00 186.00 86.00 145.00
266.00 187.00 88.00 148.00
255.00 189.00 88.00 149.00
243.00 190.00 89.00 151.00
232.00 191.00 90.00 151.00
220.00 193.00 91.00 153.00
207.00 193.00 91.00 153.00
195.00 195.00 91.00 154.00
183.00 197.00 90.00 153.00
174.00 200.00 90.00 152.00
164.00 203.00 89.00 151.00
156.00 206.00 88.00 149.00
148.00 207.00 88.00 148.00
143.00 208.00 87.00 146.00
139.00 211.00 86.00 146.00
134.00 214.00 85.00 144.00
133.00 220.00 85.00 143.00
131.00 226.00 84.00 141.00
130.00 233.00 83.00 140.00
132.00 240.00 83.00 140.00
134.00 246.00 82.00 138.00
136.00 252.00 81.00 138.00
138.00 257.00 81.00 136.00
143.00 262.00 80.00 135.00
146.00 266.00 80.00 134.00
149.00 268.00 79.00 134.00
153.00 270.00 78.00 132.00
157.00 271.00 78.00 132.00
160.00 271.00 78.00 132.00
163.00 271.00 78.00 132.00
167.00 270.00 78.00 132.00
170.00 268.00 78.00 132.00
174.00 267.00 78.00 131.00
177.00 266.00 78.00 131.00
181.00 265.00 78.00 132.00
186.00 265.00 79.00 134.00
191.00 264.00 80.00 135.00
196.00 262.00 81.00 136.00
202.00 259.00 82.00 138.00
208.00 257.00 82.00 138.00
217.00 256.00 83.00 140.00
224.00 252.00 84.00 141.00
235.00 251.00 85.00 143.00
244.00 249.00 85.00 143.00
256.00 248.00 85.00 143.00
269.00 247.00 85.00 143.00
282.00 248.00 85.00 143.00
296.00 248.00 85.00 143.00
310.00 250.00 84.00 142.00
326.00 253.00 84.00 142.00
341.00 254.00 84.00 142.00
355.00 253.00 83.00 140.00
370.00 253.00 83.00 139.00
385.00 251.00 82.00 138.00
400.00 248.00 81.00 137.00
412.00 244.00 80.00 135.00
426.00 242.00 79.00 134.00
438.00 239.00 79.00 133.00
449.00 235.00 78.00 132.00
459.00 234.00 77.00 131.00
467.00 231.00 77.00 130.00
475.00 227.00 77.00 129.00
479.00 222.00 76.00 128.00
483.00 216.00 76.00 128.00
485.00 209.00 76.00 129.00
485.00 200.00 77.00 129.00
482.00 190.00 77.00 131.00
478.00 179.00 78.00 132.00
470.00 164.00 79.00 134.00
461.00 149.00 81.00 136.00
448.00 132.00 82.00 139.00
435.00 116.00 84.00 142.00
418.00 98.00 86.00 144.00
400.00 80.00 87.00 147.00
379.00 62.00 88.00 149.00
357.00 46.00 90.00 152.00
333.00 30.00 91.00 154.00
310.00 20.00 92.00 155.00
286.00 12.00 93.00 156.00
264.00 9.00 93.00 156.00
240.00 7.00 93.00 157.00
217.00 6.00 93.00 157.00
195.00 9.00 94.00 158.00
174.00 16.00 94.00 159.00
156.00 25.00 94.00 159.00
142.00 37.00 95.00 160.00
128.00 50.00 95.00 160.00
120.00 68.00 95.00 161.00
112.00 85.00 95.00 161.00
110.00 100.00 95.00 161.00
110.00 115.00 95.00 160.00
113.00 128.00 94.00 158.00
117.00 140.00 93.00 157.00
123.00 153.00 92.00 156.00
130.00 162.00 92.00 155.00
139.00 170.00 90.00 153.00
149.00 178.00 90.00 151.00
159.00 185.00 88.00 149.00
169.00 190.00 88.00 148.00
180.00 195.00 87.00 146.00
193.00 202.00 86.00 146.00
205.00 206.00 85.00 144.00
217.00 208.00 84.00 143.00
232.00 210.00 83.00 141.00
245.00 211.00 82.00 139.00
257.00 210.00 81.00 137.00
270.00 209.00 81.00 136.00
283.00 209.00 80.00 135.00
295.00 209.00 79.00 134.00
306.00 208.00 79.00 134.00
316.00 206.00 79.00 133.00
325.00 204.00 78.00 132.00
334.00 202.00 78.00 132.00
340.00 199.00 78.00 131.00
345.00 196.00 77.00 130.00
349.00 194.00 77.00 130.00
351.00 190.00 77.00 129.00
350.00 186.00 76.00 128.00
350.00 184.00 76.00 128.00
347.00 182.00 75.00 127.00
343.00 181.00 74.00 125.00
337.00 180.00 73.00 123.00
332.00 179.00 72.00 122.00
325.00 179.00 71.00 120.00
318.00 178.00 70.00 118.00
311.00 177.00 69.00 117.00
304.00 175.00 68.00 115.00
297.00 173.00 68.00 114.00
290.00 169.00 67.00 113.00
283.00 165.00 67.00 113.00
276.00 160.00 66.00 112.00
270.00 154.00 66.00 112.00
264.00 149.00 66.00 112.00
258.00 143.00 66.00 112.00
252.00 137.00 66.00 112.00
246.00 132.00 67.00 112.00
239.00 126.00 67.00 113.00
233.00 121.00 67.00 113.00
227.00 117.00 67.00 114.00
220.00 113.00 67.00 114.00
212.00 108.00 68.00 114.00
204.00 104.00 68.00 114.00
196.00 100.00 68.00 115.00
187.00 96.00 69.00 116.00
178.00 92.00 70.00 118.00
168.00 89.00 70.00 118.00
157.00 85.00 71.00 120.00
147.00 84.00 72.00 121.00
136.00 82.00 73.00 123.00
124.00 83.00 74.00 125.00
112.00 87.00 75.00 126.00
101.00 93.00 75.00 127.00
89.00 99.00 76.00 128.00
78.00 104.00 76.00 128.00
68.00 110.00 75.00 127.00
58.00 114.00 75.00 127.00
47.00 117.00 75.00 126.00
37.00 119.00 74.00 125.00
28.00 122.00 74.00 124.00
20.00 126.00 73.00 123.00
13.00 130.00 72.00 122.00
7.00 135.00 71.00 121.00
3.00 140.00 71.00 120.00
-1.00 145.00 71.00 119.00
-3.00 152.00 70.00 119.00
-5.00 158.00 70.00 118.00
-4.00 166.00 70.00 118.00
-2.00 175.00 70.00 117.00
1.00 183.00 69.00 117.00
4.00 190.00 68.00 115.00
8.00 196.00 67.00 114.00
13.00 202.00 67.00 113.00
18.00 208.00 66.00 112.00
22.00 212.00 65.00 110.00
27.00 216.00 64.00 109.00
31.00 218.00 63.00 107.00
36.00 220.00 63.00 106.00
39.00 222.00 62.00 105.00
42.00 222.00 61.00 103.00
45.00 223.00 60.00 102.00
48.00 223.00 60.00 101.00
50.00 223.00 60.00 101.00
51.00 223.00 59.00 100.00
52.00 224.00 59.00 99.00
52.00 224.00 58.00 99.00
53.00 226.00 58.00 98.00
52.00 227.00 58.00 98.00
52.00 229.00 58.00 98.00
51.00 230.00 58.00 98.00
50.00 232.00 58.00 98.00
49.00 235.00 58.00 99.00
47.00 236.00 59.00 99.00
45.00 238.00 59.00 99.00
44.00 240.00 59.00 100.00
42.00 239.00 59.00 100.00
40.00 237.00 60.00 101.00
37.00 236.00 59.00 100.00
35.00 235.00 59.00 100.00
33.00 234.00 59.00 100.00
32.00 233.00 60.00 101.00
30.00 233.00 60.00 101.00
28.00 233.00 60.00 101.00
27.00 233.00 60.00 101.00
25.00 233.00 60.00 101.00
24.00 233.00 60.00 101.00
22.00 232.00 60.00 101.00
21.00 232.00 59.00 100.00
19.00 232.00 59.00 100.00
17.00 231.00 59.00 100.00
16.00 230.00 59.00 100.00
14.00 230.00 59.00 100.00
12.00 231.00 59.00 100.00
11.00 230.00 60.00 101.00
8.00 230.00 60.00 101.00
7.00 230.00 60.00 101.00
6.00 231.00 60.00 102.00
4.00 231.00 61.00 102.00
3.00 233.00 61.00 103.00
2.00 234.00 62.00 104.00
1.00 235.00 62.00 105.00
1.00 236.00 63.00 106.00
0.00 237.00 64.00 108.00
0.00 239.00 64.00 109.00
0.00 240.00 65.00 109.00
1.00 242.00 65.00 110.00
2.00 244.00 66.00 111.00
3.00 245.00 67.00 112.00
3.00 246.00 67.00 112.00
4.00 247.00 67.00 113.00
6.00 249.00 67.00 114.00
7.00 251.00 68.00 114.00
8.00 253.00 68.00 115.00
9.00 254.00 68.00 115.00
10.00 256.00 68.00 116.00
11.00 256.00 68.00 115.00
12.00 258.00 69.00 116.00
12.00 258.00 68.00 116.00
13.00 259.00 69.00 116.00
13.00 260.00 69.00 116.00
13.00 261.00 69.00 117.00
14.00 262.00 69.00 117.00
14.00 262.00 70.00 119.00
14.00 264.00 71.00 120.00
14.00 265.00 71.00 120.00
14.00 267.00 72.00 121.00
14.00 268.00 72.00 121.00
15.00 268.00 73.00 123.00
15.00 268.00 74.00 124.00
16.00 268.00 74.00 125.00
17.00 269.00 75.00 126.00
18.00 270.00 76.00 128.00
19.00 270.00 76.00 129.00
20.00 271.00 76.00 128.00
22.00 270.00 76.00 129.00
24.00 270.00 76.00 129.00
26.00 270.00 76.00 129.00
27.00 269.00 76.00 128.00
30.00 269.00 76.00 128.00
31.00 268.00 76.00 128.00
33.00 267.00 76.00 128.00
36.00 266.00 76.00 128.00
38.00 265.00 76.00 128.00
41.00 264.00 76.00 128.00
44.00 264.00 76.00 128.00
46.00 262.00 76.00 128.00
48.00 258.00 76.00 128.00
51.00 257.00 76.00 128.00
54.00 254.00 76.00 129.00
56.00 251.00 76.00 129.00
60.00 249.00 77.00 130.00
62.00 247.00 78.00 131.00
65.00 245.00 78.00 132.00
69.00 243.00 79.00 133.00
72.00 242.00 79.00 134.00
77.00 241.00 80.00 134.00
81.00 240.00 80.00 136.00
85.00 239.00 81.00 137.00
90.00 238.00 82.00 139.00
94.00 236.00 83.00 140.00
101.00 236.00 83.00 140.00
106.00 234.00 83.00 140.00
113.00 234.00 83.00 140.00
119.00 235.00 83.00 140.00
126.00 236.00 83.00 141.00
133.00 236.00 84.00 141.00
139.00 235.00 83.00 140.00
147.00 235.00 82.00 139.00
152.00 234.00 82.00 138.00
159.00 232.00 81.00 136.00
165.00 230.00 80.00 136.00
170.00 227.00 80.00 136.00
174.00 225.00 81.00 136.00
179.00 221.00 81.00 137.00
184.00 217.00 80.00 135.00
190.00 215.00 79.00 134.00
195.00 212.00 79.00 134.00
199.00 209.00 79.00 134.00
204.00 207.00 79.00 134.00
209.00 204.00 80.00 135.00
213.00 201.00 80.00 135.00
218.00 199.00 80.00 136.00
223.00 197.00 80.00 135.00
228.00 196.00 80.00 136.00
232.00 194.00 80.00 135.00
236.00 194.00 80.00 135.00
240.00 193.00 80.00 134.00
243.00 193.00 79.00 134.00
245.00 193.00 79.00 133.00
248.00 194.00 79.00 133.00
249.00 193.00 78.00 132.00
251.00 193.00 78.00 131.00
251.00 192.00 78.00 131.00
251.00 191.00 77.00 130.00
251.00 191.00 76.00 128.00
251.00 191.00 76.00 128.00
250.00 189.00 76.00 128.00
250.00 187.00 76.00 128.00
248.00 185.00 76.00 128.00
247.00 184.00 76.00 128.00
245.00 183.00 76.00 129.00
243.00 181.00 77.00 130.00
242.00 178.00 77.00 130.00
240.00 175.00 77.00 131.00
239.00 172.00 77.00 130.00
238.00 169.00 77.00 131.00
236.00 166.00 77.00 130.00
234.00 164.00 76.00 129.00
233.00 164.00 77.00 130.00
229.00 158.00 76.00 128.00
228.00 156.00 75.00 127.00
226.00 152.00 75.00 126.00
227.00 150.00 74.00 125.00
226.00 148.00 73.00 124.00
226.00 146.00 73.00 123.00
227.00 143.00 72.00 122.00
228.00 143.00 72.00 121.00
229.00 143.00 72.00 121.00
230.00 142.00 72.00 122.00
231.00 142.00 72.00 122.00
232.00 143.00 72.00 122.00
231.00 146.00 73.00 124.00
232.00 146.00 74.00 125.00
231.00 146.00 75.00 126.00
232.00 147.00 75.00 127.00
232.00 148.00 76.00 128.00
231.00 148.00 76.00 128.00
229.00 147.00 75.00 127.00
226.00 146.00 74.00 126.00
225.00 143.00 74.00 125.00
226.00 145.00 73.00 123.00
225.00 144.00 73.00 123.00
226.00 146.00 72.00 121.00
227.00 146.00 72.00 121.00
226.00 145.00 72.00 121.00
227.00 146.00 72.00 121.00
226.00 144.00 71.00 121.00
228.00 147.00 72.00 122.00
226.00 144.00 72.00 121.00
227.00 146.00 73.00 123.00
227.00 145.00 72.00 122.00
227.00 145.00 72.00 122.00
227.00 144.00 72.00 121.00
227.00 146.00 72.00 121.00
227.00 145.00 72.00 121.00
228.00 146.00 72.00 122.00
227.00 146.00 72.00 122.00
227.00 145.00 72.00 122.00
227.00 146.00 72.00 122.00
228.00 146.00 72.00 121.00
228.00 146.00 72.00 121.00
228.00 146.00 72.00 121.00
228.00 146.00 72.00 121.00
227.00 145.00 72.00 121.00
228.00 146.00 72.00 121.00
227.00 145.00 72.00 122.00
228.00 146.00 72.00 121.00
228.00 146.00 72.00 121.00
228.00 145.00 72.00 121.00
228.00 146.00 72.00 121.00
228.00 146.00 72.00 121.00
228.00 146.00 72.00 121.00
228.00 146.00 72.00 121.00
228.00 145.00 72.00 121.00
228.00 146.00 72.00 121.00
227.00 145.00 72.00 122.00
227.00 145.00 72.00 122.00
227.00 145.00 72.00 122.00
228.00 146.00 72.00 121.00
228.00 146.00 72.00 121.00
228.00 146.00 72.00 121.00
228.00 146.00 72.00 121.00
228.00 146.00 72.00 121.00
228.00 146.00 72.00 121.00
227.00 145.00 72.00 122.00
228.00 146.00 72.00 121.00
227.00 145.00 72.00 122.00
228.00 146.00 72.00 121.00
228.00 146.00 72.00 121.00
227.00 145.00 72.00 122.00
228.00 146.00 72.00 121.00
228.00 146.00 72.00 121.00
227.00 145.00 72.00 122.00
228.00 146.00 72.00 121.00
228.00 146.00 72.00 121.00
227.00 145.00 72.00 122.00
227.00 145.00 72.00 122.00
228.00 146.00 72.00 121.00
228.00 146.00 72.00 121.00
228.00 146.00 72.00 121.00
228.00 145.00 72.00 121.00
228.00 146.00 72.00 121.00
228.00 146.00 72.00 121.00
228.00 146.00 72.00 121.00
228.00 145.00 72.00 121.00
228.00 146.00 72.00 121.00
228.00 146.00 72.00 121.00
228.00 146.00 72.00 121.00
228.00 146.00 72.00 121.00
228.00 146.00 72.00 121.00
228.00 146.00 72.00 121.00
228.00 146.00 72.00 121.00
228.00 146.00 72.00 121.00
228.00 146.00 72.00 121.00
228.00 146.00 72.00 121.00
228.00 146.00 72.00 121.00
228.00 146.00 72.00 121.00
228.00 146.00 72.00 121.00
228.00 146.00 72.00 121.00
228.00 146.00 72.00 121.00
228.00 146.00 72.00 121.00
228.00 146.00 72.00 121.00
228.00 146.00 72.00 121.00
228.00 146.00 72.00 121.00
228.00 146.00 72.00 121.00
228.00 146.00 72.00 121.00
227.00 145.00 72.00 122.00
227.00 145.00 72.00 122.00
228.00 146.00 72.00 121.00
228.00 146.00 72.00 121.00
227.00 146.00 72.00 122.00
227.00 146.00 72.00 122.00
228.00 146.00 72.00 121.00
227.00 146.00 72.00 122.00
228.00 146.00 72.00 121.00
228.00 146.00 72.00 121.00
227.00 146.00 72.00 121.00
227.00 145.00 72.00 122.00
227.00 145.00 72.00 122.00
228.00 146.00 72.00 121.00
227.00 146.00 72.00 121.00
228.00 146.00 72.00 121.00
227.00 145.00 72.00 122.00
227.00 145.00 72.00 122.00
228.00 146.00 72.00 121.00
227.00 145.00 72.00 122.00
227.00 145.00 72.00 122.00
228.00 146.00 72.00 121.00
228.00 146.00 72.00 122.00
228.00 145.00 72.00 122.00
227.00 146.00 72.00 121.00
226.00 146.00 70.00 119.00
224.00 146.00 70.00 118.00
268.00 173.00 70.00 119.00
261.00 169.00 70.00 118.00
253.00 162.00 70.00 118.00
247.00 154.00 70.00 118.00
240.00 146.00 72.00 121.00
236.00 139.00 73.00 123.00
233.00 130.00 73.00 123.00
231.00 121.00 72.00 122.00
229.00 113.00 72.00 122.00
224.00 145.00 72.00 122.00
226.00 147.00 71.00 120.00
227.00 148.00 69.00 116.00
228.00 149.00 68.00 115.00
228.00 148.00 70.00 117.00
228.00 148.00 70.00 118.00
228.00 147.00 70.00 119.00
228.00 148.00 71.00 119.00
228.00 148.00 71.00 119.00
228.00 147.00 71.00 119.00
228.00 147.00 71.00 119.00
228.00 147.00 71.00 119.00
228.00 147.00 71.00 119.00
228.00 148.00 70.00 119.00
228.00 147.00 71.00 120.00
228.00 147.00 71.00 120.00
228.00 147.00 71.00 119.00
227.00 147.00 71.00 119.00
227.00 148.00 70.00 118.00
229.00 149.00 70.00 118.00
229.00 148.00 71.00 119.00
229.00 148.00 71.00 120.00
229.00 147.00 71.00 120.00
229.00 146.00 71.00 121.00
228.00 146.00 72.00 121.00
228.00 145.00 72.00 122.00
228.00 146.00 72.00 121.00
227.00 145.00 72.00 122.00
227.00 145.00 72.00 122.00
227.00 145.00 72.00 122.00
227.00 146.00 72.00 121.00
227.00 146.00 72.00 122.00
228.00 146.00 71.00 121.00
228.00 146.00 72.00 121.00
228.00 146.00 72.00 121.00
228.00 146.00 72.00 121.00
228.00 146.00 71.00 121.00
228.00 146.00 71.00 120.00
228.00 147.00 71.00 120.00
228.00 146.00 72.00 121.00
228.00 146.00 71.00 121.00
228.00 146.00 72.00 121.00
228.00 146.00 71.00 120.00
228.00 146.00 72.00 121.00
227.00 146.00 72.00 121.00
228.00 146.00 71.00 120.00
228.00 147.00 71.00 120.00
227.00 146.00 72.00 121.00
228.00 146.00 71.00 120.00
227.00 146.00 72.00 121.00
227.00 146.00 72.00 121.00
228.00 146.00 71.00 121.00
228.00 146.00 71.00 121.00
228.00 146.00 71.00 120.00
228.00 146.00 71.00 120.00
228.00 147.00 71.00 120.00
227.00 146.00 72.00 121.00
228.00 146.00 71.00 121.00
228.00 146.00 71.00 121.00
228.00 146.00 71.00 120.00
228.00 146.00 71.00 120.00
228.00 146.00 72.00 121.00
228.00 146.00 71.00 121.00
228.00 146.00 71.00 121.00
228.00 146.00 71.00 120.00
228.00 146.00 71.00 120.00
227.00 145.00 72.00 121.00
228.00 146.00 71.00 121.00
228.00 146.00 71.00 120.00
228.00 146.00 71.00 120.00
228.00 146.00 71.00 120.00
228.00 146.00 71.00 120.00
228.00 146.00 71.00 120.00
228.00 146.00 71.00 120.00
228.00 146.00 71.00 120.00
228.00 146.00 71.00 121.00
228.00 146.00 71.00 121.00
228.00 146.00 71.00 120.00
228.00 146.00 71.00 120.00
228.00 146.00 71.00 120.00
228.00 146.00 71.00 120.00
228.00 146.00 71.00 120.00
228.00 146.00 71.00 120.00
228.00 146.00 71.00 120.00
228.00 146.00 71.00 120.00
228.00 146.00 71.00 120.00
228.00 146.00 71.00 120.00
228.00 146.00 71.00 120.00
228.00 146.00 71.00 120.00
227.00 146.00 72.00 121.00
228.00 146.00 71.00 121.00
228.00 146.00 71.00 120.00
228.00 147.00 71.00 120.00
228.00 146.00 71.00 120.00
228.00 146.00 71.00 120.00
228.00 147.00 71.00 120.00
228.00 147.00 71.00 120.00
227.00 146.00 72.00 122.00
227.00 145.00 72.00 122.00
228.00 146.00 71.00 121.00
228.00 147.00 71.00 120.00
228.00 146.00 71.00 120.00
228.00 146.00 71.00 120.00
228.00 146.00 71.00 121.00
228.00 146.00 71.00 121.00
228.00 146.00 71.00 121.00
228.00 146.00 71.00 121.00
228.00 146.00 71.00 121.00
228.00 146.00 71.00 121.00
228.00 147.00 71.00 120.00
228.00 146.00 71.00 121.00
228.00 146.00 71.00 121.00
228.00 147.00 71.00 120.00
228.00 147.00 71.00 121.00
228.00 147.00 71.00 120.00
228.00 147.00 71.00 120.00
228.00 146.00 71.00 120.00
228.00 147.00 71.00 120.00
228.00 146.00 71.00 121.00
228.00 146.00 71.00 121.00
228.00 146.00 71.00 121.00
228.00 146.00 71.00 121.00
228.00 146.00 71.00 121.00
228.00 146.00 72.00 121.00
227.00 145.00 72.00 122.00
228.00 146.00 72.00 121.00
227.00 146.00 72.00 121.00
228.00 146.00 71.00 121.00
227.00 145.00 72.00 122.00
227.00 145.00 72.00 122.00
228.00 146.00 72.00 121.00
227.00 145.00 72.00 122.00
228.00 146.00 72.00 121.00
228.00 146.00 72.00 121.00
227.00 145.00 72.00 122.00
228.00 146.00 72.00 121.00
227.00 145.00 72.00 122.00
227.00 145.00 72.00 122.00
228.00 146.00 72.00 121.00
227.00 145.00 72.00 122.00
227.00 145.00 72.00 122.00
228.00 146.00 72.00 121.00
227.00 145.00 72.00 122.00
227.00 145.00 72.00 122.00
228.00 146.00 72.00 121.00
227.00 145.00 72.00 122.00
227.00 145.00 72.00 122.00
227.00 145.00 72.00 122.00
227.00 145.00 72.00 122.00
228.00 146.00 71.00 121.00
228.00 146.00 71.00 121.00
228.00 146.00 71.00 120.00
228.00 146.00 71.00 120.00
228.00 146.00 71.00 120.00
228.00 146.00 71.00 120.00
227.00 145.00 72.00 122.00
227.00 145.00 72.00 122.00
228.00 146.00 71.00 121.00
228.00 146.00 71.00 121.00
228.00 146.00 71.00 121.00
228.00 146.00 71.00 121.00
228.00 146.00 71.00 121.00
227.00 145.00 72.00 122.00
227.00 145.00 72.00 122.00
228.00 146.00 72.00 121.00
227.00 145.00 72.00 122.00
227.00 145.00 72.00 122.00
228.00 146.00 72.00 121.00
227.00 145.00 72.00 122.00
228.00 146.00 71.00 121.00
228.00 146.00 71.00 120.00
228.00 146.00 71.00 120.00
227.00 146.00 72.00 121.00
228.00 146.00 71.00 121.00
228.00 147.00 71.00 120.00
227.00 146.00 72.00 121.00
227.00 146.00 72.00 121.00
228.00 146.00 71.00 120.00
227.00 146.00 72.00 121.00
227.00 146.00 72.00 121.00
228.00 147.00 71.00 120.00
227.00 146.00 72.00 121.00
228.00 146.00 71.00 121.00
228.00 147.00 71.00 120.00
228.00 147.00 71.00 120.00
228.00 147.00 71.00 120.00
228.00 147.00 71.00 120.00
228.00 147.00 71.00 120.00
228.00 147.00 71.00 120.00
227.00 147.00 71.00 120.00
227.00 147.00 71.00 119.00
227.00 148.00 70.00 118.00
227.00 148.00 70.00 118.00
228.00 148.00 71.00 119.00
227.00 147.00 71.00 120.00
228.00 147.00 71.00 120.00
228.00 147.00 71.00 120.00
227.00 146.00 72.00 121.00
227.00 145.00 72.00 122.00
228.00 146.00 72.00 121.00
227.00 146.00 72.00 122.00
227.00 145.00 72.00 122.00
228.00 146.00 72.00 121.00
227.00 146.00 72.00 121.00
227.00 146.00 72.00 122.00
228.00 146.00 72.00 121.00
227.00 146.00 72.00 121.00
227.00 146.00 72.00 122.00
227.00 146.00 72.00 121.00
227.00 146.00 72.00 122.00
227.00 146.00 72.00 122.00
227.00 145.00 72.00 122.00
228.00 146.00 72.00 121.00
227.00 146.00 72.00 121.00
227.00 145.00 72.00 122.00
228.00 146.00 72.00 121.00
227.00 146.00 72.00 121.00
227.00 146.00 72.00 122.00
228.00 146.00 71.00 121.00
228.00 147.00 71.00 120.00
228.00 147.00 71.00 120.00
227.00 146.00 72.00 121.00
227.00 146.00 72.00 122.00
227.00 145.00 72.00 122.00
228.00 146.00 71.00 121.00
227.00 146.00 72.00 121.00
228.00 146.00 72.00 121.00
227.00 146.00 72.00 121.00
228.00 146.00 71.00 121.00
228.00 146.00 71.00 120.00
228.00 146.00 71.00 120.00
227.00 146.00 72.00 121.00
228.00 146.00 71.00 121.00
227.00 146.00 72.00 121.00
227.00 146.00 72.00 122.00
227.00 146.00 72.00 122.00
227.00 146.00 72.00 121.00
227.00 145.00 72.00 122.00
227.00 146.00 72.00 121.00
227.00 145.00 72.00 121.00
227.00 146.00 72.00 121.00
227.00 146.00 72.00 121.00
228.00 147.00 72.00 121.00
228.00 147.00 72.00 121.00
