843.00 236.00 179.00 111.00
839.00 235.00 178.00 110.00
835.00 235.00 176.00 109.00
832.00 236.00 174.00 108.00
827.00 236.00 172.00 107.00
825.00 239.00 170.00 105.00
820.00 242.00 167.00 104.00
817.00 246.00 166.00 103.00
814.00 250.00 164.00 102.00
809.00 254.00 162.00 101.00
805.00 257.00 161.00 100.00
802.00 262.00 159.00 99.00
800.00 268.00 157.00 97.00
796.00 274.00 156.00 97.00
793.00 279.00 153.00 95.00
789.00 284.00 152.00 94.00
786.00 289.00 149.00 93.00
781.00 295.00 148.00 92.00
776.00 299.00 148.00 92.00
775.00 306.00 145.00 90.00
771.00 313.00 144.00 89.00
766.00 317.00 142.00 88.00
764.00 323.00 141.00 87.00
762.00 331.00 139.00 86.00
758.00 336.00 138.00 85.00
756.00 343.00 136.00 85.00
753.00 350.00 135.00 84.00
750.00 356.00 133.00 83.00
748.00 364.00 132.00 82.00
745.00 370.00 131.00 81.00
742.00 377.00 130.00 81.00
741.00 385.00 128.00 79.00
738.00 393.00 127.00 79.00
736.00 399.00 127.00 79.00
733.00 406.00 127.00 79.00
732.00 413.00 125.00 78.00
729.00 419.00 124.00 77.00
726.00 425.00 124.00 77.00
724.00 429.00 123.00 76.00
721.00 434.00 124.00 77.00
719.00 439.00 124.00 77.00
718.00 443.00 123.00 76.00
715.00 446.00 123.00 76.00
713.00 448.00 123.00 76.00
712.00 450.00 123.00 76.00
710.00 453.00 122.00 76.00
709.00 455.00 122.00 76.00
707.00 456.00 123.00 76.00
706.00 458.00 123.00 76.00
704.00 459.00 123.00 76.00
704.00 460.00 123.00 76.00
703.00 461.00 122.00 76.00
703.00 461.00 121.00 75.00
703.00 460.00 121.00 75.00
703.00 459.00 121.00 75.00
704.00 458.00 121.00 75.00
704.00 455.00 121.00 75.00
704.00 454.00 121.00 75.00
705.00 451.00 121.00 75.00
706.00 449.00 120.00 75.00
708.00 447.00 120.00 74.00
709.00 444.00 120.00 74.00
710.00 440.00 120.00 75.00
712.00 438.00 120.00 75.00
713.00 434.00 121.00 75.00
715.00 431.00 121.00 75.00
716.00 428.00 122.00 76.00
718.00 426.00 123.00 76.00
720.00 423.00 124.00 77.00
721.00 419.00 125.00 78.00
723.00 416.00 126.00 78.00
725.00 412.00 127.00 79.00
727.00 408.00 128.00 80.00
729.00 405.00 129.00 80.00
731.00 401.00 130.00 81.00
733.00 396.00 131.00 82.00
735.00 392.00 133.00 82.00
737.00 387.00 134.00 83.00
739.00 383.00 134.00 83.00
741.00 380.00 136.00 84.00
744.00 376.00 137.00 85.00
747.00 374.00 138.00 86.00
748.00 369.00 139.00 87.00
751.00 366.00 140.00 87.00
754.00 364.00 142.00 88.00
756.00 359.00 144.00 89.00
759.00 356.00 146.00 90.00
761.00 353.00 147.00 91.00
764.00 350.00 146.00 91.00
767.00 348.00 147.00 91.00
769.00 345.00 147.00 91.00
771.00 342.00 148.00 92.00
775.00 340.00 148.00 92.00
777.00 338.00 148.00 92.00
780.00 336.00 148.00 92.00
783.00 334.00 148.00 92.00
786.00 332.00 148.00 92.00
788.00 331.00 147.00 91.00
791.00 328.00 147.00 91.00
793.00 326.00 147.00 91.00
796.00 325.00 147.00 91.00
800.00 325.00 146.00 90.00
802.00 322.00 146.00 90.00
805.00 322.00 145.00 90.00
807.00 319.00 145.00 90.00
810.00 317.00 144.00 89.00
813.00 318.00 143.00 89.00
815.00 315.00 144.00 89.00
817.00 313.00 143.00 89.00
819.00 311.00 144.00 89.00
821.00 309.00 143.00 89.00
824.00 309.00 142.00 88.00
827.00 307.00 141.00 87.00
828.00 303.00 141.00 88.00
830.00 301.00 141.00 87.00
831.00 296.00 141.00 87.00
832.00 293.00 141.00 87.00
834.00 290.00 141.00 87.00
835.00 286.00 141.00 88.00
836.00 284.00 142.00 88.00
838.00 282.00 141.00 87.00
838.00 279.00 141.00 88.00
841.00 278.00 141.00 87.00
841.00 276.00 141.00 88.00
842.00 275.00 141.00 88.00
842.00 273.00 141.00 88.00
842.00 273.00 141.00 88.00
843.00 273.00 141.00 88.00
842.00 271.00 142.00 88.00
843.00 272.00 141.00 87.00
841.00 271.00 141.00 87.00
841.00 270.00 141.00 88.00
841.00 270.00 141.00 87.00
840.00 269.00 141.00 87.00
840.00 269.00 141.00 87.00
840.00 271.00 140.00 87.00
837.00 270.00 139.00 86.00
837.00 271.00 139.00 86.00
835.00 270.00 138.00 86.00
833.00 269.00 138.00 86.00
833.00 271.00 137.00 85.00
829.00 270.00 136.00 85.00
829.00 272.00 135.00 84.00
827.00 273.00 134.00 83.00
825.00 273.00 134.00 83.00
822.00 275.00 133.00 82.00
821.00 277.00 132.00 82.00
819.00 280.00 130.00 81.00
816.00 283.00 129.00 80.00
815.00 286.00 128.00 79.00
813.00 290.00 127.00 79.00
812.00 294.00 125.00 78.00
810.00 299.00 124.00 77.00
808.00 303.00 122.00 76.00
807.00 308.00 121.00 75.00
806.00 312.00 120.00 74.00
804.00 316.00 118.00 73.00
802.00 321.00 116.00 72.00
802.00 325.00 114.00 71.00
800.00 329.00 112.00 70.00
800.00 334.00 110.00 68.00
799.00 340.00 108.00 67.00
799.00 344.00 107.00 66.00
798.00 349.00 105.00 65.00
797.00 354.00 103.00 64.00
797.00 359.00 101.00 63.00
797.00 364.00 99.00 61.00
797.00 369.00 97.00 60.00
796.00 374.00 95.00 59.00
796.00 380.00 94.00 58.00
796.00 385.00 93.00 58.00
796.00 390.00 92.00 57.00
796.00 395.00 90.00 56.00
796.00 400.00 89.00 55.00
796.00 404.00 89.00 55.00
797.00 409.00 88.00 54.00
796.00 413.00 87.00 54.00
796.00 418.00 87.00 54.00
796.00 422.00 86.00 53.00
796.00 426.00 86.00 53.00
797.00 431.00 85.00 53.00
797.00 435.00 85.00 53.00
797.00 439.00 85.00 53.00
798.00 445.00 84.00 52.00
799.00 449.00 84.00 52.00
800.00 454.00 83.00 52.00
800.00 458.00 83.00 51.00
802.00 463.00 82.00 51.00
802.00 468.00 82.00 51.00
803.00 473.00 81.00 50.00
803.00 476.00 82.00 51.00
804.00 481.00 82.00 51.00
805.00 487.00 81.00 50.00
806.00 491.00 81.00 50.00
806.00 496.00 82.00 51.00
807.00 502.00 82.00 51.00
808.00 505.00 82.00 51.00
810.00 509.00 82.00 51.00
811.00 512.00 82.00 51.00
812.00 513.00 83.00 52.00
812.00 515.00 83.00 52.00
813.00 517.00 84.00 52.00
813.00 518.00 84.00 52.00
814.00 518.00 85.00 53.00
815.00 518.00 85.00 53.00
816.00 517.00 86.00 53.00
816.00 514.00 86.00 53.00
817.00 511.00 86.00 53.00
817.00 507.00 86.00 54.00
818.00 502.00 87.00 54.00
818.00 497.00 87.00 54.00
818.00 491.00 87.00 54.00
818.00 485.00 87.00 54.00
818.00 480.00 87.00 54.00
816.00 474.00 87.00 54.00
817.00 469.00 87.00 54.00
817.00 464.00 87.00 54.00
815.00 457.00 87.00 54.00
815.00 451.00 87.00 54.00
814.00 445.00 87.00 54.00
813.00 440.00 88.00 54.00
811.00 435.00 87.00 54.00
810.00 429.00 87.00 54.00
808.00 424.00 87.00 54.00
808.00 420.00 86.00 54.00
806.00 415.00 86.00 53.00
805.00 410.00 85.00 53.00
804.00 405.00 85.00 53.00
802.00 399.00 85.00 52.00
800.00 394.00 84.00 52.00
798.00 389.00 84.00 52.00
797.00 384.00 84.00 52.00
795.00 380.00 83.00 51.00
794.00 376.00 83.00 51.00
792.00 371.00 82.00 51.00
790.00 368.00 82.00 51.00
788.00 364.00 81.00 50.00
786.00 361.00 81.00 50.00
785.00 358.00 80.00 50.00
782.00 355.00 80.00 50.00
781.00 353.00 79.00 49.00
779.00 350.00 79.00 49.00
777.00 347.00 79.00 49.00
775.00 343.00 78.00 49.00
774.00 341.00 77.00 48.00
772.00 338.00 76.00 47.00
770.00 333.00 76.00 47.00
768.00 329.00 75.00 46.00
766.00 325.00 74.00 46.00
764.00 322.00 74.00 46.00
762.00 318.00 74.00 46.00
760.00 314.00 73.00 45.00
759.00 311.00 73.00 45.00
757.00 307.00 72.00 45.00
755.00 303.00 73.00 45.00
754.00 299.00 72.00 44.00
752.00 295.00 71.00 44.00
750.00 290.00 70.00 44.00
747.00 286.00 71.00 44.00
746.00 283.00 70.00 43.00
744.00 279.00 70.00 43.00
742.00 276.00 69.00 43.00
741.00 274.00 69.00 43.00
739.00 271.00 69.00 43.00
737.00 267.00 69.00 43.00
737.00 265.00 69.00 43.00
735.00 263.00 69.00 43.00
734.00 259.00 69.00 43.00
734.00 257.00 69.00 42.00
732.00 255.00 69.00 43.00
731.00 252.00 69.00 43.00
731.00 250.00 69.00 43.00
730.00 248.00 69.00 43.00
729.00 245.00 69.00 43.00
728.00 243.00 69.00 43.00
727.00 241.00 69.00 43.00
727.00 239.00 69.00 43.00
726.00 237.00 69.00 43.00
725.00 235.00 69.00 43.00
724.00 233.00 70.00 43.00
724.00 231.00 70.00 43.00
722.00 229.00 70.00 43.00
722.00 227.00 70.00 43.00
721.00 224.00 70.00 44.00
719.00 222.00 71.00 44.00
718.00 221.00 71.00 44.00
716.00 219.00 71.00 44.00
716.00 219.00 71.00 44.00
714.00 221.00 72.00 45.00
713.00 223.00 72.00 45.00
712.00 225.00 73.00 45.00
712.00 227.00 73.00 46.00
712.00 228.00 74.00 46.00
712.00 228.00 74.00 46.00
711.00 228.00 75.00 46.00
709.00 226.00 75.00 47.00
709.00 224.00 76.00 47.00
708.00 223.00 76.00 47.00
707.00 221.00 77.00 47.00
707.00 218.00 77.00 48.00
706.00 216.00 77.00 48.00
705.00 215.00 78.00 48.00
705.00 212.00 79.00 49.00
704.00 212.00 79.00 49.00
702.00 210.00 79.00 49.00
702.00 209.00 79.00 49.00
700.00 209.00 80.00 49.00
699.00 209.00 80.00 49.00
698.00 209.00 80.00 49.00
697.00 210.00 80.00 49.00
696.00 211.00 80.00 49.00
695.00 214.00 80.00 50.00
694.00 215.00 81.00 50.00
693.00 217.00 81.00 50.00
693.00 221.00 81.00 50.00
692.00 224.00 80.00 50.00
693.00 228.00 81.00 50.00
693.00 230.00 80.00 50.00
693.00 233.00 80.00 50.00
692.00 236.00 80.00 50.00
693.00 240.00 80.00 50.00
692.00 242.00 79.00 49.00
693.00 245.00 78.00 49.00
694.00 247.00 78.00 48.00
692.00 248.00 77.00 48.00
693.00 250.00 77.00 48.00
693.00 254.00 76.00 47.00
693.00 260.00 76.00 47.00
693.00 266.00 75.00 46.00
692.00 273.00 74.00 46.00
693.00 279.00 73.00 45.00
693.00 285.00 72.00 45.00
692.00 290.00 72.00 44.00
692.00 294.00 71.00 44.00
691.00 296.00 70.00 44.00
691.00 298.00 70.00 43.00
690.00 299.00 69.00 43.00
690.00 299.00 68.00 42.00
690.00 298.00 67.00 42.00
689.00 297.00 66.00 41.00
689.00 296.00 65.00 41.00
689.00 296.00 65.00 40.00
688.00 296.00 64.00 40.00
688.00 296.00 63.00 39.00
688.00 296.00 63.00 39.00
688.00 295.00 63.00 39.00
688.00 294.00 62.00 39.00
687.00 293.00 61.00 38.00
687.00 293.00 61.00 38.00
687.00 292.00 61.00 38.00
687.00 291.00 60.00 37.00
687.00 288.00 60.00 37.00
687.00 285.00 59.00 37.00
687.00 282.00 59.00 37.00
687.00 279.00 59.00 37.00
687.00 276.00 59.00 37.00
687.00 273.00 59.00 37.00
688.00 269.00 59.00 37.00
688.00 266.00 59.00 37.00
689.00 262.00 59.00 36.00
689.00 258.00 59.00 37.00
689.00 253.00 59.00 37.00
689.00 249.00 59.00 37.00
689.00 245.00 59.00 37.00
689.00 241.00 59.00 37.00
689.00 238.00 59.00 37.00
688.00 234.00 59.00 37.00
688.00 230.00 59.00 37.00
687.00 227.00 59.00 37.00
687.00 223.00 59.00 36.00
686.00 220.00 58.00 36.00
685.00 218.00 58.00 36.00
685.00 216.00 58.00 36.00
684.00 213.00 58.00 36.00
684.00 212.00 57.00 35.00
683.00 209.00 57.00 35.00
682.00 208.00 56.00 35.00
681.00 206.00 56.00 35.00
679.00 204.00 55.00 34.00
679.00 204.00 54.00 34.00
679.00 203.00 54.00 33.00
677.00 203.00 54.00 33.00
677.00 204.00 53.00 33.00
677.00 204.00 53.00 33.00
676.00 204.00 52.00 33.00
675.00 204.00 52.00 32.00
674.00 203.00 52.00 32.00
675.00 204.00 51.00 32.00
674.00 204.00 51.00 32.00
673.00 204.00 51.00 32.00
673.00 205.00 51.00 31.00
673.00 205.00 51.00 32.00
673.00 207.00 51.00 31.00
674.00 208.00 51.00 31.00
674.00 210.00 51.00 31.00
673.00 212.00 51.00 31.00
673.00 214.00 51.00 32.00
672.00 217.00 51.00 32.00
671.00 221.00 51.00 32.00
670.00 223.00 51.00 32.00
671.00 227.00 51.00 32.00
670.00 231.00 51.00 32.00
669.00 234.00 51.00 32.00
669.00 238.00 51.00 31.00
668.00 241.00 51.00 32.00
668.00 245.00 51.00 31.00
668.00 248.00 51.00 32.00
668.00 251.00 51.00 31.00
667.00 252.00 51.00 32.00
667.00 253.00 51.00 32.00
667.00 254.00 52.00 32.00
667.00 255.00 51.00 32.00
667.00 255.00 51.00 32.00
666.00 254.00 52.00 32.00
666.00 254.00 52.00 32.00
666.00 253.00 52.00 32.00
666.00 251.00 52.00 32.00
666.00 250.00 53.00 33.00
666.00 249.00 53.00 33.00
665.00 247.00 53.00 33.00
665.00 246.00 53.00 33.00
665.00 245.00 53.00 33.00
665.00 244.00 53.00 33.00
666.00 244.00 52.00 33.00
667.00 243.00 53.00 33.00
667.00 242.00 53.00 33.00
667.00 241.00 53.00 33.00
668.00 241.00 53.00 33.00
668.00 240.00 53.00 33.00
669.00 240.00 53.00 33.00
669.00 240.00 53.00 33.00
670.00 240.00 53.00 33.00
669.00 239.00 54.00 33.00
669.00 239.00 54.00 33.00
670.00 237.00 54.00 33.00
670.00 237.00 54.00 34.00
671.00 237.00 54.00 34.00
672.00 237.00 55.00 34.00
671.00 237.00 55.00 34.00
672.00 239.00 55.00 34.00
673.00 239.00 55.00 34.00
672.00 239.00 55.00 34.00
673.00 240.00 55.00 34.00
673.00 241.00 55.00 34.00
673.00 242.00 55.00 34.00
673.00 243.00 55.00 34.00
673.00 245.00 55.00 34.00
674.00 247.00 55.00 34.00
673.00 248.00 55.00 34.00
674.00 250.00 55.00 34.00
674.00 250.00 55.00 34.00
673.00 251.00 55.00 34.00
673.00 251.00 55.00 34.00
673.00 251.00 55.00 34.00
673.00 251.00 55.00 34.00
673.00 251.00 54.00 34.00
673.00 250.00 54.00 34.00
674.00 249.00 54.00 34.00
673.00 247.00 54.00 33.00
673.00 246.00 54.00 34.00
674.00 244.00 54.00 33.00
673.00 242.00 54.00 33.00
673.00 240.00 54.00 33.00
673.00 238.00 54.00 33.00
673.00 236.00 54.00 33.00
673.00 234.00 54.00 33.00
673.00 233.00 54.00 33.00
673.00 231.00 54.00 33.00
673.00 229.00 54.00 33.00
672.00 227.00 54.00 34.00
672.00 225.00 54.00 34.00
672.00 222.00 54.00 34.00
672.00 220.00 54.00 34.00
671.00 217.00 55.00 34.00
671.00 213.00 55.00 34.00
671.00 209.00 55.00 34.00
670.00 204.00 55.00 34.00
670.00 200.00 55.00 34.00
669.00 196.00 55.00 34.00
668.00 190.00 56.00 34.00
669.00 185.00 56.00 35.00
668.00 181.00 56.00 35.00
668.00 179.00 56.00 35.00
668.00 175.00 56.00 35.00
667.00 172.00 56.00 35.00
666.00 168.00 56.00 35.00
665.00 165.00 57.00 35.00
664.00 161.00 57.00 35.00
663.00 156.00 57.00 35.00
662.00 152.00 57.00 36.00
662.00 149.00 57.00 36.00
660.00 146.00 57.00 36.00
659.00 143.00 57.00 36.00
658.00 142.00 58.00 36.00
658.00 140.00 57.00 35.00
656.00 138.00 58.00 36.00
655.00 136.00 58.00 36.00
654.00 135.00 59.00 36.00
653.00 133.00 59.00 37.00
651.00 131.00 59.00 37.00
651.00 131.00 59.00 37.00
650.00 131.00 60.00 37.00
648.00 131.00 60.00 37.00
648.00 131.00 60.00 37.00
648.00 133.00 59.00 37.00
647.00 135.00 60.00 37.00
646.00 136.00 60.00 37.00
646.00 140.00 60.00 37.00
646.00 144.00 60.00 37.00
645.00 148.00 60.00 37.00
644.00 153.00 60.00 37.00
644.00 159.00 60.00 37.00
643.00 163.00 60.00 37.00
642.00 169.00 60.00 37.00
641.00 173.00 61.00 38.00
640.00 178.00 60.00 38.00
639.00 183.00 60.00 37.00
639.00 188.00 60.00 37.00
638.00 193.00 60.00 37.00
637.00 198.00 60.00 37.00
637.00 204.00 60.00 37.00
636.00 208.00 60.00 37.00
635.00 213.00 60.00 37.00
634.00 218.00 59.00 37.00
634.00 222.00 59.00 37.00
633.00 226.00 59.00 37.00
632.00 230.00 59.00 36.00
632.00 235.00 58.00 36.00
631.00 238.00 58.00 36.00
630.00 242.00 58.00 36.00
630.00 246.00 58.00 36.00
628.00 248.00 57.00 36.00
628.00 252.00 57.00 35.00
626.00 255.00 57.00 35.00
625.00 257.00 57.00 35.00
624.00 261.00 57.00 35.00
623.00 263.00 56.00 35.00
622.00 266.00 56.00 35.00
621.00 270.00 56.00 35.00
620.00 272.00 56.00 35.00
618.00 275.00 56.00 35.00
616.00 276.00 55.00 34.00
615.00 278.00 55.00 34.00
614.00 279.00 55.00 34.00
612.00 280.00 55.00 34.00
611.00 281.00 55.00 34.00
610.00 282.00 55.00 34.00
609.00 283.00 55.00 34.00
607.00 283.00 55.00 34.00
606.00 283.00 55.00 34.00
605.00 283.00 55.00 34.00
604.00 284.00 55.00 34.00
602.00 284.00 55.00 34.00
600.00 284.00 55.00 34.00
599.00 285.00 55.00 34.00
598.00 286.00 55.00 34.00
597.00 286.00 55.00 34.00
595.00 286.00 55.00 34.00
594.00 287.00 55.00 34.00
592.00 287.00 55.00 34.00
591.00 289.00 55.00 34.00
590.00 290.00 55.00 34.00
589.00 291.00 55.00 34.00
588.00 292.00 55.00 34.00
587.00 293.00 55.00 34.00
585.00 294.00 55.00 34.00
584.00 296.00 54.00 34.00
583.00 298.00 55.00 34.00
583.00 300.00 55.00 34.00
582.00 303.00 55.00 34.00
581.00 306.00 55.00 34.00
580.00 308.00 55.00 34.00
579.00 310.00 55.00 34.00
578.00 311.00 55.00 34.00
578.00 313.00 55.00 34.00
577.00 313.00 55.00 34.00
576.00 314.00 56.00 34.00
575.00 314.00 56.00 35.00
575.00 314.00 56.00 35.00
574.00 313.00 56.00 35.00
573.00 313.00 56.00 35.00
572.00 312.00 56.00 35.00
571.00 312.00 56.00 35.00
570.00 310.00 56.00 35.00
570.00 309.00 56.00 35.00
570.00 308.00 56.00 35.00
570.00 306.00 56.00 35.00
569.00 304.00 56.00 35.00
570.00 303.00 56.00 35.00
569.00 301.00 56.00 35.00
570.00 299.00 56.00 35.00
569.00 297.00 56.00 35.00
570.00 295.00 56.00 35.00
571.00 291.00 56.00 35.00
571.00 289.00 56.00 35.00
572.00 285.00 56.00 35.00
572.00 282.00 56.00 35.00
573.00 279.00 56.00 35.00
574.00 275.00 56.00 35.00
575.00 269.00 56.00 35.00
577.00 264.00 56.00 35.00
579.00 258.00 56.00 35.00
581.00 252.00 56.00 35.00
581.00 247.00 56.00 35.00
583.00 245.00 56.00 35.00
584.00 243.00 56.00 35.00
584.00 241.00 56.00 35.00
584.00 240.00 56.00 35.00
585.00 240.00 56.00 35.00
585.00 239.00 56.00 35.00
