331.00 39.00 38.00 42.00
331.00 18.00 40.00 44.00
331.00 25.00 40.00 44.00
335.00 18.00 39.00 43.00
337.00 15.00 39.00 43.00
340.00 15.00 40.00 44.00
343.00 18.00 40.00 44.00
351.00 29.00 39.00 44.00
355.00 37.00 39.00 43.00
358.00 51.00 40.00 44.00
363.00 93.00 39.00 43.00
364.00 65.00 39.00 43.00
364.00 61.00 39.00 44.00
375.00 91.00 39.00 44.00
379.00 127.00 39.00 43.00
394.00 135.00 39.00 43.00
419.00 113.00 40.00 44.00
410.00 131.00 39.00 44.00
415.00 132.00 38.00 42.00
445.00 141.00 38.00 42.00
438.00 135.00 38.00 43.00
445.00 127.00 39.00 43.00
445.00 125.00 39.00 43.00
430.00 99.00 39.00 43.00
438.00 110.00 39.00 43.00
443.00 136.00 39.00 43.00
440.00 143.00 40.00 44.00
453.00 143.00 39.00 43.00
453.00 139.00 39.00 43.00
462.00 148.00 39.00 43.00
474.00 161.00 39.00 43.00
479.00 173.00 39.00 43.00
478.00 155.00 40.00 44.00
476.00 168.00 39.00 43.00
477.00 168.00 39.00 43.00
481.00 175.00 39.00 43.00
482.00 205.00 39.00 43.00
498.00 191.00 39.00 44.00
517.00 209.00 40.00 44.00
512.00 215.00 40.00 44.00
506.00 218.00 40.00 44.00
506.00 216.00 40.00 44.00
506.00 217.00 40.00 44.00
477.00 222.00 39.00 44.00
509.00 231.00 39.00 43.00
524.00 230.00 39.00 43.00
492.00 233.00 39.00 43.00
488.00 217.00 39.00 43.00
480.00 205.00 39.00 43.00
504.00 219.00 39.00 43.00
505.00 217.00 40.00 44.00
533.00 236.00 40.00 44.00
527.00 247.00 39.00 44.00
526.00 260.00 40.00 44.00
520.00 231.00 40.00 44.00
524.00 234.00 40.00 44.00
531.00 247.00 40.00 44.00
541.00 231.00 40.00 44.00
541.00 209.00 39.00 44.00
537.00 184.00 39.00 44.00
532.00 205.00 40.00 44.00
534.00 202.00 39.00 44.00
534.00 235.00 39.00 44.00
547.00 236.00 39.00 43.00
539.00 236.00 39.00 43.00
560.00 237.00 39.00 43.00
532.00 240.00 39.00 43.00
540.00 250.00 39.00 43.00
519.00 267.00 39.00 43.00
519.00 272.00 39.00 43.00
513.00 276.00 39.00 43.00
518.00 285.00 38.00 43.00
543.00 294.00 38.00 42.00
539.00 294.00 38.00 42.00
539.00 316.00 38.00 42.00
538.00 306.00 38.00 42.00
533.00 302.00 38.00 42.00
524.00 299.00 38.00 42.00
486.00 286.00 38.00 42.00
489.00 287.00 39.00 43.00
500.00 281.00 39.00 43.00
503.00 286.00 38.00 43.00
486.00 280.00 39.00 43.00
515.00 287.00 39.00 43.00
505.00 300.00 39.00 43.00
502.00 312.00 39.00 43.00
502.00 309.00 39.00 43.00
526.00 315.00 39.00 43.00
531.00 325.00 39.00 44.00
506.00 317.00 39.00 44.00
493.00 320.00 40.00 44.00
476.00 321.00 40.00 44.00
481.00 317.00 40.00 45.00
505.00 329.00 41.00 45.00
518.00 314.00 41.00 45.00
526.00 314.00 41.00 45.00
523.00 309.00 40.00 45.00
511.00 315.00 41.00 45.00
545.00 306.00 41.00 45.00
549.00 319.00 41.00 45.00
