641.00 123.00 15.00 33.00
641.00 123.00 15.00 33.00
639.00 123.00 15.00 33.00
640.00 123.00 15.00 32.00
637.00 122.00 15.00 33.00
636.00 123.00 15.00 33.00
634.00 123.00 15.00 33.00
631.00 122.00 15.00 32.00
632.00 123.00 14.00 32.00
629.00 123.00 14.00 32.00
624.00 123.00 14.00 31.00
620.00 124.00 14.00 32.00
618.00 125.00 14.00 32.00
618.00 125.00 15.00 32.00
615.00 127.00 15.00 32.00
609.00 128.00 14.00 32.00
602.00 130.00 14.00 30.00
596.00 130.00 14.00 30.00
596.00 131.00 13.00 29.00
594.00 131.00 13.00 28.00
590.00 130.00 13.00 29.00
587.00 131.00 13.00 28.00
584.00 131.00 13.00 28.00
584.00 132.00 13.00 28.00
581.00 132.00 13.00 28.00
579.00 135.00 13.00 28.00
579.00 135.00 12.00 27.00
580.00 136.00 12.00 27.00
581.00 136.00 12.00 27.00
583.00 136.00 12.00 27.00
584.00 137.00 12.00 27.00
585.00 138.00 12.00 26.00
585.00 139.00 12.00 27.00
585.00 138.00 12.00 27.00
584.00 139.00 12.00 26.00
583.00 140.00 12.00 26.00
581.00 140.00 12.00 26.00
580.00 140.00 12.00 26.00
580.00 141.00 12.00 26.00
579.00 141.00 12.00 27.00
577.00 142.00 12.00 27.00
578.00 142.00 12.00 27.00
578.00 144.00 12.00 27.00
578.00 144.00 12.00 27.00
578.00 144.00 12.00 27.00
577.00 145.00 12.00 27.00
575.00 145.00 12.00 27.00
575.00 147.00 12.00 27.00
575.00 147.00 12.00 27.00
573.00 147.00 12.00 26.00
573.00 147.00 12.00 27.00
572.00 148.00 12.00 27.00
569.00 149.00 12.00 27.00
569.00 149.00 12.00 27.00
567.00 150.00 12.00 27.00
569.00 150.00 12.00 27.00
570.00 155.00 12.00 26.00
569.00 155.00 12.00 26.00
570.00 156.00 11.00 25.00
567.00 149.00 11.00 25.00
566.00 149.00 11.00 25.00
563.00 149.00 12.00 26.00
561.00 150.00 12.00 26.00
561.00 150.00 12.00 26.00
558.00 152.00 12.00 26.00
553.00 152.00 12.00 26.00
551.00 153.00 12.00 26.00
554.00 151.00 12.00 26.00
554.00 152.00 12.00 26.00
552.00 159.00 12.00 26.00
545.00 154.00 12.00 26.00
542.00 154.00 12.00 26.00
539.00 155.00 12.00 26.00
539.00 155.00 12.00 26.00
533.00 156.00 12.00 26.00
527.00 157.00 12.00 26.00
520.00 157.00 12.00 26.00
518.00 158.00 12.00 26.00
518.00 157.00 12.00 26.00
514.00 158.00 12.00 26.00
511.00 159.00 12.00 27.00
507.00 160.00 12.00 27.00
503.00 161.00 12.00 27.00
503.00 160.00 12.00 27.00
501.00 160.00 12.00 26.00
502.00 160.00 12.00 26.00
504.00 161.00 12.00 26.00
504.00 161.00 12.00 26.00
504.00 161.00 12.00 26.00
509.00 163.00 12.00 26.00
507.00 164.00 12.00 27.00
504.00 164.00 12.00 27.00
501.00 164.00 12.00 27.00
501.00 164.00 12.00 27.00
498.00 164.00 12.00 27.00
496.00 165.00 13.00 28.00
494.00 166.00 13.00 28.00
490.00 165.00 13.00 29.00
490.00 165.00 13.00 30.00
486.00 165.00 14.00 30.00
483.00 165.00 14.00 30.00
480.00 166.00 14.00 31.00
477.00 168.00 14.00 31.00
477.00 168.00 14.00 31.00
474.00 168.00 14.00 30.00
474.00 168.00 14.00 30.00
477.00 168.00 14.00 30.00
480.00 168.00 14.00 30.00
480.00 168.00 14.00 30.00
481.00 168.00 14.00 31.00
484.00 168.00 14.00 30.00
489.00 168.00 14.00 31.00
493.00 168.00 14.00 31.00
492.00 167.00 14.00 31.00
496.00 166.00 14.00 31.00
502.00 166.00 14.00 31.00
504.00 166.00 14.00 32.00
507.00 166.00 14.00 32.00
506.00 166.00 15.00 32.00
510.00 166.00 14.00 32.00
514.00 166.00 15.00 32.00
517.00 167.00 15.00 32.00
519.00 167.00 15.00 33.00
519.00 167.00 15.00 32.00
522.00 167.00 15.00 32.00
525.00 167.00 15.00 33.00
528.00 167.00 15.00 33.00
531.00 167.00 15.00 34.00
531.00 167.00 16.00 34.00
535.00 164.00 15.00 34.00
540.00 163.00 15.00 33.00
545.00 160.00 15.00 32.00
549.00 160.00 14.00 32.00
549.00 160.00 14.00 31.00
553.00 160.00 14.00 31.00
557.00 159.00 14.00 30.00
562.00 159.00 14.00 31.00
565.00 158.00 14.00 31.00
565.00 159.00 14.00 31.00
567.00 158.00 14.00 31.00
571.00 156.00 14.00 31.00
580.00 149.00 14.00 32.00
588.00 152.00 14.00 31.00
588.00 151.00 14.00 31.00
597.00 153.00 14.00 30.00
616.00 156.00 14.00 30.00
623.00 157.00 14.00 31.00
626.00 156.00 14.00 30.00
626.00 156.00 14.00 30.00
630.00 155.00 14.00 31.00
633.00 155.00 14.00 31.00
637.00 154.00 14.00 30.00
640.00 153.00 13.00 30.00
641.00 153.00 14.00 30.00
643.00 151.00 13.00 30.00
645.00 150.00 13.00 29.00
646.00 149.00 13.00 29.00
646.00 150.00 13.00 30.00
645.00 149.00 14.00 30.00
643.00 150.00 14.00 30.00
641.00 151.00 14.00 30.00
638.00 150.00 14.00 31.00
634.00 152.00 14.00 31.00
634.00 152.00 14.00 31.00
631.00 152.00 14.00 31.00
628.00 151.00 14.00 31.00
623.00 150.00 14.00 31.00
619.00 148.00 14.00 30.00
618.00 148.00 14.00 31.00
616.00 139.00 14.00 31.00
610.00 148.00 14.00 31.00
606.00 148.00 14.00 31.00
606.00 148.00 14.00 32.00
606.00 148.00 14.00 32.00
605.00 147.00 15.00 32.00
605.00 149.00 15.00 32.00
604.00 151.00 15.00 32.00
608.00 156.00 15.00 33.00
608.00 156.00 15.00 33.00
596.00 149.00 15.00 33.00
591.00 147.00 15.00 33.00
589.00 138.00 15.00 33.00
584.00 135.00 15.00 33.00
584.00 135.00 15.00 32.00
577.00 137.00 15.00 32.00
575.00 135.00 15.00 33.00
571.00 133.00 15.00 33.00
568.00 130.00 15.00 32.00
569.00 130.00 14.00 32.00
577.00 131.00 14.00 31.00
578.00 131.00 15.00 32.00
572.00 140.00 14.00 32.00
570.00 139.00 14.00 32.00
570.00 139.00 14.00 32.00
561.00 148.00 14.00 32.00
561.00 148.00 15.00 32.00
564.00 147.00 15.00 32.00
575.00 157.00 15.00 32.00
576.00 158.00 15.00 33.00
571.00 157.00 15.00 32.00
568.00 157.00 15.00 33.00
559.00 149.00 15.00 32.00
557.00 149.00 14.00 31.00
557.00 149.00 14.00 31.00
555.00 148.00 14.00 31.00
549.00 145.00 14.00 31.00
547.00 146.00 14.00 31.00
546.00 168.00 14.00 31.00
546.00 167.00 14.00 31.00
545.00 168.00 14.00 32.00
529.00 176.00 14.00 32.00
531.00 181.00 14.00 32.00
530.00 182.00 14.00 31.00
530.00 182.00 14.00 31.00
529.00 191.00 14.00 31.00
528.00 192.00 14.00 32.00
528.00 192.00 15.00 32.00
528.00 215.00 15.00 32.00
528.00 215.00 14.00 32.00
528.00 216.00 14.00 32.00
527.00 218.00 15.00 32.00
524.00 220.00 15.00 32.00
522.00 222.00 15.00 32.00
522.00 222.00 15.00 32.00
519.00 224.00 15.00 32.00
515.00 225.00 15.00 33.00
510.00 227.00 15.00 33.00
504.00 230.00 15.00 32.00
505.00 230.00 15.00 32.00
498.00 233.00 15.00 32.00
492.00 236.00 15.00 32.00
486.00 239.00 15.00 32.00
478.00 242.00 15.00 33.00
478.00 242.00 15.00 33.00
471.00 246.00 15.00 33.00
455.00 252.00 15.00 33.00
447.00 257.00 15.00 33.00
436.00 260.00 15.00 33.00
435.00 260.00 15.00 33.00
426.00 263.00 15.00 33.00
415.00 267.00 15.00 33.00
407.00 269.00 15.00 33.00
391.00 292.00 15.00 32.00
391.00 292.00 15.00 32.00
384.00 286.00 15.00 33.00
382.00 285.00 15.00 33.00
379.00 283.00 15.00 33.00
376.00 285.00 15.00 33.00
376.00 286.00 15.00 33.00
374.00 286.00 15.00 33.00
371.00 289.00 15.00 33.00
369.00 290.00 15.00 34.00
367.00 293.00 15.00 33.00
367.00 293.00 15.00 33.00
369.00 293.00 15.00 33.00
369.00 290.00 15.00 33.00
368.00 290.00 15.00 33.00
369.00 290.00 15.00 33.00
369.00 290.00 15.00 33.00
369.00 284.00 15.00 33.00
369.00 285.00 15.00 34.00
368.00 293.00 15.00 33.00
369.00 292.00 15.00 33.00
369.00 292.00 15.00 33.00
371.00 290.00 15.00 33.00
373.00 285.00 15.00 33.00
375.00 284.00 15.00 33.00
377.00 285.00 15.00 33.00
377.00 285.00 15.00 33.00
377.00 285.00 15.00 33.00
380.00 287.00 15.00 33.00
382.00 287.00 15.00 33.00
