319.00 185.00 67.00 56.00
317.00 184.00 67.00 56.00
315.00 182.00 68.00 57.00
313.00 182.00 67.00 56.00
310.00 179.00 69.00 58.00
308.00 178.00 70.00 58.00
307.00 177.00 70.00 59.00
305.00 176.00 70.00 58.00
304.00 175.00 69.00 58.00
303.00 175.00 68.00 57.00
301.00 173.00 68.00 57.00
299.00 172.00 68.00 57.00
298.00 170.00 69.00 57.00
297.00 169.00 69.00 58.00
295.00 167.00 70.00 58.00
295.00 166.00 69.00 58.00
294.00 164.00 69.00 58.00
292.00 162.00 70.00 58.00
291.00 161.00 70.00 59.00
289.00 158.00 71.00 59.00
288.00 157.00 72.00 60.00
286.00 155.00 72.00 60.00
285.00 154.00 72.00 60.00
283.00 152.00 72.00 60.00
281.00 149.00 73.00 61.00
281.00 148.00 72.00 61.00
281.00 146.00 73.00 61.00
280.00 144.00 74.00 62.00
279.00 143.00 74.00 62.00
279.00 141.00 74.00 61.00
278.00 139.00 73.00 61.00
278.00 137.00 73.00 61.00
278.00 135.00 73.00 61.00
277.00 131.00 73.00 61.00
277.00 128.00 74.00 62.00
277.00 126.00 74.00 62.00
277.00 124.00 74.00 62.00
276.00 122.00 74.00 62.00
275.00 120.00 76.00 63.00
276.00 119.00 76.00 63.00
276.00 116.00 76.00 64.00
275.00 113.00 76.00 64.00
276.00 112.00 76.00 64.00
276.00 111.00 76.00 64.00
276.00 108.00 76.00 64.00
277.00 107.00 77.00 64.00
276.00 104.00 77.00 65.00
276.00 104.00 77.00 65.00
277.00 103.00 77.00 65.00
278.00 102.00 77.00 64.00
278.00 101.00 77.00 64.00
278.00 99.00 77.00 64.00
278.00 98.00 77.00 64.00
279.00 98.00 77.00 64.00
279.00 97.00 77.00 65.00
281.00 97.00 77.00 64.00
281.00 97.00 76.00 64.00
281.00 95.00 77.00 64.00
282.00 96.00 77.00 64.00
282.00 94.00 77.00 64.00
283.00 94.00 76.00 64.00
284.00 94.00 76.00 64.00
284.00 93.00 76.00 64.00
285.00 93.00 76.00 64.00
285.00 92.00 76.00 64.00
285.00 92.00 76.00 63.00
286.00 92.00 76.00 64.00
287.00 92.00 76.00 64.00
287.00 91.00 76.00 64.00
287.00 90.00 77.00 64.00
287.00 90.00 76.00 64.00
289.00 90.00 76.00 64.00
290.00 90.00 76.00 64.00
291.00 89.00 77.00 64.00
291.00 88.00 76.00 64.00
292.00 88.00 76.00 64.00
294.00 87.00 76.00 64.00
294.00 86.00 76.00 64.00
295.00 86.00 76.00 63.00
296.00 85.00 76.00 63.00
297.00 84.00 76.00 63.00
297.00 83.00 76.00 63.00
297.00 83.00 76.00 63.00
298.00 82.00 76.00 63.00
299.00 81.00 76.00 63.00
299.00 80.00 76.00 63.00
300.00 79.00 75.00 63.00
300.00 79.00 75.00 63.00
300.00 78.00 75.00 63.00
300.00 78.00 75.00 63.00
300.00 77.00 75.00 62.00
301.00 78.00 74.00 62.00
301.00 78.00 74.00 62.00
301.00 77.00 74.00 62.00
301.00 77.00 74.00 62.00
302.00 76.00 74.00 62.00
302.00 76.00 74.00 62.00
302.00 76.00 74.00 62.00
302.00 76.00 74.00 62.00
301.00 75.00 74.00 62.00
302.00 74.00 74.00 62.00
302.00 75.00 74.00 62.00
302.00 75.00 74.00 62.00
302.00 75.00 74.00 62.00
301.00 75.00 74.00 62.00
301.00 75.00 74.00 62.00
301.00 75.00 75.00 62.00
301.00 75.00 75.00 62.00
301.00 75.00 75.00 62.00
301.00 75.00 75.00 62.00
301.00 75.00 74.00 62.00
300.00 75.00 74.00 62.00
301.00 76.00 74.00 62.00
301.00 76.00 74.00 62.00
301.00 76.00 74.00 62.00
300.00 75.00 75.00 62.00
300.00 76.00 75.00 62.00
300.00 76.00 75.00 62.00
301.00 77.00 74.00 62.00
301.00 77.00 74.00 62.00
302.00 78.00 73.00 61.00
302.00 78.00 74.00 62.00
301.00 79.00 73.00 61.00
301.00 79.00 73.00 61.00
300.00 79.00 73.00 61.00
300.00 80.00 73.00 61.00
299.00 80.00 74.00 62.00
298.00 81.00 74.00 62.00
298.00 81.00 75.00 62.00
298.00 82.00 75.00 62.00
298.00 83.00 75.00 62.00
297.00 84.00 75.00 62.00
297.00 85.00 75.00 62.00
297.00 86.00 75.00 63.00
296.00 86.00 75.00 62.00
296.00 87.00 75.00 62.00
295.00 87.00 75.00 63.00
294.00 87.00 75.00 63.00
294.00 88.00 75.00 63.00
293.00 88.00 75.00 63.00
292.00 88.00 75.00 63.00
292.00 89.00 75.00 63.00
291.00 89.00 76.00 63.00
291.00 90.00 76.00 63.00
290.00 89.00 75.00 63.00
291.00 90.00 75.00 63.00
290.00 90.00 75.00 63.00
289.00 90.00 76.00 63.00
287.00 90.00 76.00 64.00
286.00 90.00 76.00 63.00
287.00 92.00 75.00 63.00
286.00 92.00 75.00 63.00
286.00 93.00 75.00 63.00
286.00 94.00 74.00 62.00
286.00 94.00 74.00 62.00
285.00 94.00 74.00 62.00
284.00 95.00 74.00 62.00
284.00 96.00 74.00 62.00
283.00 97.00 73.00 61.00
283.00 98.00 73.00 61.00
283.00 99.00 73.00 61.00
281.00 100.00 74.00 61.00
282.00 101.00 73.00 61.00
281.00 101.00 73.00 61.00
281.00 103.00 74.00 61.00
280.00 103.00 74.00 62.00
279.00 105.00 74.00 61.00
279.00 106.00 74.00 61.00
278.00 107.00 73.00 61.00
278.00 108.00 73.00 61.00
277.00 108.00 73.00 61.00
277.00 109.00 73.00 61.00
277.00 111.00 72.00 60.00
276.00 111.00 72.00 60.00
275.00 112.00 72.00 61.00
275.00 113.00 72.00 61.00
275.00 114.00 72.00 60.00
273.00 113.00 72.00 60.00
274.00 114.00 72.00 60.00
274.00 116.00 71.00 60.00
274.00 116.00 71.00 59.00
275.00 115.00 71.00 60.00
275.00 116.00 71.00 60.00
275.00 116.00 72.00 60.00
265.00 121.00 72.00 60.00
265.00 120.00 73.00 61.00
266.00 120.00 73.00 61.00
265.00 119.00 74.00 62.00
265.00 121.00 74.00 62.00
266.00 123.00 74.00 61.00
264.00 124.00 74.00 62.00
264.00 125.00 73.00 61.00
264.00 127.00 73.00 61.00
263.00 128.00 73.00 61.00
262.00 130.00 73.00 61.00
261.00 131.00 74.00 62.00
261.00 134.00 73.00 61.00
249.00 132.00 74.00 62.00
250.00 134.00 74.00 62.00
258.00 138.00 74.00 62.00
257.00 141.00 74.00 62.00
256.00 144.00 74.00 62.00
256.00 145.00 73.00 61.00
256.00 148.00 73.00 61.00
256.00 149.00 73.00 61.00
256.00 151.00 73.00 61.00
256.00 154.00 73.00 61.00
255.00 156.00 73.00 61.00
255.00 158.00 73.00 61.00
256.00 161.00 72.00 60.00
255.00 162.00 72.00 60.00
255.00 163.00 72.00 60.00
254.00 167.00 71.00 60.00
254.00 167.00 71.00 59.00
253.00 168.00 71.00 59.00
252.00 169.00 70.00 59.00
252.00 170.00 70.00 58.00
252.00 171.00 70.00 58.00
252.00 172.00 69.00 58.00
250.00 172.00 69.00 58.00
251.00 172.00 69.00 58.00
249.00 172.00 69.00 58.00
249.00 173.00 69.00 58.00
248.00 173.00 69.00 58.00
248.00 174.00 69.00 58.00
248.00 174.00 69.00 58.00
247.00 174.00 70.00 58.00
245.00 174.00 70.00 58.00
