644.00 288.00 26.00 15.00
644.00 285.00 26.00 15.00
644.00 285.00 26.00 15.00
643.00 285.00 26.00 15.00
643.00 286.00 26.00 15.00
642.00 286.00 26.00 15.00
642.00 288.00 26.00 15.00
643.00 288.00 26.00 15.00
642.00 287.00 26.00 15.00
643.00 288.00 26.00 15.00
643.00 288.00 27.00 15.00
645.00 290.00 27.00 15.00
645.00 290.00 26.00 15.00
647.00 291.00 27.00 15.00
649.00 292.00 27.00 16.00
650.00 291.00 27.00 15.00
653.00 291.00 26.00 15.00
655.00 290.00 26.00 15.00
656.00 291.00 26.00 15.00
658.00 291.00 26.00 15.00
659.00 291.00 26.00 15.00
663.00 291.00 26.00 15.00
665.00 291.00 26.00 15.00
666.00 291.00 26.00 15.00
668.00 292.00 26.00 15.00
670.00 292.00 26.00 15.00
673.00 294.00 27.00 15.00
675.00 295.00 27.00 15.00
677.00 296.00 27.00 15.00
678.00 296.00 27.00 16.00
680.00 296.00 28.00 16.00
684.00 297.00 29.00 16.00
685.00 298.00 29.00 17.00
687.00 299.00 29.00 17.00
688.00 300.00 29.00 17.00
691.00 300.00 29.00 17.00
695.00 301.00 29.00 17.00
697.00 302.00 29.00 17.00
699.00 302.00 29.00 17.00
702.00 302.00 30.00 17.00
704.00 300.00 30.00 17.00
708.00 299.00 30.00 17.00
710.00 298.00 30.00 17.00
712.00 298.00 30.00 17.00
715.00 298.00 30.00 17.00
717.00 299.00 30.00 17.00
721.00 300.00 30.00 17.00
722.00 299.00 30.00 17.00
724.00 299.00 30.00 17.00
725.00 298.00 30.00 17.00
727.00 298.00 30.00 17.00
730.00 299.00 30.00 17.00
732.00 298.00 30.00 18.00
733.00 299.00 30.00 17.00
735.00 301.00 31.00 18.00
737.00 303.00 31.00 18.00
740.00 308.00 30.00 18.00
742.00 310.00 31.00 18.00
744.00 313.00 31.00 18.00
746.00 312.00 32.00 18.00
748.00 312.00 32.00 18.00
753.00 310.00 32.00 18.00
756.00 310.00 32.00 19.00
758.00 311.00 32.00 18.00
761.00 313.00 32.00 18.00
765.00 315.00 31.00 18.00
772.00 318.00 32.00 18.00
776.00 319.00 32.00 19.00
780.00 318.00 32.00 18.00
784.00 318.00 33.00 19.00
788.00 318.00 33.00 19.00
797.00 319.00 33.00 19.00
801.00 320.00 33.00 19.00
806.00 322.00 33.00 19.00
810.00 323.00 33.00 19.00
814.00 325.00 33.00 19.00
824.00 326.00 34.00 20.00
828.00 325.00 34.00 20.00
833.00 324.00 34.00 19.00
837.00 323.00 34.00 20.00
841.00 322.00 35.00 20.00
850.00 324.00 35.00 20.00
854.00 325.00 35.00 20.00
858.00 326.00 35.00 20.00
862.00 327.00 35.00 20.00
867.00 327.00 35.00 20.00
873.00 327.00 34.00 20.00
879.00 329.00 35.00 20.00
883.00 329.00 34.00 20.00
888.00 329.00 35.00 20.00
892.00 329.00 36.00 21.00
900.00 332.00 36.00 21.00
904.00 334.00 36.00 21.00
906.00 337.00 36.00 21.00
912.00 338.00 37.00 21.00
916.00 341.00 37.00 21.00
925.00 343.00 36.00 21.00
929.00 344.00 37.00 21.00
934.00 344.00 37.00 21.00
938.00 344.00 37.00 22.00
941.00 344.00 37.00 21.00
952.00 350.00 37.00 22.00
955.00 350.00 37.00 21.00
961.00 353.00 37.00 21.00
966.00 354.00 38.00 22.00
970.00 354.00 38.00 22.00
980.00 357.00 39.00 22.00
983.00 357.00 39.00 22.00
988.00 359.00 39.00 23.00
993.00 359.00 39.00 23.00
997.00 360.00 40.00 23.00
1005.00 360.00 40.00 23.00
1009.00 360.00 40.00 23.00
1013.00 361.00 41.00 23.00
1017.00 364.00 40.00 23.00
1020.00 366.00 40.00 23.00
1029.00 372.00 41.00 23.00
1032.00 376.00 41.00 24.00
1036.00 379.00 41.00 24.00
1040.00 379.00 40.00 23.00
1046.00 384.00 41.00 23.00
1053.00 387.00 40.00 23.00
1059.00 388.00 41.00 24.00
1063.00 390.00 41.00 24.00
1068.00 389.00 42.00 24.00
1073.00 391.00 43.00 25.00
1085.00 391.00 43.00 25.00
1090.00 392.00 43.00 25.00
1096.00 392.00 43.00 25.00
1102.00 395.00 44.00 25.00
1108.00 397.00 44.00 25.00
1120.00 404.00 44.00 25.00
1126.00 407.00 44.00 26.00
1132.00 412.00 44.00 25.00
1139.00 416.00 44.00 26.00
1146.00 420.00 44.00 25.00
1161.00 427.00 44.00 25.00
1168.00 431.00 44.00 26.00
1176.00 434.00 45.00 26.00
1184.00 437.00 45.00 26.00
1192.00 439.00 45.00 26.00
1209.00 445.00 45.00 26.00
