222.00 40.00 6.00 5.00
223.00 41.00 6.00 5.00
222.00 44.00 6.00 5.00
220.00 46.00 6.00 5.00
214.00 48.00 6.00 5.00
210.00 51.00 6.00 5.00
208.00 52.00 6.00 5.00
203.00 55.00 6.00 5.00
199.00 57.00 6.00 5.00
196.00 58.00 6.00 5.00
192.00 61.00 6.00 5.00
188.00 64.00 6.00 5.00
185.00 65.00 6.00 5.00
180.00 68.00 6.00 5.00
176.00 70.00 6.00 5.00
174.00 72.00 6.00 5.00
169.00 74.00 6.00 5.00
164.00 77.00 6.00 5.00
162.00 78.00 6.00 5.00
157.00 81.00 6.00 5.00
153.00 84.00 6.00 5.00
150.00 85.00 6.00 5.00
145.00 88.00 6.00 5.00
140.00 91.00 6.00 5.00
138.00 92.00 6.00 5.00
133.00 95.00 6.00 5.00
128.00 98.00 6.00 5.00
125.00 100.00 6.00 5.00
120.00 102.00 6.00 5.00
115.00 105.00 6.00 5.00
112.00 107.00 6.00 5.00
107.00 110.00 6.00 5.00
102.00 113.00 6.00 5.00
99.00 114.00 6.00 5.00
94.00 117.00 6.00 5.00
89.00 120.00 6.00 5.00
86.00 122.00 6.00 5.00
81.00 125.00 6.00 5.00
75.00 128.00 6.00 5.00
72.00 129.00 6.00 5.00
72.00 132.00 6.00 5.00
74.00 134.00 6.00 5.00
75.00 136.00 6.00 5.00
77.00 138.00 6.00 5.00
79.00 141.00 6.00 5.00
80.00 142.00 6.00 5.00
82.00 144.00 6.00 5.00
84.00 145.00 6.00 5.00
85.00 144.00 6.00 5.00
88.00 143.00 6.00 5.00
90.00 141.00 6.00 5.00
91.00 141.00 6.00 5.00
93.00 139.00 6.00 5.00
95.00 138.00 6.00 5.00
96.00 137.00 6.00 5.00
98.00 136.00 6.00 5.00
99.00 134.00 6.00 5.00
100.00 134.00 6.00 5.00
102.00 132.00 6.00 5.00
104.00 131.00 6.00 5.00
105.00 130.00 6.00 5.00
106.00 129.00 6.00 5.00
108.00 128.00 6.00 5.00
109.00 128.00 6.00 5.00
110.00 127.00 6.00 5.00
112.00 126.00 6.00 5.00
112.00 125.00 6.00 5.00
114.00 124.00 6.00 5.00
116.00 123.00 6.00 5.00
116.00 122.00 6.00 5.00
118.00 121.00 6.00 5.00
119.00 121.00 6.00 5.00
120.00 120.00 6.00 5.00
121.00 119.00 6.00 5.00
122.00 118.00 6.00 5.00
123.00 118.00 6.00 5.00
124.00 117.00 6.00 5.00
125.00 116.00 6.00 5.00
126.00 116.00 6.00 5.00
127.00 115.00 6.00 5.00
128.00 114.00 6.00 5.00
129.00 114.00 6.00 5.00
130.00 113.00 6.00 5.00
131.00 113.00 6.00 5.00
131.00 112.00 6.00 5.00
132.00 112.00 6.00 5.00
133.00 111.00 6.00 5.00
134.00 111.00 6.00 5.00
134.00 110.00 6.00 5.00
135.00 110.00 6.00 5.00
135.00 110.00 6.00 5.00
136.00 109.00 6.00 5.00
137.00 109.00 6.00 5.00
137.00 108.00 6.00 5.00
138.00 108.00 6.00 5.00
139.00 107.00 6.00 5.00
139.00 107.00 6.00 5.00
140.00 107.00 6.00 5.00
140.00 106.00 6.00 5.00
141.00 106.00 6.00 5.00
141.00 106.00 6.00 5.00
142.00 106.00 6.00 5.00
142.00 106.00 6.00 5.00
142.00 105.00 6.00 5.00
143.00 105.00 6.00 5.00
143.00 105.00 6.00 5.00
144.00 105.00 6.00 5.00
144.00 105.00 6.00 5.00
144.00 104.00 6.00 5.00
144.00 104.00 6.00 5.00
145.00 104.00 6.00 5.00
145.00 104.00 6.00 5.00
145.00 104.00 6.00 5.00
145.00 104.00 6.00 5.00
145.00 104.00 6.00 5.00
145.00 104.00 6.00 5.00
145.00 104.00 6.00 5.00
146.00 103.00 6.00 5.00
146.00 103.00 6.00 5.00
146.00 103.00 6.00 5.00
146.00 103.00 6.00 5.00
146.00 103.00 6.00 5.00
146.00 103.00 6.00 5.00
146.00 103.00 6.00 5.00
