103.00 168.00 7.00 8.00
111.00 174.00 7.00 8.00
115.00 177.00 7.00 8.00
122.00 183.00 7.00 8.00
130.00 189.00 7.00 8.00
134.00 192.00 7.00 8.00
142.00 198.00 7.00 8.00
151.00 204.00 7.00 8.00
155.00 208.00 7.00 8.00
164.00 214.00 7.00 8.00
172.00 220.00 7.00 8.00
176.00 223.00 7.00 8.00
184.00 218.00 7.00 8.00
193.00 214.00 7.00 8.00
197.00 211.00 7.00 8.00
205.00 207.00 7.00 8.00
213.00 203.00 7.00 8.00
217.00 201.00 7.00 8.00
225.00 197.00 7.00 8.00
232.00 193.00 7.00 8.00
236.00 191.00 7.00 8.00
243.00 187.00 7.00 8.00
250.00 184.00 7.00 8.00
254.00 182.00 7.00 8.00
261.00 178.00 7.00 8.00
267.00 174.00 7.00 8.00
271.00 173.00 7.00 8.00
277.00 169.00 7.00 8.00
284.00 166.00 7.00 8.00
287.00 164.00 7.00 8.00
293.00 161.00 7.00 8.00
299.00 158.00 7.00 8.00
302.00 156.00 7.00 8.00
308.00 153.00 7.00 8.00
315.00 150.00 7.00 8.00
317.00 149.00 7.00 8.00
312.00 146.00 7.00 8.00
307.00 143.00 7.00 8.00
305.00 142.00 7.00 8.00
301.00 139.00 7.00 8.00
297.00 137.00 7.00 8.00
294.00 135.00 7.00 8.00
291.00 134.00 7.00 8.00
286.00 131.00 7.00 8.00
284.00 129.00 7.00 8.00
280.00 127.00 7.00 8.00
276.00 125.00 7.00 8.00
274.00 124.00 7.00 8.00
271.00 122.00 7.00 8.00
268.00 120.00 7.00 8.00
266.00 119.00 7.00 8.00
262.00 116.00 7.00 8.00
259.00 115.00 7.00 8.00
257.00 113.00 7.00 8.00
253.00 111.00 7.00 8.00
250.00 109.00 7.00 8.00
249.00 109.00 7.00 8.00
245.00 107.00 7.00 8.00
242.00 105.00 7.00 8.00
241.00 104.00 7.00 8.00
238.00 102.00 7.00 8.00
235.00 100.00 7.00 8.00
234.00 99.00 7.00 8.00
231.00 98.00 7.00 8.00
228.00 96.00 7.00 8.00
227.00 95.00 7.00 8.00
224.00 94.00 7.00 8.00
222.00 92.00 7.00 8.00
221.00 92.00 7.00 8.00
218.00 90.00 7.00 8.00
215.00 88.00 7.00 8.00
214.00 88.00 7.00 8.00
212.00 86.00 7.00 8.00
210.00 85.00 7.00 8.00
209.00 84.00 7.00 8.00
207.00 83.00 7.00 8.00
204.00 81.00 7.00 8.00
203.00 81.00 7.00 8.00
201.00 79.00 7.00 8.00
199.00 78.00 7.00 8.00
198.00 77.00 7.00 8.00
196.00 76.00 7.00 8.00
194.00 75.00 7.00 8.00
194.00 74.00 7.00 8.00
192.00 73.00 7.00 8.00
190.00 73.00 7.00 8.00
189.00 72.00 7.00 8.00
188.00 71.00 7.00 8.00
186.00 69.00 7.00 8.00
186.00 70.00 7.00 8.00
184.00 68.00 7.00 8.00
182.00 67.00 7.00 8.00
181.00 66.00 7.00 8.00
180.00 66.00 7.00 8.00
179.00 65.00 7.00 8.00
178.00 64.00 7.00 8.00
176.00 63.00 7.00 8.00
175.00 62.00 7.00 8.00
174.00 62.00 7.00 8.00
173.00 61.00 7.00 8.00
172.00 60.00 7.00 8.00
171.00 60.00 7.00 8.00
170.00 59.00 7.00 8.00
170.00 59.00 7.00 8.00
169.00 58.00 7.00 8.00
168.00 58.00 7.00 8.00
167.00 57.00 7.00 8.00
167.00 57.00 7.00 8.00
165.00 56.00 7.00 8.00
164.00 55.00 7.00 8.00
164.00 55.00 7.00 8.00
163.00 55.00 7.00 8.00
162.00 54.00 7.00 8.00
161.00 54.00 7.00 8.00
161.00 54.00 7.00 8.00
160.00 53.00 7.00 8.00
160.00 52.00 7.00 8.00
159.00 52.00 7.00 8.00
159.00 51.00 7.00 8.00
158.00 51.00 7.00 8.00
158.00 51.00 7.00 8.00
157.00 50.00 7.00 8.00
157.00 50.00 7.00 8.00
156.00 50.00 7.00 8.00
156.00 50.00 7.00 8.00
155.00 49.00 7.00 8.00
155.00 49.00 7.00 8.00
155.00 49.00 7.00 8.00
155.00 49.00 7.00 8.00
154.00 48.00 7.00 8.00
154.00 48.00 7.00 8.00
154.00 48.00 7.00 8.00
154.00 48.00 7.00 8.00
