344.00 560.00 28.00 103.00
346.00 559.00 28.00 104.00
347.00 559.00 29.00 106.00
347.00 561.00 28.00 103.00
348.00 561.00 28.00 101.00
349.00 563.00 27.00 99.00
350.00 562.00 27.00 101.00
350.00 563.00 27.00 100.00
352.00 564.00 27.00 99.00
351.00 563.00 27.00 101.00
351.00 563.00 27.00 99.00
352.00 560.00 26.00 97.00
352.00 561.00 25.00 93.00
352.00 561.00 24.00 90.00
349.00 561.00 24.00 89.00
376.00 567.00 24.00 90.00
376.00 566.00 25.00 92.00
374.00 564.00 25.00 93.00
370.00 563.00 25.00 93.00
371.00 563.00 26.00 95.00
373.00 561.00 26.00 95.00
375.00 561.00 25.00 93.00
375.00 561.00 26.00 96.00
378.00 561.00 26.00 96.00
380.00 561.00 26.00 95.00
381.00 562.00 26.00 94.00
382.00 564.00 25.00 93.00
385.00 564.00 25.00 93.00
388.00 565.00 25.00 92.00
388.00 566.00 25.00 92.00
390.00 566.00 25.00 92.00
389.00 566.00 25.00 92.00
393.00 567.00 25.00 91.00
395.00 566.00 25.00 91.00
394.00 566.00 25.00 91.00
396.00 565.00 25.00 92.00
398.00 565.00 25.00 90.00
401.00 556.00 24.00 89.00
402.00 554.00 24.00 88.00
416.00 567.00 24.00 89.00
416.00 566.00 25.00 91.00
415.00 566.00 25.00 92.00
413.00 563.00 25.00 93.00
409.00 563.00 26.00 94.00
407.00 562.00 26.00 94.00
408.00 564.00 25.00 93.00
411.00 563.00 26.00 95.00
412.00 563.00 25.00 94.00
411.00 563.00 25.00 94.00
413.00 565.00 25.00 93.00
413.00 564.00 26.00 94.00
415.00 564.00 26.00 94.00
417.00 563.00 26.00 95.00
418.00 563.00 26.00 95.00
421.00 563.00 26.00 95.00
425.00 564.00 25.00 93.00
433.00 556.00 25.00 92.00
434.00 557.00 25.00 91.00
391.00 565.00 25.00 90.00
356.00 569.00 25.00 90.00
341.00 569.00 24.00 89.00
300.00 544.00 24.00 89.00
298.00 535.00 24.00 88.00
293.00 530.00 24.00 89.00
294.00 531.00 24.00 89.00
301.00 546.00 24.00 89.00
311.00 549.00 24.00 89.00
358.00 564.00 24.00 88.00
360.00 562.00 23.00 86.00
361.00 561.00 23.00 86.00
365.00 560.00 23.00 85.00
364.00 561.00 23.00 85.00
368.00 561.00 23.00 84.00
369.00 561.00 23.00 84.00
369.00 561.00 23.00 84.00
371.00 561.00 23.00 84.00
372.00 561.00 23.00 85.00
376.00 562.00 23.00 83.00
379.00 562.00 22.00 83.00
378.00 562.00 22.00 82.00
381.00 562.00 22.00 82.00
382.00 562.00 22.00 82.00
386.00 561.00 22.00 82.00
388.00 559.00 22.00 82.00
391.00 558.00 22.00 82.00
394.00 558.00 22.00 82.00
395.00 558.00 22.00 83.00
398.00 559.00 23.00 83.00
402.00 561.00 23.00 84.00
404.00 561.00 23.00 85.00
404.00 561.00 23.00 85.00
406.00 561.00 23.00 85.00
409.00 561.00 23.00 85.00
414.00 560.00 23.00 85.00
416.00 558.00 23.00 85.00
416.00 559.00 23.00 85.00
418.00 558.00 23.00 85.00
420.00 559.00 23.00 85.00
422.00 559.00 23.00 84.00
429.00 558.00 23.00 84.00
432.00 559.00 23.00 84.00
433.00 559.00 23.00 84.00
433.00 558.00 23.00 84.00
436.00 559.00 23.00 84.00
439.00 559.00 23.00 83.00
443.00 560.00 23.00 83.00
447.00 560.00 22.00 83.00
451.00 560.00 22.00 82.00
455.00 559.00 22.00 82.00
455.00 559.00 22.00 82.00
457.00 558.00 22.00 82.00
460.00 557.00 22.00 82.00
462.00 557.00 22.00 82.00
465.00 556.00 22.00 82.00
467.00 556.00 22.00 82.00
467.00 556.00 22.00 82.00
471.00 556.00 22.00 82.00
474.00 556.00 22.00 82.00
475.00 557.00 22.00 82.00
477.00 557.00 22.00 82.00
481.00 557.00 22.00 82.00
487.00 558.00 22.00 82.00
488.00 557.00 23.00 83.00
488.00 558.00 23.00 83.00
492.00 557.00 23.00 83.00
495.00 557.00 23.00 84.00
498.00 555.00 23.00 84.00
501.00 555.00 23.00 84.00
503.00 554.00 23.00 85.00
506.00 554.00 23.00 84.00
511.00 555.00 23.00 84.00
516.00 555.00 23.00 84.00
519.00 555.00 23.00 83.00
519.00 555.00 23.00 83.00
523.00 555.00 23.00 83.00
528.00 554.00 23.00 84.00
531.00 554.00 23.00 84.00
533.00 554.00 23.00 85.00
537.00 555.00 23.00 85.00
546.00 554.00 23.00 85.00
547.00 554.00 23.00 85.00
547.00 554.00 23.00 86.00
547.00 554.00 23.00 85.00
550.00 554.00 23.00 85.00
552.00 553.00 23.00 85.00
554.00 553.00 23.00 85.00
556.00 553.00 23.00 85.00
559.00 554.00 23.00 85.00
562.00 554.00 23.00 85.00
568.00 556.00 23.00 86.00
571.00 556.00 23.00 86.00
570.00 555.00 24.00 86.00
572.00 555.00 24.00 87.00
576.00 555.00 24.00 87.00
578.00 555.00 24.00 87.00
581.00 555.00 24.00 88.00
587.00 555.00 24.00 88.00
590.00 555.00 24.00 87.00
590.00 555.00 24.00 87.00
590.00 553.00 24.00 87.00
593.00 554.00 23.00 86.00
595.00 554.00 23.00 86.00
597.00 555.00 23.00 85.00
599.00 556.00 23.00 85.00
601.00 558.00 23.00 84.00
613.00 562.00 24.00 87.00
616.00 559.00 24.00 90.00
621.00 558.00 25.00 91.00
621.00 558.00 25.00 92.00
623.00 557.00 25.00 93.00
623.00 557.00 25.00 93.00
626.00 556.00 26.00 94.00
628.00 554.00 26.00 95.00
630.00 554.00 26.00 95.00
631.00 554.00 26.00 95.00
633.00 554.00 26.00 95.00
636.00 553.00 26.00 95.00
641.00 551.00 26.00 96.00
644.00 552.00 26.00 97.00
644.00 552.00 27.00 98.00
646.00 552.00 26.00 97.00
647.00 552.00 27.00 98.00
649.00 552.00 27.00 99.00
650.00 551.00 27.00 99.00
651.00 553.00 27.00 99.00
652.00 553.00 27.00 100.00
654.00 553.00 27.00 100.00
657.00 554.00 27.00 100.00
659.00 554.00 27.00 101.00
659.00 553.00 27.00 101.00
663.00 552.00 28.00 102.00
666.00 551.00 28.00 103.00
668.00 552.00 28.00 104.00
673.00 551.00 28.00 104.00
676.00 553.00 28.00 104.00
677.00 553.00 28.00 104.00
678.00 553.00 28.00 104.00
679.00 553.00 28.00 104.00
679.00 553.00 28.00 104.00
681.00 553.00 28.00 104.00
685.00 553.00 28.00 104.00
686.00 553.00 28.00 104.00
688.00 553.00 28.00 104.00
692.00 554.00 28.00 105.00
695.00 554.00 28.00 104.00
695.00 554.00 28.00 104.00
697.00 554.00 28.00 104.00
697.00 554.00 28.00 104.00
697.00 554.00 28.00 104.00
698.00 554.00 28.00 104.00
702.00 553.00 28.00 104.00
706.00 553.00 28.00 104.00
709.00 554.00 28.00 103.00
711.00 553.00 28.00 103.00
713.00 552.00 28.00 104.00
716.00 551.00 28.00 104.00
718.00 551.00 28.00 104.00
718.00 551.00 28.00 103.00
719.00 551.00 28.00 104.00
721.00 552.00 28.00 104.00
722.00 552.00 28.00 103.00
724.00 553.00 28.00 102.00
724.00 553.00 28.00 102.00
726.00 554.00 28.00 102.00
728.00 555.00 28.00 102.00
733.00 555.00 28.00 102.00
735.00 556.00 28.00 102.00
735.00 556.00 28.00 102.00
736.00 555.00 28.00 102.00
736.00 554.00 28.00 103.00
738.00 555.00 28.00 104.00
742.00 553.00 29.00 105.00
743.00 553.00 29.00 106.00
743.00 552.00 29.00 107.00
744.00 551.00 29.00 107.00
747.00 551.00 29.00 107.00
749.00 551.00 29.00 108.00
750.00 550.00 29.00 108.00
752.00 550.00 29.00 107.00
755.00 551.00 29.00 106.00
756.00 551.00 29.00 106.00
757.00 551.00 29.00 106.00
760.00 552.00 29.00 106.00
761.00 551.00 29.00 105.00
763.00 552.00 28.00 105.00
763.00 552.00 28.00 104.00
765.00 551.00 28.00 104.00
767.00 551.00 28.00 104.00
771.00 549.00 28.00 104.00
775.00 548.00 28.00 104.00
775.00 548.00 28.00 103.00
777.00 549.00 28.00 103.00
780.00 548.00 28.00 104.00
782.00 547.00 28.00 103.00
784.00 547.00 28.00 103.00
790.00 546.00 28.00 103.00
792.00 546.00 28.00 103.00
792.00 546.00 28.00 104.00
793.00 546.00 28.00 104.00
794.00 547.00 28.00 104.00
797.00 547.00 28.00 104.00
799.00 547.00 28.00 104.00
802.00 548.00 28.00 104.00
801.00 547.00 28.00 105.00
802.00 548.00 28.00 104.00
804.00 549.00 28.00 104.00
805.00 549.00 28.00 104.00
807.00 547.00 28.00 104.00
811.00 546.00 28.00 105.00
811.00 545.00 28.00 105.00
811.00 545.00 28.00 105.00
813.00 545.00 29.00 105.00
816.00 545.00 29.00 105.00
817.00 544.00 29.00 106.00
817.00 543.00 29.00 107.00
820.00 544.00 29.00 107.00
821.00 542.00 29.00 108.00
823.00 543.00 29.00 108.00
826.00 544.00 29.00 108.00
831.00 543.00 29.00 108.00
833.00 543.00 29.00 108.00
834.00 543.00 29.00 108.00
836.00 542.00 29.00 108.00
838.00 542.00 29.00 108.00
843.00 542.00 29.00 108.00
846.00 544.00 29.00 108.00
846.00 543.00 30.00 109.00
849.00 542.00 29.00 108.00
849.00 541.00 30.00 109.00
852.00 542.00 29.00 108.00
853.00 542.00 29.00 108.00
857.00 540.00 29.00 108.00
859.00 541.00 29.00 108.00
859.00 541.00 29.00 108.00
861.00 540.00 30.00 109.00
861.00 539.00 30.00 110.00
863.00 539.00 30.00 111.00
865.00 539.00 30.00 112.00
866.00 539.00 31.00 113.00
867.00 539.00 31.00 114.00
874.00 541.00 31.00 113.00
875.00 541.00 30.00 112.00
876.00 542.00 30.00 111.00
877.00 541.00 30.00 111.00
878.00 541.00 30.00 111.00
882.00 541.00 30.00 111.00
884.00 540.00 30.00 112.00
884.00 541.00 30.00 112.00
886.00 540.00 31.00 113.00
888.00 540.00 31.00 113.00
890.00 540.00 31.00 112.00
891.00 539.00 30.00 112.00
893.00 540.00 31.00 112.00
894.00 540.00 30.00 112.00
895.00 540.00 31.00 112.00
898.00 539.00 30.00 112.00
898.00 539.00 30.00 112.00
899.00 539.00 31.00 113.00
900.00 539.00 31.00 113.00
900.00 539.00 31.00 113.00
905.00 538.00 31.00 114.00
905.00 538.00 31.00 114.00
906.00 538.00 31.00 114.00
907.00 539.00 31.00 114.00
912.00 538.00 31.00 115.00
915.00 539.00 32.00 117.00
917.00 539.00 32.00 117.00
918.00 538.00 32.00 117.00
921.00 538.00 32.00 116.00
922.00 538.00 31.00 115.00
923.00 539.00 31.00 116.00
920.00 540.00 31.00 114.00
915.00 541.00 31.00 113.00
917.00 541.00 30.00 112.00
927.00 586.00 30.00 112.00
927.00 587.00 30.00 112.00
952.00 539.00 31.00 113.00
944.00 539.00 31.00 114.00
944.00 539.00 31.00 116.00
944.00 539.00 32.00 116.00
942.00 539.00 32.00 117.00
946.00 538.00 32.00 118.00
947.00 539.00 33.00 120.00
947.00 538.00 33.00 121.00
947.00 538.00 33.00 122.00
943.00 538.00 33.00 121.00
944.00 537.00 33.00 120.00
948.00 537.00 33.00 120.00
952.00 536.00 33.00 120.00
957.00 536.00 33.00 120.00
959.00 536.00 33.00 120.00
959.00 536.00 33.00 120.00
962.00 535.00 33.00 120.00
966.00 535.00 33.00 121.00
967.00 535.00 33.00 122.00
967.00 534.00 33.00 122.00
969.00 535.00 33.00 123.00
969.00 534.00 33.00 123.00
969.00 534.00 33.00 123.00
972.00 535.00 33.00 123.00
975.00 535.00 34.00 124.00
975.00 535.00 34.00 125.00
975.00 535.00 34.00 125.00
976.00 535.00 34.00 125.00
978.00 534.00 34.00 125.00
978.00 534.00 34.00 125.00
979.00 533.00 34.00 124.00
982.00 533.00 34.00 124.00
986.00 532.00 34.00 124.00
987.00 532.00 34.00 124.00
991.00 531.00 34.00 124.00
991.00 531.00 33.00 123.00
992.00 531.00 33.00 123.00
991.00 531.00 33.00 123.00
992.00 532.00 33.00 123.00
994.00 533.00 33.00 122.00
996.00 532.00 33.00 122.00
996.00 533.00 33.00 121.00
998.00 533.00 33.00 122.00
999.00 532.00 33.00 121.00
1003.00 533.00 33.00 122.00
1007.00 533.00 33.00 122.00
1009.00 533.00 33.00 122.00
1009.00 533.00 33.00 122.00
1011.00 531.00 33.00 122.00
1014.00 532.00 33.00 123.00
1015.00 531.00 34.00 124.00
1016.00 530.00 34.00 124.00
1020.00 530.00 34.00 125.00
1023.00 528.00 34.00 127.00
1022.00 528.00 34.00 125.00
1026.00 529.00 34.00 124.00
1027.00 529.00 34.00 124.00
1029.00 529.00 34.00 124.00
1028.00 529.00 34.00 124.00
1030.00 529.00 34.00 125.00
1030.00 529.00 34.00 124.00
1032.00 530.00 34.00 124.00
1031.00 529.00 34.00 124.00
1031.00 529.00 34.00 123.00
1034.00 530.00 34.00 124.00
1034.00 529.00 34.00 124.00
1036.00 530.00 34.00 124.00
1039.00 530.00 34.00 125.00
1043.00 529.00 34.00 124.00
1044.00 529.00 34.00 124.00
1044.00 529.00 34.00 124.00
1047.00 528.00 34.00 124.00
1047.00 528.00 34.00 124.00
1046.00 528.00 34.00 124.00
1046.00 528.00 33.00 123.00
1046.00 528.00 33.00 123.00
1047.00 528.00 33.00 123.00
