833.00 357.00 23.00 52.00
823.00 360.00 23.00 52.00
818.00 360.00 23.00 52.00
815.00 360.00 23.00 53.00
807.00 359.00 24.00 53.00
801.00 359.00 23.00 52.00
794.00 360.00 23.00 52.00
793.00 357.00 23.00 53.00
787.00 357.00 23.00 52.00
777.00 359.00 23.00 52.00
775.00 360.00 23.00 53.00
767.00 360.00 24.00 53.00
764.00 359.00 23.00 53.00
759.00 360.00 23.00 53.00
754.00 360.00 23.00 52.00
748.00 360.00 23.00 52.00
743.00 360.00 23.00 53.00
740.00 357.00 23.00 53.00
732.00 359.00 23.00 53.00
724.00 359.00 23.00 53.00
719.00 359.00 23.00 53.00
716.00 360.00 23.00 52.00
711.00 360.00 23.00 52.00
703.00 359.00 23.00 53.00
697.00 359.00 23.00 53.00
697.00 357.00 23.00 52.00
692.00 357.00 23.00 53.00
684.00 357.00 23.00 52.00
679.00 359.00 23.00 53.00
673.00 359.00 23.00 53.00
665.00 360.00 23.00 52.00
663.00 360.00 23.00 52.00
655.00 360.00 23.00 53.00
649.00 359.00 23.00 53.00
644.00 360.00 23.00 53.00
644.00 357.00 23.00 53.00
635.00 357.00 23.00 53.00
628.00 359.00 23.00 53.00
628.00 360.00 23.00 53.00
628.00 360.00 23.00 53.00
625.00 365.00 23.00 53.00
629.00 370.00 24.00 54.00
628.00 369.00 24.00 54.00
625.00 375.00 24.00 55.00
625.00 385.00 24.00 55.00
625.00 386.00 24.00 55.00
625.00 385.00 24.00 55.00
629.00 390.00 25.00 55.00
629.00 401.00 25.00 55.00
629.00 402.00 25.00 55.00
628.00 401.00 25.00 55.00
628.00 412.00 24.00 55.00
625.00 418.00 24.00 55.00
625.00 417.00 24.00 55.00
625.00 418.00 24.00 55.00
624.00 431.00 25.00 56.00
624.00 433.00 24.00 55.00
625.00 434.00 24.00 55.00
621.00 444.00 24.00 54.00
621.00 444.00 24.00 54.00
622.00 445.00 24.00 54.00
622.00 445.00 24.00 54.00
616.00 444.00 23.00 53.00
612.00 445.00 23.00 53.00
607.00 445.00 23.00 53.00
606.00 442.00 23.00 53.00
596.00 445.00 23.00 53.00
590.00 445.00 23.00 53.00
582.00 445.00 23.00 53.00
579.00 445.00 23.00 52.00
574.00 445.00 23.00 52.00
566.00 445.00 23.00 53.00
564.00 445.00 23.00 52.00
561.00 445.00 23.00 52.00
556.00 443.00 23.00 52.00
548.00 443.00 23.00 52.00
543.00 445.00 23.00 52.00
537.00 445.00 23.00 52.00
532.00 445.00 23.00 52.00
526.00 445.00 23.00 52.00
521.00 445.00 23.00 52.00
513.00 445.00 23.00 52.00
508.00 445.00 23.00 52.00
508.00 443.00 23.00 52.00
500.00 443.00 23.00 52.00
492.00 445.00 23.00 52.00
492.00 445.00 23.00 52.00
484.00 445.00 23.00 52.00
475.00 445.00 23.00 52.00
470.00 445.00 23.00 52.00
468.00 445.00 23.00 52.00
463.00 445.00 23.00 52.00
457.00 443.00 23.00 52.00
454.00 443.00 23.00 52.00
444.00 445.00 23.00 52.00
439.00 445.00 23.00 52.00
433.00 445.00 23.00 52.00
428.00 445.00 23.00 52.00
422.00 445.00 23.00 52.00
419.00 445.00 23.00 52.00
415.00 445.00 23.00 52.00
411.00 443.00 23.00 52.00
403.00 443.00 23.00 53.00
397.00 442.00 23.00 52.00
393.00 445.00 23.00 52.00
385.00 445.00 23.00 52.00
379.00 445.00 23.00 52.00
374.00 445.00 23.00 52.00
369.00 445.00 23.00 52.00
363.00 445.00 23.00 52.00
357.00 445.00 23.00 52.00
357.00 442.00 23.00 52.00
352.00 443.00 23.00 52.00
342.00 445.00 23.00 52.00
339.00 445.00 23.00 52.00
339.00 445.00 23.00 52.00
339.00 445.00 23.00 52.00
339.00 445.00 23.00 52.00
339.00 445.00 23.00 53.00
339.00 445.00 23.00 53.00
341.00 442.00 23.00 52.00
342.00 443.00 23.00 52.00
342.00 443.00 23.00 52.00
341.00 443.00 23.00 52.00
341.00 442.00 23.00 52.00
341.00 442.00 23.00 52.00
341.00 442.00 23.00 52.00
342.00 443.00 23.00 52.00
341.00 442.00 23.00 52.00
342.00 443.00 23.00 52.00
341.00 442.00 23.00 52.00
342.00 443.00 23.00 52.00
341.00 442.00 23.00 52.00
342.00 443.00 23.00 52.00
341.00 442.00 23.00 52.00
342.00 443.00 23.00 52.00
341.00 442.00 23.00 52.00
341.00 442.00 23.00 52.00
341.00 442.00 23.00 52.00
342.00 443.00 23.00 52.00
341.00 442.00 23.00 52.00
341.00 442.00 23.00 52.00
341.00 442.00 23.00 52.00
341.00 442.00 23.00 52.00
341.00 442.00 23.00 52.00
341.00 442.00 23.00 52.00
341.00 442.00 23.00 52.00
341.00 442.00 23.00 52.00
341.00 442.00 23.00 52.00
341.00 442.00 23.00 52.00
341.00 442.00 23.00 52.00
341.00 442.00 23.00 52.00
341.00 442.00 23.00 52.00
341.00 442.00 23.00 52.00
341.00 442.00 23.00 52.00
341.00 442.00 23.00 52.00
341.00 442.00 23.00 52.00
341.00 442.00 23.00 52.00
341.00 442.00 23.00 52.00
353.00 444.00 23.00 52.00
355.00 444.00 23.00 52.00
360.00 444.00 23.00 52.00
368.00 446.00 23.00 51.00
373.00 445.00 23.00 51.00
379.00 445.00 23.00 51.00
393.00 443.00 23.00 52.00
388.00 427.00 23.00 51.00
383.00 419.00 23.00 52.00
382.00 425.00 23.00 51.00
382.00 425.00 23.00 51.00
382.00 422.00 23.00 51.00
377.00 406.00 23.00 51.00
374.00 399.00 23.00 51.00
372.00 403.00 23.00 52.00
371.00 403.00 23.00 52.00
371.00 403.00 23.00 53.00
368.00 392.00 23.00 52.00
363.00 379.00 23.00 52.00
360.00 381.00 23.00 52.00
360.00 382.00 23.00 52.00
360.00 381.00 23.00 52.00
357.00 371.00 23.00 52.00
353.00 357.00 23.00 53.00
349.00 360.00 23.00 53.00
350.00 360.00 23.00 52.00
350.00 360.00 23.00 53.00
350.00 360.00 23.00 52.00
350.00 360.00 23.00 53.00
350.00 360.00 23.00 52.00
350.00 360.00 23.00 52.00
350.00 360.00 23.00 53.00
350.00 360.00 23.00 53.00
350.00 360.00 23.00 52.00
350.00 360.00 23.00 53.00
350.00 360.00 23.00 53.00
350.00 360.00 23.00 52.00
350.00 360.00 23.00 53.00
350.00 360.00 23.00 53.00
350.00 360.00 23.00 52.00
350.00 360.00 23.00 52.00
345.00 360.00 23.00 53.00
341.00 357.00 23.00 52.00
342.00 358.00 23.00 52.00
341.00 357.00 23.00 52.00
333.00 352.00 23.00 52.00
332.00 351.00 23.00 52.00
333.00 352.00 23.00 52.00
333.00 351.00 23.00 52.00
333.00 352.00 23.00 52.00
333.00 352.00 23.00 52.00
342.00 362.00 23.00 52.00
342.00 362.00 23.00 52.00
342.00 362.00 23.00 52.00
342.00 362.00 23.00 52.00
342.00 362.00 23.00 52.00
342.00 362.00 23.00 52.00
342.00 362.00 23.00 52.00
342.00 362.00 23.00 52.00
342.00 362.00 23.00 52.00
342.00 362.00 23.00 52.00
342.00 362.00 23.00 52.00
342.00 362.00 23.00 52.00
342.00 362.00 23.00 52.00
342.00 362.00 23.00 52.00
342.00 362.00 23.00 52.00
342.00 362.00 23.00 52.00
342.00 362.00 23.00 52.00
342.00 362.00 23.00 52.00
342.00 362.00 23.00 52.00
342.00 362.00 23.00 52.00
342.00 362.00 23.00 52.00
345.00 359.00 23.00 52.00
351.00 358.00 23.00 52.00
356.00 358.00 23.00 52.00
361.00 357.00 23.00 52.00
371.00 360.00 23.00 51.00
374.00 360.00 23.00 51.00
380.00 360.00 22.00 51.00
386.00 361.00 22.00 51.00
393.00 360.00 22.00 51.00
398.00 360.00 22.00 51.00
403.00 359.00 22.00 51.00
408.00 359.00 22.00 51.00
416.00 358.00 23.00 51.00
421.00 358.00 23.00 52.00
423.00 357.00 23.00 52.00
432.00 359.00 23.00 51.00
441.00 359.00 23.00 51.00
447.00 360.00 23.00 51.00
450.00 360.00 23.00 51.00
457.00 359.00 23.00 51.00
464.00 359.00 23.00 51.00
467.00 359.00 22.00 51.00
472.00 358.00 23.00 51.00
479.00 357.00 23.00 51.00
486.00 359.00 23.00 51.00
498.00 360.00 23.00 52.00
503.00 360.00 23.00 52.00
508.00 359.00 23.00 51.00
511.00 360.00 23.00 52.00
518.00 359.00 23.00 51.00
521.00 359.00 23.00 51.00
527.00 357.00 23.00 51.00
532.00 357.00 23.00 51.00
545.00 360.00 23.00 51.00
550.00 359.00 22.00 51.00
553.00 360.00 22.00 51.00
562.00 360.00 23.00 51.00
567.00 360.00 23.00 51.00
574.00 359.00 22.00 51.00
581.00 358.00 23.00 51.00
586.00 357.00 23.00 51.00
591.00 357.00 23.00 52.00
599.00 359.00 23.00 51.00
601.00 359.00 23.00 51.00
609.00 360.00 23.00 51.00
615.00 360.00 23.00 51.00
615.00 360.00 23.00 51.00
626.00 360.00 23.00 51.00
627.00 371.00 23.00 52.00
626.00 371.00 23.00 52.00
627.00 371.00 23.00 52.00
626.00 387.00 23.00 52.00
626.00 386.00 23.00 53.00
625.00 386.00 23.00 53.00
625.00 386.00 23.00 53.00
626.00 403.00 23.00 53.00
626.00 402.00 23.00 53.00
626.00 403.00 23.00 53.00
626.00 408.00 24.00 53.00
626.00 419.00 24.00 53.00
625.00 418.00 24.00 53.00
625.00 418.00 24.00 53.00
626.00 429.00 24.00 53.00
625.00 434.00 24.00 53.00
625.00 435.00 23.00 53.00
632.00 445.00 23.00 52.00
634.00 445.00 23.00 52.00
642.00 444.00 23.00 52.00
647.00 442.00 23.00 52.00
653.00 442.00 23.00 52.00
663.00 445.00 23.00 52.00
668.00 445.00 23.00 51.00
674.00 445.00 23.00 51.00
679.00 445.00 23.00 51.00
687.00 445.00 23.00 51.00
692.00 445.00 23.00 51.00
697.00 445.00 22.00 51.00
707.00 443.00 23.00 51.00
712.00 442.00 23.00 51.00
714.00 442.00 23.00 51.00
722.00 445.00 23.00 51.00
727.00 445.00 23.00 51.00
736.00 445.00 23.00 51.00
741.00 445.00 23.00 51.00
749.00 445.00 22.00 51.00
757.00 445.00 22.00 50.00
759.00 445.00 22.00 50.00
765.00 443.00 22.00 51.00
771.00 443.00 23.00 51.00
777.00 445.00 22.00 51.00
789.00 445.00 23.00 51.00
792.00 445.00 23.00 51.00
797.00 445.00 23.00 51.00
803.00 445.00 23.00 51.00
807.00 445.00 23.00 51.00
815.00 445.00 23.00 51.00
819.00 443.00 23.00 51.00
824.00 442.00 23.00 51.00
831.00 445.00 23.00 51.00
831.00 445.00 23.00 51.00
831.00 445.00 22.00 51.00
831.00 445.00 23.00 51.00
831.00 445.00 23.00 51.00
831.00 445.00 23.00 51.00
831.00 445.00 23.00 51.00
831.00 445.00 23.00 51.00
831.00 445.00 23.00 51.00
831.00 445.00 23.00 51.00
833.00 445.00 22.00 51.00
839.00 445.00 22.00 51.00
845.00 445.00 22.00 51.00
851.00 445.00 23.00 51.00
856.00 445.00 23.00 51.00
860.00 440.00 23.00 51.00
864.00 427.00 23.00 51.00
870.00 419.00 23.00 51.00
870.00 424.00 23.00 52.00
869.00 422.00 23.00 52.00
874.00 406.00 23.00 52.00
878.00 400.00 23.00 51.00
880.00 404.00 23.00 51.00
879.00 401.00 23.00 51.00
887.00 380.00 22.00 51.00
889.00 378.00 22.00 51.00
892.00 382.00 22.00 51.00
895.00 371.00 23.00 51.00
899.00 359.00 22.00 51.00
901.00 357.00 22.00 51.00
902.00 361.00 22.00 50.00
901.00 361.00 22.00 50.00
901.00 361.00 22.00 50.00
892.00 360.00 22.00 50.00
886.00 359.00 22.00 51.00
879.00 359.00 22.00 50.00
873.00 358.00 23.00 51.00
868.00 358.00 23.00 51.00
862.00 360.00 23.00 51.00
854.00 360.00 23.00 51.00
848.00 361.00 23.00 51.00
843.00 361.00 23.00 51.00
835.00 360.00 23.00 51.00
826.00 360.00 23.00 51.00
824.00 360.00 23.00 51.00
820.00 358.00 23.00 51.00
814.00 358.00 23.00 52.00
805.00 360.00 23.00 52.00
799.00 360.00 23.00 52.00
791.00 361.00 23.00 52.00
783.00 360.00 23.00 52.00
781.00 360.00 23.00 52.00
773.00 360.00 23.00 51.00
768.00 360.00 23.00 51.00
764.00 358.00 23.00 52.00
758.00 357.00 23.00 52.00
746.00 360.00 23.00 52.00
744.00 360.00 23.00 52.00
739.00 360.00 23.00 52.00
733.00 361.00 23.00 52.00
725.00 361.00 23.00 52.00
720.00 360.00 23.00 52.00
715.00 360.00 23.00 52.00
705.00 358.00 23.00 52.00
699.00 357.00 23.00 52.00
693.00 360.00 23.00 52.00
687.00 360.00 23.00 52.00
685.00 360.00 23.00 52.00
677.00 361.00 23.00 52.00
666.00 360.00 23.00 51.00
664.00 360.00 23.00 51.00
656.00 360.00 23.00 51.00
653.00 360.00 23.00 51.00
