298.00 149.00 67.00 122.00
297.00 149.00 66.00 120.00
297.00 149.00 65.00 118.00
297.00 148.00 65.00 119.00
297.00 147.00 66.00 120.00
296.00 147.00 64.00 117.00
296.00 147.00 64.00 117.00
293.00 147.00 65.00 118.00
291.00 149.00 64.00 117.00
290.00 151.00 63.00 115.00
289.00 149.00 62.00 113.00
284.00 149.00 63.00 116.00
280.00 149.00 62.00 113.00
279.00 148.00 62.00 112.00
279.00 146.00 62.00 114.00
280.00 146.00 63.00 114.00
277.00 146.00 63.00 115.00
274.00 145.00 63.00 115.00
270.00 145.00 62.00 113.00
267.00 145.00 62.00 112.00
264.00 146.00 60.00 110.00
260.00 145.00 60.00 109.00
257.00 148.00 59.00 107.00
257.00 148.00 59.00 107.00
256.00 148.00 58.00 106.00
253.00 147.00 57.00 104.00
251.00 146.00 57.00 105.00
249.00 145.00 57.00 104.00
247.00 146.00 57.00 103.00
243.00 144.00 57.00 103.00
241.00 144.00 56.00 103.00
239.00 144.00 55.00 101.00
237.00 144.00 55.00 100.00
235.00 143.00 55.00 100.00
233.00 144.00 55.00 100.00
231.00 143.00 55.00 100.00
230.00 143.00 54.00 98.00
228.00 142.00 53.00 97.00
228.00 142.00 53.00 96.00
226.00 141.00 52.00 95.00
224.00 140.00 52.00 95.00
223.00 139.00 52.00 95.00
222.00 140.00 52.00 94.00
219.00 139.00 52.00 94.00
218.00 139.00 51.00 94.00
216.00 138.00 51.00 93.00
216.00 139.00 50.00 92.00
216.00 139.00 50.00 91.00
214.00 138.00 49.00 90.00
212.00 137.00 49.00 90.00
211.00 137.00 49.00 89.00
211.00 137.00 49.00 89.00
209.00 136.00 48.00 88.00
208.00 135.00 48.00 87.00
207.00 136.00 48.00 87.00
206.00 135.00 48.00 87.00
205.00 135.00 47.00 86.00
204.00 135.00 46.00 84.00
203.00 136.00 46.00 84.00
202.00 135.00 46.00 83.00
202.00 135.00 45.00 83.00
202.00 134.00 45.00 82.00
202.00 133.00 45.00 82.00
201.00 133.00 44.00 81.00
201.00 133.00 44.00 80.00
201.00 132.00 43.00 78.00
201.00 131.00 42.00 77.00
200.00 132.00 42.00 76.00
200.00 131.00 41.00 76.00
200.00 130.00 41.00 74.00
201.00 129.00 40.00 73.00
201.00 126.00 40.00 72.00
201.00 125.00 39.00 71.00
200.00 125.00 39.00 71.00
200.00 124.00 38.00 70.00
200.00 124.00 38.00 68.00
200.00 124.00 37.00 67.00
199.00 122.00 37.00 67.00
199.00 121.00 37.00 67.00
199.00 121.00 36.00 66.00
199.00 120.00 36.00 65.00
198.00 119.00 35.00 64.00
198.00 119.00 35.00 63.00
197.00 117.00 34.00 62.00
197.00 117.00 34.00 62.00
197.00 116.00 33.00 61.00
196.00 114.00 33.00 60.00
196.00 115.00 32.00 59.00
193.00 139.00 33.00 59.00
191.00 139.00 33.00 59.00
189.00 138.00 32.00 59.00
188.00 137.00 32.00 59.00
186.00 136.00 32.00 59.00
184.00 135.00 32.00 59.00
182.00 133.00 32.00 59.00
181.00 159.00 32.00 59.00
179.00 161.00 32.00 58.00
177.00 160.00 32.00 58.00
175.00 158.00 32.00 58.00
171.00 158.00 32.00 58.00
170.00 156.00 32.00 58.00
167.00 134.00 32.00 59.00
163.00 132.00 32.00 59.00
160.00 132.00 33.00 60.00
156.00 130.00 33.00 61.00
151.00 129.00 34.00 61.00
147.00 128.00 34.00 62.00
143.00 128.00 34.00 62.00
139.00 109.00 34.00 62.00
137.00 107.00 34.00 62.00
132.00 104.00 34.00 62.00
129.00 125.00 35.00 63.00
125.00 125.00 35.00 64.00
121.00 124.00 35.00 64.00
117.00 123.00 35.00 64.00
113.00 123.00 35.00 64.00
109.00 122.00 35.00 64.00
106.00 121.00 35.00 64.00
102.00 119.00 35.00 64.00
98.00 119.00 35.00 64.00
95.00 119.00 35.00 64.00
93.00 118.00 35.00 65.00
89.00 117.00 36.00 65.00
87.00 116.00 36.00 65.00
84.00 115.00 36.00 66.00
82.00 115.00 37.00 67.00
80.00 114.00 37.00 67.00
78.00 112.00 37.00 68.00
77.00 112.00 38.00 69.00
76.00 112.00 38.00 69.00
75.00 111.00 38.00 70.00
74.00 112.00 38.00 70.00
73.00 112.00 38.00 70.00
73.00 112.00 38.00 70.00
73.00 112.00 38.00 69.00
73.00 112.00 38.00 69.00
74.00 112.00 38.00 69.00
75.00 113.00 38.00 69.00
76.00 111.00 38.00 70.00
77.00 111.00 38.00 70.00
78.00 112.00 39.00 70.00
80.00 113.00 39.00 71.00
81.00 113.00 39.00 71.00
83.00 114.00 39.00 71.00
84.00 115.00 39.00 71.00
86.00 116.00 39.00 71.00
88.00 117.00 39.00 71.00
89.00 118.00 39.00 71.00
91.00 119.00 39.00 71.00
93.00 120.00 39.00 71.00
95.00 121.00 39.00 72.00
97.00 122.00 39.00 72.00
98.00 123.00 39.00 72.00
101.00 125.00 39.00 71.00
106.00 127.00 39.00 71.00
112.00 128.00 39.00 70.00
118.00 130.00 39.00 70.00
125.00 132.00 38.00 69.00
132.00 134.00 38.00 69.00
139.00 135.00 38.00 68.00
145.00 136.00 37.00 68.00
150.00 137.00 37.00 67.00
154.00 137.00 37.00 67.00
159.00 139.00 36.00 66.00
163.00 139.00 36.00 65.00
168.00 140.00 36.00 65.00
172.00 141.00 35.00 64.00
176.00 142.00 35.00 63.00
180.00 143.00 34.00 63.00
184.00 144.00 34.00 62.00
187.00 146.00 34.00 61.00
189.00 146.00 34.00 61.00
192.00 147.00 33.00 61.00
195.00 148.00 33.00 61.00
197.00 148.00 33.00 60.00
199.00 149.00 33.00 60.00
202.00 151.00 33.00 60.00
205.00 152.00 33.00 59.00
208.00 152.00 33.00 60.00
210.00 153.00 33.00 60.00
213.00 155.00 33.00 59.00
215.00 155.00 33.00 60.00
218.00 156.00 33.00 60.00
220.00 156.00 33.00 60.00
223.00 157.00 32.00 59.00
225.00 158.00 33.00 59.00
226.00 158.00 32.00 59.00
229.00 159.00 32.00 59.00
231.00 159.00 32.00 59.00
233.00 159.00 32.00 59.00
235.00 160.00 32.00 59.00
238.00 159.00 33.00 59.00
239.00 159.00 32.00 59.00
242.00 160.00 33.00 59.00
244.00 160.00 33.00 59.00
246.00 160.00 33.00 59.00
247.00 160.00 32.00 59.00
250.00 160.00 32.00 59.00
252.00 160.00 32.00 59.00
253.00 160.00 33.00 60.00
254.00 160.00 33.00 60.00
257.00 159.00 33.00 60.00
260.00 160.00 33.00 60.00
262.00 159.00 33.00 60.00
265.00 160.00 33.00 60.00
267.00 160.00 33.00 60.00
269.00 160.00 33.00 60.00
270.00 159.00 33.00 60.00
272.00 159.00 33.00 60.00
273.00 158.00 33.00 60.00
274.00 159.00 33.00 60.00
276.00 158.00 33.00 60.00
277.00 158.00 33.00 60.00
280.00 157.00 33.00 60.00
282.00 156.00 33.00 60.00
284.00 156.00 33.00 61.00
285.00 156.00 33.00 61.00
287.00 155.00 33.00 60.00
288.00 155.00 33.00 60.00
290.00 155.00 33.00 61.00
291.00 154.00 34.00 61.00
292.00 154.00 33.00 61.00
293.00 154.00 33.00 61.00
294.00 153.00 33.00 60.00
295.00 153.00 33.00 60.00
297.00 153.00 33.00 61.00
299.00 152.00 34.00 62.00
300.00 152.00 34.00 62.00
301.00 151.00 35.00 63.00
302.00 151.00 35.00 63.00
302.00 150.00 35.00 64.00
304.00 151.00 35.00 64.00
305.00 150.00 35.00 63.00
304.00 151.00 35.00 63.00
304.00 150.00 35.00 64.00
304.00 151.00 35.00 64.00
303.00 150.00 35.00 64.00
304.00 150.00 35.00 64.00
304.00 150.00 35.00 64.00
304.00 150.00 35.00 64.00
304.00 150.00 35.00 64.00
304.00 150.00 35.00 64.00
303.00 150.00 35.00 64.00
301.00 150.00 35.00 64.00
299.00 150.00 35.00 64.00
297.00 150.00 35.00 64.00
295.00 149.00 35.00 64.00
292.00 149.00 35.00 64.00
290.00 149.00 36.00 65.00
288.00 148.00 36.00 65.00
286.00 148.00 36.00 65.00
284.00 149.00 36.00 65.00
281.00 147.00 36.00 66.00
280.00 148.00 36.00 66.00
277.00 148.00 36.00 65.00
274.00 147.00 36.00 66.00
271.00 147.00 36.00 66.00
268.00 147.00 36.00 66.00
264.00 146.00 37.00 67.00
261.00 146.00 37.00 67.00
258.00 146.00 37.00 67.00
255.00 146.00 37.00 67.00
252.00 145.00 37.00 67.00
249.00 144.00 37.00 68.00
246.00 144.00 37.00 67.00
243.00 144.00 37.00 68.00
240.00 144.00 38.00 69.00
235.00 143.00 38.00 69.00
232.00 142.00 38.00 69.00
228.00 142.00 38.00 69.00
224.00 142.00 38.00 69.00
220.00 141.00 38.00 69.00
216.00 140.00 38.00 69.00
213.00 140.00 38.00 70.00
209.00 140.00 39.00 70.00
204.00 138.00 39.00 70.00
199.00 138.00 39.00 71.00
194.00 137.00 39.00 71.00
189.00 136.00 39.00 71.00
184.00 136.00 39.00 71.00
177.00 134.00 39.00 72.00
172.00 133.00 39.00 71.00
166.00 132.00 39.00 72.00
160.00 132.00 39.00 72.00
155.00 131.00 40.00 72.00
150.00 130.00 40.00 73.00
145.00 129.00 41.00 74.00
139.00 128.00 41.00 75.00
134.00 127.00 42.00 76.00
127.00 126.00 42.00 76.00
121.00 125.00 42.00 77.00
115.00 124.00 43.00 78.00
108.00 123.00 43.00 78.00
101.00 122.00 43.00 79.00
95.00 121.00 43.00 78.00
88.00 120.00 43.00 79.00
82.00 119.00 44.00 80.00
76.00 118.00 44.00 80.00
70.00 116.00 45.00 82.00
65.00 116.00 45.00 83.00
60.00 115.00 46.00 83.00
55.00 114.00 47.00 85.00
49.00 113.00 48.00 87.00
43.00 111.00 48.00 88.00
38.00 111.00 48.00 88.00
33.00 110.00 48.00 88.00
27.00 110.00 48.00 87.00
22.00 108.00 48.00 87.00
19.00 107.00 50.00 90.00
12.00 106.00 49.00 90.00
6.00 105.00 49.00 90.00
2.00 104.00 49.00 90.00
-3.00 103.00 49.00 90.00
-7.00 103.00 49.00 89.00
-13.00 102.00 49.00 89.00
-18.00 101.00 50.00 90.00
-25.00 98.00 51.00 92.00
-32.00 95.00 52.00 95.00
-35.00 93.00 53.00 97.00
-35.00 92.00 54.00 99.00
-9.00 52.00 54.00 98.00
-11.00 53.00 53.00 96.00
27.00 82.00 53.00 97.00
30.00 83.00 53.00 97.00
24.00 81.00 54.00 97.00
23.00 81.00 54.00 98.00
5.00 52.00 54.00 98.00
20.00 81.00 54.00 99.00
18.00 81.00 54.00 99.00
18.00 79.00 55.00 99.00
18.00 80.00 55.00 100.00
18.00 80.00 55.00 101.00
19.00 81.00 55.00 101.00
22.00 81.00 55.00 101.00
24.00 82.00 55.00 101.00
27.00 83.00 55.00 101.00
31.00 84.00 55.00 100.00
35.00 86.00 54.00 99.00
40.00 87.00 54.00 99.00
44.00 89.00 54.00 99.00
51.00 90.00 54.00 98.00
58.00 92.00 53.00 97.00
65.00 94.00 53.00 96.00
73.00 96.00 52.00 95.00
83.00 99.00 52.00 94.00
92.00 101.00 51.00 93.00
101.00 104.00 50.00 91.00
111.00 106.00 49.00 90.00
120.00 109.00 49.00 90.00
128.00 110.00 49.00 89.00
137.00 113.00 48.00 87.00
144.00 114.00 47.00 86.00
152.00 117.00 47.00 85.00
159.00 119.00 46.00 84.00
114.00 130.00 46.00 83.00
122.00 132.00 45.00 83.00
131.00 134.00 45.00 82.00
140.00 136.00 45.00 81.00
149.00 139.00 44.00 80.00
157.00 140.00 44.00 80.00
166.00 142.00 44.00 79.00
176.00 144.00 43.00 79.00
184.00 146.00 43.00 78.00
192.00 147.00 42.00 77.00
199.00 148.00 42.00 76.00
207.00 150.00 41.00 75.00
