118.00 96.00 39.00 144.00
119.00 93.00 39.00 145.00
121.00 92.00 39.00 145.00
123.00 91.00 39.00 145.00
124.00 91.00 39.00 144.00
125.00 93.00 39.00 144.00
125.00 93.00 39.00 144.00
126.00 93.00 39.00 143.00
126.00 91.00 39.00 144.00
126.00 89.00 39.00 146.00
126.00 89.00 39.00 145.00
126.00 89.00 39.00 145.00
124.00 89.00 40.00 146.00
118.00 93.00 39.00 143.00
111.00 96.00 38.00 142.00
99.00 99.00 39.00 142.00
91.00 105.00 39.00 143.00
85.00 110.00 39.00 144.00
78.00 115.00 38.00 142.00
72.00 120.00 38.00 142.00
69.00 124.00 39.00 143.00
66.00 130.00 39.00 144.00
64.00 134.00 39.00 144.00
62.00 136.00 39.00 145.00
64.00 139.00 39.00 144.00
68.00 142.00 39.00 144.00
65.00 122.00 38.00 140.00
60.00 151.00 38.00 142.00
84.00 124.00 38.00 140.00
66.00 155.00 39.00 143.00
71.00 157.00 38.00 141.00
98.00 124.00 38.00 142.00
80.00 158.00 38.00 141.00
103.00 126.00 38.00 141.00
108.00 127.00 38.00 139.00
111.00 127.00 37.00 138.00
113.00 127.00 37.00 137.00
95.00 153.00 37.00 138.00
92.00 125.00 38.00 140.00
93.00 124.00 38.00 139.00
109.00 147.00 37.00 138.00
116.00 144.00 37.00 138.00
120.00 139.00 38.00 138.00
125.00 135.00 37.00 138.00
132.00 126.00 37.00 137.00
137.00 124.00 37.00 138.00
149.00 120.00 38.00 139.00
164.00 119.00 37.00 138.00
175.00 122.00 37.00 138.00
178.00 139.00 37.00 137.00
180.00 143.00 37.00 136.00
182.00 143.00 37.00 136.00
192.00 142.00 37.00 136.00
197.00 142.00 37.00 136.00
201.00 142.00 37.00 135.00
203.00 145.00 36.00 135.00
202.00 149.00 36.00 133.00
191.00 148.00 36.00 133.00
186.00 144.00 36.00 134.00
181.00 142.00 37.00 137.00
185.00 140.00 38.00 139.00
179.00 139.00 38.00 140.00
174.00 139.00 38.00 138.00
172.00 142.00 37.00 136.00
173.00 143.00 37.00 137.00
174.00 141.00 37.00 138.00
171.00 138.00 38.00 140.00
169.00 133.00 38.00 142.00
167.00 132.00 39.00 143.00
167.00 132.00 39.00 144.00
172.00 134.00 39.00 143.00
177.00 135.00 39.00 143.00
180.00 137.00 38.00 142.00
183.00 137.00 39.00 142.00
185.00 134.00 39.00 144.00
186.00 132.00 39.00 146.00
186.00 130.00 40.00 147.00
187.00 131.00 39.00 145.00
187.00 134.00 39.00 143.00
188.00 139.00 38.00 141.00
189.00 141.00 38.00 140.00
190.00 142.00 38.00 140.00
190.00 138.00 38.00 140.00
190.00 136.00 38.00 141.00
190.00 136.00 38.00 141.00
187.00 136.00 38.00 140.00
176.00 136.00 38.00 140.00
167.00 136.00 38.00 141.00
161.00 129.00 38.00 140.00
160.00 129.00 38.00 139.00
159.00 134.00 38.00 139.00
162.00 129.00 37.00 138.00
162.00 130.00 37.00 138.00
169.00 131.00 37.00 138.00
178.00 133.00 38.00 140.00
183.00 133.00 38.00 141.00
188.00 127.00 39.00 143.00
193.00 122.00 39.00 143.00
197.00 119.00 38.00 142.00
198.00 117.00 38.00 142.00
202.00 114.00 39.00 142.00
205.00 113.00 39.00 143.00
208.00 113.00 39.00 143.00
212.00 112.00 39.00 143.00
214.00 111.00 39.00 144.00
219.00 109.00 39.00 145.00
225.00 107.00 39.00 145.00
229.00 107.00 39.00 146.00
232.00 107.00 39.00 145.00
236.00 108.00 39.00 144.00
230.00 109.00 39.00 144.00
213.00 111.00 39.00 143.00
212.00 111.00 39.00 144.00
209.00 110.00 39.00 144.00
203.00 110.00 39.00 144.00
200.00 112.00 39.00 144.00
200.00 114.00 39.00 145.00
200.00 117.00 39.00 145.00
201.00 120.00 39.00 145.00
203.00 122.00 39.00 145.00
204.00 121.00 39.00 145.00
205.00 121.00 39.00 146.00
211.00 120.00 39.00 146.00
218.00 120.00 39.00 146.00
231.00 122.00 39.00 146.00
235.00 124.00 39.00 146.00
238.00 126.00 39.00 146.00
240.00 129.00 39.00 146.00
240.00 127.00 40.00 146.00
241.00 121.00 40.00 147.00
241.00 115.00 40.00 148.00
240.00 115.00 40.00 147.00
242.00 119.00 40.00 148.00
242.00 127.00 40.00 148.00
244.00 134.00 40.00 146.00
244.00 133.00 39.00 145.00
245.00 121.00 39.00 145.00
247.00 112.00 40.00 146.00
246.00 107.00 39.00 146.00
247.00 105.00 40.00 146.00
248.00 107.00 40.00 146.00
248.00 114.00 39.00 145.00
250.00 126.00 39.00 145.00
254.00 131.00 39.00 145.00
257.00 125.00 39.00 143.00
259.00 117.00 39.00 144.00
262.00 115.00 39.00 144.00
262.00 115.00 39.00 144.00
264.00 122.00 39.00 144.00
264.00 128.00 39.00 143.00
265.00 130.00 38.00 142.00
265.00 124.00 38.00 141.00
266.00 118.00 38.00 141.00
267.00 118.00 38.00 140.00
268.00 122.00 37.00 138.00
265.00 128.00 37.00 137.00
262.00 136.00 37.00 137.00
258.00 140.00 37.00 137.00
248.00 135.00 37.00 136.00
241.00 128.00 37.00 136.00
229.00 124.00 37.00 136.00
216.00 125.00 37.00 137.00
211.00 129.00 37.00 136.00
207.00 140.00 37.00 137.00
205.00 144.00 37.00 138.00
207.00 141.00 38.00 139.00
213.00 129.00 38.00 141.00
217.00 124.00 38.00 141.00
221.00 122.00 38.00 142.00
224.00 126.00 38.00 142.00
233.00 131.00 39.00 142.00
243.00 138.00 38.00 142.00
257.00 141.00 38.00 141.00
272.00 140.00 38.00 140.00
275.00 143.00 38.00 141.00
266.00 149.00 38.00 142.00
260.00 154.00 39.00 143.00
251.00 158.00 39.00 143.00
248.00 161.00 38.00 142.00
248.00 160.00 38.00 142.00
248.00 158.00 39.00 142.00
245.00 154.00 39.00 142.00
245.00 152.00 39.00 143.00
249.00 152.00 39.00 143.00
249.00 155.00 39.00 142.00
242.00 155.00 38.00 140.00
234.00 156.00 37.00 138.00
226.00 149.00 37.00 137.00
229.00 138.00 37.00 137.00
250.00 126.00 37.00 138.00
255.00 118.00 37.00 136.00
252.00 115.00 36.00 134.00
250.00 115.00 36.00 132.00
257.00 119.00 35.00 130.00
268.00 116.00 35.00 128.00
271.00 111.00 34.00 125.00
277.00 109.00 34.00 124.00
294.00 117.00 34.00 127.00
279.00 116.00 34.00 125.00
289.00 129.00 34.00 126.00
285.00 134.00 35.00 128.00
275.00 137.00 35.00 130.00
264.00 136.00 35.00 130.00
259.00 133.00 36.00 133.00
254.00 130.00 36.00 134.00
249.00 126.00 36.00 135.00
250.00 126.00 37.00 136.00
250.00 126.00 37.00 137.00
250.00 129.00 37.00 138.00
248.00 128.00 37.00 138.00
245.00 129.00 38.00 139.00
242.00 130.00 38.00 140.00
244.00 131.00 38.00 141.00
243.00 132.00 38.00 141.00
