215.00 134.00 42.00 162.00
214.00 133.00 42.00 163.00
215.00 134.00 42.00 163.00
213.00 133.00 42.00 164.00
213.00 133.00 42.00 164.00
213.00 133.00 42.00 164.00
212.00 133.00 42.00 163.00
212.00 133.00 43.00 164.00
211.00 133.00 42.00 163.00
211.00 134.00 42.00 162.00
211.00 134.00 43.00 164.00
210.00 133.00 43.00 165.00
211.00 135.00 42.00 164.00
213.00 135.00 42.00 163.00
214.00 136.00 42.00 162.00
216.00 135.00 42.00 163.00
217.00 135.00 43.00 166.00
219.00 137.00 43.00 167.00
226.00 147.00 43.00 165.00
226.00 147.00 42.00 164.00
228.00 151.00 42.00 162.00
231.00 155.00 42.00 161.00
231.00 155.00 42.00 161.00
237.00 163.00 41.00 160.00
240.00 168.00 41.00 159.00
240.00 168.00 41.00 157.00
233.00 182.00 40.00 156.00
234.00 182.00 41.00 157.00
245.00 181.00 40.00 156.00
252.00 185.00 39.00 152.00
252.00 185.00 39.00 149.00
267.00 183.00 39.00 151.00
276.00 181.00 40.00 155.00
282.00 182.00 39.00 151.00
285.00 181.00 39.00 152.00
286.00 180.00 40.00 154.00
293.00 179.00 40.00 153.00
317.00 174.00 40.00 155.00
317.00 174.00 40.00 156.00
327.00 173.00 41.00 157.00
335.00 170.00 41.00 158.00
344.00 170.00 40.00 156.00
363.00 163.00 40.00 155.00
373.00 162.00 41.00 157.00
383.00 159.00 41.00 159.00
382.00 159.00 41.00 159.00
394.00 158.00 42.00 162.00
404.00 159.00 41.00 159.00
414.00 157.00 41.00 160.00
422.00 157.00 42.00 162.00
421.00 156.00 42.00 164.00
447.00 153.00 43.00 166.00
459.00 150.00 44.00 169.00
471.00 152.00 44.00 170.00
471.00 151.00 44.00 170.00
495.00 137.00 46.00 176.00
516.00 134.00 47.00 180.00
526.00 135.00 47.00 183.00
535.00 135.00 48.00 184.00
545.00 138.00 47.00 182.00
553.00 139.00 47.00 181.00
562.00 143.00 47.00 180.00
574.00 158.00 45.00 174.00
575.00 159.00 45.00 172.00
575.00 158.00 45.00 172.00
586.00 174.00 44.00 168.00
586.00 174.00 43.00 165.00
592.00 179.00 43.00 164.00
592.00 179.00 43.00 164.00
595.00 181.00 42.00 163.00
599.00 181.00 42.00 163.00
604.00 177.00 43.00 164.00
609.00 176.00 43.00 165.00
615.00 177.00 43.00 164.00
621.00 173.00 42.00 163.00
623.00 173.00 42.00 162.00
625.00 173.00 42.00 161.00
625.00 170.00 42.00 161.00
622.00 164.00 42.00 162.00
620.00 160.00 42.00 163.00
616.00 153.00 42.00 164.00
615.00 152.00 43.00 165.00
615.00 152.00 43.00 165.00
616.00 161.00 43.00 165.00
616.00 162.00 43.00 165.00
616.00 162.00 42.00 164.00
618.00 164.00 42.00 163.00
618.00 165.00 42.00 163.00
618.00 165.00 41.00 160.00
616.00 164.00 41.00 157.00
616.00 164.00 40.00 154.00
616.00 164.00 39.00 152.00
617.00 164.00 39.00 151.00
617.00 166.00 39.00 149.00
617.00 165.00 38.00 148.00
616.00 165.00 38.00 147.00
617.00 166.00 38.00 146.00
617.00 165.00 38.00 146.00
617.00 165.00 38.00 146.00
618.00 165.00 38.00 146.00
616.00 166.00 37.00 144.00
618.00 170.00 38.00 146.00
612.00 170.00 38.00 146.00
612.00 170.00 38.00 146.00
612.00 170.00 38.00 146.00
604.00 158.00 38.00 148.00
603.00 158.00 39.00 149.00
604.00 158.00 39.00 150.00
605.00 158.00 39.00 151.00
602.00 161.00 39.00 151.00
603.00 161.00 39.00 152.00
603.00 161.00 39.00 152.00
603.00 161.00 39.00 152.00
604.00 165.00 39.00 150.00
599.00 177.00 39.00 149.00
599.00 176.00 38.00 147.00
591.00 170.00 38.00 146.00
592.00 170.00 37.00 144.00
586.00 171.00 37.00 143.00
582.00 172.00 37.00 143.00
576.00 173.00 37.00 144.00
572.00 172.00 37.00 144.00
563.00 170.00 37.00 144.00
559.00 171.00 37.00 143.00
552.00 171.00 37.00 144.00
547.00 173.00 37.00 144.00
547.00 172.00 37.00 144.00
555.00 174.00 39.00 149.00
544.00 165.00 39.00 151.00
541.00 170.00 40.00 154.00
536.00 169.00 41.00 157.00
536.00 183.00 40.00 155.00
517.00 181.00 40.00 155.00
516.00 180.00 40.00 156.00
516.00 180.00 40.00 156.00
511.00 181.00 40.00 156.00
506.00 180.00 40.00 155.00
497.00 174.00 40.00 153.00
467.00 162.00 39.00 151.00
467.00 162.00 39.00 151.00
451.00 155.00 39.00 151.00
450.00 156.00 39.00 152.00
438.00 149.00 39.00 152.00
426.00 145.00 39.00 152.00
412.00 139.00 40.00 154.00
387.00 129.00 40.00 154.00
387.00 129.00 40.00 153.00
375.00 123.00 40.00 155.00
362.00 115.00 41.00 158.00
356.00 113.00 42.00 161.00
351.00 114.00 42.00 162.00
347.00 114.00 42.00 163.00
347.00 114.00 42.00 163.00
346.00 114.00 42.00 164.00
338.00 116.00 42.00 163.00
335.00 117.00 42.00 163.00
332.00 119.00 43.00 164.00
327.00 123.00 43.00 164.00
327.00 123.00 43.00 164.00
326.00 127.00 42.00 163.00
326.00 128.00 42.00 162.00
329.00 141.00 42.00 161.00
333.00 146.00 42.00 162.00
334.00 147.00 42.00 160.00
334.00 147.00 41.00 159.00
336.00 147.00 41.00 158.00
352.00 146.00 41.00 157.00
352.00 146.00 40.00 156.00
358.00 145.00 40.00 154.00
368.00 144.00 39.00 151.00
378.00 141.00 39.00 150.00
393.00 137.00 39.00 151.00
393.00 136.00 40.00 153.00
396.00 137.00 40.00 153.00
395.00 139.00 39.00 152.00
398.00 139.00 39.00 152.00
399.00 141.00 39.00 150.00
403.00 142.00 39.00 150.00
407.00 143.00 39.00 149.00
406.00 143.00 39.00 149.00
418.00 149.00 39.00 151.00
418.00 148.00 40.00 153.00
423.00 156.00 40.00 153.00
431.00 154.00 40.00 154.00
441.00 154.00 40.00 155.00
445.00 150.00 41.00 156.00
452.00 145.00 41.00 159.00
460.00 139.00 41.00 160.00
466.00 134.00 41.00 160.00
472.00 128.00 42.00 161.00
480.00 122.00 42.00 161.00
480.00 121.00 42.00 161.00
463.00 115.00 42.00 164.00
465.00 115.00 43.00 164.00
465.00 114.00 42.00 164.00
464.00 115.00 42.00 162.00
462.00 117.00 42.00 161.00
462.00 118.00 41.00 160.00
454.00 118.00 41.00 160.00
467.00 132.00 41.00 160.00
467.00 131.00 41.00 160.00
463.00 134.00 41.00 159.00
458.00 137.00 41.00 158.00
447.00 144.00 41.00 158.00
434.00 138.00 41.00 157.00
421.00 145.00 40.00 156.00
421.00 145.00 40.00 155.00
415.00 150.00 40.00 154.00
406.00 154.00 40.00 154.00
395.00 156.00 40.00 153.00
389.00 159.00 40.00 153.00
386.00 164.00 40.00 154.00
383.00 169.00 40.00 154.00
380.00 173.00 40.00 154.00
376.00 177.00 40.00 154.00
376.00 177.00 40.00 154.00
372.00 180.00 40.00 153.00
368.00 184.00 39.00 152.00
368.00 184.00 39.00 152.00
355.00 185.00 39.00 151.00
333.00 186.00 39.00 150.00
328.00 186.00 38.00 148.00
331.00 203.00 38.00 147.00
323.00 203.00 38.00 145.00
312.00 199.00 37.00 142.00
307.00 196.00 36.00 139.00
303.00 190.00 36.00 138.00
298.00 183.00 36.00 137.00
298.00 182.00 36.00 137.00
289.00 154.00 36.00 138.00
289.00 154.00 36.00 139.00
284.00 143.00 37.00 141.00
284.00 142.00 37.00 143.00
277.00 134.00 37.00 144.00
262.00 124.00 38.00 146.00
257.00 118.00 38.00 148.00
247.00 111.00 39.00 150.00
246.00 110.00 39.00 151.00
241.00 107.00 40.00 153.00
239.00 109.00 40.00 154.00
240.00 108.00 40.00 154.00
241.00 107.00 40.00 156.00
241.00 107.00 41.00 157.00
245.00 110.00 41.00 158.00
245.00 110.00 41.00 158.00
247.00 114.00 41.00 160.00
268.00 121.00 42.00 161.00
266.00 130.00 41.00 160.00
259.00 137.00 41.00 158.00
258.00 136.00 41.00 158.00
251.00 134.00 41.00 159.00
251.00 135.00 42.00 160.00
250.00 133.00 42.00 160.00
251.00 134.00 42.00 160.00
255.00 138.00 42.00 161.00
260.00 136.00 42.00 162.00
264.00 133.00 43.00 164.00
271.00 126.00 43.00 165.00
292.00 118.00 43.00 166.00
291.00 118.00 43.00 166.00
294.00 116.00 43.00 165.00
309.00 110.00 43.00 166.00
317.00 112.00 43.00 165.00
325.00 112.00 43.00 166.00
333.00 113.00 43.00 165.00
337.00 113.00 43.00 164.00
338.00 113.00 42.00 164.00
343.00 113.00 42.00 163.00
338.00 121.00 42.00 161.00
328.00 110.00 41.00 158.00
329.00 150.00 41.00 157.00
332.00 195.00 40.00 156.00
337.00 257.00 41.00 157.00
343.00 271.00 41.00 157.00
342.00 293.00 41.00 159.00
354.00 366.00 42.00 161.00
358.00 370.00 42.00 161.00
355.00 372.00 42.00 161.00
348.00 372.00 42.00 161.00
367.00 371.00 42.00 161.00
327.00 375.00 41.00 160.00
327.00 376.00 41.00 159.00
321.00 323.00 41.00 159.00
320.00 323.00 41.00 159.00
307.00 322.00 41.00 159.00
304.00 328.00 41.00 157.00
277.00 322.00 41.00 158.00
278.00 323.00 41.00 160.00
275.00 320.00 42.00 161.00
280.00 309.00 42.00 161.00
281.00 308.00 42.00 162.00
286.00 308.00 42.00 161.00
286.00 308.00 42.00 161.00
293.00 309.00 41.00 159.00
328.00 314.00 41.00 158.00
328.00 315.00 41.00 157.00
342.00 310.00 41.00 159.00
348.00 310.00 41.00 160.00
359.00 307.00 42.00 161.00
370.00 306.00 42.00 162.00
380.00 304.00 42.00 163.00
398.00 304.00 42.00 162.00
431.00 311.00 42.00 161.00
441.00 315.00 41.00 158.00
465.00 319.00 40.00 156.00
465.00 306.00 40.00 155.00
460.00 290.00 40.00 154.00
449.00 301.00 40.00 154.00
442.00 302.00 40.00 154.00
432.00 289.00 40.00 154.00
432.00 289.00 40.00 154.00
430.00 284.00 40.00 155.00
434.00 274.00 41.00 156.00
438.00 267.00 40.00 156.00
440.00 264.00 40.00 155.00
431.00 270.00 40.00 156.00
429.00 270.00 41.00 157.00
423.00 276.00 41.00 158.00
425.00 274.00 41.00 160.00
430.00 271.00 42.00 162.00
445.00 258.00 42.00 161.00
446.00 258.00 41.00 160.00
444.00 213.00 42.00 161.00
427.00 130.00 42.00 163.00
416.00 108.00 43.00 166.00
407.00 113.00 43.00 167.00
401.00 118.00 44.00 168.00
389.00 118.00 44.00 168.00
389.00 119.00 44.00 168.00
389.00 119.00 44.00 168.00
379.00 120.00 44.00 169.00
370.00 122.00 44.00 169.00
355.00 125.00 44.00 170.00
347.00 126.00 44.00 171.00
340.00 128.00 44.00 170.00
334.00 129.00 44.00 171.00
328.00 131.00 44.00 169.00
322.00 132.00 44.00 168.00
317.00 134.00 43.00 166.00
314.00 137.00 43.00 165.00
310.00 140.00 42.00 164.00
305.00 144.00 42.00 162.00
304.00 146.00 42.00 162.00
302.00 148.00 42.00 162.00
299.00 149.00 42.00 163.00
299.00 149.00 43.00 165.00
301.00 149.00 43.00 167.00
299.00 147.00 43.00 168.00
302.00 144.00 44.00 169.00
302.00 144.00 44.00 170.00
300.00 138.00 43.00 166.00
300.00 139.00 42.00 163.00
301.00 140.00 42.00 161.00
301.00 138.00 42.00 160.00
303.00 134.00 42.00 160.00
305.00 130.00 42.00 161.00
316.00 117.00 42.00 160.00
333.00 109.00 42.00 162.00
334.00 110.00 42.00 163.00
324.00 104.00 42.00 161.00
352.00 115.00 42.00 162.00
352.00 114.00 42.00 162.00
372.00 114.00 42.00 162.00
348.00 122.00 42.00 162.00
349.00 122.00 42.00 161.00
359.00 130.00 41.00 159.00
392.00 137.00 41.00 159.00
380.00 163.00 41.00 160.00
379.00 164.00 42.00 160.00
379.00 164.00 42.00 160.00
411.00 163.00 41.00 158.00
418.00 167.00 41.00 160.00
419.00 165.00 42.00 162.00
462.00 161.00 43.00 165.00
462.00 160.00 43.00 167.00
459.00 165.00 44.00 168.00
459.00 165.00 44.00 170.00
450.00 172.00 44.00 169.00
446.00 170.00 44.00 169.00
446.00 159.00 44.00 171.00
486.00 144.00 44.00 170.00
487.00 144.00 44.00 169.00
487.00 144.00 44.00 169.00
504.00 144.00 44.00 168.00
531.00 117.00 44.00 169.00
542.00 118.00 44.00 169.00
550.00 120.00 44.00 169.00
526.00 112.00 44.00 170.00
554.00 156.00 44.00 169.00
519.00 142.00 44.00 168.00
520.00 150.00 44.00 169.00
516.00 148.00 44.00 170.00
527.00 146.00 44.00 168.00
492.00 131.00 43.00 167.00
488.00 133.00 43.00 167.00
486.00 137.00 43.00 165.00
483.00 142.00 43.00 166.00
485.00 141.00 43.00 165.00
491.00 138.00 43.00 165.00
491.00 138.00 42.00 164.00
490.00 138.00 42.00 163.00
496.00 133.00 42.00 163.00
500.00 127.00 42.00 164.00
498.00 108.00 43.00 164.00
501.00 104.00 43.00 166.00
505.00 103.00 43.00 168.00
508.00 102.00 43.00 167.00
508.00 102.00 43.00 166.00
512.00 97.00 43.00 168.00
