300.00 80.00 60.00 200.00
298.00 80.00 60.00 199.00
297.00 79.00 60.00 200.00
297.00 80.00 59.00 198.00
294.00 82.00 59.00 196.00
294.00 82.00 59.00 195.00
291.00 83.00 58.00 194.00
286.00 85.00 58.00 194.00
285.00 85.00 58.00 194.00
282.00 87.00 57.00 191.00
277.00 90.00 57.00 189.00
277.00 90.00 57.00 190.00
273.00 91.00 57.00 189.00
268.00 95.00 58.00 192.00
268.00 93.00 58.00 193.00
267.00 97.00 58.00 194.00
262.00 106.00 56.00 186.00
263.00 107.00 56.00 185.00
256.00 106.00 54.00 181.00
251.00 107.00 54.00 181.00
248.00 115.00 53.00 177.00
247.00 115.00 53.00 175.00
247.00 118.00 52.00 173.00
257.00 118.00 51.00 171.00
257.00 119.00 51.00 171.00
258.00 116.00 50.00 168.00
260.00 112.00 51.00 169.00
260.00 112.00 51.00 170.00
262.00 111.00 51.00 170.00
268.00 105.00 51.00 169.00
269.00 105.00 51.00 168.00
269.00 104.00 51.00 169.00
281.00 108.00 50.00 166.00
283.00 111.00 49.00 163.00
286.00 113.00 48.00 161.00
286.00 115.00 49.00 162.00
286.00 115.00 49.00 164.00
285.00 116.00 49.00 163.00
272.00 117.00 49.00 162.00
273.00 118.00 48.00 160.00
274.00 122.00 48.00 159.00
275.00 123.00 47.00 157.00
276.00 126.00 46.00 152.00
272.00 125.00 45.00 149.00
277.00 122.00 44.00 145.00
278.00 122.00 43.00 144.00
283.00 123.00 43.00 143.00
304.00 118.00 43.00 143.00
306.00 117.00 43.00 143.00
334.00 105.00 43.00 144.00
329.00 99.00 44.00 145.00
328.00 98.00 44.00 145.00
324.00 97.00 44.00 148.00
317.00 97.00 45.00 149.00
317.00 98.00 45.00 150.00
314.00 100.00 45.00 148.00
308.00 107.00 45.00 149.00
308.00 107.00 45.00 149.00
306.00 110.00 44.00 148.00
299.00 110.00 44.00 147.00
303.00 114.00 44.00 146.00
294.00 108.00 44.00 147.00
293.00 108.00 44.00 147.00
293.00 109.00 44.00 147.00
298.00 104.00 44.00 147.00
299.00 105.00 44.00 146.00
298.00 105.00 44.00 146.00
280.00 113.00 43.00 144.00
280.00 111.00 43.00 144.00
281.00 112.00 43.00 143.00
278.00 113.00 43.00 142.00
278.00 111.00 43.00 142.00
278.00 111.00 43.00 142.00
324.00 119.00 43.00 143.00
321.00 119.00 43.00 143.00
321.00 119.00 43.00 143.00
321.00 119.00 43.00 143.00
318.00 119.00 43.00 143.00
319.00 120.00 43.00 143.00
319.00 120.00 43.00 143.00
314.00 121.00 43.00 143.00
314.00 122.00 43.00 142.00
314.00 122.00 43.00 142.00
308.00 122.00 43.00 142.00
299.00 117.00 43.00 143.00
299.00 119.00 43.00 143.00
302.00 121.00 43.00 143.00
302.00 121.00 43.00 143.00
304.00 121.00 43.00 143.00
305.00 118.00 43.00 143.00
305.00 119.00 43.00 143.00
311.00 119.00 43.00 143.00
312.00 113.00 43.00 143.00
313.00 113.00 43.00 142.00
315.00 112.00 43.00 142.00
318.00 108.00 43.00 143.00
318.00 108.00 43.00 143.00
318.00 105.00 43.00 145.00
313.00 102.00 44.00 146.00
312.00 102.00 44.00 147.00
307.00 100.00 44.00 147.00
312.00 93.00 45.00 149.00
313.00 91.00 45.00 151.00
308.00 89.00 46.00 152.00
305.00 83.00 45.00 151.00
304.00 82.00 45.00 151.00
301.00 82.00 45.00 150.00
296.00 87.00 45.00 150.00
296.00 86.00 45.00 149.00
288.00 92.00 45.00 149.00
284.00 93.00 45.00 148.00
284.00 94.00 44.00 148.00
277.00 91.00 45.00 149.00
290.00 64.00 44.00 147.00
290.00 65.00 44.00 147.00
291.00 67.00 44.00 145.00
289.00 69.00 43.00 143.00
289.00 70.00 43.00 142.00
310.00 59.00 42.00 141.00
310.00 56.00 42.00 139.00
310.00 56.00 42.00 138.00
309.00 54.00 41.00 138.00
306.00 47.00 41.00 138.00
307.00 47.00 41.00 138.00
304.00 42.00 42.00 139.00
276.00 36.00 42.00 139.00
244.00 -15.00 42.00 139.00
234.00 -15.00 41.00 138.00
215.00 -14.00 41.00 136.00
215.00 -14.00 40.00 134.00
203.00 -13.00 40.00 132.00
182.00 -12.00 39.00 131.00
182.00 -12.00 39.00 130.00
170.00 -11.00 39.00 129.00
147.00 -11.00 39.00 128.00
146.00 -11.00 38.00 128.00
134.00 -11.00 38.00 128.00
109.00 -11.00 38.00 127.00
108.00 -11.00 38.00 127.00
96.00 -12.00 38.00 127.00
75.00 -12.00 38.00 127.00
75.00 -12.00 38.00 126.00
65.00 -12.00 38.00 126.00
45.00 -13.00 38.00 126.00
45.00 -14.00 38.00 127.00
36.00 -15.00 38.00 127.00
19.00 -14.00 38.00 125.00
19.00 -14.00 37.00 124.00
12.00 -13.00 37.00 124.00
-4.00 -14.00 37.00 122.00
-4.00 -14.00 36.00 121.00
-18.00 -15.00 37.00 122.00
30.00 -14.00 36.00 121.00
30.00 -13.00 36.00 121.00
23.00 -12.00 36.00 119.00
9.00 -11.00 35.00 117.00
10.00 -11.00 35.00 118.00
4.00 -10.00 35.00 117.00
-4.00 -10.00 35.00 117.00
-3.00 -9.00 34.00 115.00
-7.00 -10.00 35.00 115.00
-12.00 -10.00 34.00 115.00
-11.00 -9.00 34.00 114.00
-18.00 -10.00 34.00 114.00
-22.00 -11.00 34.00 113.00
-21.00 -10.00 34.00 113.00
-23.00 -10.00 33.00 112.00
-23.00 -11.00 33.00 111.00
-23.00 -10.00 33.00 110.00
-21.00 -11.00 33.00 109.00
-22.00 -12.00 33.00 109.00
-21.00 -13.00 33.00 109.00
-20.00 -12.00 32.00 107.00
-20.00 -13.00 32.00 106.00
-19.00 -14.00 32.00 106.00
-19.00 -14.00 32.00 106.00
-9.00 -12.00 31.00 105.00
-9.00 -12.00 31.00 104.00
-7.00 -12.00 31.00 104.00
-3.00 -10.00 31.00 104.00
-3.00 -9.00 31.00 102.00
-1.00 -9.00 31.00 102.00
2.00 -7.00 30.00 102.00
2.00 -6.00 30.00 99.00
3.00 -6.00 30.00 100.00
4.00 -6.00 30.00 99.00
5.00 -4.00 29.00 97.00
6.00 -3.00 29.00 97.00
8.00 -3.00 29.00 97.00
7.00 -4.00 29.00 98.00
7.00 -4.00 29.00 98.00
9.00 -4.00 29.00 97.00
8.00 -5.00 29.00 97.00
9.00 -4.00 29.00 96.00
9.00 -7.00 29.00 96.00
8.00 -7.00 29.00 96.00
8.00 -8.00 29.00 96.00
9.00 -10.00 29.00 96.00
10.00 -10.00 29.00 96.00
11.00 -11.00 29.00 96.00
15.00 -11.00 28.00 94.00
15.00 -11.00 28.00 93.00
16.00 -13.00 28.00 94.00
20.00 -15.00 28.00 94.00
20.00 -15.00 28.00 94.00
22.00 -16.00 28.00 94.00
26.00 -16.00 28.00 93.00
27.00 -16.00 27.00 92.00
29.00 -16.00 27.00 91.00
34.00 -18.00 27.00 91.00
34.00 -18.00 27.00 91.00
37.00 -17.00 27.00 91.00
45.00 -18.00 27.00 91.00
46.00 -16.00 27.00 89.00
50.00 -16.00 26.00 88.00
15.00 -19.00 26.00 88.00
14.00 -20.00 27.00 88.00
19.00 -20.00 26.00 87.00
29.00 -20.00 26.00 86.00
29.00 -20.00 26.00 86.00
34.00 -20.00 25.00 85.00
45.00 -21.00 26.00 85.00
46.00 -20.00 25.00 84.00
51.00 -19.00 25.00 83.00
63.00 -19.00 25.00 82.00
63.00 -19.00 25.00 82.00
69.00 -17.00 24.00 80.00
79.00 -17.00 24.00 79.00
79.00 -17.00 24.00 79.00
84.00 -17.00 23.00 78.00
96.00 -15.00 23.00 76.00
96.00 -15.00 23.00 75.00
101.00 -15.00 22.00 75.00
113.00 -14.00 22.00 74.00
113.00 -14.00 22.00 73.00
119.00 -13.00 22.00 74.00
130.00 -12.00 21.00 71.00
129.00 -13.00 21.00 71.00
135.00 -11.00 21.00 71.00
144.00 -11.00 21.00 69.00
144.00 -10.00 20.00 68.00
148.00 -10.00 20.00 68.00
158.00 -10.00 20.00 67.00
159.00 -9.00 20.00 66.00
164.00 -8.00 20.00 66.00
175.00 -7.00 20.00 66.00
175.00 -7.00 20.00 66.00
180.00 -6.00 19.00 65.00
193.00 -3.00 19.00 63.00
192.00 -3.00 19.00 63.00
199.00 -2.00 19.00 62.00
210.00 -1.00 18.00 61.00
210.00 -1.00 18.00 61.00
215.00 -0.00 18.00 60.00
224.00 1.00 18.00 59.00
224.00 0.00 18.00 59.00
228.00 1.00 18.00 58.00
236.00 1.00 17.00 58.00
237.00 2.00 18.00 58.00
241.00 2.00 17.00 58.00
250.00 3.00 17.00 58.00
250.00 3.00 17.00 58.00
254.00 4.00 17.00 57.00
264.00 6.00 17.00 56.00
264.00 6.00 17.00 55.00
268.00 7.00 16.00 54.00
278.00 10.00 16.00 54.00
278.00 10.00 16.00 53.00
282.00 11.00 16.00 52.00
273.00 12.00 15.00 51.00
281.00 13.00 15.00 50.00
294.00 13.00 15.00 49.00
298.00 14.00 15.00 49.00
306.00 14.00 15.00 48.00
306.00 14.00 14.00 48.00
310.00 15.00 14.00 47.00
316.00 14.00 14.00 47.00
316.00 14.00 14.00 47.00
319.00 14.00 14.00 46.00
327.00 14.00 14.00 46.00
326.00 14.00 14.00 46.00
330.00 14.00 14.00 45.00
337.00 14.00 13.00 45.00
337.00 14.00 13.00 44.00
341.00 14.00 13.00 44.00
348.00 14.00 13.00 43.00
349.00 14.00 13.00 43.00
352.00 14.00 13.00 43.00
359.00 14.00 13.00 43.00
360.00 15.00 13.00 42.00
364.00 15.00 13.00 42.00
372.00 15.00 12.00 42.00
373.00 16.00 12.00 41.00
377.00 16.00 12.00 41.00
387.00 17.00 12.00 41.00
388.00 16.00 12.00 41.00
393.00 17.00 12.00 40.00
403.00 17.00 12.00 40.00
404.00 18.00 12.00 40.00
408.00 18.00 12.00 39.00
418.00 19.00 12.00 39.00
419.00 20.00 12.00 39.00
423.00 20.00 12.00 38.00
435.00 21.00 11.00 38.00
436.00 22.00 11.00 38.00
442.00 22.00 11.00 38.00
456.00 22.00 11.00 38.00
456.00 22.00 11.00 38.00
463.00 22.00 11.00 38.00
477.00 21.00 11.00 38.00
477.00 21.00 11.00 37.00
486.00 21.00 11.00 37.00
500.00 20.00 11.00 37.00
501.00 20.00 11.00 37.00
509.00 20.00 11.00 37.00
525.00 19.00 11.00 37.00
525.00 18.00 11.00 37.00
535.00 18.00 11.00 37.00
553.00 17.00 11.00 37.00
554.00 17.00 11.00 37.00
559.00 17.00 11.00 37.00
556.00 16.00 11.00 37.00
556.00 17.00 11.00 37.00
566.00 16.00 11.00 36.00
565.00 9.00 11.00 37.00
564.00 9.00 11.00 37.00
565.00 0.00 11.00 37.00
550.00 -0.00 11.00 38.00
550.00 0.00 11.00 38.00
560.00 0.00 11.00 38.00
580.00 -1.00 11.00 38.00
580.00 -1.00 11.00 38.00
590.00 -2.00 11.00 38.00
610.00 -3.00 12.00 39.00
611.00 -3.00 12.00 39.00
624.00 -3.00 12.00 39.00
636.00 -15.00 12.00 39.00
636.00 -15.00 12.00 39.00
625.00 -21.00 12.00 40.00
609.00 -12.00 12.00 39.00
609.00 -12.00 12.00 39.00
596.00 -8.00 12.00 39.00
607.00 -6.00 12.00 40.00
608.00 -6.00 12.00 40.00
613.00 -5.00 12.00 40.00
620.00 -2.00 12.00 40.00
620.00 -2.00 12.00 40.00
623.00 1.00 12.00 41.00
625.00 5.00 12.00 41.00
624.00 4.00 12.00 41.00
625.00 6.00 12.00 41.00
630.00 10.00 12.00 42.00
630.00 10.00 12.00 42.00
634.00 11.00 12.00 42.00
633.00 2.00 12.00 41.00
632.00 1.00 12.00 41.00
636.00 2.00 12.00 41.00
624.00 14.00 12.00 41.00
624.00 14.00 12.00 41.00
628.00 15.00 12.00 41.00
634.00 13.00 12.00 41.00
634.00 13.00 12.00 41.00
631.00 4.00 12.00 41.00
611.00 -3.00 12.00 41.00
611.00 -2.00 12.00 41.00
615.00 -2.00 12.00 41.00
625.00 -3.00 12.00 41.00
625.00 -3.00 12.00 41.00
630.00 -3.00 12.00 40.00
619.00 4.00 12.00 41.00
611.00 3.00 12.00 41.00
617.00 3.00 12.00 41.00
629.00 2.00 12.00 41.00
630.00 2.00 12.00 41.00
634.00 1.00 13.00 42.00
617.00 -3.00 12.00 41.00
617.00 -3.00 12.00 41.00
626.00 -3.00 12.00 41.00
603.00 7.00 12.00 41.00
601.00 7.00 12.00 41.00
610.00 7.00 12.00 41.00
627.00 7.00 12.00 41.00
627.00 6.00 12.00 41.00
635.00 6.00 12.00 41.00
636.00 4.00 12.00 41.00
636.00 4.00 12.00 41.00
617.00 -14.00 12.00 41.00
612.00 8.00 12.00 42.00
612.00 9.00 13.00 42.00
619.00 8.00 13.00 42.00
634.00 8.00 13.00 42.00
634.00 8.00 13.00 42.00
637.00 5.00 13.00 43.00
618.00 4.00 13.00 43.00
618.00 3.00 13.00 43.00
626.00 3.00 13.00 43.00
623.00 17.00 13.00 43.00
619.00 30.00 13.00 43.00
621.00 44.00 13.00 43.00
625.00 45.00 13.00 43.00
626.00 45.00 13.00 43.00
632.00 45.00 13.00 43.00
629.00 47.00 13.00 42.00
629.00 47.00 13.00 42.00
633.00 47.00 12.00 41.00
624.00 48.00 12.00 41.00
623.00 48.00 12.00 41.00
631.00 48.00 12.00 41.00
631.00 42.00 12.00 42.00
631.00 41.00 12.00 42.00
635.00 42.00 12.00 42.00
636.00 48.00 13.00 42.00
635.00 48.00 13.00 42.00
636.00 47.00 13.00 42.00
608.00 61.00 13.00 42.00
604.00 61.00 13.00 42.00
615.00 61.00 13.00 42.00
604.00 65.00 12.00 42.00
603.00 65.00 12.00 41.00
615.00 65.00 12.00 41.00
600.00 50.00 12.00 41.00
600.00 50.00 12.00 41.00
613.00 50.00 12.00 41.00
603.00 49.00 13.00 42.00
603.00 48.00 13.00 42.00
613.00 48.00 13.00 43.00
628.00 59.00 13.00 43.00
629.00 59.00 13.00 43.00
635.00 60.00 13.00 43.00
635.00 70.00 13.00 43.00
635.00 70.00 13.00 43.00
626.00 69.00 13.00 43.00
627.00 58.00 13.00 43.00
627.00 58.00 13.00 43.00
634.00 67.00 13.00 42.00
636.00 73.00 13.00 42.00
636.00 72.00 13.00 42.00
621.00 73.00 13.00 42.00
615.00 63.00 13.00 42.00
615.00 63.00 13.00 42.00
621.00 63.00 13.00 42.00
634.00 63.00 13.00 43.00
634.00 63.00 13.00 43.00
637.00 62.00 13.00 43.00
609.00 43.00 13.00 43.00
608.00 43.00 13.00 43.00
615.00 42.00 13.00 43.00
609.00 44.00 13.00 43.00
608.00 44.00 13.00 43.00
614.00 44.00 13.00 43.00
626.00 45.00 13.00 42.00
626.00 45.00 13.00 42.00
630.00 45.00 13.00 42.00
625.00 44.00 13.00 42.00
623.00 44.00 13.00 42.00
623.00 42.00 13.00 42.00
617.00 46.00 13.00 43.00
617.00 46.00 13.00 43.00
620.00 44.00 13.00 43.00
609.00 38.00 13.00 43.00
609.00 38.00 13.00 43.00
617.00 38.00 13.00 43.00
634.00 38.00 13.00 43.00
635.00 38.00 13.00 44.00
637.00 39.00 13.00 44.00
615.00 12.00 13.00 44.00
613.00 11.00 13.00 44.00
604.00 8.00 13.00 44.00
619.00 8.00 13.00 44.00
620.00 9.00 13.00 43.00
632.00 8.00 13.00 43.00
636.00 23.00 13.00 43.00
636.00 39.00 13.00 43.00
636.00 48.00 13.00 44.00
635.00 48.00 13.00 43.00
636.00 49.00 13.00 43.00
621.00 49.00 13.00 43.00
630.00 53.00 13.00 44.00
629.00 52.00 13.00 44.00
636.00 47.00 13.00 44.00
599.00 50.00 13.00 44.00
596.00 49.00 13.00 44.00
600.00 49.00 13.00 45.00
605.00 49.00 13.00 45.00
605.00 49.00 14.00 45.00
607.00 50.00 14.00 45.00
609.00 50.00 14.00 45.00
608.00 49.00 14.00 46.00
609.00 49.00 14.00 46.00
610.00 50.00 14.00 46.00
610.00 50.00 14.00 46.00
611.00 50.00 14.00 46.00
610.00 50.00 14.00 46.00
609.00 49.00 14.00 46.00
609.00 50.00 14.00 46.00
608.00 49.00 14.00 47.00
608.00 49.00 14.00 47.00
608.00 49.00 14.00 47.00
610.00 49.00 14.00 47.00
611.00 49.00 14.00 47.00
612.00 49.00 14.00 47.00
616.00 49.00 14.00 48.00
616.00 49.00 14.00 48.00
620.00 49.00 14.00 48.00
626.00 50.00 14.00 48.00
626.00 50.00 14.00 48.00
629.00 51.00 15.00 48.00
621.00 50.00 14.00 48.00
621.00 50.00 14.00 48.00
624.00 51.00 14.00 47.00
631.00 52.00 14.00 47.00
631.00 52.00 14.00 47.00
634.00 54.00 14.00 47.00
616.00 57.00 14.00 47.00
612.00 61.00 14.00 47.00
616.00 61.00 14.00 46.00
631.00 64.00 14.00 46.00
630.00 63.00 14.00 45.00
618.00 58.00 14.00 45.00
612.00 59.00 14.00 45.00
615.00 60.00 14.00 45.00
615.00 60.00 14.00 45.00
611.00 67.00 13.00 45.00
622.00 58.00 13.00 45.00
622.00 58.00 13.00 45.00
633.00 57.00 13.00 44.00
638.00 47.00 13.00 45.00
641.00 46.00 13.00 45.00
641.00 45.00 14.00 45.00
627.00 41.00 14.00 45.00
625.00 41.00 13.00 45.00
617.00 53.00 13.00 45.00
627.00 72.00 13.00 45.00
627.00 73.00 13.00 45.00
631.00 75.00 13.00 45.00
628.00 103.00 13.00 45.00
628.00 103.00 13.00 45.00
632.00 111.00 13.00 45.00
605.00 99.00 13.00 45.00
597.00 100.00 13.00 45.00
612.00 99.00 13.00 45.00
613.00 112.00 13.00 44.00
613.00 112.00 13.00 44.00
614.00 111.00 13.00 44.00
604.00 86.00 13.00 44.00
603.00 85.00 13.00 44.00
617.00 84.00 13.00 44.00
600.00 79.00 13.00 44.00
594.00 79.00 13.00 44.00
590.00 85.00 13.00 44.00
608.00 102.00 13.00 43.00
609.00 102.00 13.00 43.00
624.00 102.00 13.00 43.00
626.00 112.00 13.00 43.00
626.00 112.00 13.00 43.00
623.00 111.00 13.00 43.00
601.00 87.00 13.00 43.00
595.00 93.00 13.00 43.00
581.00 82.00 13.00 43.00
601.00 75.00 13.00 43.00
613.00 80.00 13.00 43.00
624.00 75.00 13.00 43.00
619.00 41.00 13.00 42.00
621.00 30.00 13.00 42.00
616.00 29.00 13.00 42.00
612.00 25.00 13.00 42.00
612.00 25.00 13.00 42.00
628.00 24.00 13.00 42.00
626.00 39.00 12.00 42.00
626.00 39.00 12.00 41.00
626.00 38.00 12.00 41.00
625.00 37.00 12.00 41.00
625.00 37.00 12.00 41.00
609.00 37.00 12.00 41.00
608.00 37.00 12.00 41.00
600.00 37.00 12.00 41.00
605.00 36.00 12.00 41.00
602.00 10.00 12.00 41.00
602.00 10.00 12.00 41.00
604.00 8.00 12.00 42.00
609.00 -2.00 12.00 41.00
610.00 -2.00 12.00 41.00
626.00 -3.00 12.00 41.00
621.00 4.00 12.00 41.00
621.00 4.00 13.00 42.00
634.00 4.00 13.00 42.00
625.00 6.00 12.00 42.00
617.00 7.00 13.00 42.00
615.00 7.00 12.00 41.00
625.00 8.00 12.00 41.00
625.00 8.00 12.00 41.00
628.00 3.00 12.00 41.00
635.00 6.00 12.00 41.00
635.00 6.00 12.00 41.00
629.00 7.00 12.00 41.00
625.00 7.00 12.00 41.00
621.00 7.00 12.00 41.00
621.00 6.00 12.00 41.00
621.00 6.00 12.00 42.00
614.00 6.00 13.00 42.00
591.00 17.00 13.00 42.00
587.00 17.00 13.00 42.00
587.00 17.00 13.00 42.00
603.00 18.00 12.00 42.00
617.00 19.00 12.00 41.00
634.00 19.00 12.00 41.00
631.00 14.00 12.00 41.00
620.00 7.00 12.00 41.00
590.00 23.00 12.00 41.00
601.00 23.00 12.00 41.00
603.00 23.00 12.00 41.00
612.00 24.00 12.00 41.00
607.00 27.00 12.00 42.00
606.00 27.00 13.00 42.00
617.00 28.00 12.00 42.00
612.00 31.00 13.00 42.00
611.00 31.00 13.00 42.00
599.00 32.00 13.00 42.00
598.00 32.00 13.00 42.00
598.00 32.00 13.00 42.00
611.00 33.00 13.00 42.00
633.00 34.00 13.00 42.00
634.00 34.00 13.00 43.00
621.00 27.00 13.00 43.00
629.00 25.00 13.00 43.00
630.00 25.00 13.00 43.00
628.00 51.00 13.00 42.00
628.00 53.00 13.00 42.00
628.00 53.00 12.00 42.00
624.00 55.00 12.00 41.00
623.00 31.00 13.00 42.00
622.00 30.00 13.00 42.00
624.00 31.00 13.00 42.00
620.00 32.00 13.00 42.00
619.00 31.00 13.00 42.00
628.00 31.00 13.00 42.00
632.00 33.00 13.00 42.00
633.00 33.00 13.00 42.00
620.00 32.00 13.00 42.00
633.00 34.00 13.00 42.00
633.00 34.00 13.00 42.00
624.00 35.00 12.00 42.00
625.00 38.00 12.00 41.00
624.00 38.00 12.00 41.00
619.00 29.00 12.00 41.00
613.00 30.00 12.00 40.00
612.00 29.00 12.00 40.00
597.00 41.00 12.00 41.00
614.00 40.00 12.00 41.00
616.00 41.00 12.00 42.00
626.00 40.00 13.00 42.00
631.00 40.00 13.00 42.00
631.00 40.00 13.00 42.00
628.00 64.00 13.00 42.00
620.00 65.00 12.00 41.00
615.00 65.00 12.00 41.00
613.00 66.00 12.00 41.00
602.00 65.00 12.00 41.00
598.00 65.00 12.00 41.00
592.00 64.00 12.00 41.00
588.00 66.00 12.00 41.00
588.00 65.00 12.00 41.00
594.00 65.00 12.00 41.00
594.00 66.00 12.00 41.00
594.00 66.00 12.00 41.00
606.00 66.00 12.00 41.00
602.00 66.00 12.00 41.00
602.00 67.00 12.00 41.00
609.00 66.00 12.00 41.00
614.00 55.00 12.00 41.00
615.00 55.00 13.00 42.00
622.00 55.00 13.00 42.00
611.00 65.00 13.00 42.00
610.00 65.00 13.00 42.00
611.00 64.00 12.00 42.00
624.00 54.00 13.00 42.00
626.00 54.00 13.00 42.00
634.00 54.00 13.00 42.00
625.00 68.00 12.00 42.00
622.00 69.00 12.00 41.00
617.00 69.00 12.00 41.00
613.00 70.00 12.00 41.00
613.00 70.00 12.00 40.00
621.00 70.00 12.00 40.00
617.00 69.00 12.00 40.00
613.00 69.00 12.00 40.00
610.00 70.00 12.00 40.00
617.00 68.00 12.00 40.00
617.00 69.00 12.00 40.00
606.00 73.00 12.00 40.00
607.00 54.00 12.00 40.00
607.00 54.00 12.00 40.00
618.00 54.00 12.00 39.00
605.00 51.00 12.00 39.00
603.00 51.00 12.00 39.00
613.00 50.00 12.00 39.00
599.00 41.00 12.00 40.00
599.00 41.00 12.00 40.00
610.00 40.00 12.00 40.00
621.00 59.00 12.00 40.00
621.00 60.00 12.00 40.00
621.00 58.00 12.00 40.00
622.00 57.00 12.00 40.00
621.00 57.00 12.00 40.00
628.00 56.00 12.00 40.00
633.00 53.00 12.00 40.00
634.00 54.00 12.00 40.00
