592.00 133.00 83.00 207.00
593.00 132.00 83.00 207.00
595.00 132.00 83.00 207.00
595.00 130.00 83.00 208.00
595.00 128.00 83.00 207.00
597.00 127.00 84.00 210.00
596.00 124.00 85.00 212.00
597.00 124.00 85.00 213.00
599.00 125.00 85.00 211.00
599.00 124.00 85.00 212.00
600.00 122.00 86.00 214.00
602.00 123.00 86.00 214.00
603.00 123.00 86.00 214.00
603.00 123.00 86.00 214.00
603.00 121.00 86.00 216.00
602.00 120.00 87.00 216.00
600.00 119.00 86.00 214.00
599.00 118.00 85.00 213.00
596.00 115.00 86.00 214.00
594.00 111.00 87.00 217.00
591.00 106.00 87.00 216.00
587.00 102.00 86.00 215.00
586.00 101.00 85.00 212.00
586.00 98.00 84.00 209.00
587.00 97.00 83.00 206.00
588.00 94.00 81.00 202.00
590.00 93.00 79.00 196.00
594.00 93.00 78.00 195.00
602.00 93.00 76.00 191.00
610.00 99.00 74.00 185.00
617.00 106.00 73.00 183.00
627.00 119.00 72.00 179.00
654.00 142.00 72.00 179.00
663.00 153.00 71.00 177.00
678.00 167.00 70.00 175.00
698.00 192.00 70.00 175.00
668.00 148.00 68.00 170.00
684.00 180.00 68.00 170.00
677.00 173.00 66.00 165.00
679.00 172.00 66.00 164.00
673.00 157.00 66.00 163.00
666.00 151.00 65.00 161.00
617.00 169.00 64.00 161.00
608.00 166.00 65.00 162.00
601.00 163.00 65.00 162.00
598.00 157.00 65.00 161.00
597.00 165.00 65.00 162.00
592.00 176.00 65.00 161.00
587.00 183.00 65.00 162.00
587.00 188.00 64.00 160.00
590.00 193.00 64.00 159.00
595.00 181.00 64.00 160.00
609.00 173.00 64.00 161.00
634.00 151.00 65.00 162.00
568.00 152.00 65.00 161.00
582.00 176.00 65.00 161.00
609.00 164.00 65.00 162.00
638.00 142.00 65.00 162.00
555.00 97.00 65.00 161.00
579.00 83.00 65.00 162.00
608.00 69.00 65.00 162.00
555.00 100.00 64.00 161.00
603.00 56.00 64.00 160.00
577.00 57.00 65.00 161.00
530.00 63.00 65.00 161.00
555.00 72.00 66.00 163.00
584.00 75.00 66.00 164.00
529.00 89.00 66.00 164.00
545.00 132.00 66.00 164.00
546.00 131.00 66.00 164.00
575.00 124.00 65.00 162.00
543.00 155.00 64.00 160.00
571.00 171.00 64.00 160.00
596.00 174.00 64.00 161.00
554.00 159.00 64.00 160.00
552.00 184.00 65.00 162.00
559.00 191.00 65.00 161.00
570.00 207.00 65.00 161.00
573.00 198.00 65.00 162.00
577.00 189.00 65.00 162.00
581.00 179.00 65.00 161.00
583.00 166.00 65.00 162.00
583.00 154.00 64.00 161.00
583.00 153.00 64.00 161.00
579.00 123.00 64.00 159.00
572.00 104.00 64.00 160.00
565.00 89.00 64.00 159.00
566.00 84.00 63.00 157.00
565.00 80.00 62.00 156.00
567.00 81.00 62.00 155.00
542.00 114.00 62.00 154.00
547.00 122.00 62.00 154.00
556.00 131.00 61.00 153.00
564.00 138.00 62.00 153.00
575.00 148.00 62.00 155.00
586.00 154.00 62.00 154.00
594.00 160.00 62.00 154.00
605.00 165.00 62.00 154.00
615.00 170.00 61.00 153.00
619.00 174.00 61.00 153.00
627.00 177.00 61.00 152.00
632.00 180.00 61.00 153.00
635.00 181.00 62.00 154.00
640.00 180.00 62.00 154.00
645.00 175.00 61.00 153.00
645.00 169.00 62.00 154.00
649.00 159.00 62.00 154.00
653.00 144.00 62.00 154.00
653.00 129.00 62.00 155.00
652.00 115.00 61.00 153.00
618.00 99.00 62.00 154.00
645.00 118.00 62.00 155.00
629.00 72.00 62.00 153.00
611.00 79.00 62.00 155.00
563.00 108.00 62.00 155.00
554.00 134.00 62.00 156.00
572.00 133.00 62.00 156.00
556.00 171.00 62.00 156.00
551.00 206.00 62.00 155.00
553.00 221.00 62.00 155.00
554.00 233.00 62.00 155.00
553.00 237.00 62.00 155.00
556.00 237.00 63.00 156.00
560.00 239.00 63.00 157.00
567.00 239.00 63.00 157.00
576.00 236.00 63.00 157.00
585.00 228.00 63.00 158.00
598.00 216.00 63.00 158.00
610.00 208.00 63.00 158.00
620.00 194.00 63.00 157.00
632.00 191.00 63.00 157.00
644.00 190.00 63.00 157.00
663.00 201.00 63.00 156.00
682.00 208.00 63.00 156.00
656.00 153.00 62.00 156.00
665.00 160.00 62.00 156.00
674.00 168.00 62.00 155.00
642.00 192.00 62.00 156.00
650.00 198.00 62.00 155.00
657.00 202.00 62.00 155.00
661.00 202.00 62.00 155.00
667.00 201.00 62.00 155.00
671.00 196.00 62.00 155.00
676.00 187.00 62.00 154.00
680.00 179.00 61.00 153.00
685.00 172.00 61.00 153.00
688.00 166.00 61.00 153.00
696.00 151.00 61.00 152.00
701.00 155.00 61.00 153.00
720.00 180.00 61.00 153.00
722.00 192.00 62.00 153.00
728.00 198.00 61.00 153.00
742.00 191.00 61.00 153.00
754.00 258.00 61.00 152.00
763.00 258.00 61.00 152.00
770.00 257.00 61.00 152.00
776.00 256.00 61.00 152.00
780.00 254.00 61.00 151.00
784.00 253.00 61.00 152.00
786.00 251.00 60.00 150.00
787.00 249.00 60.00 150.00
787.00 248.00 61.00 151.00
787.00 247.00 61.00 152.00
785.00 245.00 61.00 153.00
780.00 243.00 62.00 154.00
779.00 241.00 62.00 154.00
748.00 274.00 62.00 155.00
777.00 240.00 62.00 155.00
794.00 199.00 62.00 155.00
796.00 195.00 62.00 154.00
794.00 191.00 62.00 155.00
747.00 203.00 63.00 156.00
750.00 204.00 63.00 157.00
749.00 210.00 63.00 156.00
742.00 211.00 63.00 156.00
731.00 210.00 63.00 156.00
723.00 223.00 63.00 157.00
638.00 192.00 64.00 159.00
642.00 240.00 64.00 159.00
647.00 245.00 64.00 159.00
662.00 245.00 64.00 161.00
685.00 246.00 65.00 161.00
711.00 242.00 65.00 162.00
738.00 242.00 64.00 161.00
763.00 231.00 65.00 162.00
786.00 215.00 65.00 161.00
806.00 190.00 65.00 162.00
824.00 197.00 65.00 163.00
787.00 174.00 65.00 162.00
774.00 178.00 64.00 161.00
765.00 179.00 64.00 160.00
738.00 179.00 64.00 159.00
708.00 181.00 64.00 159.00
611.00 171.00 64.00 159.00
632.00 173.00 64.00 159.00
622.00 224.00 64.00 159.00
625.00 226.00 63.00 158.00
542.00 230.00 64.00 159.00
520.00 227.00 64.00 159.00
530.00 227.00 64.00 159.00
552.00 225.00 64.00 159.00
582.00 226.00 64.00 159.00
611.00 223.00 64.00 159.00
640.00 222.00 64.00 159.00
666.00 214.00 64.00 159.00
690.00 205.00 64.00 158.00
709.00 181.00 64.00 160.00
687.00 164.00 65.00 161.00
698.00 168.00 65.00 161.00
701.00 167.00 64.00 160.00
695.00 175.00 64.00 160.00
683.00 172.00 64.00 160.00
660.00 169.00 64.00 160.00
637.00 171.00 64.00 159.00
569.00 162.00 64.00 159.00
578.00 220.00 64.00 159.00
587.00 224.00 64.00 159.00
596.00 224.00 63.00 157.00
519.00 234.00 63.00 158.00
496.00 228.00 63.00 158.00
514.00 232.00 63.00 158.00
536.00 232.00 63.00 158.00
569.00 235.00 64.00 158.00
601.00 236.00 64.00 159.00
634.00 240.00 64.00 160.00
653.00 225.00 65.00 162.00
684.00 231.00 65.00 162.00
703.00 228.00 65.00 163.00
720.00 232.00 66.00 164.00
734.00 236.00 66.00 164.00
744.00 241.00 66.00 164.00
707.00 315.00 66.00 164.00
707.00 315.00 65.00 163.00
707.00 315.00 66.00 164.00
707.00 314.00 66.00 165.00
707.00 315.00 66.00 164.00
707.00 314.00 66.00 165.00
707.00 315.00 66.00 163.00
707.00 314.00 65.00 163.00
708.00 313.00 65.00 163.00
707.00 312.00 66.00 164.00
706.00 313.00 65.00 163.00
703.00 312.00 66.00 164.00
700.00 312.00 65.00 163.00
698.00 312.00 66.00 164.00
694.00 311.00 66.00 165.00
618.00 255.00 66.00 164.00
646.00 249.00 66.00 166.00
672.00 244.00 67.00 167.00
677.00 234.00 67.00 168.00
720.00 227.00 67.00 168.00
717.00 222.00 67.00 168.00
724.00 203.00 67.00 167.00
733.00 142.00 67.00 167.00
702.00 109.00 67.00 167.00
713.00 95.00 67.00 168.00
802.00 107.00 68.00 169.00
800.00 107.00 67.00 168.00
837.00 137.00 67.00 168.00
776.00 142.00 67.00 167.00
727.00 174.00 66.00 165.00
775.00 170.00 66.00 166.00
724.00 184.00 67.00 167.00
659.00 159.00 66.00 164.00
611.00 152.00 66.00 164.00
650.00 141.00 65.00 163.00
684.00 130.00 65.00 162.00
700.00 113.00 65.00 163.00
676.00 71.00 65.00 163.00
680.00 73.00 65.00 162.00
641.00 102.00 65.00 163.00
640.00 107.00 66.00 163.00
643.00 82.00 65.00 163.00
638.00 82.00 65.00 163.00
636.00 71.00 65.00 163.00
605.00 63.00 65.00 162.00
590.00 122.00 65.00 162.00
621.00 118.00 65.00 161.00
644.00 111.00 64.00 160.00
626.00 91.00 65.00 162.00
635.00 88.00 65.00 163.00
647.00 90.00 66.00 164.00
641.00 4.00 65.00 162.00
628.00 0.00 64.00 160.00
651.00 99.00 64.00 159.00
655.00 102.00 64.00 160.00
651.00 95.00 64.00 160.00
662.00 100.00 64.00 159.00
607.00 95.00 65.00 161.00
616.00 137.00 64.00 160.00
634.00 130.00 63.00 158.00
622.00 115.00 64.00 158.00
650.00 117.00 64.00 159.00
681.00 117.00 64.00 159.00
655.00 114.00 65.00 161.00
627.00 101.00 64.00 161.00
641.00 113.00 64.00 160.00
649.00 116.00 65.00 161.00
644.00 112.00 65.00 161.00
651.00 112.00 65.00 161.00
655.00 115.00 64.00 160.00
577.00 151.00 64.00 160.00
603.00 153.00 64.00 160.00
626.00 152.00 64.00 160.00
644.00 148.00 64.00 159.00
663.00 148.00 64.00 159.00
655.00 135.00 64.00 160.00
641.00 130.00 65.00 162.00
651.00 130.00 65.00 161.00
660.00 122.00 65.00 162.00
634.00 132.00 65.00 162.00
638.00 135.00 65.00 162.00
630.00 130.00 65.00 162.00
641.00 133.00 64.00 160.00
553.00 161.00 64.00 159.00
575.00 165.00 63.00 157.00
599.00 167.00 63.00 156.00
619.00 161.00 63.00 156.00
640.00 160.00 63.00 156.00
642.00 151.00 63.00 158.00
648.00 142.00 63.00 157.00
633.00 141.00 62.00 156.00
637.00 128.00 62.00 155.00
611.00 131.00 62.00 154.00
621.00 144.00 62.00 155.00
621.00 145.00 62.00 155.00
612.00 141.00 62.00 156.00
611.00 131.00 62.00 155.00
593.00 124.00 62.00 155.00
553.00 190.00 61.00 153.00
572.00 194.00 61.00 152.00
592.00 194.00 61.00 152.00
611.00 193.00 61.00 152.00
626.00 194.00 61.00 152.00
640.00 197.00 61.00 151.00
632.00 154.00 61.00 151.00
571.00 169.00 61.00 151.00
578.00 169.00 60.00 151.00
590.00 167.00 60.00 150.00
602.00 171.00 60.00 150.00
558.00 144.00 60.00 151.00
551.00 186.00 61.00 153.00
551.00 196.00 62.00 154.00
562.00 198.00 61.00 152.00
575.00 196.00 61.00 153.00
588.00 189.00 61.00 151.00
598.00 198.00 61.00 152.00
623.00 168.00 61.00 152.00
549.00 164.00 61.00 153.00
558.00 171.00 61.00 153.00
567.00 173.00 61.00 153.00
578.00 179.00 61.00 151.00
586.00 188.00 61.00 151.00
543.00 177.00 61.00 151.00
542.00 223.00 61.00 152.00
551.00 253.00 61.00 152.00
564.00 266.00 61.00 152.00
582.00 275.00 61.00 153.00
603.00 279.00 61.00 152.00
617.00 286.00 61.00 152.00
627.00 292.00 61.00 152.00
692.00 342.00 61.00 152.00
694.00 340.00 61.00 153.00
694.00 338.00 61.00 152.00
677.00 339.00 61.00 152.00
690.00 334.00 61.00 152.00
716.00 330.00 61.00 153.00
729.00 306.00 62.00 154.00
747.00 293.00 62.00 154.00
698.00 324.00 62.00 155.00
693.00 321.00 63.00 156.00
691.00 318.00 63.00 158.00
687.00 317.00 64.00 159.00
683.00 316.00 64.00 160.00
682.00 316.00 64.00 161.00
683.00 316.00 65.00 161.00
681.00 314.00 65.00 162.00
651.00 316.00 65.00 162.00
651.00 315.00 64.00 160.00
650.00 315.00 64.00 160.00
647.00 313.00 64.00 160.00
647.00 312.00 64.00 160.00
646.00 312.00 64.00 160.00
644.00 311.00 64.00 160.00
642.00 310.00 65.00 161.00
641.00 309.00 65.00 161.00
639.00 309.00 65.00 161.00
639.00 310.00 65.00 162.00
636.00 310.00 65.00 162.00
636.00 310.00 65.00 163.00
634.00 310.00 65.00 163.00
633.00 309.00 66.00 164.00
635.00 309.00 65.00 163.00
636.00 309.00 66.00 163.00
666.00 307.00 66.00 165.00
669.00 308.00 66.00 164.00
669.00 306.00 66.00 165.00
670.00 306.00 67.00 167.00
641.00 307.00 67.00 166.00
642.00 307.00 67.00 166.00
640.00 306.00 67.00 166.00
642.00 307.00 67.00 166.00
643.00 307.00 67.00 167.00
642.00 306.00 68.00 169.00
643.00 306.00 68.00 169.00
643.00 306.00 68.00 170.00
644.00 307.00 68.00 169.00
643.00 306.00 68.00 170.00
645.00 307.00 68.00 170.00
645.00 307.00 68.00 170.00
646.00 307.00 68.00 170.00
646.00 307.00 68.00 171.00
646.00 307.00 69.00 171.00
648.00 308.00 69.00 171.00
650.00 308.00 68.00 171.00
651.00 308.00 68.00 170.00
682.00 307.00 69.00 171.00
685.00 307.00 69.00 173.00
688.00 307.00 70.00 173.00
691.00 306.00 69.00 173.00
693.00 307.00 70.00 174.00
690.00 307.00 70.00 174.00
692.00 307.00 70.00 174.00
691.00 309.00 70.00 175.00
688.00 310.00 70.00 175.00
689.00 310.00 70.00 176.00
690.00 311.00 70.00 175.00
690.00 312.00 70.00 175.00
691.00 311.00 71.00 176.00
695.00 310.00 71.00 177.00
692.00 311.00 71.00 176.00
695.00 311.00 71.00 177.00
691.00 311.00 71.00 177.00
687.00 311.00 71.00 178.00
655.00 311.00 72.00 179.00
682.00 310.00 72.00 179.00
691.00 310.00 72.00 179.00
649.00 313.00 71.00 178.00
649.00 317.00 70.00 175.00
647.00 315.00 70.00 176.00
647.00 315.00 70.00 175.00
673.00 312.00 71.00 177.00
671.00 312.00 71.00 178.00
668.00 315.00 71.00 178.00
662.00 319.00 71.00 178.00
664.00 323.00 71.00 177.00
614.00 329.00 71.00 177.00
608.00 331.00 71.00 177.00
602.00 335.00 71.00 176.00
596.00 339.00 71.00 176.00
590.00 341.00 70.00 175.00
579.00 343.00 70.00 174.00
571.00 345.00 69.00 172.00
562.00 346.00 68.00 170.00
545.00 348.00 67.00 168.00
545.00 345.00 67.00 166.00
540.00 344.00 67.00 167.00
532.00 343.00 66.00 166.00
523.00 341.00 66.00 166.00
516.00 342.00 66.00 163.00
505.00 342.00 65.00 161.00
499.00 339.00 65.00 162.00
493.00 341.00 65.00 162.00
485.00 340.00 65.00 162.00
479.00 338.00 66.00 163.00
463.00 338.00 66.00 163.00
449.00 334.00 66.00 164.00
445.00 330.00 66.00 164.00
447.00 330.00 66.00 164.00
457.00 328.00 66.00 164.00
455.00 327.00 66.00 164.00
450.00 325.00 66.00 164.00
441.00 323.00 66.00 165.00
447.00 323.00 66.00 164.00
444.00 319.00 66.00 166.00
439.00 316.00 67.00 166.00
439.00 315.00 67.00 167.00
434.00 312.00 67.00 168.00
432.00 310.00 67.00 168.00
432.00 309.00 68.00 168.00
432.00 308.00 68.00 169.00
431.00 306.00 68.00 169.00
431.00 305.00 68.00 170.00
433.00 304.00 68.00 171.00
433.00 302.00 68.00 171.00
435.00 301.00 69.00 171.00
437.00 300.00 69.00 171.00
439.00 299.00 69.00 172.00
439.00 296.00 69.00 173.00
440.00 296.00 70.00 174.00
440.00 294.00 70.00 174.00
444.00 294.00 70.00 174.00
446.00 293.00 70.00 174.00
449.00 293.00 70.00 174.00
451.00 292.00 70.00 175.00
453.00 290.00 70.00 176.00
455.00 288.00 71.00 177.00
