302.00 135.00 67.00 81.00
299.00 137.00 68.00 82.00
295.00 141.00 68.00 82.00
293.00 143.00 69.00 83.00
295.00 145.00 69.00 84.00
299.00 146.00 70.00 84.00
303.00 147.00 70.00 84.00
307.00 147.00 70.00 85.00
306.00 147.00 71.00 86.00
304.00 148.00 71.00 86.00
305.00 148.00 71.00 86.00
308.00 146.00 72.00 87.00
315.00 142.00 71.00 86.00
323.00 137.00 71.00 86.00
329.00 134.00 71.00 86.00
332.00 132.00 72.00 87.00
331.00 129.00 72.00 87.00
331.00 129.00 72.00 88.00
331.00 127.00 73.00 88.00
335.00 122.00 72.00 88.00
340.00 117.00 74.00 89.00
345.00 112.00 74.00 90.00
351.00 110.00 75.00 90.00
356.00 109.00 74.00 90.00
366.00 116.00 74.00 90.00
377.00 125.00 75.00 91.00
379.00 127.00 76.00 92.00
374.00 118.00 76.00 92.00
363.00 104.00 75.00 91.00
353.00 93.00 75.00 90.00
345.00 86.00 74.00 90.00
340.00 82.00 73.00 89.00
337.00 82.00 74.00 89.00
337.00 84.00 74.00 90.00
342.00 92.00 73.00 89.00
354.00 105.00 73.00 88.00
368.00 120.00 73.00 88.00
378.00 131.00 73.00 88.00
377.00 127.00 74.00 90.00
369.00 114.00 73.00 89.00
361.00 98.00 73.00 88.00
360.00 88.00 72.00 86.00
360.00 84.00 71.00 85.00
360.00 83.00 70.00 85.00
361.00 85.00 70.00 85.00
363.00 91.00 70.00 84.00
369.00 106.00 70.00 84.00
379.00 124.00 70.00 85.00
384.00 138.00 70.00 85.00
385.00 139.00 71.00 86.00
372.00 131.00 72.00 87.00
365.00 114.00 71.00 86.00
367.00 100.00 71.00 85.00
367.00 122.00 71.00 86.00
364.00 126.00 71.00 86.00
364.00 133.00 71.00 86.00
363.00 146.00 70.00 85.00
365.00 165.00 69.00 83.00
367.00 185.00 68.00 83.00
365.00 200.00 68.00 83.00
357.00 195.00 68.00 82.00
349.00 173.00 68.00 82.00
337.00 155.00 68.00 82.00
329.00 147.00 67.00 81.00
333.00 141.00 67.00 81.00
328.00 142.00 66.00 80.00
326.00 143.00 67.00 81.00
324.00 153.00 67.00 81.00
321.00 165.00 67.00 81.00
319.00 184.00 67.00 81.00
284.00 163.00 67.00 81.00
254.00 141.00 67.00 81.00
278.00 167.00 66.00 80.00
261.00 185.00 66.00 80.00
269.00 182.00 67.00 81.00
289.00 171.00 66.00 80.00
296.00 120.00 66.00 80.00
291.00 118.00 67.00 81.00
287.00 121.00 66.00 80.00
286.00 127.00 66.00 80.00
287.00 134.00 65.00 79.00
286.00 147.00 66.00 79.00
255.00 140.00 66.00 79.00
277.00 184.00 65.00 79.00
282.00 181.00 65.00 79.00
251.00 177.00 64.00 78.00
251.00 183.00 64.00 77.00
244.00 185.00 64.00 78.00
233.00 188.00 64.00 77.00
232.00 193.00 64.00 77.00
237.00 198.00 63.00 77.00
230.00 202.00 63.00 76.00
225.00 179.00 64.00 77.00
223.00 178.00 64.00 77.00
240.00 213.00 63.00 76.00
287.00 246.00 63.00 76.00
284.00 246.00 63.00 76.00
303.00 287.00 63.00 77.00
266.00 305.00 63.00 77.00
267.00 302.00 63.00 76.00
271.00 269.00 63.00 76.00
270.00 263.00 63.00 77.00
275.00 296.00 63.00 77.00
304.00 303.00 64.00 77.00
276.00 281.00 64.00 77.00
278.00 277.00 64.00 77.00
308.00 271.00 64.00 77.00
271.00 269.00 64.00 77.00
295.00 277.00 64.00 77.00
292.00 281.00 64.00 77.00
330.00 317.00 64.00 77.00
326.00 296.00 64.00 77.00
320.00 302.00 64.00 77.00
320.00 324.00 63.00 76.00
304.00 328.00 63.00 76.00
282.00 301.00 63.00 76.00
303.00 338.00 63.00 76.00
303.00 345.00 64.00 77.00
302.00 342.00 64.00 77.00
283.00 306.00 63.00 76.00
284.00 316.00 62.00 75.00
285.00 320.00 62.00 75.00
278.00 318.00 62.00 75.00
281.00 343.00 62.00 75.00
331.00 322.00 62.00 75.00
328.00 317.00 62.00 75.00
328.00 327.00 61.00 74.00
318.00 320.00 61.00 74.00
314.00 325.00 61.00 74.00
344.00 293.00 61.00 74.00
339.00 298.00 61.00 74.00
320.00 313.00 61.00 74.00
266.00 249.00 61.00 74.00
264.00 253.00 61.00 74.00
264.00 256.00 61.00 74.00
265.00 257.00 61.00 73.00
267.00 258.00 61.00 73.00
272.00 284.00 60.00 73.00
274.00 286.00 60.00 72.00
273.00 289.00 60.00 72.00
271.00 269.00 59.00 72.00
275.00 273.00 60.00 72.00
275.00 231.00 60.00 72.00
266.00 293.00 60.00 72.00
262.00 294.00 60.00 72.00
254.00 272.00 60.00 73.00
251.00 288.00 60.00 73.00
245.00 293.00 61.00 73.00
289.00 287.00 61.00 73.00
280.00 284.00 61.00 73.00
280.00 272.00 61.00 74.00
265.00 294.00 61.00 74.00
263.00 299.00 61.00 73.00
258.00 300.00 60.00 73.00
242.00 297.00 60.00 72.00
239.00 299.00 59.00 72.00
242.00 303.00 59.00 71.00
240.00 302.00 58.00 71.00
247.00 302.00 59.00 71.00
242.00 283.00 59.00 71.00
243.00 285.00 58.00 71.00
246.00 289.00 59.00 71.00
253.00 306.00 58.00 71.00
257.00 309.00 58.00 70.00
266.00 312.00 58.00 70.00
275.00 315.00 57.00 69.00
286.00 318.00 56.00 68.00
242.00 316.00 56.00 68.00
255.00 319.00 56.00 68.00
259.00 321.00 56.00 68.00
271.00 325.00 56.00 67.00
272.00 326.00 56.00 67.00
271.00 315.00 56.00 67.00
275.00 321.00 55.00 67.00
285.00 334.00 55.00 67.00
292.00 337.00 55.00 67.00
291.00 318.00 55.00 67.00
296.00 315.00 56.00 67.00
297.00 341.00 55.00 67.00
299.00 341.00 55.00 67.00
300.00 338.00 55.00 67.00
300.00 338.00 55.00 66.00
294.00 332.00 54.00 66.00
224.00 318.00 54.00 65.00
229.00 319.00 54.00 65.00
226.00 322.00 54.00 65.00
221.00 331.00 54.00 65.00
186.00 323.00 54.00 65.00
153.00 288.00 54.00 65.00
101.00 224.00 54.00 65.00
98.00 198.00 54.00 65.00
93.00 200.00 54.00 65.00
80.00 199.00 54.00 65.00
88.00 153.00 54.00 65.00
84.00 153.00 54.00 65.00
87.00 156.00 53.00 64.00
112.00 175.00 53.00 64.00
121.00 150.00 53.00 64.00
120.00 159.00 53.00 64.00
124.00 151.00 53.00 64.00
131.00 147.00 53.00 64.00
130.00 144.00 53.00 64.00
126.00 163.00 53.00 64.00
110.00 181.00 53.00 64.00
95.00 185.00 53.00 64.00
97.00 199.00 52.00 63.00
84.00 189.00 53.00 64.00
98.00 190.00 53.00 64.00
109.00 197.00 53.00 64.00
110.00 189.00 53.00 64.00
112.00 199.00 53.00 64.00
108.00 198.00 53.00 64.00
101.00 201.00 53.00 64.00
120.00 199.00 53.00 64.00
113.00 200.00 53.00 64.00
111.00 197.00 53.00 64.00
96.00 206.00 53.00 64.00
98.00 202.00 53.00 64.00
102.00 196.00 53.00 64.00
146.00 196.00 52.00 63.00
139.00 177.00 52.00 63.00
141.00 181.00 51.00 62.00
144.00 182.00 51.00 62.00
144.00 172.00 51.00 62.00
146.00 165.00 51.00 62.00
144.00 168.00 51.00 62.00
140.00 193.00 51.00 61.00
139.00 196.00 51.00 61.00
143.00 199.00 51.00 61.00
101.00 207.00 51.00 62.00
99.00 235.00 51.00 62.00
92.00 259.00 51.00 62.00
83.00 278.00 51.00 62.00
74.00 286.00 52.00 62.00
70.00 291.00 52.00 62.00
68.00 303.00 52.00 63.00
64.00 311.00 52.00 63.00
74.00 312.00 52.00 62.00
100.00 296.00 52.00 63.00
117.00 265.00 52.00 63.00
123.00 254.00 53.00 64.00
123.00 245.00 53.00 64.00
120.00 240.00 53.00 64.00
119.00 240.00 53.00 64.00
118.00 234.00 53.00 64.00
116.00 232.00 53.00 64.00
117.00 234.00 53.00 64.00
121.00 238.00 53.00 64.00
130.00 234.00 53.00 64.00
129.00 214.00 54.00 65.00
137.00 199.00 54.00 65.00
143.00 192.00 54.00 65.00
148.00 190.00 54.00 65.00
150.00 194.00 54.00 65.00
150.00 204.00 54.00 66.00
149.00 210.00 54.00 66.00
144.00 208.00 55.00 66.00
141.00 199.00 55.00 66.00
142.00 184.00 55.00 66.00
141.00 177.00 55.00 66.00
141.00 172.00 55.00 66.00
140.00 176.00 55.00 66.00
135.00 184.00 54.00 66.00
131.00 194.00 55.00 66.00
127.00 201.00 55.00 66.00
125.00 199.00 55.00 67.00
120.00 189.00 55.00 67.00
119.00 179.00 56.00 67.00
120.00 174.00 56.00 67.00
121.00 175.00 56.00 67.00
118.00 180.00 55.00 67.00
115.00 189.00 55.00 67.00
113.00 202.00 55.00 67.00
111.00 215.00 56.00 68.00
108.00 215.00 56.00 68.00
104.00 204.00 56.00 68.00
101.00 191.00 55.00 67.00
101.00 180.00 55.00 67.00
100.00 177.00 55.00 67.00
97.00 182.00 56.00 67.00
95.00 192.00 56.00 67.00
94.00 202.00 56.00 67.00
78.00 217.00 56.00 67.00
92.00 223.00 56.00 67.00
89.00 223.00 56.00 68.00
85.00 212.00 56.00 68.00
84.00 200.00 56.00 68.00
83.00 191.00 56.00 68.00
83.00 187.00 56.00 68.00
81.00 187.00 56.00 68.00
79.00 192.00 56.00 68.00
77.00 199.00 56.00 68.00
76.00 209.00 56.00 68.00
77.00 220.00 56.00 67.00
78.00 223.00 56.00 67.00
78.00 216.00 56.00 67.00
80.00 206.00 55.00 67.00
81.00 198.00 55.00 66.00
82.00 193.00 54.00 66.00
83.00 189.00 54.00 65.00
82.00 195.00 53.00 64.00
83.00 205.00 52.00 63.00
85.00 217.00 52.00 63.00
89.00 225.00 52.00 63.00
90.00 226.00 52.00 63.00
91.00 218.00 52.00 63.00
92.00 209.00 52.00 63.00
94.00 205.00 52.00 63.00
95.00 205.00 52.00 62.00
96.00 210.00 51.00 62.00
97.00 218.00 51.00 62.00
99.00 227.00 51.00 61.00
102.00 236.00 50.00 61.00
102.00 240.00 50.00 60.00
101.00 238.00 50.00 60.00
101.00 234.00 49.00 59.00
102.00 230.00 49.00 59.00
103.00 229.00 49.00 59.00
104.00 229.00 49.00 59.00
105.00 230.00 48.00 59.00
110.00 234.00 48.00 58.00
116.00 238.00 48.00 58.00
117.00 239.00 48.00 58.00
119.00 239.00 49.00 59.00
119.00 238.00 49.00 59.00
120.00 239.00 49.00 59.00
121.00 240.00 49.00 59.00
120.00 237.00 49.00 59.00
122.00 237.00 48.00 58.00
122.00 237.00 48.00 58.00
123.00 238.00 48.00 58.00
122.00 239.00 48.00 58.00
122.00 239.00 48.00 59.00
123.00 242.00 49.00 59.00
123.00 242.00 49.00 59.00
125.00 242.00 49.00 59.00
126.00 243.00 48.00 59.00
128.00 244.00 49.00 59.00
130.00 243.00 48.00 58.00
131.00 243.00 48.00 58.00
133.00 240.00 48.00 58.00
137.00 243.00 48.00 58.00
141.00 248.00 48.00 58.00
144.00 248.00 48.00 58.00
145.00 243.00 48.00 58.00
148.00 241.00 47.00 57.00
151.00 236.00 47.00 57.00
152.00 231.00 47.00 57.00
153.00 230.00 46.00 56.00
154.00 230.00 46.00 55.00
154.00 234.00 45.00 54.00
155.00 229.00 45.00 54.00
150.00 222.00 45.00 54.00
150.00 218.00 45.00 54.00
151.00 215.00 45.00 54.00
152.00 224.00 44.00 54.00
153.00 224.00 44.00 53.00
153.00 226.00 43.00 53.00
154.00 230.00 43.00 52.00
156.00 232.00 43.00 52.00
159.00 229.00 43.00 52.00
157.00 242.00 43.00 52.00
158.00 234.00 43.00 52.00
164.00 209.00 43.00 52.00
166.00 218.00 43.00 52.00
167.00 219.00 43.00 52.00
168.00 224.00 43.00 52.00
169.00 230.00 43.00 52.00
172.00 238.00 44.00 53.00
177.00 245.00 44.00 53.00
180.00 244.00 44.00 53.00
182.00 237.00 44.00 54.00
185.00 232.00 44.00 54.00
189.00 229.00 44.00 54.00
194.00 228.00 44.00 53.00
197.00 234.00 44.00 53.00
199.00 238.00 44.00 53.00
244.00 242.00 44.00 53.00
253.00 253.00 44.00 53.00
258.00 254.00 44.00 53.00
262.00 247.00 43.00 52.00
251.00 211.00 44.00 53.00
251.00 203.00 44.00 54.00
258.00 209.00 45.00 54.00
248.00 163.00 45.00 54.00
235.00 179.00 45.00 54.00
238.00 189.00 45.00 54.00
240.00 199.00 45.00 54.00
241.00 206.00 45.00 54.00
242.00 216.00 45.00 54.00
240.00 220.00 45.00 54.00
234.00 263.00 45.00 54.00
