385.00 403.00 144.00 138.00
381.00 409.00 143.00 137.00
375.00 414.00 144.00 138.00
370.00 419.00 143.00 137.00
365.00 424.00 144.00 138.00
364.00 430.00 144.00 138.00
361.00 433.00 145.00 139.00
363.00 437.00 146.00 140.00
364.00 440.00 147.00 141.00
366.00 445.00 147.00 141.00
367.00 449.00 147.00 141.00
367.00 449.00 146.00 140.00
367.00 443.00 143.00 137.00
372.00 442.00 143.00 137.00
378.00 440.00 142.00 136.00
383.00 440.00 143.00 137.00
390.00 441.00 144.00 138.00
397.00 440.00 143.00 137.00
404.00 438.00 144.00 138.00
414.00 440.00 144.00 138.00
423.00 441.00 144.00 138.00
428.00 439.00 146.00 140.00
435.00 439.00 146.00 140.00
391.00 460.00 148.00 142.00
397.00 458.00 148.00 142.00
405.00 460.00 146.00 140.00
411.00 462.00 145.00 139.00
415.00 458.00 146.00 140.00
423.00 456.00 145.00 139.00
434.00 453.00 145.00 139.00
443.00 448.00 145.00 139.00
451.00 444.00 144.00 138.00
456.00 440.00 144.00 138.00
459.00 435.00 144.00 138.00
463.00 432.00 146.00 140.00
471.00 428.00 147.00 141.00
475.00 425.00 147.00 141.00
481.00 420.00 148.00 142.00
485.00 416.00 147.00 140.00
490.00 415.00 144.00 138.00
495.00 412.00 142.00 136.00
499.00 401.00 141.00 135.00
505.00 390.00 140.00 134.00
503.00 394.00 140.00 134.00
503.00 401.00 141.00 135.00
460.00 336.00 141.00 135.00
454.00 326.00 142.00 136.00
497.00 301.00 143.00 137.00
499.00 297.00 140.00 134.00
499.00 289.00 137.00 132.00
501.00 278.00 138.00 132.00
505.00 264.00 139.00 133.00
509.00 251.00 139.00 133.00
508.00 243.00 138.00 132.00
506.00 237.00 137.00 131.00
506.00 233.00 137.00 131.00
513.00 253.00 135.00 130.00
503.00 223.00 133.00 127.00
500.00 233.00 134.00 128.00
498.00 225.00 134.00 129.00
490.00 211.00 136.00 130.00
484.00 201.00 136.00 130.00
479.00 193.00 135.00 129.00
476.00 187.00 134.00 128.00
474.00 181.00 133.00 127.00
474.00 178.00 132.00 127.00
470.00 170.00 132.00 127.00
470.00 164.00 131.00 126.00
470.00 158.00 132.00 127.00
473.00 153.00 132.00 127.00
474.00 150.00 133.00 128.00
472.00 147.00 133.00 128.00
472.00 143.00 133.00 127.00
472.00 138.00 133.00 127.00
472.00 138.00 132.00 127.00
507.00 95.00 131.00 125.00
505.00 96.00 127.00 122.00
503.00 101.00 126.00 121.00
502.00 104.00 126.00 120.00
500.00 107.00 124.00 119.00
499.00 112.00 124.00 118.00
496.00 115.00 123.00 118.00
496.00 121.00 122.00 116.00
476.00 156.00 122.00 117.00
472.00 160.00 123.00 118.00
485.00 138.00 123.00 118.00
487.00 137.00 123.00 118.00
456.00 173.00 123.00 118.00
447.00 195.00 122.00 117.00
441.00 203.00 123.00 118.00
440.00 210.00 124.00 119.00
438.00 217.00 126.00 120.00
436.00 221.00 125.00 120.00
434.00 226.00 126.00 120.00
431.00 231.00 125.00 120.00
429.00 239.00 125.00 119.00
424.00 245.00 125.00 120.00
422.00 252.00 124.00 119.00
422.00 255.00 124.00 119.00
422.00 261.00 124.00 119.00
421.00 264.00 123.00 118.00
417.00 271.00 124.00 118.00
413.00 276.00 124.00 118.00
410.00 281.00 124.00 118.00
407.00 284.00 124.00 119.00
405.00 287.00 124.00 119.00
404.00 293.00 124.00 119.00
401.00 297.00 124.00 119.00
397.00 303.00 124.00 119.00
394.00 310.00 125.00 120.00
391.00 315.00 126.00 121.00
386.00 321.00 126.00 121.00
379.00 326.00 126.00 121.00
374.00 333.00 126.00 120.00
371.00 337.00 125.00 119.00
367.00 341.00 124.00 119.00
364.00 344.00 123.00 118.00
399.00 328.00 123.00 118.00
398.00 330.00 123.00 118.00
397.00 334.00 123.00 118.00
394.00 337.00 122.00 117.00
393.00 344.00 123.00 118.00
344.00 367.00 122.00 117.00
344.00 373.00 122.00 117.00
343.00 378.00 122.00 117.00
342.00 383.00 122.00 117.00
339.00 387.00 122.00 117.00
337.00 392.00 123.00 118.00
367.00 388.00 124.00 118.00
359.00 395.00 124.00 119.00
354.00 404.00 124.00 119.00
350.00 414.00 124.00 119.00
342.00 420.00 125.00 119.00
335.00 427.00 124.00 119.00
332.00 432.00 124.00 119.00
332.00 437.00 124.00 118.00
328.00 442.00 122.00 117.00
325.00 447.00 122.00 117.00
316.00 446.00 121.00 116.00
307.00 450.00 121.00 116.00
308.00 452.00 120.00 115.00
311.00 455.00 119.00 114.00
315.00 458.00 118.00 113.00
319.00 458.00 116.00 112.00
321.00 453.00 114.00 110.00
325.00 449.00 113.00 108.00
325.00 442.00 111.00 107.00
334.00 442.00 111.00 107.00
344.00 442.00 111.00 106.00
349.00 440.00 111.00 106.00
367.00 445.00 112.00 107.00
362.00 432.00 111.00 107.00
364.00 424.00 111.00 106.00
372.00 423.00 111.00 106.00
384.00 424.00 112.00 107.00
385.00 414.00 111.00 107.00
387.00 404.00 112.00 107.00
396.00 404.00 112.00 107.00
394.00 391.00 113.00 108.00
396.00 382.00 114.00 109.00
396.00 372.00 114.00 109.00
398.00 364.00 114.00 109.00
398.00 353.00 114.00 109.00
366.00 376.00 113.00 108.00
367.00 371.00 114.00 109.00
372.00 367.00 114.00 109.00
378.00 362.00 114.00 109.00
383.00 357.00 114.00 109.00
387.00 353.00 114.00 109.00
391.00 348.00 113.00 108.00
396.00 342.00 113.00 108.00
401.00 333.00 113.00 108.00
406.00 322.00 112.00 107.00
413.00 314.00 111.00 107.00
415.00 227.00 112.00 107.00
421.00 226.00 112.00 107.00
426.00 224.00 112.00 107.00
431.00 221.00 112.00 107.00
433.00 216.00 110.00 105.00
438.00 217.00 108.00 103.00
443.00 216.00 107.00 102.00
449.00 216.00 105.00 101.00
458.00 234.00 106.00 101.00
461.00 231.00 105.00 101.00
463.00 227.00 102.00 98.00
489.00 219.00 103.00 99.00
493.00 217.00 103.00 99.00
495.00 210.00 103.00 99.00
497.00 205.00 104.00 99.00
499.00 201.00 104.00 100.00
499.00 198.00 104.00 100.00
498.00 193.00 103.00 99.00
497.00 187.00 103.00 99.00
495.00 182.00 104.00 99.00
491.00 186.00 104.00 99.00
488.00 185.00 104.00 99.00
487.00 181.00 104.00 99.00
503.00 173.00 103.00 99.00
503.00 171.00 103.00 98.00
497.00 171.00 102.00 98.00
491.00 175.00 102.00 98.00
457.00 187.00 103.00 99.00
453.00 188.00 104.00 100.00
448.00 189.00 104.00 100.00
442.00 190.00 105.00 100.00
437.00 188.00 106.00 101.00
430.00 188.00 106.00 101.00
422.00 185.00 107.00 103.00
412.00 179.00 108.00 104.00
406.00 179.00 108.00 104.00
401.00 180.00 109.00 105.00
393.00 183.00 111.00 106.00
464.00 197.00 110.00 106.00
456.00 198.00 109.00 105.00
406.00 195.00 110.00 105.00
402.00 199.00 109.00 104.00
399.00 203.00 109.00 104.00
396.00 205.00 108.00 104.00
395.00 207.00 108.00 103.00
396.00 213.00 107.00 103.00
395.00 218.00 107.00 102.00
394.00 221.00 107.00 102.00
388.00 220.00 106.00 101.00
383.00 216.00 105.00 101.00
383.00 209.00 105.00 101.00
378.00 205.00 105.00 101.00
376.00 203.00 105.00 101.00
373.00 204.00 105.00 101.00
369.00 204.00 106.00 101.00
363.00 207.00 106.00 102.00
357.00 208.00 106.00 102.00
354.00 209.00 106.00 102.00
351.00 210.00 106.00 102.00
348.00 209.00 106.00 102.00
348.00 206.00 106.00 102.00
347.00 203.00 105.00 100.00
344.00 202.00 104.00 99.00
342.00 202.00 104.00 99.00
339.00 201.00 103.00 98.00
340.00 201.00 102.00 97.00
343.00 203.00 101.00 97.00
347.00 203.00 100.00 96.00
347.00 201.00 100.00 96.00
348.00 198.00 101.00 96.00
350.00 193.00 101.00 96.00
353.00 189.00 101.00 96.00
355.00 184.00 99.00 95.00
356.00 180.00 100.00 95.00
357.00 178.00 99.00 95.00
358.00 177.00 99.00 95.00
361.00 175.00 99.00 95.00
364.00 175.00 100.00 95.00
365.00 174.00 100.00 96.00
367.00 172.00 100.00 96.00
369.00 169.00 99.00 95.00
371.00 167.00 99.00 95.00
372.00 168.00 99.00 95.00
372.00 172.00 99.00 94.00
371.00 177.00 99.00 95.00
371.00 184.00 99.00 95.00
371.00 190.00 99.00 95.00
372.00 196.00 100.00 95.00
372.00 203.00 100.00 95.00
372.00 212.00 100.00 96.00
372.00 219.00 100.00 96.00
374.00 225.00 100.00 96.00
376.00 232.00 99.00 95.00
374.00 240.00 98.00 94.00
372.00 247.00 99.00 94.00
372.00 254.00 98.00 94.00
375.00 264.00 97.00 93.00
378.00 271.00 96.00 92.00
379.00 277.00 95.00 91.00
380.00 283.00 93.00 89.00
381.00 288.00 92.00 88.00
383.00 293.00 91.00 87.00
384.00 299.00 90.00 86.00
387.00 304.00 89.00 85.00
392.00 309.00 89.00 85.00
397.00 312.00 89.00 85.00
402.00 315.00 89.00 85.00
408.00 317.00 89.00 85.00
395.00 317.00 88.00 85.00
398.00 317.00 88.00 84.00
405.00 318.00 87.00 84.00
413.00 319.00 87.00 83.00
398.00 318.00 87.00 83.00
403.00 318.00 87.00 83.00
407.00 316.00 86.00 83.00
420.00 312.00 86.00 83.00
427.00 307.00 86.00 82.00
414.00 301.00 86.00 82.00
419.00 296.00 85.00 82.00
428.00 290.00 85.00 82.00
436.00 284.00 85.00 81.00
442.00 273.00 84.00 81.00
446.00 263.00 83.00 80.00
450.00 253.00 83.00 80.00
453.00 244.00 83.00 80.00
475.00 263.00 83.00 80.00
473.00 257.00 84.00 80.00
472.00 248.00 84.00 81.00
470.00 241.00 85.00 81.00
473.00 234.00 85.00 82.00
476.00 228.00 86.00 82.00
480.00 222.00 86.00 83.00
483.00 215.00 87.00 83.00
486.00 210.00 87.00 83.00
474.00 171.00 87.00 83.00
478.00 168.00 87.00 83.00
485.00 163.00 87.00 83.00
491.00 160.00 86.00 82.00
494.00 155.00 86.00 82.00
498.00 153.00 86.00 82.00
503.00 151.00 86.00 82.00
507.00 148.00 86.00 82.00
511.00 144.00 86.00 82.00
514.00 140.00 86.00 82.00
517.00 138.00 86.00 82.00
522.00 137.00 86.00 82.00
525.00 136.00 86.00 83.00
528.00 135.00 86.00 83.00
528.00 134.00 86.00 82.00
528.00 133.00 86.00 82.00
530.00 133.00 85.00 82.00
531.00 133.00 85.00 81.00
531.00 134.00 84.00 81.00
530.00 134.00 84.00 80.00
529.00 136.00 83.00 80.00
528.00 138.00 83.00 79.00
524.00 139.00 82.00 78.00
519.00 138.00 81.00 78.00
512.00 135.00 82.00 78.00
512.00 135.00 82.00 78.00
508.00 134.00 82.00 79.00
503.00 134.00 82.00 79.00
493.00 131.00 83.00 79.00
491.00 131.00 82.00 79.00
491.00 131.00 82.00 78.00
485.00 128.00 81.00 77.00
482.00 127.00 81.00 77.00
479.00 126.00 81.00 77.00
476.00 124.00 81.00 78.00
476.00 123.00 81.00 77.00
474.00 122.00 80.00 77.00
472.00 122.00 80.00 77.00
471.00 122.00 81.00 78.00
468.00 118.00 82.00 78.00
468.00 116.00 82.00 78.00
465.00 112.00 82.00 79.00
465.00 111.00 82.00 79.00
465.00 110.00 82.00 79.00
467.00 110.00 82.00 79.00
467.00 111.00 83.00 80.00
463.00 112.00 84.00 80.00
458.00 116.00 85.00 82.00
454.00 115.00 86.00 83.00
448.00 114.00 87.00 83.00
441.00 116.00 87.00 84.00
434.00 118.00 88.00 84.00
427.00 122.00 89.00 85.00
420.00 126.00 90.00 86.00
413.00 132.00 90.00 87.00
405.00 138.00 91.00 87.00
397.00 144.00 90.00 87.00
389.00 148.00 90.00 86.00
381.00 152.00 90.00 86.00
375.00 157.00 90.00 86.00
368.00 161.00 90.00 86.00
355.00 162.00 89.00 85.00
346.00 161.00 89.00 85.00
343.00 163.00 88.00 85.00
340.00 163.00 88.00 84.00
339.00 165.00 87.00 84.00
336.00 166.00 87.00 83.00
334.00 167.00 86.00 82.00
331.00 168.00 85.00 82.00
328.00 170.00 85.00 82.00
325.00 169.00 85.00 81.00
324.00 168.00 85.00 81.00
325.00 168.00 84.00 81.00
330.00 168.00 84.00 80.00
335.00 169.00 84.00 80.00
340.00 169.00 83.00 80.00
343.00 167.00 83.00 80.00
350.00 168.00 82.00 79.00
357.00 168.00 82.00 78.00
364.00 169.00 81.00 78.00
371.00 172.00 81.00 77.00
379.00 174.00 80.00 76.00
388.00 176.00 79.00 76.00
395.00 177.00 79.00 75.00
400.00 178.00 78.00 75.00
406.00 181.00 78.00 75.00
412.00 183.00 77.00 74.00
421.00 185.00 76.00 73.00
428.00 184.00 76.00 73.00
436.00 183.00 75.00 72.00
440.00 182.00 74.00 71.00
445.00 182.00 74.00 71.00
448.00 179.00 73.00 70.00
451.00 175.00 73.00 70.00
447.00 169.00 73.00 70.00
441.00 167.00 74.00 71.00
