849.00 193.00 86.00 189.00
849.00 185.00 86.00 189.00
852.00 179.00 86.00 188.00
855.00 172.00 86.00 188.00
855.00 169.00 85.00 186.00
855.00 164.00 84.00 185.00
854.00 157.00 84.00 184.00
854.00 152.00 83.00 182.00
852.00 145.00 82.00 180.00
850.00 141.00 81.00 178.00
848.00 135.00 81.00 177.00
850.00 135.00 80.00 175.00
850.00 133.00 80.00 176.00
849.00 131.00 80.00 176.00
853.00 128.00 79.00 174.00
852.00 126.00 79.00 173.00
853.00 126.00 77.00 169.00
852.00 125.00 76.00 167.00
855.00 130.00 75.00 164.00
856.00 130.00 73.00 161.00
859.00 131.00 73.00 160.00
863.00 132.00 72.00 158.00
868.00 134.00 72.00 157.00
872.00 134.00 72.00 158.00
876.00 134.00 73.00 160.00
881.00 134.00 74.00 162.00
882.00 133.00 74.00 163.00
882.00 132.00 75.00 164.00
886.00 133.00 74.00 163.00
888.00 131.00 74.00 162.00
890.00 130.00 74.00 163.00
892.00 131.00 74.00 162.00
893.00 133.00 74.00 162.00
892.00 135.00 74.00 163.00
889.00 136.00 74.00 162.00
888.00 139.00 73.00 160.00
886.00 144.00 72.00 158.00
885.00 151.00 72.00 157.00
880.00 157.00 71.00 157.00
876.00 165.00 71.00 157.00
876.00 171.00 72.00 158.00
857.00 177.00 71.00 156.00
851.00 185.00 71.00 157.00
845.00 193.00 72.00 158.00
839.00 202.00 73.00 160.00
830.00 208.00 73.00 160.00
822.00 212.00 71.00 156.00
816.00 211.00 69.00 151.00
814.00 216.00 67.00 148.00
806.00 230.00 67.00 148.00
798.00 231.00 67.00 147.00
792.00 223.00 67.00 147.00
801.00 228.00 68.00 150.00
794.00 219.00 68.00 150.00
800.00 214.00 67.00 148.00
794.00 207.00 67.00 147.00
790.00 210.00 65.00 143.00
792.00 222.00 66.00 146.00
793.00 222.00 68.00 149.00
790.00 218.00 69.00 151.00
789.00 214.00 70.00 153.00
790.00 214.00 70.00 154.00
791.00 211.00 70.00 153.00
793.00 208.00 69.00 152.00
794.00 206.00 69.00 153.00
794.00 203.00 69.00 152.00
795.00 202.00 70.00 153.00
794.00 198.00 70.00 154.00
793.00 193.00 70.00 154.00
795.00 192.00 71.00 157.00
796.00 189.00 72.00 159.00
796.00 186.00 73.00 160.00
796.00 181.00 74.00 162.00
796.00 174.00 75.00 164.00
794.00 166.00 75.00 166.00
793.00 160.00 76.00 168.00
790.00 153.00 77.00 168.00
789.00 146.00 77.00 170.00
786.00 141.00 78.00 171.00
783.00 135.00 78.00 172.00
779.00 128.00 79.00 173.00
776.00 123.00 79.00 174.00
772.00 118.00 80.00 175.00
769.00 113.00 80.00 175.00
769.00 109.00 79.00 174.00
769.00 107.00 80.00 176.00
768.00 104.00 80.00 176.00
765.00 101.00 80.00 176.00
764.00 99.00 80.00 176.00
764.00 98.00 80.00 176.00
763.00 98.00 80.00 177.00
764.00 100.00 82.00 180.00
768.00 99.00 83.00 182.00
773.00 99.00 83.00 183.00
777.00 99.00 84.00 185.00
779.00 101.00 85.00 186.00
779.00 104.00 85.00 186.00
780.00 106.00 85.00 187.00
781.00 106.00 84.00 185.00
783.00 108.00 84.00 184.00
784.00 111.00 83.00 183.00
783.00 114.00 84.00 184.00
782.00 117.00 84.00 186.00
781.00 117.00 84.00 185.00
782.00 118.00 84.00 184.00
783.00 120.00 85.00 186.00
784.00 122.00 85.00 187.00
784.00 126.00 84.00 184.00
783.00 130.00 84.00 185.00
781.00 133.00 84.00 185.00
779.00 136.00 84.00 185.00
779.00 138.00 84.00 185.00
778.00 139.00 83.00 182.00
777.00 143.00 83.00 182.00
776.00 150.00 82.00 181.00
778.00 157.00 81.00 179.00
780.00 163.00 81.00 179.00
780.00 167.00 81.00 178.00
780.00 169.00 81.00 179.00
783.00 172.00 81.00 179.00
786.00 176.00 81.00 177.00
789.00 178.00 80.00 176.00
790.00 179.00 79.00 174.00
791.00 181.00 79.00 174.00
792.00 181.00 80.00 176.00
792.00 179.00 80.00 177.00
791.00 178.00 80.00 176.00
790.00 178.00 80.00 175.00
789.00 175.00 80.00 175.00
787.00 170.00 79.00 173.00
786.00 165.00 78.00 172.00
782.00 160.00 77.00 170.00
779.00 156.00 77.00 168.00
775.00 152.00 76.00 167.00
768.00 146.00 75.00 165.00
762.00 142.00 75.00 165.00
755.00 138.00 74.00 163.00
749.00 135.00 73.00 160.00
742.00 133.00 72.00 157.00
735.00 132.00 71.00 156.00
730.00 132.00 71.00 156.00
724.00 129.00 71.00 157.00
721.00 129.00 72.00 158.00
717.00 129.00 72.00 159.00
713.00 130.00 72.00 158.00
709.00 133.00 72.00 159.00
705.00 135.00 73.00 160.00
701.00 138.00 72.00 159.00
699.00 140.00 72.00 159.00
698.00 143.00 72.00 158.00
699.00 147.00 71.00 157.00
702.00 152.00 71.00 156.00
704.00 160.00 71.00 156.00
706.00 167.00 71.00 155.00
709.00 171.00 70.00 154.00
711.00 174.00 70.00 154.00
712.00 176.00 70.00 154.00
713.00 179.00 71.00 155.00
717.00 182.00 71.00 156.00
722.00 184.00 72.00 159.00
725.00 186.00 73.00 161.00
730.00 185.00 73.00 161.00
736.00 184.00 73.00 160.00
743.00 181.00 73.00 159.00
752.00 180.00 72.00 159.00
761.00 178.00 71.00 157.00
769.00 175.00 71.00 156.00
774.00 170.00 72.00 157.00
777.00 163.00 72.00 157.00
781.00 155.00 72.00 158.00
787.00 149.00 73.00 159.00
792.00 141.00 73.00 160.00
796.00 133.00 73.00 160.00
798.00 125.00 73.00 160.00
799.00 117.00 73.00 160.00
800.00 110.00 72.00 158.00
798.00 103.00 71.00 156.00
797.00 97.00 71.00 156.00
794.00 92.00 71.00 156.00
791.00 88.00 71.00 155.00
789.00 85.00 70.00 154.00
785.00 82.00 70.00 154.00
781.00 79.00 70.00 155.00
777.00 77.00 71.00 157.00
773.00 75.00 72.00 159.00
771.00 73.00 73.00 161.00
770.00 71.00 74.00 164.00
769.00 70.00 76.00 167.00
766.00 68.00 77.00 170.00
762.00 67.00 79.00 173.00
759.00 65.00 80.00 176.00
757.00 64.00 81.00 177.00
753.00 64.00 81.00 178.00
747.00 64.00 81.00 178.00
745.00 65.00 82.00 181.00
742.00 67.00 82.00 181.00
739.00 70.00 84.00 184.00
736.00 72.00 84.00 184.00
733.00 76.00 84.00 184.00
730.00 79.00 84.00 184.00
725.00 84.00 83.00 182.00
721.00 89.00 83.00 183.00
718.00 95.00 84.00 184.00
715.00 99.00 84.00 186.00
713.00 104.00 83.00 183.00
713.00 109.00 82.00 181.00
714.00 115.00 83.00 182.00
713.00 123.00 83.00 183.00
710.00 134.00 83.00 182.00
708.00 146.00 83.00 182.00
705.00 156.00 83.00 182.00
705.00 165.00 83.00 181.00
706.00 173.00 82.00 181.00
709.00 182.00 81.00 178.00
713.00 194.00 81.00 178.00
715.00 204.00 81.00 177.00
719.00 217.00 81.00 177.00
720.00 226.00 81.00 179.00
719.00 236.00 81.00 177.00
719.00 244.00 80.00 177.00
718.00 250.00 79.00 175.00
718.00 257.00 79.00 173.00
717.00 265.00 77.00 170.00
717.00 272.00 76.00 166.00
715.00 275.00 74.00 162.00
716.00 278.00 72.00 158.00
719.00 278.00 70.00 155.00
721.00 281.00 69.00 151.00
723.00 284.00 67.00 148.00
725.00 284.00 66.00 144.00
729.00 285.00 64.00 140.00
729.00 284.00 63.00 138.00
730.00 284.00 61.00 135.00
732.00 283.00 61.00 133.00
731.00 281.00 60.00 131.00
729.00 277.00 59.00 129.00
726.00 272.00 58.00 127.00
724.00 265.00 57.00 126.00
722.00 256.00 57.00 125.00
720.00 247.00 57.00 125.00
717.00 238.00 56.00 124.00
713.00 228.00 56.00 123.00
708.00 219.00 56.00 123.00
703.00 210.00 56.00 123.00
695.00 202.00 56.00 123.00
686.00 195.00 56.00 124.00
678.00 187.00 57.00 125.00
671.00 180.00 57.00 126.00
663.00 176.00 58.00 127.00
656.00 172.00 59.00 129.00
650.00 168.00 59.00 131.00
645.00 164.00 60.00 132.00
640.00 159.00 61.00 134.00
634.00 153.00 61.00 134.00
630.00 147.00 61.00 134.00
623.00 141.00 62.00 135.00
616.00 135.00 62.00 137.00
608.00 129.00 63.00 139.00
600.00 124.00 65.00 142.00
594.00 118.00 66.00 145.00
589.00 112.00 67.00 148.00
582.00 107.00 69.00 151.00
577.00 102.00 71.00 155.00
570.00 98.00 72.00 159.00
563.00 94.00 74.00 163.00
555.00 89.00 76.00 167.00
550.00 88.00 77.00 170.00
544.00 85.00 79.00 174.00
537.00 83.00 80.00 175.00
532.00 82.00 80.00 176.00
529.00 82.00 81.00 177.00
525.00 83.00 81.00 177.00
521.00 83.00 81.00 177.00
519.00 83.00 81.00 177.00
518.00 86.00 80.00 175.00
517.00 89.00 79.00 174.00
519.00 92.00 79.00 173.00
517.00 94.00 78.00 172.00
517.00 97.00 78.00 172.00
516.00 99.00 78.00 172.00
517.00 101.00 78.00 171.00
519.00 105.00 78.00 171.00
521.00 110.00 78.00 172.00
521.00 114.00 78.00 172.00
523.00 119.00 79.00 173.00
527.00 123.00 80.00 176.00
530.00 126.00 81.00 178.00
530.00 130.00 82.00 180.00
532.00 134.00 83.00 182.00
532.00 137.00 82.00 181.00
532.00 142.00 83.00 182.00
530.00 147.00 83.00 183.00
531.00 151.00 84.00 184.00
531.00 155.00 83.00 183.00
532.00 160.00 84.00 184.00
531.00 163.00 84.00 184.00
532.00 166.00 84.00 184.00
531.00 169.00 84.00 184.00
532.00 172.00 84.00 184.00
533.00 174.00 83.00 183.00
535.00 178.00 83.00 183.00
538.00 179.00 83.00 183.00
541.00 179.00 83.00 183.00
545.00 176.00 82.00 180.00
548.00 175.00 82.00 179.00
550.00 173.00 80.00 176.00
554.00 172.00 78.00 172.00
559.00 170.00 77.00 169.00
563.00 167.00 76.00 167.00
568.00 163.00 75.00 165.00
573.00 160.00 75.00 164.00
578.00 157.00 73.00 161.00
585.00 154.00 72.00 159.00
590.00 151.00 71.00 157.00
598.00 148.00 71.00 156.00
605.00 145.00 71.00 155.00
613.00 144.00 71.00 156.00
621.00 143.00 71.00 156.00
626.00 140.00 70.00 154.00
632.00 140.00 70.00 155.00
639.00 140.00 70.00 154.00
646.00 142.00 69.00 152.00
653.00 145.00 69.00 151.00
659.00 150.00 68.00 150.00
663.00 154.00 67.00 147.00
663.00 161.00 66.00 145.00
664.00 168.00 66.00 145.00
667.00 174.00 66.00 146.00
670.00 178.00 66.00 144.00
675.00 183.00 65.00 143.00
681.00 187.00 64.00 141.00
686.00 191.00 64.00 142.00
690.00 195.00 65.00 143.00
697.00 201.00 66.00 146.00
698.00 199.00 67.00 146.00
703.00 200.00 68.00 149.00
710.00 200.00 68.00 150.00
708.00 199.00 68.00 150.00
711.00 200.00 68.00 149.00
713.00 200.00 67.00 148.00
713.00 199.00 67.00 148.00
714.00 199.00 66.00 146.00
713.00 200.00 66.00 145.00
712.00 200.00 66.00 145.00
711.00 202.00 66.00 145.00
708.00 203.00 66.00 145.00
706.00 205.00 67.00 147.00
705.00 208.00 68.00 149.00
704.00 211.00 68.00 150.00
702.00 212.00 69.00 151.00
701.00 215.00 69.00 153.00
699.00 219.00 70.00 153.00
697.00 223.00 70.00 155.00
694.00 228.00 71.00 156.00
692.00 234.00 71.00 156.00
687.00 239.00 71.00 157.00
682.00 244.00 70.00 155.00
680.00 250.00 69.00 152.00
678.00 253.00 68.00 150.00
676.00 256.00 67.00 148.00
674.00 258.00 67.00 147.00
670.00 260.00 66.00 145.00
675.00 237.00 65.00 143.00
671.00 247.00 64.00 140.00
670.00 252.00 66.00 144.00
672.00 262.00 67.00 146.00
661.00 244.00 64.00 141.00
665.00 245.00 64.00 140.00
668.00 248.00 66.00 145.00
666.00 248.00 69.00 151.00
662.00 249.00 71.00 155.00
651.00 243.00 73.00 161.00
641.00 241.00 76.00 166.00
630.00 239.00 77.00 169.00
620.00 239.00 78.00 171.00
609.00 242.00 79.00 174.00
595.00 243.00 81.00 177.00
582.00 244.00 81.00 178.00
567.00 243.00 81.00 179.00
554.00 242.00 82.00 179.00
542.00 242.00 82.00 179.00
531.00 244.00 82.00 180.00
522.00 245.00 83.00 182.00
512.00 245.00 84.00 184.00
502.00 244.00 84.00 184.00
494.00 243.00 85.00 186.00
486.00 241.00 85.00 187.00
478.00 240.00 85.00 186.00
472.00 240.00 86.00 188.00
462.00 239.00 85.00 188.00
454.00 238.00 86.00 189.00
