756.00 339.00 83.00 132.00
742.00 344.00 83.00 132.00
734.00 349.00 83.00 132.00
731.00 352.00 83.00 131.00
725.00 354.00 84.00 133.00
720.00 361.00 81.00 129.00
715.00 363.00 79.00 125.00
711.00 364.00 77.00 123.00
705.00 365.00 77.00 123.00
701.00 365.00 77.00 122.00
696.00 365.00 77.00 122.00
692.00 366.00 77.00 122.00
688.00 365.00 77.00 123.00
684.00 365.00 78.00 124.00
681.00 365.00 78.00 125.00
675.00 364.00 78.00 124.00
674.00 364.00 78.00 123.00
672.00 362.00 76.00 121.00
670.00 358.00 76.00 121.00
668.00 356.00 76.00 120.00
665.00 352.00 76.00 120.00
664.00 346.00 75.00 120.00
663.00 342.00 75.00 119.00
663.00 341.00 75.00 119.00
663.00 339.00 74.00 118.00
665.00 338.00 74.00 118.00
670.00 337.00 74.00 118.00
672.00 337.00 73.00 117.00
664.00 330.00 73.00 116.00
664.00 262.00 74.00 118.00
649.00 241.00 75.00 119.00
672.00 272.00 75.00 119.00
681.00 269.00 75.00 119.00
733.00 268.00 77.00 123.00
737.00 261.00 76.00 121.00
728.00 244.00 78.00 124.00
678.00 258.00 79.00 125.00
689.00 257.00 80.00 127.00
697.00 250.00 81.00 128.00
705.00 247.00 81.00 129.00
718.00 241.00 82.00 130.00
725.00 237.00 82.00 131.00
734.00 238.00 81.00 129.00
732.00 239.00 80.00 127.00
740.00 231.00 79.00 126.00
730.00 263.00 79.00 126.00
730.00 260.00 79.00 125.00
730.00 258.00 79.00 125.00
727.00 256.00 79.00 125.00
745.00 205.00 78.00 124.00
751.00 202.00 78.00 124.00
752.00 205.00 76.00 121.00
753.00 222.00 76.00 121.00
776.00 187.00 76.00 121.00
769.00 180.00 77.00 122.00
767.00 185.00 78.00 124.00
766.00 185.00 80.00 128.00
758.00 192.00 81.00 129.00
761.00 190.00 82.00 131.00
758.00 190.00 84.00 134.00
740.00 201.00 84.00 134.00
740.00 201.00 84.00 134.00
811.00 229.00 85.00 135.00
814.00 227.00 85.00 135.00
817.00 227.00 85.00 135.00
818.00 226.00 85.00 136.00
812.00 213.00 84.00 134.00
806.00 179.00 85.00 135.00
814.00 207.00 85.00 135.00
818.00 206.00 85.00 134.00
816.00 211.00 85.00 135.00
826.00 212.00 86.00 137.00
821.00 214.00 87.00 138.00
806.00 255.00 86.00 137.00
809.00 258.00 87.00 138.00
806.00 258.00 87.00 138.00
806.00 262.00 86.00 136.00
802.00 263.00 85.00 135.00
798.00 263.00 84.00 134.00
794.00 268.00 84.00 134.00
791.00 275.00 83.00 133.00
789.00 279.00 82.00 131.00
787.00 283.00 82.00 131.00
786.00 287.00 82.00 130.00
781.00 293.00 81.00 129.00
779.00 298.00 81.00 128.00
774.00 300.00 80.00 127.00
769.00 304.00 80.00 126.00
768.00 307.00 80.00 127.00
762.00 314.00 80.00 127.00
759.00 319.00 80.00 127.00
754.00 324.00 80.00 128.00
746.00 329.00 81.00 129.00
749.00 329.00 80.00 128.00
745.00 333.00 81.00 129.00
739.00 339.00 81.00 129.00
737.00 341.00 82.00 130.00
730.00 345.00 82.00 130.00
722.00 347.00 83.00 131.00
718.00 346.00 84.00 133.00
710.00 343.00 84.00 134.00
714.00 343.00 86.00 137.00
691.00 304.00 85.00 135.00
674.00 302.00 85.00 135.00
654.00 297.00 85.00 135.00
644.00 293.00 85.00 135.00
639.00 292.00 85.00 136.00
653.00 294.00 85.00 136.00
623.00 294.00 86.00 136.00
620.00 291.00 86.00 137.00
617.00 289.00 87.00 138.00
689.00 288.00 87.00 138.00
688.00 285.00 87.00 139.00
690.00 284.00 87.00 138.00
686.00 282.00 87.00 138.00
684.00 280.00 86.00 137.00
679.00 277.00 85.00 136.00
678.00 275.00 84.00 133.00
677.00 273.00 83.00 131.00
678.00 273.00 82.00 131.00
678.00 271.00 82.00 131.00
678.00 269.00 82.00 131.00
678.00 268.00 82.00 130.00
672.00 267.00 81.00 129.00
674.00 270.00 81.00 129.00
678.00 271.00 81.00 128.00
686.00 271.00 81.00 128.00
645.00 259.00 82.00 130.00
648.00 255.00 82.00 131.00
652.00 254.00 82.00 131.00
685.00 280.00 83.00 132.00
689.00 277.00 83.00 132.00
695.00 273.00 83.00 132.00
696.00 273.00 83.00 132.00
699.00 271.00 82.00 131.00
647.00 258.00 83.00 132.00
646.00 253.00 84.00 133.00
643.00 251.00 84.00 134.00
638.00 249.00 84.00 134.00
632.00 248.00 84.00 133.00
628.00 250.00 84.00 134.00
622.00 252.00 85.00 136.00
660.00 240.00 85.00 136.00
659.00 239.00 85.00 135.00
657.00 236.00 85.00 135.00
655.00 238.00 85.00 135.00
649.00 240.00 85.00 135.00
649.00 240.00 85.00 134.00
647.00 239.00 84.00 134.00
647.00 238.00 85.00 135.00
645.00 238.00 84.00 134.00
675.00 218.00 85.00 135.00
671.00 217.00 86.00 137.00
668.00 215.00 88.00 139.00
671.00 214.00 88.00 140.00
670.00 213.00 89.00 141.00
730.00 213.00 88.00 140.00
733.00 211.00 88.00 140.00
738.00 212.00 87.00 138.00
740.00 213.00 87.00 138.00
737.00 213.00 86.00 136.00
737.00 214.00 86.00 136.00
736.00 215.00 86.00 137.00
741.00 216.00 87.00 138.00
742.00 216.00 87.00 139.00
742.00 216.00 87.00 139.00
744.00 218.00 89.00 141.00
746.00 219.00 89.00 142.00
749.00 222.00 89.00 141.00
750.00 226.00 88.00 141.00
752.00 230.00 88.00 140.00
753.00 233.00 89.00 141.00
754.00 236.00 89.00 141.00
754.00 241.00 89.00 141.00
756.00 247.00 89.00 141.00
758.00 250.00 88.00 140.00
758.00 255.00 88.00 140.00
764.00 261.00 88.00 140.00
769.00 265.00 88.00 140.00
774.00 271.00 88.00 140.00
777.00 275.00 88.00 140.00
781.00 279.00 88.00 140.00
785.00 282.00 87.00 139.00
789.00 285.00 87.00 139.00
791.00 288.00 88.00 140.00
791.00 292.00 89.00 142.00
789.00 295.00 90.00 143.00
787.00 298.00 91.00 144.00
784.00 306.00 91.00 145.00
777.00 310.00 92.00 146.00
774.00 316.00 92.00 147.00
771.00 320.00 94.00 149.00
766.00 323.00 94.00 150.00
762.00 327.00 94.00 150.00
757.00 329.00 94.00 150.00
750.00 330.00 94.00 149.00
742.00 330.00 92.00 147.00
735.00 332.00 91.00 144.00
733.00 335.00 90.00 142.00
722.00 333.00 88.00 140.00
714.00 332.00 86.00 137.00
707.00 331.00 85.00 135.00
701.00 330.00 84.00 134.00
696.00 330.00 82.00 131.00
690.00 330.00 81.00 129.00
685.00 331.00 80.00 128.00
680.00 330.00 80.00 127.00
674.00 329.00 79.00 125.00
669.00 329.00 78.00 124.00
665.00 330.00 78.00 124.00
662.00 329.00 77.00 122.00
657.00 324.00 77.00 122.00
654.00 319.00 77.00 123.00
652.00 312.00 79.00 126.00
652.00 304.00 81.00 129.00
650.00 296.00 83.00 132.00
649.00 287.00 84.00 134.00
648.00 278.00 84.00 134.00
646.00 272.00 85.00 135.00
644.00 267.00 84.00 134.00
643.00 261.00 84.00 133.00
642.00 259.00 84.00 133.00
639.00 251.00 84.00 133.00
632.00 247.00 84.00 134.00
629.00 243.00 84.00 134.00
626.00 239.00 86.00 137.00
624.00 240.00 86.00 137.00
624.00 251.00 86.00 137.00
625.00 257.00 86.00 137.00
633.00 264.00 86.00 136.00
638.00 265.00 85.00 135.00
640.00 269.00 84.00 134.00
643.00 268.00 84.00 134.00
642.00 267.00 84.00 134.00
646.00 268.00 84.00 134.00
648.00 268.00 84.00 134.00
650.00 270.00 84.00 134.00
651.00 272.00 83.00 132.00
652.00 274.00 83.00 132.00
659.00 275.00 83.00 131.00
662.00 277.00 82.00 131.00
663.00 280.00 81.00 129.00
666.00 282.00 79.00 126.00
669.00 288.00 79.00 125.00
670.00 293.00 78.00 124.00
666.00 299.00 78.00 125.00
670.00 304.00 79.00 125.00
676.00 309.00 79.00 125.00
684.00 314.00 79.00 126.00
685.00 321.00 79.00 125.00
686.00 331.00 78.00 124.00
693.00 338.00 77.00 123.00
701.00 345.00 77.00 123.00
705.00 352.00 77.00 122.00
707.00 355.00 76.00 121.00
713.00 359.00 75.00 120.00
720.00 363.00 75.00 119.00
718.00 328.00 74.00 118.00
724.00 327.00 74.00 118.00
728.00 331.00 74.00 118.00
681.00 353.00 73.00 116.00
658.00 377.00 73.00 116.00
722.00 386.00 74.00 117.00
723.00 385.00 74.00 118.00
722.00 387.00 74.00 117.00
725.00 386.00 74.00 117.00
728.00 384.00 74.00 118.00
725.00 384.00 75.00 119.00
716.00 384.00 75.00 120.00
712.00 380.00 75.00 120.00
706.00 376.00 74.00 118.00
696.00 377.00 74.00 118.00
689.00 377.00 74.00 117.00
684.00 376.00 74.00 117.00
679.00 375.00 74.00 117.00
674.00 375.00 75.00 120.00
667.00 372.00 76.00 120.00
659.00 372.00 76.00 121.00
652.00 372.00 77.00 122.00
