62.00 47.00 5.00 6.00
62.00 46.00 5.00 6.00
62.00 49.00 5.00 6.00
62.00 57.00 5.00 6.00
62.00 60.00 5.00 6.00
61.00 54.00 5.00 6.00
63.00 53.00 5.00 6.00
64.00 54.00 5.00 5.00
64.00 54.00 4.00 5.00
62.00 56.00 4.00 5.00
62.00 56.00 4.00 5.00
61.00 55.00 4.00 5.00
63.00 55.00 4.00 5.00
63.00 55.00 4.00 5.00
62.00 54.00 4.00 5.00
63.00 54.00 4.00 5.00
63.00 55.00 4.00 5.00
61.00 56.00 4.00 5.00
60.00 59.00 4.00 5.00
61.00 59.00 4.00 5.00
63.00 64.00 4.00 5.00
64.00 67.00 4.00 5.00
64.00 73.00 4.00 5.00
66.00 76.00 4.00 5.00
67.00 81.00 4.00 5.00
68.00 80.00 4.00 5.00
68.00 80.00 4.00 5.00
71.00 79.00 4.00 5.00
78.00 80.00 4.00 5.00
78.00 79.00 4.00 5.00
78.00 76.00 4.00 5.00
77.00 76.00 4.00 5.00
77.00 76.00 4.00 5.00
76.00 77.00 5.00 6.00
77.00 75.00 5.00 6.00
80.00 75.00 5.00 6.00
79.00 80.00 5.00 6.00
80.00 83.00 5.00 6.00
80.00 84.00 5.00 6.00
80.00 82.00 5.00 6.00
80.00 82.00 5.00 6.00
77.00 79.00 5.00 6.00
76.00 74.00 5.00 6.00
76.00 75.00 5.00 6.00
76.00 76.00 5.00 6.00
76.00 77.00 5.00 6.00
77.00 78.00 5.00 6.00
80.00 81.00 5.00 6.00
79.00 83.00 5.00 6.00
79.00 83.00 5.00 6.00
80.00 81.00 5.00 6.00
80.00 81.00 5.00 6.00
81.00 83.00 5.00 6.00
81.00 85.00 5.00 6.00
80.00 83.00 5.00 5.00
80.00 82.00 5.00 5.00
80.00 81.00 5.00 6.00
80.00 84.00 5.00 6.00
79.00 82.00 5.00 6.00
81.00 79.00 5.00 6.00
81.00 78.00 5.00 6.00
80.00 79.00 5.00 6.00
80.00 81.00 5.00 6.00
80.00 82.00 5.00 6.00
77.00 82.00 5.00 6.00
78.00 82.00 5.00 6.00
78.00 85.00 5.00 6.00
78.00 86.00 5.00 6.00
78.00 83.00 5.00 6.00
79.00 82.00 5.00 6.00
78.00 81.00 5.00 6.00
79.00 81.00 5.00 6.00
81.00 80.00 5.00 6.00
82.00 78.00 5.00 6.00
81.00 80.00 5.00 6.00
81.00 82.00 5.00 6.00
80.00 82.00 5.00 6.00
80.00 82.00 5.00 6.00
78.00 81.00 5.00 6.00
78.00 80.00 5.00 6.00
78.00 80.00 5.00 6.00
80.00 79.00 5.00 6.00
80.00 79.00 5.00 6.00
81.00 77.00 5.00 6.00
81.00 77.00 5.00 6.00
78.00 73.00 5.00 6.00
78.00 70.00 5.00 6.00
78.00 70.00 5.00 6.00
78.00 71.00 5.00 6.00
77.00 73.00 5.00 6.00
76.00 73.00 5.00 6.00
76.00 72.00 5.00 6.00
76.00 72.00 5.00 6.00
76.00 72.00 5.00 6.00
77.00 70.00 5.00 6.00
77.00 71.00 5.00 6.00
77.00 73.00 5.00 6.00
77.00 73.00 5.00 6.00
77.00 73.00 5.00 6.00
77.00 70.00 5.00 6.00
76.00 69.00 5.00 6.00
76.00 70.00 5.00 6.00
76.00 70.00 5.00 6.00
77.00 72.00 5.00 6.00
75.00 70.00 5.00 6.00
75.00 70.00 5.00 6.00
76.00 70.00 5.00 6.00
75.00 70.00 5.00 6.00
75.00 69.00 5.00 6.00
74.00 69.00 5.00 6.00
74.00 70.00 5.00 6.00
74.00 71.00 5.00 6.00
74.00 71.00 5.00 6.00
74.00 68.00 5.00 6.00
74.00 68.00 5.00 6.00
74.00 68.00 5.00 6.00
74.00 68.00 5.00 6.00
75.00 68.00 5.00 6.00
74.00 68.00 5.00 6.00
75.00 68.00 5.00 6.00
75.00 68.00 5.00 6.00
75.00 68.00 5.00 6.00
74.00 69.00 5.00 6.00
73.00 68.00 5.00 6.00
73.00 67.00 5.00 6.00
74.00 68.00 5.00 6.00
74.00 68.00 5.00 6.00
74.00 68.00 5.00 6.00
74.00 68.00 5.00 6.00
74.00 68.00 5.00 6.00
74.00 68.00 5.00 6.00
74.00 67.00 5.00 6.00
74.00 67.00 5.00 6.00
74.00 68.00 5.00 6.00
74.00 68.00 5.00 6.00
74.00 68.00 5.00 6.00
74.00 68.00 5.00 6.00
74.00 68.00 5.00 6.00
74.00 68.00 5.00 6.00
75.00 68.00 5.00 6.00
75.00 69.00 5.00 6.00
75.00 69.00 5.00 6.00
75.00 69.00 5.00 6.00
75.00 68.00 5.00 6.00
75.00 68.00 5.00 6.00
75.00 68.00 5.00 6.00
75.00 68.00 5.00 6.00
75.00 66.00 5.00 6.00
75.00 68.00 5.00 6.00
75.00 68.00 5.00 6.00
74.00 68.00 5.00 6.00
74.00 68.00 5.00 6.00
74.00 68.00 5.00 6.00
77.00 63.00 5.00 6.00
77.00 66.00 5.00 6.00
74.00 68.00 5.00 6.00
74.00 68.00 5.00 6.00
75.00 68.00 5.00 6.00
74.00 68.00 5.00 6.00
74.00 68.00 5.00 6.00
74.00 68.00 5.00 6.00
74.00 68.00 5.00 6.00
74.00 67.00 5.00 6.00
74.00 67.00 5.00 6.00
74.00 67.00 5.00 6.00
74.00 67.00 5.00 6.00
74.00 67.00 5.00 6.00
74.00 67.00 5.00 6.00
74.00 67.00 5.00 6.00
74.00 67.00 5.00 6.00
74.00 66.00 5.00 6.00
75.00 67.00 5.00 6.00
74.00 68.00 5.00 6.00
73.00 67.00 5.00 6.00
74.00 68.00 5.00 6.00
74.00 67.00 5.00 6.00
74.00 66.00 5.00 6.00
73.00 66.00 5.00 6.00
74.00 66.00 5.00 6.00
74.00 66.00 5.00 6.00
74.00 66.00 5.00 6.00
74.00 66.00 5.00 6.00
74.00 66.00 5.00 6.00
73.00 66.00 5.00 6.00
73.00 66.00 5.00 6.00
74.00 66.00 5.00 6.00
74.00 66.00 5.00 6.00
74.00 66.00 5.00 6.00
74.00 66.00 5.00 6.00
74.00 66.00 5.00 6.00
74.00 66.00 5.00 6.00
74.00 66.00 5.00 6.00
74.00 66.00 5.00 6.00
74.00 66.00 5.00 6.00
74.00 66.00 5.00 6.00
74.00 66.00 5.00 6.00
75.00 69.00 5.00 6.00
75.00 71.00 5.00 6.00
