673.00 440.00 36.00 77.00
672.00 440.00 35.00 75.00
670.00 439.00 34.00 74.00
668.00 440.00 34.00 73.00
665.00 439.00 34.00 73.00
665.00 440.00 35.00 74.00
664.00 439.00 35.00 75.00
663.00 437.00 35.00 76.00
663.00 436.00 36.00 76.00
663.00 434.00 36.00 76.00
663.00 434.00 36.00 76.00
663.00 433.00 35.00 76.00
663.00 434.00 35.00 76.00
663.00 436.00 35.00 76.00
663.00 439.00 35.00 75.00
662.00 442.00 34.00 74.00
661.00 446.00 34.00 74.00
661.00 452.00 34.00 73.00
660.00 456.00 34.00 73.00
659.00 459.00 34.00 72.00
655.00 460.00 34.00 73.00
653.00 460.00 35.00 74.00
650.00 458.00 35.00 75.00
646.00 458.00 36.00 76.00
642.00 457.00 36.00 77.00
640.00 458.00 36.00 78.00
637.00 460.00 36.00 77.00
635.00 462.00 36.00 77.00
632.00 465.00 36.00 78.00
630.00 467.00 37.00 79.00
626.00 468.00 38.00 80.00
625.00 467.00 38.00 81.00
623.00 467.00 39.00 83.00
621.00 465.00 39.00 84.00
624.00 462.00 39.00 83.00
624.00 461.00 38.00 82.00
623.00 460.00 38.00 81.00
622.00 460.00 37.00 80.00
620.00 461.00 37.00 78.00
618.00 463.00 36.00 76.00
617.00 466.00 36.00 76.00
614.00 470.00 35.00 75.00
617.00 470.00 35.00 74.00
616.00 475.00 34.00 73.00
611.00 480.00 34.00 74.00
607.00 485.00 35.00 75.00
604.00 490.00 36.00 76.00
604.00 482.00 35.00 75.00
602.00 477.00 35.00 74.00
602.00 476.00 34.00 73.00
598.00 476.00 34.00 73.00
593.00 484.00 34.00 73.00
592.00 479.00 34.00 73.00
587.00 472.00 36.00 76.00
583.00 469.00 36.00 78.00
581.00 468.00 37.00 79.00
579.00 468.00 37.00 79.00
575.00 469.00 37.00 79.00
572.00 470.00 37.00 79.00
571.00 471.00 37.00 79.00
570.00 473.00 36.00 78.00
569.00 476.00 36.00 77.00
567.00 479.00 36.00 77.00
565.00 483.00 36.00 77.00
563.00 487.00 36.00 76.00
560.00 492.00 35.00 76.00
558.00 494.00 36.00 76.00
557.00 496.00 35.00 76.00
558.00 496.00 36.00 76.00
558.00 496.00 36.00 76.00
558.00 495.00 36.00 76.00
559.00 495.00 35.00 76.00
562.00 494.00 35.00 76.00
565.00 493.00 36.00 76.00
567.00 492.00 37.00 78.00
569.00 488.00 37.00 79.00
571.00 484.00 38.00 81.00
573.00 481.00 38.00 81.00
575.00 478.00 38.00 82.00
577.00 474.00 39.00 83.00
579.00 472.00 39.00 83.00
580.00 470.00 39.00 83.00
581.00 468.00 38.00 82.00
584.00 468.00 38.00 82.00
586.00 468.00 38.00 82.00
587.00 469.00 38.00 81.00
589.00 470.00 38.00 82.00
592.00 471.00 38.00 82.00
594.00 472.00 39.00 82.00
598.00 472.00 39.00 83.00
600.00 472.00 38.00 82.00
603.00 471.00 39.00 82.00
605.00 468.00 39.00 83.00
607.00 466.00 39.00 83.00
608.00 463.00 39.00 83.00
608.00 460.00 39.00 82.00
610.00 459.00 38.00 82.00
611.00 459.00 38.00 81.00
613.00 460.00 38.00 81.00
613.00 460.00 37.00 80.00
615.00 462.00 38.00 80.00
616.00 464.00 37.00 80.00
617.00 468.00 37.00 80.00
619.00 473.00 37.00 79.00
619.00 476.00 37.00 79.00
618.00 478.00 37.00 80.00
616.00 479.00 37.00 80.00
613.00 480.00 37.00 79.00
610.00 479.00 37.00 80.00
606.00 479.00 38.00 81.00
601.00 478.00 38.00 81.00
596.00 477.00 38.00 81.00
591.00 477.00 38.00 82.00
586.00 476.00 39.00 83.00
580.00 476.00 39.00 84.00
574.00 474.00 39.00 84.00
569.00 473.00 39.00 83.00
564.00 473.00 39.00 83.00
558.00 473.00 39.00 83.00
552.00 473.00 39.00 83.00
545.00 474.00 40.00 85.00
539.00 476.00 39.00 84.00
534.00 478.00 39.00 84.00
529.00 480.00 39.00 84.00
523.00 480.00 39.00 84.00
517.00 480.00 39.00 84.00
510.00 482.00 39.00 84.00
501.00 480.00 39.00 84.00
494.00 480.00 39.00 83.00
488.00 481.00 39.00 83.00
481.00 481.00 39.00 82.00
475.00 479.00 38.00 81.00
465.00 478.00 39.00 82.00
459.00 474.00 39.00 84.00
452.00 471.00 39.00 84.00
445.00 470.00 39.00 84.00
438.00 470.00 39.00 84.00
432.00 471.00 40.00 85.00
426.00 471.00 40.00 86.00
420.00 473.00 40.00 85.00
414.00 475.00 39.00 84.00
410.00 478.00 39.00 84.00
405.00 482.00 39.00 83.00
399.00 487.00 38.00 82.00
392.00 493.00 38.00 81.00
386.00 499.00 38.00 80.00
382.00 502.00 37.00 80.00
380.00 505.00 38.00 80.00
377.00 507.00 37.00 80.00
376.00 509.00 37.00 80.00
376.00 511.00 37.00 80.00
376.00 511.00 37.00 80.00
378.00 511.00 37.00 79.00
381.00 510.00 37.00 80.00
383.00 508.00 37.00 80.00
389.00 505.00 38.00 81.00
394.00 502.00 38.00 82.00
400.00 499.00 39.00 83.00
406.00 497.00 39.00 83.00
412.00 496.00 39.00 83.00
417.00 494.00 39.00 83.00
422.00 492.00 39.00 84.00
429.00 490.00 39.00 84.00
434.00 488.00 39.00 84.00
440.00 488.00 39.00 84.00
446.00 488.00 39.00 84.00
452.00 489.00 40.00 85.00
458.00 489.00 40.00 85.00
464.00 490.00 40.00 85.00
471.00 490.00 40.00 85.00
477.00 490.00 40.00 85.00
484.00 490.00 40.00 85.00
491.00 490.00 40.00 85.00
498.00 489.00 40.00 86.00
504.00 487.00 41.00 87.00
509.00 485.00 41.00 87.00
515.00 484.00 40.00 87.00
520.00 484.00 40.00 86.00
525.00 484.00 40.00 85.00
531.00 485.00 40.00 85.00
536.00 487.00 39.00 84.00
541.00 490.00 39.00 83.00
547.00 494.00 39.00 82.00
554.00 498.00 38.00 81.00
559.00 500.00 38.00 81.00
567.00 503.00 38.00 82.00
575.00 502.00 39.00 83.00
582.00 501.00 39.00 84.00
589.00 500.00 39.00 84.00
594.00 499.00 39.00 84.00
600.00 497.00 39.00 84.00
605.00 496.00 39.00 84.00
610.00 494.00 39.00 84.00
615.00 493.00 40.00 85.00
620.00 492.00 40.00 85.00
625.00 491.00 40.00 85.00
630.00 492.00 40.00 85.00
635.00 492.00 40.00 85.00
640.00 493.00 40.00 84.00
646.00 494.00 40.00 85.00
651.00 495.00 39.00 84.00
655.00 496.00 39.00 84.00
659.00 497.00 39.00 84.00
664.00 498.00 39.00 84.00
669.00 499.00 39.00 84.00
675.00 500.00 39.00 84.00
681.00 502.00 39.00 84.00
686.00 503.00 39.00 83.00
692.00 504.00 39.00 83.00
697.00 504.00 38.00 81.00
703.00 506.00 38.00 81.00
708.00 507.00 37.00 80.00
711.00 509.00 37.00 78.00
715.00 510.00 36.00 77.00
721.00 509.00 35.00 75.00
729.00 505.00 35.00 76.00
733.00 504.00 36.00 76.00
732.00 504.00 35.00 75.00
736.00 502.00 35.00 75.00
740.00 503.00 35.00 75.00
744.00 504.00 35.00 76.00
747.00 491.00 36.00 77.00
752.00 490.00 36.00 78.00
757.00 490.00 37.00 79.00
761.00 491.00 37.00 79.00
764.00 491.00 37.00 79.00
768.00 493.00 37.00 79.00
772.00 495.00 37.00 79.00
775.00 498.00 37.00 79.00
777.00 501.00 37.00 78.00
781.00 505.00 37.00 79.00
783.00 509.00 37.00 79.00
785.00 512.00 37.00 80.00
785.00 514.00 38.00 80.00
784.00 512.00 37.00 80.00
784.00 510.00 37.00 80.00
783.00 508.00 37.00 80.00
783.00 509.00 37.00 80.00
781.00 507.00 38.00 80.00
778.00 504.00 38.00 81.00
774.00 502.00 38.00 81.00
771.00 502.00 38.00 82.00
767.00 501.00 38.00 82.00
764.00 501.00 38.00 82.00
760.00 501.00 38.00 81.00
756.00 499.00 38.00 81.00
752.00 497.00 38.00 81.00
749.00 494.00 38.00 81.00
746.00 491.00 38.00 81.00
744.00 490.00 38.00 81.00
744.00 502.00 38.00 82.00
741.00 500.00 39.00 83.00
737.00 500.00 39.00 83.00
734.00 501.00 39.00 84.00
731.00 503.00 39.00 84.00
729.00 504.00 39.00 84.00
726.00 504.00 39.00 84.00
720.00 490.00 40.00 85.00
716.00 488.00 40.00 86.00
711.00 487.00 40.00 86.00
707.00 487.00 40.00 86.00
703.00 487.00 41.00 87.00
699.00 488.00 41.00 88.00
695.00 487.00 41.00 88.00
691.00 485.00 41.00 88.00
687.00 484.00 42.00 89.00
686.00 479.00 42.00 89.00
684.00 476.00 41.00 88.00
682.00 475.00 41.00 87.00
680.00 474.00 41.00 87.00
677.00 474.00 40.00 86.00
675.00 475.00 40.00 86.00
673.00 477.00 40.00 85.00
671.00 479.00 40.00 85.00
669.00 482.00 39.00 84.00
668.00 485.00 39.00 83.00
667.00 488.00 39.00 83.00
667.00 489.00 39.00 82.00
670.00 489.00 38.00 82.00
673.00 488.00 38.00 81.00
677.00 487.00 38.00 81.00
682.00 487.00 38.00 82.00
687.00 483.00 39.00 84.00
693.00 481.00 39.00 84.00
697.00 480.00 40.00 85.00
701.00 478.00 40.00 85.00
710.00 476.00 39.00 84.00
717.00 473.00 39.00 84.00
722.00 470.00 39.00 84.00
728.00 470.00 39.00 83.00
731.00 470.00 39.00 82.00
736.00 470.00 38.00 82.00
742.00 470.00 38.00 82.00
748.00 470.00 38.00 82.00
756.00 468.00 38.00 82.00
764.00 468.00 38.00 82.00
772.00 468.00 38.00 82.00
779.00 465.00 38.00 82.00
785.00 463.00 38.00 81.00
792.00 464.00 38.00 81.00
799.00 463.00 38.00 80.00
806.00 460.00 38.00 81.00
814.00 458.00 38.00 81.00
819.00 455.00 38.00 82.00
823.00 450.00 39.00 83.00
827.00 447.00 39.00 82.00
833.00 445.00 39.00 83.00
839.00 444.00 39.00 83.00
845.00 443.00 39.00 83.00
851.00 444.00 39.00 83.00
857.00 445.00 39.00 82.00
863.00 445.00 38.00 82.00
869.00 447.00 38.00 82.00
875.00 451.00 38.00 80.00
879.00 454.00 37.00 79.00
884.00 458.00 36.00 78.00
889.00 463.00 35.00 76.00
893.00 466.00 35.00 76.00
896.00 468.00 35.00 75.00
896.00 468.00 35.00 75.00
896.00 466.00 34.00 74.00
896.00 464.00 34.00 73.00
895.00 463.00 33.00 72.00
895.00 464.00 34.00 72.00
890.00 460.00 33.00 71.00
887.00 460.00 33.00 70.00
884.00 461.00 33.00 70.00
880.00 461.00 32.00 69.00
875.00 461.00 32.00 69.00
871.00 461.00 32.00 69.00
865.00 460.00 32.00 68.00
860.00 458.00 32.00 69.00
855.00 456.00 32.00 68.00
852.00 455.00 32.00 69.00
848.00 454.00 33.00 70.00
844.00 454.00 33.00 71.00
839.00 455.00 34.00 72.00
835.00 457.00 34.00 73.00
830.00 458.00 34.00 73.00
826.00 458.00 35.00 74.00
821.00 458.00 35.00 75.00
816.00 458.00 35.00 76.00
810.00 458.00 36.00 77.00
804.00 458.00 36.00 77.00
798.00 459.00 37.00 78.00
793.00 458.00 36.00 78.00
789.00 457.00 37.00 78.00
784.00 454.00 37.00 78.00
780.00 454.00 36.00 78.00
777.00 454.00 36.00 78.00
773.00 454.00 36.00 77.00
769.00 455.00 36.00 76.00
766.00 457.00 36.00 76.00
762.00 459.00 35.00 76.00
759.00 463.00 35.00 75.00
754.00 467.00 35.00 74.00
750.00 472.00 34.00 73.00
745.00 474.00 34.00 73.00
739.00 475.00 34.00 72.00
731.00 477.00 33.00 72.00
723.00 478.00 33.00 71.00
714.00 479.00 33.00 70.00
705.00 480.00 33.00 70.00
697.00 481.00 32.00 69.00
689.00 481.00 32.00 68.00
684.00 482.00 32.00 68.00
675.00 482.00 32.00 68.00
666.00 481.00 32.00 67.00
658.00 482.00 31.00 67.00
650.00 482.00 31.00 66.00
642.00 483.00 30.00 65.00
635.00 485.00 30.00 65.00
627.00 487.00 31.00 65.00
620.00 490.00 31.00 66.00
613.00 491.00 30.00 65.00
607.00 492.00 30.00 65.00
602.00 491.00 30.00 65.00
597.00 490.00 30.00 65.00
593.00 488.00 30.00 65.00
588.00 485.00 31.00 66.00
580.00 484.00 31.00 66.00
576.00 484.00 31.00 66.00
572.00 483.00 31.00 65.00
569.00 483.00 31.00 65.00
564.00 483.00 31.00 66.00
559.00 484.00 31.00 67.00
553.00 486.00 32.00 68.00
548.00 488.00 32.00 69.00
541.00 491.00 32.00 69.00
537.00 494.00 32.00 69.00
533.00 494.00 33.00 70.00
529.00 494.00 33.00 71.00
524.00 493.00 34.00 72.00
520.00 493.00 34.00 72.00
517.00 492.00 34.00 73.00
514.00 493.00 34.00 73.00
509.00 493.00 34.00 73.00
506.00 494.00 34.00 73.00
502.00 495.00 34.00 74.00
498.00 498.00 35.00 74.00
494.00 500.00 35.00 74.00
491.00 502.00 35.00 74.00
489.00 503.00 35.00 74.00
487.00 503.00 35.00 74.00
486.00 502.00 35.00 74.00
485.00 501.00 35.00 75.00
484.00 499.00 35.00 75.00
483.00 498.00 35.00 75.00
483.00 497.00 35.00 76.00
484.00 498.00 35.00 76.00
484.00 498.00 36.00 76.00
484.00 500.00 36.00 76.00
484.00 502.00 36.00 77.00
483.00 503.00 36.00 77.00
484.00 503.00 36.00 77.00
485.00 503.00 36.00 77.00
486.00 502.00 36.00 77.00
488.00 502.00 36.00 76.00
490.00 502.00 35.00 76.00
492.00 501.00 35.00 75.00
494.00 501.00 35.00 74.00
496.00 501.00 35.00 74.00
498.00 501.00 34.00 73.00
501.00 501.00 34.00 72.00
501.00 504.00 34.00 73.00
503.00 502.00 34.00 72.00
503.00 503.00 34.00 73.00
506.00 505.00 34.00 73.00
508.00 505.00 34.00 73.00
511.00 505.00 34.00 73.00
515.00 506.00 34.00 73.00
517.00 506.00 34.00 73.00
520.00 505.00 34.00 73.00
522.00 504.00 34.00 74.00
525.00 503.00 35.00 74.00
527.00 502.00 35.00 75.00
528.00 501.00 35.00 76.00
531.00 500.00 36.00 76.00
533.00 499.00 36.00 77.00
536.00 499.00 36.00 78.00
537.00 499.00 36.00 78.00
540.00 500.00 36.00 78.00
543.00 500.00 37.00 78.00
545.00 500.00 36.00 78.00
548.00 501.00 36.00 78.00
552.00 501.00 36.00 78.00
553.00 503.00 36.00 77.00
555.00 504.00 36.00 76.00
556.00 505.00 35.00 75.00
556.00 506.00 35.00 75.00
556.00 506.00 35.00 74.00
557.00 506.00 35.00 74.00
558.00 505.00 34.00 73.00
559.00 506.00 34.00 73.00
