452.00 457.00 51.00 113.00
459.00 457.00 51.00 113.00
466.00 460.00 50.00 112.00
472.00 461.00 50.00 111.00
478.00 464.00 50.00 111.00
484.00 466.00 51.00 112.00
490.00 467.00 51.00 113.00
497.00 469.00 52.00 115.00
503.00 472.00 51.00 114.00
508.00 475.00 51.00 113.00
513.00 477.00 51.00 112.00
515.00 477.00 50.00 112.00
517.00 475.00 50.00 112.00
518.00 472.00 50.00 111.00
519.00 470.00 50.00 110.00
519.00 468.00 50.00 111.00
518.00 466.00 49.00 110.00
519.00 467.00 50.00 110.00
519.00 467.00 50.00 111.00
519.00 470.00 49.00 110.00
520.00 473.00 49.00 110.00
520.00 477.00 50.00 110.00
520.00 481.00 49.00 109.00
521.00 486.00 49.00 108.00
520.00 491.00 48.00 106.00
518.00 493.00 48.00 106.00
514.00 494.00 47.00 104.00
509.00 494.00 47.00 104.00
505.00 493.00 48.00 106.00
497.00 490.00 49.00 108.00
489.00 487.00 50.00 112.00
481.00 484.00 50.00 112.00
475.00 483.00 50.00 111.00
469.00 483.00 50.00 111.00
458.00 480.00 50.00 110.00
449.00 477.00 50.00 111.00
443.00 478.00 51.00 113.00
434.00 476.00 52.00 115.00
427.00 476.00 52.00 115.00
420.00 475.00 53.00 116.00
413.00 475.00 53.00 118.00
402.00 474.00 53.00 118.00
392.00 473.00 53.00 118.00
383.00 473.00 53.00 117.00
376.00 474.00 52.00 115.00
367.00 477.00 51.00 113.00
356.00 482.00 51.00 113.00
347.00 485.00 50.00 112.00
339.00 485.00 51.00 113.00
319.00 446.00 52.00 115.00
328.00 482.00 51.00 113.00
325.00 483.00 51.00 112.00
320.00 482.00 51.00 112.00
317.00 482.00 50.00 111.00
314.00 482.00 50.00 111.00
311.00 481.00 50.00 111.00
309.00 482.00 50.00 111.00
306.00 481.00 50.00 112.00
304.00 482.00 50.00 111.00
302.00 483.00 50.00 111.00
300.00 483.00 50.00 110.00
299.00 482.00 50.00 110.00
301.00 481.00 50.00 111.00
303.00 478.00 50.00 111.00
306.00 477.00 51.00 112.00
313.00 476.00 52.00 116.00
314.00 474.00 54.00 119.00
317.00 472.00 55.00 121.00
321.00 469.00 56.00 123.00
326.00 467.00 56.00 124.00
331.00 464.00 56.00 124.00
336.00 462.00 56.00 123.00
341.00 461.00 55.00 122.00
349.00 460.00 54.00 121.00
356.00 459.00 54.00 119.00
361.00 459.00 53.00 117.00
366.00 458.00 53.00 117.00
372.00 458.00 53.00 118.00
378.00 458.00 53.00 118.00
385.00 459.00 53.00 118.00
392.00 459.00 54.00 119.00
399.00 460.00 54.00 119.00
406.00 459.00 54.00 120.00
415.00 458.00 54.00 120.00
422.00 457.00 54.00 120.00
431.00 457.00 54.00 120.00
439.00 457.00 54.00 120.00
447.00 456.00 54.00 120.00
454.00 455.00 54.00 121.00
460.00 453.00 54.00 120.00
467.00 451.00 54.00 120.00
475.00 452.00 54.00 119.00
483.00 453.00 53.00 118.00
490.00 456.00 54.00 119.00
497.00 458.00 54.00 119.00
504.00 460.00 54.00 119.00
511.00 462.00 54.00 119.00
519.00 464.00 54.00 120.00
528.00 464.00 54.00 120.00
536.00 465.00 54.00 119.00
543.00 463.00 54.00 119.00
550.00 460.00 54.00 119.00
556.00 458.00 54.00 119.00
563.00 455.00 53.00 118.00
569.00 453.00 52.00 116.00
575.00 454.00 52.00 116.00
582.00 455.00 52.00 115.00
587.00 455.00 52.00 116.00
592.00 457.00 52.00 116.00
599.00 460.00 52.00 116.00
605.00 465.00 52.00 115.00
611.00 469.00 52.00 116.00
617.00 474.00 52.00 116.00
622.00 480.00 52.00 116.00
626.00 487.00 52.00 116.00
628.00 491.00 51.00 113.00
630.00 494.00 51.00 112.00
629.00 496.00 50.00 111.00
627.00 496.00 50.00 112.00
623.00 496.00 50.00 112.00
617.00 494.00 52.00 114.00
612.00 491.00 53.00 118.00
605.00 488.00 54.00 119.00
600.00 488.00 54.00 120.00
593.00 488.00 54.00 120.00
589.00 488.00 54.00 120.00
584.00 488.00 55.00 123.00
579.00 487.00 56.00 123.00
571.00 487.00 55.00 121.00
566.00 487.00 54.00 119.00
553.00 483.00 53.00 118.00
552.00 487.00 53.00 117.00
542.00 486.00 53.00 118.00
532.00 487.00 53.00 118.00
524.00 488.00 53.00 118.00
516.00 489.00 52.00 116.00
508.00 490.00 52.00 115.00
497.00 491.00 51.00 114.00
489.00 494.00 51.00 114.00
483.00 494.00 52.00 114.00
477.00 493.00 52.00 114.00
473.00 492.00 51.00 114.00
469.00 491.00 51.00 114.00
466.00 490.00 51.00 113.00
464.00 489.00 51.00 113.00
461.00 487.00 51.00 112.00
456.00 482.00 50.00 111.00
457.00 484.00 50.00 111.00
455.00 483.00 50.00 111.00
454.00 483.00 50.00 111.00
452.00 483.00 50.00 111.00
450.00 484.00 50.00 110.00
449.00 485.00 49.00 109.00
449.00 488.00 50.00 110.00
448.00 489.00 50.00 111.00
449.00 490.00 51.00 112.00
450.00 490.00 51.00 114.00
452.00 487.00 52.00 115.00
454.00 484.00 52.00 115.00
456.00 482.00 53.00 117.00
458.00 479.00 53.00 118.00
459.00 477.00 53.00 119.00
462.00 477.00 54.00 119.00
465.00 478.00 54.00 120.00
468.00 478.00 54.00 120.00
471.00 478.00 55.00 121.00
475.00 477.00 55.00 121.00
479.00 474.00 55.00 121.00
483.00 471.00 55.00 121.00
487.00 468.00 55.00 121.00
491.00 464.00 55.00 122.00
495.00 460.00 55.00 122.00
499.00 457.00 55.00 122.00
503.00 455.00 55.00 122.00
507.00 454.00 55.00 122.00
510.00 454.00 55.00 122.00
514.00 454.00 55.00 121.00
518.00 456.00 55.00 121.00
522.00 458.00 55.00 121.00
526.00 460.00 55.00 122.00
530.00 461.00 55.00 122.00
534.00 462.00 55.00 122.00
540.00 465.00 54.00 121.00
544.00 466.00 54.00 120.00
548.00 467.00 55.00 121.00
550.00 466.00 55.00 121.00
550.00 463.00 55.00 121.00
551.00 459.00 55.00 122.00
551.00 457.00 55.00 122.00
551.00 456.00 55.00 121.00
551.00 455.00 55.00 121.00
551.00 455.00 55.00 121.00
550.00 457.00 55.00 121.00
550.00 460.00 55.00 121.00
551.00 463.00 54.00 121.00
549.00 467.00 54.00 121.00
548.00 470.00 54.00 119.00
546.00 473.00 53.00 118.00
543.00 475.00 53.00 117.00
537.00 475.00 53.00 117.00
531.00 473.00 53.00 116.00
524.00 471.00 53.00 117.00
517.00 470.00 52.00 116.00
510.00 469.00 52.00 115.00
503.00 467.00 52.00 116.00
497.00 465.00 53.00 118.00
490.00 462.00 54.00 120.00
483.00 459.00 55.00 121.00
477.00 457.00 55.00 121.00
472.00 456.00 55.00 121.00
467.00 456.00 55.00 121.00
462.00 456.00 55.00 121.00
455.00 457.00 54.00 121.00
450.00 458.00 54.00 119.00
443.00 460.00 54.00 119.00
437.00 460.00 53.00 118.00
429.00 460.00 53.00 117.00
421.00 459.00 53.00 117.00
412.00 458.00 52.00 116.00
405.00 458.00 52.00 115.00
399.00 458.00 51.00 114.00
392.00 457.00 51.00 114.00
385.00 457.00 51.00 114.00
378.00 456.00 52.00 116.00
371.00 453.00 53.00 117.00
367.00 450.00 52.00 115.00
362.00 445.00 52.00 116.00
358.00 441.00 52.00 116.00
353.00 439.00 53.00 117.00
347.00 440.00 52.00 116.00
343.00 439.00 52.00 115.00
340.00 439.00 52.00 114.00
336.00 439.00 51.00 113.00
332.00 440.00 51.00 112.00
329.00 443.00 50.00 112.00
321.00 448.00 50.00 111.00
317.00 453.00 50.00 112.00
314.00 456.00 51.00 112.00
312.00 457.00 51.00 113.00
312.00 457.00 51.00 113.00
312.00 456.00 51.00 113.00
313.00 454.00 51.00 114.00
314.00 452.00 52.00 114.00
316.00 449.00 52.00 114.00
318.00 447.00 52.00 114.00
320.00 446.00 51.00 114.00
323.00 447.00 51.00 114.00
326.00 447.00 51.00 114.00
328.00 450.00 51.00 114.00
331.00 451.00 51.00 114.00
335.00 451.00 51.00 114.00
341.00 450.00 51.00 113.00
347.00 448.00 51.00 112.00
354.00 446.00 51.00 112.00
360.00 442.00 51.00 112.00
366.00 439.00 51.00 112.00
372.00 437.00 51.00 112.00
378.00 435.00 51.00 112.00
382.00 434.00 50.00 111.00
389.00 434.00 50.00 111.00
396.00 436.00 50.00 111.00
402.00 438.00 50.00 110.00
409.00 441.00 49.00 109.00
414.00 444.00 50.00 110.00
419.00 448.00 50.00 111.00
425.00 450.00 50.00 112.00
434.00 451.00 51.00 112.00
442.00 452.00 51.00 112.00
448.00 453.00 51.00 112.00
453.00 451.00 51.00 113.00
457.00 448.00 51.00 113.00
461.00 446.00 52.00 115.00
465.00 442.00 52.00 115.00
471.00 439.00 52.00 115.00
475.00 435.00 53.00 116.00
479.00 433.00 53.00 117.00
482.00 431.00 53.00 117.00
486.00 430.00 53.00 117.00
493.00 431.00 53.00 118.00
498.00 431.00 54.00 119.00
504.00 433.00 54.00 119.00
510.00 435.00 54.00 120.00
514.00 437.00 54.00 119.00
518.00 439.00 54.00 119.00
521.00 441.00 54.00 119.00
524.00 440.00 54.00 119.00
527.00 439.00 54.00 120.00
529.00 438.00 54.00 120.00
531.00 437.00 54.00 119.00
533.00 435.00 54.00 119.00
536.00 434.00 53.00 118.00
539.00 435.00 53.00 118.00
541.00 436.00 53.00 118.00
544.00 438.00 53.00 118.00
546.00 439.00 53.00 118.00
549.00 440.00 53.00 118.00
551.00 441.00 53.00 118.00
553.00 441.00 53.00 118.00
556.00 442.00 53.00 118.00
557.00 442.00 53.00 118.00
559.00 443.00 53.00 117.00
561.00 443.00 53.00 118.00
563.00 443.00 53.00 118.00
564.00 443.00 53.00 118.00
566.00 443.00 54.00 119.00
