771.00 108.00 33.00 64.00
771.00 108.00 33.00 64.00
770.00 106.00 33.00 64.00
769.00 104.00 33.00 64.00
769.00 104.00 33.00 63.00
768.00 103.00 32.00 63.00
768.00 105.00 32.00 62.00
768.00 104.00 32.00 63.00
767.00 105.00 32.00 63.00
767.00 107.00 32.00 63.00
765.00 109.00 33.00 64.00
764.00 111.00 34.00 65.00
761.00 114.00 34.00 65.00
761.00 114.00 34.00 65.00
756.00 113.00 33.00 65.00
748.00 112.00 34.00 65.00
740.00 111.00 34.00 65.00
730.00 109.00 34.00 67.00
739.00 111.00 34.00 65.00
739.00 111.00 33.00 65.00
735.00 110.00 33.00 64.00
729.00 109.00 33.00 64.00
723.00 106.00 33.00 63.00
714.00 105.00 32.00 63.00
714.00 105.00 32.00 63.00
706.00 103.00 32.00 62.00
697.00 104.00 32.00 62.00
690.00 104.00 31.00 60.00
682.00 104.00 31.00 60.00
676.00 106.00 31.00 60.00
669.00 107.00 31.00 59.00
670.00 108.00 30.00 59.00
663.00 108.00 30.00 59.00
657.00 108.00 31.00 59.00
651.00 106.00 31.00 59.00
644.00 105.00 31.00 59.00
644.00 105.00 31.00 59.00
637.00 105.00 31.00 60.00
630.00 104.00 30.00 59.00
623.00 104.00 30.00 58.00
617.00 104.00 30.00 58.00
611.00 105.00 30.00 58.00
611.00 105.00 30.00 58.00
605.00 104.00 30.00 58.00
601.00 103.00 30.00 58.00
597.00 101.00 30.00 59.00
594.00 100.00 30.00 58.00
590.00 98.00 30.00 58.00
585.00 97.00 30.00 58.00
585.00 97.00 30.00 58.00
581.00 98.00 30.00 58.00
581.00 97.00 30.00 58.00
577.00 97.00 30.00 59.00
572.00 99.00 31.00 59.00
568.00 98.00 31.00 60.00
568.00 98.00 31.00 60.00
553.00 98.00 31.00 60.00
553.00 98.00 31.00 60.00
552.00 96.00 31.00 60.00
551.00 96.00 31.00 60.00
551.00 94.00 31.00 60.00
551.00 94.00 31.00 61.00
553.00 91.00 31.00 60.00
553.00 91.00 31.00 60.00
555.00 89.00 31.00 61.00
558.00 86.00 31.00 61.00
561.00 83.00 31.00 61.00
561.00 83.00 31.00 61.00
563.00 80.00 31.00 61.00
565.00 80.00 31.00 60.00
567.00 80.00 31.00 60.00
570.00 81.00 31.00 60.00
572.00 83.00 31.00 60.00
572.00 83.00 31.00 60.00
575.00 86.00 31.00 60.00
577.00 89.00 31.00 60.00
582.00 92.00 31.00 60.00
587.00 91.00 31.00 60.00
593.00 90.00 31.00 60.00
593.00 90.00 31.00 60.00
598.00 89.00 31.00 60.00
606.00 88.00 31.00 60.00
611.00 88.00 31.00 60.00
617.00 89.00 30.00 59.00
623.00 88.00 30.00 59.00
623.00 88.00 30.00 58.00
629.00 89.00 30.00 58.00
636.00 90.00 30.00 58.00
642.00 90.00 30.00 58.00
648.00 91.00 30.00 58.00
648.00 91.00 30.00 58.00
654.00 90.00 30.00 58.00
661.00 90.00 30.00 58.00
667.00 90.00 30.00 58.00
676.00 92.00 30.00 58.00
682.00 90.00 30.00 58.00
690.00 89.00 30.00 58.00
689.00 89.00 30.00 58.00
696.00 88.00 30.00 58.00
705.00 88.00 30.00 58.00
711.00 88.00 30.00 58.00
716.00 88.00 30.00 58.00
716.00 88.00 30.00 58.00
724.00 89.00 30.00 58.00
732.00 90.00 30.00 58.00
738.00 93.00 30.00 58.00
744.00 94.00 30.00 58.00
751.00 94.00 30.00 58.00
750.00 94.00 30.00 58.00
757.00 93.00 30.00 58.00
764.00 92.00 30.00 57.00
771.00 90.00 30.00 58.00
773.00 86.00 30.00 58.00
778.00 81.00 30.00 58.00
782.00 77.00 30.00 59.00
782.00 77.00 30.00 59.00
791.00 71.00 30.00 59.00
791.00 71.00 30.00 58.00
795.00 70.00 30.00 58.00
798.00 71.00 30.00 58.00
803.00 72.00 30.00 57.00
804.00 72.00 30.00 57.00
813.00 76.00 30.00 58.00
812.00 75.00 30.00 57.00
817.00 78.00 30.00 58.00
821.00 81.00 30.00 58.00
827.00 85.00 30.00 58.00
826.00 85.00 30.00 58.00
836.00 92.00 30.00 58.00
836.00 92.00 30.00 58.00
838.00 95.00 30.00 57.00
841.00 98.00 30.00 58.00
839.00 98.00 30.00 58.00
839.00 98.00 30.00 58.00
837.00 98.00 30.00 58.00
836.00 99.00 30.00 58.00
835.00 99.00 30.00 58.00
832.00 97.00 30.00 58.00
828.00 95.00 30.00 58.00
827.00 94.00 30.00 58.00
822.00 93.00 30.00 58.00
818.00 93.00 29.00 57.00
813.00 92.00 29.00 57.00
809.00 92.00 29.00 56.00
803.00 91.00 29.00 56.00
803.00 91.00 29.00 56.00
797.00 90.00 29.00 55.00
791.00 89.00 28.00 55.00
785.00 89.00 28.00 55.00
778.00 89.00 28.00 55.00
771.00 89.00 28.00 55.00
771.00 89.00 28.00 55.00
764.00 91.00 28.00 55.00
759.00 91.00 28.00 55.00
752.00 91.00 29.00 55.00
744.00 91.00 29.00 55.00
744.00 90.00 29.00 56.00
736.00 90.00 29.00 55.00
728.00 90.00 29.00 56.00
719.00 90.00 29.00 56.00
705.00 90.00 29.00 56.00
699.00 91.00 29.00 56.00
694.00 91.00 29.00 57.00
695.00 91.00 29.00 57.00
691.00 90.00 29.00 56.00
686.00 89.00 29.00 56.00
683.00 88.00 29.00 56.00
680.00 89.00 29.00 56.00
680.00 89.00 29.00 55.00
677.00 89.00 29.00 55.00
674.00 88.00 28.00 55.00
672.00 88.00 28.00 55.00
670.00 88.00 29.00 56.00
669.00 86.00 29.00 56.00
670.00 87.00 29.00 56.00
668.00 84.00 29.00 56.00
669.00 83.00 29.00 56.00
668.00 82.00 29.00 56.00
668.00 82.00 29.00 57.00
668.00 83.00 30.00 57.00
668.00 84.00 30.00 58.00
667.00 84.00 30.00 58.00
667.00 89.00 30.00 59.00
667.00 89.00 30.00 59.00
667.00 91.00 30.00 59.00
668.00 93.00 31.00 59.00
667.00 93.00 31.00 60.00
667.00 94.00 31.00 60.00
665.00 91.00 31.00 60.00
665.00 91.00 31.00 60.00
665.00 90.00 31.00 60.00
664.00 90.00 31.00 60.00
663.00 90.00 31.00 60.00
664.00 90.00 31.00 60.00
662.00 93.00 31.00 60.00
662.00 93.00 31.00 61.00
661.00 95.00 31.00 61.00
661.00 96.00 31.00 61.00
659.00 96.00 31.00 61.00
659.00 96.00 31.00 61.00
658.00 95.00 31.00 60.00
657.00 95.00 31.00 60.00
656.00 95.00 31.00 60.00
654.00 94.00 31.00 60.00
