261.00 152.00 29.00 34.00
261.00 146.00 29.00 34.00
261.00 141.00 29.00 34.00
265.00 135.00 28.00 33.00
269.00 129.00 29.00 33.00
272.00 125.00 29.00 33.00
275.00 125.00 28.00 33.00
278.00 125.00 28.00 33.00
284.00 125.00 28.00 33.00
288.00 125.00 28.00 33.00
291.00 125.00 28.00 33.00
295.00 125.00 28.00 33.00
297.00 130.00 28.00 33.00
301.00 135.00 29.00 33.00
298.00 136.00 29.00 34.00
299.00 137.00 29.00 33.00
295.00 137.00 29.00 34.00
295.00 136.00 29.00 34.00
295.00 137.00 29.00 34.00
295.00 136.00 29.00 34.00
294.00 136.00 29.00 34.00
294.00 136.00 29.00 34.00
294.00 136.00 29.00 34.00
294.00 136.00 29.00 34.00
294.00 136.00 29.00 34.00
294.00 136.00 29.00 34.00
294.00 136.00 29.00 34.00
294.00 137.00 29.00 34.00
294.00 137.00 29.00 34.00
294.00 136.00 29.00 34.00
294.00 136.00 29.00 34.00
294.00 136.00 29.00 34.00
294.00 136.00 29.00 34.00
294.00 136.00 29.00 34.00
298.00 136.00 29.00 34.00
301.00 136.00 29.00 34.00
306.00 136.00 29.00 34.00
309.00 136.00 29.00 34.00
308.00 136.00 29.00 34.00
308.00 137.00 29.00 34.00
307.00 137.00 29.00 34.00
306.00 136.00 29.00 34.00
306.00 136.00 29.00 34.00
306.00 136.00 29.00 34.00
306.00 136.00 29.00 34.00
306.00 140.00 29.00 34.00
311.00 147.00 29.00 34.00
315.00 153.00 29.00 34.00
316.00 159.00 29.00 34.00
316.00 165.00 29.00 34.00
316.00 171.00 29.00 34.00
316.00 177.00 29.00 34.00
314.00 182.00 29.00 34.00
314.00 188.00 29.00 34.00
314.00 195.00 29.00 34.00
314.00 200.00 29.00 34.00
314.00 207.00 29.00 34.00
314.00 212.00 29.00 34.00
314.00 219.00 29.00 34.00
315.00 225.00 29.00 34.00
317.00 230.00 29.00 34.00
321.00 237.00 29.00 34.00
324.00 243.00 28.00 33.00
327.00 249.00 28.00 33.00
332.00 255.00 28.00 33.00
335.00 261.00 28.00 33.00
338.00 267.00 28.00 33.00
341.00 273.00 28.00 33.00
347.00 274.00 28.00 33.00
350.00 269.00 28.00 33.00
353.00 263.00 28.00 33.00
353.00 257.00 28.00 33.00
345.00 251.00 28.00 33.00
342.00 245.00 28.00 33.00
339.00 239.00 28.00 33.00
336.00 237.00 28.00 33.00
332.00 237.00 28.00 33.00
328.00 237.00 29.00 34.00
325.00 230.00 29.00 34.00
322.00 224.00 29.00 34.00
320.00 219.00 29.00 34.00
317.00 213.00 28.00 33.00
314.00 207.00 28.00 33.00
311.00 201.00 28.00 33.00
309.00 197.00 28.00 33.00
305.00 190.00 28.00 33.00
304.00 184.00 28.00 33.00
295.00 178.00 28.00 33.00
292.00 171.00 28.00 33.00
289.00 165.00 28.00 33.00
291.00 161.00 28.00 33.00
288.00 155.00 28.00 33.00
284.00 149.00 28.00 33.00
277.00 141.00 28.00 33.00
274.00 135.00 28.00 33.00
275.00 132.00 28.00 33.00
272.00 125.00 28.00 33.00
265.00 118.00 28.00 33.00
262.00 112.00 28.00 33.00
259.00 106.00 28.00 33.00
259.00 101.00 28.00 33.00
252.00 93.00 28.00 33.00
249.00 87.00 28.00 33.00
247.00 82.00 28.00 33.00
244.00 76.00 28.00 33.00
240.00 69.00 28.00 33.00
236.00 63.00 28.00 33.00
233.00 57.00 28.00 33.00
230.00 52.00 28.00 33.00
228.00 52.00 29.00 33.00
227.00 51.00 29.00 33.00
227.00 58.00 29.00 33.00
230.00 62.00 29.00 34.00
229.00 68.00 29.00 34.00
230.00 70.00 29.00 34.00
230.00 71.00 29.00 34.00
228.00 70.00 29.00 34.00
229.00 71.00 29.00 34.00
229.00 71.00 29.00 34.00
229.00 71.00 29.00 34.00
229.00 71.00 29.00 34.00
229.00 71.00 29.00 34.00
228.00 70.00 29.00 34.00
228.00 70.00 29.00 34.00
229.00 71.00 29.00 34.00
228.00 70.00 29.00 34.00
229.00 71.00 29.00 34.00
228.00 70.00 29.00 34.00
229.00 71.00 29.00 34.00
228.00 70.00 29.00 34.00
229.00 75.00 29.00 34.00
228.00 80.00 29.00 34.00
228.00 80.00 29.00 34.00
229.00 81.00 29.00 34.00
228.00 80.00 29.00 34.00
229.00 80.00 29.00 34.00
228.00 80.00 29.00 34.00
228.00 80.00 29.00 34.00
228.00 80.00 29.00 34.00
229.00 80.00 29.00 34.00
228.00 80.00 29.00 34.00
229.00 81.00 29.00 34.00
228.00 82.00 29.00 34.00
228.00 88.00 29.00 34.00
228.00 94.00 29.00 34.00
228.00 94.00 29.00 34.00
229.00 95.00 29.00 34.00
228.00 94.00 29.00 34.00
229.00 95.00 29.00 34.00
228.00 94.00 29.00 34.00
229.00 95.00 29.00 34.00
228.00 94.00 29.00 34.00
229.00 95.00 29.00 34.00
228.00 94.00 29.00 34.00
229.00 95.00 29.00 34.00
228.00 94.00 29.00 34.00
229.00 95.00 29.00 34.00
228.00 94.00 29.00 34.00
229.00 95.00 29.00 34.00
228.00 94.00 29.00 34.00
229.00 94.00 29.00 34.00
228.00 100.00 29.00 34.00
228.00 106.00 29.00 34.00
229.00 110.00 29.00 34.00
229.00 111.00 29.00 34.00
228.00 110.00 29.00 34.00
229.00 111.00 29.00 34.00
228.00 110.00 29.00 34.00
229.00 111.00 29.00 34.00
228.00 110.00 29.00 34.00
229.00 111.00 29.00 34.00
228.00 110.00 29.00 34.00
229.00 111.00 29.00 34.00
228.00 110.00 29.00 34.00
229.00 111.00 29.00 34.00
228.00 110.00 29.00 34.00
229.00 111.00 29.00 34.00
228.00 110.00 29.00 34.00
229.00 111.00 29.00 34.00
228.00 110.00 29.00 34.00
229.00 111.00 29.00 34.00
229.00 110.00 29.00 34.00
231.00 110.00 29.00 34.00
235.00 110.00 29.00 34.00
239.00 113.00 29.00 34.00
242.00 119.00 29.00 34.00
245.00 125.00 29.00 34.00
248.00 131.00 29.00 34.00
255.00 138.00 28.00 33.00
258.00 143.00 28.00 33.00
261.00 149.00 28.00 33.00
259.00 149.00 28.00 33.00
256.00 149.00 28.00 33.00
256.00 149.00 28.00 33.00
256.00 149.00 28.00 33.00
256.00 149.00 28.00 33.00
255.00 152.00 28.00 33.00
256.00 159.00 28.00 33.00
256.00 165.00 28.00 33.00
256.00 171.00 28.00 33.00
256.00 177.00 28.00 33.00
256.00 183.00 29.00 33.00
255.00 188.00 29.00 34.00
260.00 194.00 29.00 34.00
264.00 201.00 29.00 34.00
267.00 207.00 29.00 34.00
270.00 212.00 29.00 34.00
274.00 219.00 29.00 34.00
279.00 225.00 28.00 33.00
283.00 231.00 28.00 33.00
286.00 237.00 28.00 33.00
289.00 243.00 28.00 33.00
292.00 250.00 28.00 33.00
295.00 255.00 28.00 33.00
298.00 262.00 28.00 33.00
301.00 267.00 28.00 33.00
305.00 274.00 28.00 33.00
307.00 279.00 28.00 33.00
311.00 281.00 28.00 33.00
314.00 281.00 28.00 33.00
317.00 281.00 28.00 33.00
320.00 281.00 28.00 33.00
322.00 281.00 28.00 33.00
326.00 281.00 28.00 33.00
329.00 281.00 28.00 33.00
332.00 281.00 28.00 33.00
335.00 281.00 28.00 33.00
338.00 281.00 28.00 33.00
342.00 281.00 28.00 33.00
345.00 281.00 28.00 33.00
348.00 281.00 28.00 33.00
351.00 281.00 28.00 33.00
354.00 281.00 28.00 33.00
359.00 281.00 28.00 33.00
365.00 281.00 28.00 33.00
371.00 287.00 28.00 33.00
378.00 294.00 28.00 33.00
384.00 299.00 28.00 33.00
390.00 305.00 28.00 33.00
397.00 312.00 28.00 33.00
403.00 318.00 28.00 33.00
409.00 323.00 28.00 33.00
415.00 329.00 28.00 33.00
421.00 335.00 28.00 33.00
427.00 335.00 28.00 33.00
433.00 335.00 28.00 33.00
440.00 335.00 28.00 33.00
446.00 335.00 28.00 33.00
452.00 329.00 28.00 33.00
455.00 323.00 28.00 33.00
456.00 317.00 28.00 33.00
455.00 311.00 28.00 33.00
449.00 305.00 28.00 33.00
447.00 299.00 28.00 33.00
443.00 293.00 28.00 33.00
440.00 287.00 28.00 33.00
436.00 285.00 28.00 33.00
433.00 285.00 28.00 33.00
430.00 285.00 28.00 33.00
427.00 285.00 28.00 33.00
425.00 285.00 28.00 33.00
422.00 285.00 28.00 33.00
418.00 285.00 28.00 33.00
415.00 285.00 28.00 33.00
411.00 286.00 28.00 33.00
407.00 286.00 28.00 33.00
404.00 286.00 28.00 33.00
401.00 286.00 28.00 33.00
398.00 286.00 28.00 33.00
395.00 286.00 28.00 33.00
392.00 286.00 28.00 33.00
390.00 287.00 28.00 33.00
387.00 287.00 28.00 33.00
383.00 287.00 28.00 33.00
380.00 287.00 28.00 33.00
377.00 293.00 28.00 33.00
374.00 298.00 28.00 33.00
370.00 304.00 28.00 33.00
367.00 310.00 28.00 32.00
364.00 316.00 28.00 33.00
361.00 323.00 28.00 33.00
358.00 328.00 28.00 33.00
355.00 329.00 28.00 33.00
351.00 328.00 28.00 33.00
349.00 329.00 28.00 33.00
345.00 328.00 28.00 33.00
342.00 328.00 28.00 33.00
339.00 328.00 28.00 33.00
336.00 328.00 28.00 33.00
333.00 328.00 28.00 33.00
329.00 327.00 29.00 33.00
325.00 327.00 28.00 33.00
323.00 328.00 28.00 33.00
320.00 328.00 28.00 33.00
316.00 328.00 28.00 33.00
314.00 328.00 28.00 33.00
310.00 328.00 28.00 33.00
307.00 328.00 28.00 33.00
304.00 328.00 28.00 33.00
297.00 328.00 28.00 33.00
292.00 330.00 28.00 33.00
286.00 336.00 28.00 33.00
279.00 342.00 28.00 33.00
274.00 348.00 28.00 33.00
266.00 354.00 28.00 33.00
261.00 360.00 28.00 33.00
261.00 360.00 28.00 33.00
261.00 360.00 28.00 33.00
254.00 366.00 28.00 33.00
249.00 372.00 28.00 33.00
242.00 378.00 28.00 33.00
235.00 384.00 28.00 33.00
229.00 390.00 28.00 33.00
223.00 396.00 28.00 33.00
217.00 402.00 28.00 33.00
210.00 408.00 28.00 33.00
205.00 414.00 28.00 33.00
198.00 414.00 28.00 33.00
192.00 414.00 28.00 33.00
186.00 408.00 28.00 33.00
180.00 402.00 28.00 33.00
180.00 396.00 28.00 33.00
182.00 389.00 29.00 34.00
186.00 382.00 29.00 34.00
190.00 377.00 29.00 34.00
193.00 377.00 29.00 34.00
194.00 376.00 29.00 34.00
197.00 376.00 29.00 34.00
200.00 376.00 29.00 34.00
203.00 376.00 29.00 34.00
208.00 377.00 29.00 34.00
211.00 377.00 29.00 34.00
214.00 377.00 29.00 34.00
217.00 377.00 29.00 34.00
223.00 377.00 29.00 33.00
226.00 377.00 28.00 33.00
230.00 378.00 28.00 33.00
233.00 378.00 28.00 33.00
235.00 377.00 28.00 33.00
238.00 377.00 28.00 33.00
241.00 377.00 28.00 33.00
245.00 377.00 28.00 33.00
248.00 377.00 28.00 33.00
251.00 377.00 28.00 33.00
254.00 377.00 28.00 33.00
257.00 377.00 28.00 33.00
260.00 377.00 28.00 33.00
264.00 377.00 28.00 33.00
267.00 377.00 28.00 33.00
270.00 377.00 28.00 33.00
273.00 377.00 28.00 33.00
276.00 377.00 28.00 33.00
279.00 377.00 28.00 33.00
282.00 377.00 28.00 33.00
285.00 377.00 28.00 33.00
288.00 377.00 28.00 33.00
292.00 377.00 28.00 33.00
295.00 377.00 28.00 33.00
298.00 377.00 28.00 33.00
301.00 377.00 28.00 33.00
304.00 377.00 28.00 33.00
307.00 377.00 28.00 33.00
310.00 377.00 28.00 33.00
314.00 377.00 28.00 33.00
317.00 377.00 28.00 33.00
320.00 377.00 28.00 33.00
323.00 377.00 28.00 33.00
326.00 377.00 28.00 33.00
329.00 377.00 28.00 33.00
334.00 377.00 28.00 33.00
340.00 377.00 28.00 33.00
346.00 377.00 28.00 33.00
352.00 377.00 28.00 33.00
359.00 377.00 28.00 33.00
365.00 377.00 28.00 33.00
