692.00 439.00 24.00 79.00
689.00 439.00 24.00 78.00
687.00 438.00 24.00 79.00
684.00 438.00 24.00 79.00
681.00 439.00 24.00 77.00
679.00 439.00 23.00 77.00
675.00 438.00 23.00 77.00
672.00 437.00 23.00 77.00
669.00 436.00 23.00 76.00
666.00 435.00 23.00 76.00
664.00 434.00 24.00 78.00
661.00 433.00 24.00 78.00
659.00 432.00 23.00 77.00
656.00 430.00 23.00 77.00
654.00 430.00 23.00 77.00
652.00 430.00 23.00 77.00
648.00 430.00 23.00 77.00
646.00 430.00 23.00 77.00
642.00 430.00 23.00 77.00
639.00 431.00 23.00 77.00
636.00 430.00 23.00 77.00
633.00 430.00 23.00 75.00
631.00 429.00 23.00 74.00
628.00 428.00 22.00 74.00
625.00 427.00 22.00 72.00
623.00 426.00 22.00 73.00
620.00 425.00 22.00 73.00
618.00 424.00 22.00 72.00
616.00 424.00 22.00 72.00
613.00 424.00 22.00 72.00
611.00 424.00 22.00 73.00
608.00 424.00 22.00 72.00
605.00 424.00 22.00 72.00
602.00 423.00 22.00 73.00
600.00 422.00 22.00 72.00
598.00 421.00 22.00 73.00
595.00 420.00 22.00 73.00
593.00 419.00 22.00 74.00
590.00 418.00 22.00 73.00
588.00 417.00 22.00 72.00
586.00 416.00 22.00 73.00
584.00 416.00 22.00 73.00
581.00 417.00 22.00 73.00
578.00 417.00 22.00 72.00
576.00 417.00 22.00 72.00
572.00 417.00 22.00 72.00
570.00 417.00 22.00 71.00
567.00 416.00 22.00 71.00
565.00 415.00 22.00 71.00
563.00 414.00 22.00 72.00
560.00 413.00 22.00 71.00
557.00 412.00 21.00 71.00
555.00 411.00 21.00 70.00
553.00 411.00 21.00 70.00
551.00 411.00 21.00 70.00
549.00 411.00 21.00 70.00
547.00 412.00 21.00 69.00
544.00 412.00 21.00 69.00
541.00 411.00 21.00 70.00
538.00 410.00 21.00 69.00
536.00 409.00 21.00 69.00
534.00 408.00 21.00 69.00
532.00 407.00 21.00 69.00
530.00 406.00 21.00 69.00
528.00 405.00 21.00 70.00
525.00 404.00 21.00 70.00
523.00 403.00 21.00 69.00
521.00 403.00 21.00 69.00
518.00 403.00 21.00 69.00
516.00 404.00 21.00 68.00
513.00 405.00 21.00 67.00
511.00 405.00 21.00 68.00
508.00 404.00 21.00 68.00
506.00 404.00 20.00 67.00
504.00 402.00 20.00 67.00
501.00 401.00 20.00 67.00
500.00 401.00 20.00 67.00
497.00 399.00 20.00 67.00
495.00 399.00 20.00 66.00
493.00 399.00 20.00 66.00
492.00 399.00 20.00 66.00
490.00 399.00 20.00 66.00
488.00 399.00 20.00 66.00
486.00 399.00 20.00 66.00
484.00 399.00 20.00 65.00
481.00 398.00 20.00 65.00
479.00 398.00 20.00 65.00
477.00 397.00 20.00 65.00
475.00 396.00 20.00 65.00
473.00 395.00 20.00 65.00
471.00 393.00 20.00 65.00
470.00 393.00 20.00 66.00
468.00 392.00 20.00 66.00
466.00 392.00 20.00 65.00
464.00 392.00 20.00 65.00
462.00 393.00 20.00 64.00
460.00 393.00 19.00 64.00
457.00 393.00 19.00 63.00
455.00 393.00 19.00 63.00
453.00 393.00 19.00 63.00
451.00 392.00 19.00 63.00
449.00 391.00 19.00 63.00
447.00 389.00 19.00 63.00
445.00 388.00 19.00 63.00
443.00 388.00 19.00 63.00
442.00 388.00 19.00 63.00
439.00 387.00 19.00 62.00
438.00 388.00 19.00 62.00
436.00 388.00 19.00 62.00
434.00 388.00 19.00 62.00
432.00 388.00 19.00 61.00
431.00 387.00 19.00 61.00
429.00 387.00 19.00 61.00
427.00 386.00 19.00 62.00
425.00 385.00 19.00 62.00
423.00 384.00 19.00 62.00
421.00 383.00 19.00 62.00
420.00 382.00 19.00 62.00
418.00 382.00 19.00 62.00
416.00 382.00 19.00 62.00
415.00 382.00 19.00 62.00
413.00 382.00 19.00 61.00
411.00 383.00 19.00 62.00
409.00 383.00 19.00 61.00
407.00 383.00 19.00 62.00
404.00 382.00 19.00 61.00
403.00 382.00 19.00 61.00
401.00 381.00 18.00 61.00
399.00 380.00 18.00 60.00
397.00 379.00 18.00 60.00
395.00 378.00 18.00 60.00
394.00 378.00 18.00 60.00
392.00 378.00 18.00 60.00
390.00 378.00 18.00 60.00
389.00 378.00 18.00 59.00
387.00 378.00 18.00 59.00
385.00 378.00 18.00 59.00
384.00 379.00 18.00 59.00
382.00 378.00 18.00 58.00
380.00 377.00 18.00 59.00
379.00 377.00 18.00 59.00
377.00 376.00 18.00 59.00
375.00 375.00 18.00 59.00
373.00 374.00 18.00 59.00
372.00 374.00 18.00 59.00
370.00 373.00 18.00 58.00
369.00 373.00 18.00 58.00
367.00 374.00 18.00 58.00
365.00 374.00 18.00 58.00
363.00 374.00 18.00 58.00
362.00 375.00 18.00 58.00
359.00 374.00 18.00 58.00
358.00 373.00 18.00 58.00
355.00 373.00 17.00 57.00
354.00 372.00 17.00 57.00
352.00 371.00 17.00 57.00
350.00 370.00 17.00 57.00
349.00 370.00 17.00 57.00
348.00 370.00 17.00 57.00
346.00 370.00 17.00 56.00
345.00 370.00 17.00 56.00
343.00 371.00 17.00 56.00
342.00 371.00 17.00 56.00
340.00 370.00 17.00 55.00
338.00 369.00 17.00 56.00
337.00 369.00 17.00 56.00
335.00 368.00 17.00 56.00
333.00 367.00 17.00 56.00
332.00 366.00 17.00 56.00
331.00 365.00 17.00 56.00
329.00 365.00 17.00 56.00
328.00 364.00 17.00 57.00
327.00 365.00 17.00 57.00
325.00 365.00 17.00 57.00
324.00 365.00 17.00 57.00
322.00 366.00 17.00 57.00
320.00 366.00 17.00 56.00
318.00 365.00 17.00 56.00
316.00 365.00 17.00 56.00
314.00 364.00 17.00 55.00
312.00 364.00 17.00 55.00
311.00 363.00 17.00 55.00
310.00 362.00 17.00 55.00
308.00 362.00 17.00 55.00
307.00 361.00 17.00 55.00
305.00 361.00 17.00 55.00
304.00 362.00 17.00 55.00
302.00 361.00 17.00 54.00
300.00 362.00 16.00 54.00
299.00 362.00 16.00 54.00
297.00 362.00 16.00 54.00
295.00 360.00 16.00 54.00
294.00 360.00 16.00 54.00
293.00 360.00 16.00 54.00
291.00 359.00 16.00 54.00
290.00 358.00 16.00 54.00
288.00 358.00 16.00 54.00
287.00 357.00 16.00 54.00
286.00 357.00 16.00 54.00
284.00 357.00 16.00 54.00
282.00 357.00 17.00 54.00
280.00 357.00 16.00 54.00
279.00 358.00 16.00 54.00
277.00 358.00 16.00 54.00
275.00 358.00 16.00 54.00
273.00 357.00 16.00 54.00
272.00 356.00 16.00 54.00
270.00 356.00 16.00 54.00
269.00 355.00 16.00 54.00
267.00 354.00 16.00 54.00
265.00 354.00 16.00 53.00
264.00 354.00 16.00 53.00
263.00 354.00 16.00 53.00
262.00 355.00 16.00 53.00
260.00 355.00 16.00 52.00
258.00 355.00 16.00 52.00
256.00 355.00 16.00 52.00
255.00 354.00 16.00 52.00
253.00 353.00 16.00 52.00
251.00 352.00 16.00 52.00
250.00 352.00 16.00 52.00
249.00 351.00 16.00 52.00
247.00 350.00 16.00 53.00
246.00 350.00 16.00 53.00
244.00 350.00 16.00 53.00
243.00 350.00 16.00 53.00
241.00 350.00 16.00 53.00
239.00 350.00 16.00 53.00
237.00 351.00 16.00 53.00
235.00 351.00 16.00 52.00
234.00 351.00 16.00 52.00
232.00 351.00 16.00 52.00
230.00 349.00 16.00 52.00
229.00 349.00 16.00 52.00
227.00 348.00 16.00 52.00
226.00 347.00 16.00 52.00
224.00 347.00 16.00 52.00
223.00 347.00 16.00 52.00
221.00 347.00 16.00 52.00
220.00 348.00 16.00 52.00
218.00 348.00 16.00 51.00
218.00 348.00 16.00 51.00
216.00 348.00 16.00 51.00
214.00 348.00 16.00 51.00
213.00 347.00 16.00 51.00
211.00 346.00 16.00 51.00
210.00 346.00 16.00 52.00
208.00 345.00 16.00 52.00
207.00 344.00 16.00 52.00
206.00 344.00 16.00 52.00
204.00 344.00 16.00 52.00
204.00 344.00 16.00 52.00
202.00 344.00 16.00 52.00
200.00 345.00 16.00 52.00
198.00 345.00 16.00 51.00
197.00 345.00 16.00 52.00
195.00 344.00 16.00 52.00
194.00 344.00 16.00 51.00
193.00 343.00 16.00 51.00
192.00 343.00 16.00 51.00
190.00 342.00 16.00 51.00
189.00 342.00 16.00 51.00
188.00 342.00 16.00 51.00
186.00 341.00 15.00 50.00
185.00 342.00 15.00 50.00
184.00 342.00 15.00 50.00
183.00 343.00 15.00 50.00
181.00 342.00 15.00 49.00
180.00 342.00 15.00 49.00
179.00 342.00 15.00 49.00
177.00 341.00 15.00 49.00
176.00 341.00 15.00 49.00
175.00 340.00 15.00 49.00
174.00 340.00 15.00 49.00
172.00 339.00 15.00 48.00
171.00 339.00 15.00 49.00
170.00 339.00 15.00 49.00
169.00 339.00 15.00 49.00
167.00 339.00 15.00 49.00
165.00 339.00 15.00 49.00
164.00 339.00 15.00 49.00
162.00 340.00 15.00 49.00
161.00 340.00 15.00 50.00
159.00 339.00 15.00 49.00
158.00 339.00 15.00 50.00
157.00 338.00 15.00 49.00
155.00 337.00 15.00 50.00
154.00 337.00 15.00 50.00
152.00 336.00 15.00 50.00
151.00 336.00 15.00 49.00
150.00 337.00 15.00 49.00
149.00 337.00 15.00 49.00
148.00 337.00 15.00 49.00
146.00 337.00 15.00 49.00
145.00 337.00 15.00 49.00
144.00 337.00 15.00 49.00
142.00 337.00 15.00 48.00
141.00 337.00 15.00 48.00
139.00 336.00 15.00 48.00
138.00 335.00 15.00 48.00
137.00 334.00 15.00 48.00
136.00 334.00 15.00 48.00
135.00 334.00 15.00 48.00
133.00 334.00 15.00 49.00
132.00 334.00 15.00 49.00
131.00 334.00 15.00 49.00
129.00 334.00 15.00 49.00
128.00 335.00 15.00 49.00
127.00 335.00 15.00 49.00
125.00 335.00 15.00 49.00
124.00 334.00 15.00 48.00
123.00 333.00 15.00 49.00
122.00 333.00 15.00 49.00
121.00 332.00 15.00 49.00
119.00 332.00 15.00 49.00
118.00 332.00 15.00 49.00
117.00 332.00 15.00 48.00
116.00 332.00 15.00 49.00
115.00 332.00 15.00 48.00
114.00 332.00 15.00 48.00
113.00 332.00 15.00 48.00
112.00 331.00 15.00 48.00
111.00 331.00 15.00 48.00
110.00 331.00 15.00 48.00
109.00 330.00 15.00 48.00
108.00 329.00 14.00 48.00
108.00 329.00 14.00 48.00
107.00 329.00 15.00 48.00
106.00 328.00 15.00 48.00
105.00 328.00 15.00 48.00
104.00 329.00 15.00 48.00
103.00 329.00 14.00 48.00
102.00 329.00 14.00 47.00
101.00 329.00 14.00 47.00
99.00 329.00 14.00 47.00
98.00 329.00 14.00 47.00
97.00 328.00 14.00 47.00
96.00 328.00 14.00 47.00
95.00 327.00 14.00 47.00
94.00 326.00 14.00 47.00
93.00 326.00 14.00 47.00
92.00 325.00 14.00 47.00
91.00 325.00 14.00 47.00
90.00 325.00 14.00 47.00
89.00 326.00 14.00 47.00
89.00 326.00 14.00 47.00
88.00 326.00 14.00 47.00
87.00 326.00 14.00 47.00
86.00 325.00 14.00 47.00
85.00 325.00 14.00 47.00
84.00 325.00 14.00 47.00
83.00 324.00 14.00 47.00
82.00 324.00 14.00 47.00
81.00 323.00 14.00 48.00
80.00 323.00 15.00 48.00
80.00 323.00 15.00 48.00
79.00 323.00 14.00 48.00
78.00 323.00 15.00 48.00
77.00 323.00 14.00 48.00
76.00 324.00 14.00 47.00
75.00 323.00 14.00 47.00
74.00 324.00 14.00 47.00
73.00 323.00 14.00 47.00
72.00 323.00 14.00 47.00
71.00 323.00 14.00 47.00
69.00 322.00 14.00 46.00
68.00 321.00 14.00 47.00
68.00 321.00 14.00 47.00
67.00 321.00 14.00 47.00
66.00 321.00 14.00 47.00
65.00 321.00 14.00 47.00
65.00 321.00 14.00 46.00
63.00 321.00 14.00 46.00
63.00 321.00 14.00 46.00
62.00 321.00 14.00 46.00
61.00 321.00 14.00 46.00
60.00 320.00 14.00 46.00
59.00 320.00 14.00 46.00
58.00 319.00 14.00 46.00
57.00 319.00 14.00 46.00
57.00 318.00 14.00 46.00
56.00 318.00 14.00 46.00
55.00 318.00 14.00 46.00
54.00 318.00 14.00 46.00
53.00 318.00 14.00 46.00
53.00 318.00 14.00 46.00
52.00 318.00 14.00 46.00
51.00 318.00 14.00 46.00
49.00 318.00 14.00 46.00
48.00 318.00 14.00 46.00
47.00 318.00 14.00 46.00
46.00 317.00 14.00 46.00
46.00 317.00 14.00 46.00
45.00 316.00 14.00 46.00
44.00 316.00 14.00 46.00
43.00 315.00 14.00 46.00
42.00 315.00 14.00 46.00
41.00 316.00 14.00 46.00
41.00 316.00 14.00 46.00
40.00 316.00 14.00 46.00
40.00 317.00 14.00 46.00
38.00 316.00 14.00 45.00
38.00 316.00 14.00 46.00
37.00 315.00 14.00 46.00
36.00 315.00 14.00 46.00
36.00 315.00 14.00 46.00
35.00 314.00 14.00 46.00
34.00 313.00 14.00 46.00
33.00 312.00 14.00 46.00
33.00 313.00 14.00 46.00
31.00 312.00 14.00 46.00
31.00 313.00 14.00 46.00
