660.00 384.00 26.00 23.00
651.00 381.00 26.00 23.00
641.00 378.00 26.00 23.00
633.00 372.00 25.00 22.00
627.00 361.00 25.00 22.00
627.00 336.00 25.00 22.00
629.00 316.00 25.00 22.00
633.00 300.00 26.00 23.00
660.00 311.00 26.00 23.00
661.00 298.00 26.00 23.00
656.00 295.00 24.00 21.00
654.00 289.00 24.00 21.00
651.00 286.00 23.00 21.00
647.00 287.00 23.00 20.00
645.00 286.00 22.00 20.00
641.00 284.00 22.00 20.00
637.00 284.00 22.00 20.00
633.00 283.00 22.00 20.00
629.00 281.00 22.00 20.00
624.00 280.00 22.00 20.00
620.00 288.00 22.00 20.00
620.00 286.00 21.00 19.00
610.00 286.00 21.00 18.00
612.00 272.00 21.00 19.00
610.00 272.00 21.00 18.00
607.00 273.00 21.00 18.00
603.00 272.00 21.00 19.00
600.00 273.00 21.00 19.00
593.00 274.00 21.00 19.00
591.00 265.00 21.00 19.00
593.00 259.00 21.00 18.00
594.00 251.00 21.00 18.00
592.00 245.00 21.00 18.00
586.00 239.00 21.00 18.00
584.00 234.00 20.00 18.00
585.00 231.00 20.00 17.00
588.00 228.00 19.00 17.00
594.00 229.00 19.00 17.00
598.00 229.00 18.00 16.00
598.00 228.00 18.00 16.00
601.00 229.00 18.00 16.00
601.00 231.00 18.00 16.00
601.00 234.00 18.00 16.00
606.00 244.00 18.00 16.00
603.00 246.00 17.00 15.00
600.00 248.00 17.00 15.00
595.00 249.00 17.00 15.00
590.00 251.00 16.00 14.00
584.00 252.00 16.00 14.00
577.00 252.00 16.00 14.00
570.00 252.00 16.00 14.00
566.00 252.00 16.00 14.00
566.00 252.00 16.00 14.00
570.00 253.00 15.00 14.00
573.00 251.00 15.00 13.00
581.00 252.00 15.00 13.00
586.00 251.00 15.00 13.00
588.00 249.00 15.00 13.00
588.00 248.00 15.00 13.00
587.00 247.00 15.00 13.00
589.00 248.00 15.00 13.00
586.00 246.00 14.00 13.00
582.00 243.00 14.00 13.00
580.00 240.00 14.00 12.00
577.00 236.00 14.00 12.00
574.00 232.00 14.00 12.00
573.00 229.00 14.00 12.00
575.00 228.00 14.00 12.00
582.00 228.00 14.00 12.00
588.00 227.00 14.00 12.00
596.00 229.00 14.00 12.00
603.00 232.00 14.00 12.00
605.00 232.00 14.00 12.00
607.00 232.00 14.00 12.00
611.00 237.00 14.00 12.00
608.00 234.00 14.00 12.00
604.00 231.00 14.00 12.00
601.00 229.00 14.00 12.00
599.00 227.00 14.00 12.00
596.00 223.00 14.00 12.00
595.00 219.00 14.00 12.00
593.00 217.00 14.00 12.00
593.00 217.00 14.00 12.00
592.00 217.00 14.00 12.00
591.00 217.00 14.00 12.00
590.00 219.00 14.00 13.00
586.00 218.00 14.00 13.00
583.00 218.00 14.00 13.00
582.00 217.00 14.00 12.00
575.00 213.00 14.00 12.00
575.00 211.00 14.00 12.00
576.00 210.00 14.00 12.00
575.00 210.00 14.00 12.00
570.00 215.00 14.00 12.00
565.00 220.00 14.00 12.00
560.00 209.00 14.00 12.00
562.00 210.00 14.00 12.00
564.00 210.00 14.00 12.00
564.00 210.00 14.00 12.00
563.00 210.00 14.00 12.00
563.00 208.00 14.00 12.00
561.00 206.00 14.00 12.00
558.00 206.00 14.00 13.00
554.00 208.00 14.00 13.00
551.00 208.00 14.00 13.00
548.00 207.00 14.00 13.00
546.00 206.00 14.00 12.00
545.00 205.00 14.00 13.00
546.00 202.00 14.00 13.00
544.00 203.00 14.00 12.00
543.00 202.00 14.00 12.00
546.00 198.00 14.00 12.00
549.00 192.00 14.00 12.00
552.00 185.00 14.00 12.00
550.00 185.00 14.00 12.00
548.00 185.00 14.00 12.00
547.00 185.00 14.00 12.00
547.00 185.00 14.00 12.00
546.00 185.00 14.00 12.00
546.00 185.00 14.00 12.00
546.00 184.00 14.00 12.00
547.00 184.00 14.00 12.00
547.00 184.00 14.00 12.00
549.00 183.00 14.00 12.00
550.00 183.00 14.00 12.00
552.00 183.00 14.00 12.00
554.00 183.00 14.00 12.00
555.00 184.00 14.00 12.00
556.00 185.00 14.00 12.00
557.00 185.00 14.00 12.00
557.00 185.00 14.00 12.00
558.00 185.00 14.00 12.00
558.00 185.00 14.00 12.00
557.00 186.00 14.00 12.00
557.00 186.00 14.00 12.00
557.00 185.00 14.00 12.00
556.00 185.00 14.00 12.00
555.00 184.00 14.00 12.00
553.00 180.00 14.00 12.00
553.00 177.00 14.00 12.00
551.00 176.00 14.00 12.00
553.00 179.00 14.00 12.00
554.00 185.00 14.00 12.00
547.00 187.00 14.00 12.00
546.00 194.00 14.00 12.00
545.00 203.00 13.00 12.00
542.00 210.00 13.00 12.00
542.00 213.00 14.00 12.00
552.00 221.00 14.00 12.00
554.00 220.00 14.00 12.00
555.00 217.00 14.00 12.00
555.00 212.00 14.00 12.00
553.00 208.00 14.00 12.00
555.00 202.00 14.00 12.00
552.00 200.00 14.00 12.00
551.00 198.00 14.00 12.00
550.00 196.00 14.00 12.00
550.00 196.00 14.00 12.00
550.00 194.00 14.00 12.00
550.00 193.00 14.00 12.00
552.00 193.00 14.00 12.00
553.00 193.00 14.00 12.00
556.00 193.00 14.00 12.00
558.00 193.00 14.00 12.00
560.00 193.00 14.00 12.00
556.00 191.00 14.00 12.00
556.00 191.00 14.00 12.00
558.00 191.00 14.00 12.00
558.00 190.00 14.00 12.00
560.00 190.00 14.00 12.00
561.00 189.00 14.00 13.00
563.00 189.00 14.00 12.00
564.00 189.00 14.00 12.00
566.00 189.00 14.00 12.00
567.00 189.00 14.00 12.00
568.00 189.00 14.00 13.00
570.00 189.00 14.00 12.00
570.00 189.00 14.00 12.00
575.00 191.00 14.00 12.00
576.00 192.00 14.00 12.00
576.00 191.00 14.00 12.00
576.00 192.00 14.00 12.00
575.00 192.00 14.00 12.00
573.00 191.00 14.00 12.00
572.00 189.00 14.00 12.00
573.00 188.00 14.00 12.00
575.00 188.00 14.00 12.00
578.00 189.00 14.00 12.00
579.00 190.00 14.00 12.00
581.00 190.00 14.00 12.00
582.00 190.00 14.00 12.00
586.00 192.00 14.00 12.00
588.00 194.00 14.00 12.00
592.00 198.00 14.00 12.00
594.00 200.00 14.00 12.00
594.00 200.00 14.00 12.00
594.00 200.00 14.00 12.00
594.00 199.00 14.00 12.00
593.00 198.00 14.00 12.00
591.00 197.00 14.00 12.00
589.00 196.00 14.00 12.00
